Time,DevEUI,Raw,Vbat,Vsystem,Vbus,BootCount,T,RH,P,Light,P[0].delta,P[0].total,P[1].delta,P[1].total,Act[7],Act[6],Act[5],Act[4],Act[3],Act[2],Act[1],Act[0]
2022-12-19T00:02:03Z,"0002cc01000003e9","2250ca6c7bfd3907050311142c623a2120f000000000000000ffffffffffffffffffffffff",3.56,,0.31,17,20.17,12.94,100582.00,0.00,0,0,0,0,,,-1.00,-1.00,-1.00,-1.00,-1.00,-1.00
2022-12-19T00:07:59Z,"0002cc01000003e9","2250ca6ddffd38fe04fa11142c623b21200900000000000000ffffffffffffffffffffffff",3.56,,0.31,17,20.17,12.94,100587.00,18.00,0,0,0,0,,,-1.00,-1.00,-1.00,-1.00,-1.00,-1.00
2022-12-19T00:13:55Z,"0002cc01000003e9","2250ca6f43fd390704fa11142c623b21270900000000000000ffffffffffffffffffffffff",3.56,,0.31,17,20.17,12.95,100585.00,18.00,0,0,0,0,,,-1.00,-1.00,-1.00,-1.00,-1.00,-1.00
2022-12-19T00:19:51Z,"0002cc01000003e9","2250ca70a7fd38fe04fa11142c623b21270e00000000000000ffffffffffffffffffffffff",3.56,,0.31,17,20.17,12.95,100585.00,14.00,0,0,0,0,,,-1.00,-1.00,-1.00,-1.00,-1.00,-1.00
2022-12-19T00:25:47Z,"0002cc01000003e9","2250ca720bfd390704fa11142c623b212e0800000000000000ffffffffffffffffffffffff",3.56,,0.31,17,20.17,12.96,100586.00,1.00,0,0,0,0,,,-1.00,-1.00,-1.00,-1.00,-1.00,-1.00
2022-12-19T00:31:43Z,"0002cc01000003e9","2250ca736ffd38fa04fa11142c623d213cf000000000000000ffffffffffffffffffffffff",3.56,,0.31,17,20.17,12.98,100595.00,0.00,0,0,0,0,,,-1.00,-1.00,-1.00,-1.00,-1.00,-1.00
2022-12-19T00:37:39Z,"0002cc01000003e9","2250ca74d3fd390704fa11142c62402143f000000000000000ffffffffffffffffffffffff",3.56,,0.31,17,20.17,12.99,100605.00,0.00,0,0,0,0,,,-1.00,-1.00,-1.00,-1.00,-1.00,-1.00
2022-12-19T00:43:35Z,"0002cc01000003e9","2250ca7637fd38fe04fa11142c624321580800000000000000ffffffffffffffffffffffff",3.56,,0.31,17,20.17,13.03,100616.00,16.00,0,0,0,0,,,-1.00,-1.00,-1.00,-1.00,-1.00,-1.00
2022-12-19T00:49:31Z,"0002cc01000003e9","2250ca779bfd38fe04fa1114296242216d0a00000000000000ffffffffffffffffffffffff",3.56,,0.31,17,20.16,13.06,100614.00,10.00,0,0,0,0,,,-1.00,-1.00,-1.00,-1.00,-1.00,-1.00
2022-12-19T00:55:27Z,"0002cc01000003e9","2250ca78fffd390704fa11142c6242217bf000000000000000ffffffffffffffffffffffff",3.56,,0.31,17,20.17,13.08,100615.00,0.00,0,0,0,0,,,-1.00,-1.00,-1.00,-1.00,-1.00,-1.00
2022-12-19T01:01:23Z,"0002cc01000003e9","2250ca7a63fd38fe04fa111429624221890800000000000000ffffffffffffffffffffffff",3.56,,0.31,17,20.16,13.10,100614.00,1.00,0,0,0,0,,,-1.00,-1.00,-1.00,-1.00,-1.00,-1.00
2022-12-19T01:07:19Z,"0002cc01000003e9","2250ca7bc7fd390705031114296241219f0a00000000000000ffffffffffffffffffffffff",3.56,,0.31,17,20.16,13.13,100611.00,10.00,0,0,0,0,,,-1.00,-1.00,-1.00,-1.00,-1.00,-1.00
2022-12-19T01:13:15Z,"0002cc01000003e9","2250ca7d2bfd390704fa111429624321a6f000000000000000ffffffffffffffffffffffff",3.56,,0.31,17,20.16,13.14,100618.00,0.00,0,0,0,0,,,-1.00,-1.00,-1.00,-1.00,-1.00,-1.00
2022-12-19T01:19:11Z,"0002cc01000003e9","2250ca7e8ffd390704fa111429624421adf000000000000000ffffffffffffffffffffffff",3.56,,0.31,17,20.16,13.15,100622.00,0.00,0,0,0,0,,,-1.00,-1.00,-1.00,-1.00,-1.00,-1.00
2022-12-19T01:25:08Z,"0002cc01000003e9","2250ca7ff4fd390704fa111429624221b4f000000000000000ffffffffffffffffffffffff",3.56,,0.31,17,20.16,13.17,100612.00,0.00,0,0,0,0,,,-1.00,-1.00,-1.00,-1.00,-1.00,-1.00
2022-12-19T01:31:04Z,"0002cc01000003e9","2250ca8158fd390704fa11142c624221bb0900000000000000ffffffffffffffffffffffff",3.56,,0.31,17,20.17,13.18,100614.00,9.00,0,0,0,0,,,-1.00,-1.00,-1.00,-1.00,-1.00,-1.00
2022-12-19T01:37:00Z,"0002cc01000003e9","2250ca82bcfd390304fa11142f624421b40800000000000000ffffffffffffffffffffffff",3.56,,0.31,17,20.18,13.17,100620.00,8.00,0,0,0,0,,,-1.00,-1.00,-1.00,-1.00,-1.00,-1.00
2022-12-19T01:42:56Z,"0002cc01000003e9","2250ca8420fd38fe04fa11142c624321bbf000000000000000ffffffffffffffffffffffff",3.56,,0.31,17,20.17,13.18,100616.00,0.00,0,0,0,0,,,-1.00,-1.00,-1.00,-1.00,-1.00,-1.00
2022-12-19T01:48:52Z,"0002cc01000003e9","2250ca8584fd390304fa11142c624521c90e00000000000000ffffffffffffffffffffffff",3.56,,0.31,17,20.17,13.20,100626.00,7.00,0,0,0,0,,,-1.00,-1.00,-1.00,-1.00,-1.00,-1.00
2022-12-19T01:54:48Z,"0002cc01000003e9","2250ca86e8fd390704fa11142c624321c2f000000000000000ffffffffffffffffffffffff",3.56,,0.31,17,20.17,13.19,100616.00,0.00,0,0,0,0,,,-1.00,-1.00,-1.00,-1.00,-1.00,-1.00
2022-12-19T02:00:44Z,"0002cc01000003e9","2250ca884cfd390704fa11142c624221c20a00000000000000ffffffffffffffffffffffff",3.56,,0.31,17,20.17,13.19,100613.00,10.00,0,0,0,0,,,-1.00,-1.00,-1.00,-1.00,-1.00,-1.00
2022-12-19T02:06:40Z,"0002cc01000003e9","2250ca89b0fd390304f211142c624221c20f00000000000000ffffffffffffffffffffffff",3.56,,0.31,17,20.17,13.19,100614.00,15.00,0,0,0,0,,,-1.00,-1.00,-1.00,-1.00,-1.00,-1.00
2022-12-19T02:12:36Z,"0002cc01000003e9","2250ca8b14fd390304fa11142c624121bbf000000000000000ffffffffffffffffffffffff",3.56,,0.31,17,20.17,13.18,100609.00,0.00,0,0,0,0,,,-1.00,-1.00,-1.00,-1.00,-1.00,-1.00
2022-12-19T02:18:32Z,"0002cc01000003e9","2250ca8c78fd38fe04fa11142c624021bbf000000000000000ffffffffffffffffffffffff",3.56,,0.31,17,20.17,13.18,100607.00,0.00,0,0,0,0,,,-1.00,-1.00,-1.00,-1.00,-1.00,-1.00
2022-12-19T02:24:28Z,"0002cc01000003e9","2250ca8ddcfd390304fa11142c624121b4f000000000000000ffffffffffffffffffffffff",3.56,,0.31,17,20.17,13.17,100611.00,0.00,0,0,0,0,,,-1.00,-1.00,-1.00,-1.00,-1.00,-1.00
2022-12-19T02:30:24Z,"0002cc01000003e9","2250ca8f40fd390304fa11142c624521bb0e00000000000000ffffffffffffffffffffffff",3.56,,0.31,17,20.17,13.18,100624.00,7.00,0,0,0,0,,,-1.00,-1.00,-1.00,-1.00,-1.00,-1.00
2022-12-19T02:36:20Z,"0002cc01000003e9","2250ca90a4fd390304fa111429624421bbf000000000000000ffffffffffffffffffffffff",3.56,,0.31,17,20.16,13.18,100623.00,0.00,0,0,0,0,,,-1.00,-1.00,-1.00,-1.00,-1.00,-1.00
2022-12-19T02:42:16Z,"0002cc01000003e9","2250ca9208fd390304f2111427624521ba0d80000000000000ffffffffffffffffffffffff",3.56,,0.31,17,20.15,13.17,100626.00,27.00,0,0,0,0,,,-1.00,-1.00,-1.00,-1.00,-1.00,-1.00
2022-12-19T02:48:12Z,"0002cc01000003e9","2250ca936cfd390304fa111422624721cf0d00000000000000ffffffffffffffffffffffff",3.56,,0.31,17,20.13,13.21,100633.00,13.00,0,0,0,0,,,-1.00,-1.00,-1.00,-1.00,-1.00,-1.00
2022-12-19T02:54:08Z,"0002cc01000003e9","2250ca94d0fd390704fa11141d624821cf0a80000000000000ffffffffffffffffffffffff",3.56,,0.31,17,20.11,13.21,100637.00,21.00,0,0,0,0,,,-1.00,-1.00,-1.00,-1.00,-1.00,-1.00
2022-12-19T03:00:04Z,"0002cc01000003e9","2250ca9634fd390304fa11141a624721cf0800000000000000ffffffffffffffffffffffff",3.56,,0.31,17,20.10,13.21,100635.00,1.00,0,0,0,0,,,-1.00,-1.00,-1.00,-1.00,-1.00,-1.00
2022-12-19T03:06:00Z,"0002cc01000003e9","2250ca9798fd390304fa111415624621cef000000000000000ffffffffffffffffffffffff",3.56,,0.31,17,20.08,13.21,100628.00,0.00,0,0,0,0,,,-1.00,-1.00,-1.00,-1.00,-1.00,-1.00
2022-12-19T03:11:56Z,"0002cc01000003e9","2250ca98fcfd38f604fa111412624721c70a00000000000000ffffffffffffffffffffffff",3.56,,0.31,17,20.07,13.19,100635.00,20.00,0,0,0,0,,,-1.00,-1.00,-1.00,-1.00,-1.00,-1.00
2022-12-19T03:17:53Z,"0002cc01000003e9","2250ca9a61fd38f604fa111412624721c00d20000000000000ffffffffffffffffffffffff",3.56,,0.31,17,20.07,13.18,100634.00,420.00,0,0,0,0,,,-1.00,-1.00,-1.00,-1.00,-1.00,-1.00
2022-12-19T03:23:49Z,"0002cc01000003e9","2250ca9bc5fd390704fa11141f624921c10ea8000000000000ffffffffffffffffffffffff",3.56,,0.31,17,20.12,13.19,100641.00,469.00,0,0,0,0,,,-1.00,-1.00,-1.00,-1.00,-1.00,-1.00
2022-12-19T03:29:45Z,"0002cc01000003e9","2250ca9d29fd390304f211142c624a21c90e80000000000000ffffffffffffffffffffffff",3.56,,0.31,17,20.17,13.20,100644.00,464.00,0,0,0,0,,,-1.00,-1.00,-1.00,-1.00,-1.00,-1.00
2022-12-19T03:35:41Z,"0002cc01000003e9","2250ca9e8dfd390304fa111436624d21bb0f28000000000000ffffffffffffffffffffffff",3.56,,0.31,17,20.21,13.18,100657.00,485.00,0,0,0,0,,,-1.00,-1.00,-1.00,-1.00,-1.00,-1.00
2022-12-19T03:41:37Z,"0002cc01000003e9","2250ca9ff1fd38f6050311143e624d21bc1800000000000000ffffffffffffffffffffffff",3.56,,0.31,17,20.24,13.18,100658.00,512.00,0,0,0,0,,,-1.00,-1.00,-1.00,-1.00,-1.00,-1.00
2022-12-19T03:47:33Z,"0002cc01000003e9","2250caa155fd38f604fa111446624f21c40b80000000000000ffffffffffffffffffffffff",3.56,,0.31,17,20.27,13.19,100665.00,23.00,0,0,0,0,,,-1.00,-1.00,-1.00,-1.00,-1.00,-1.00
2022-12-19T03:53:29Z,"0002cc01000003e9","2250caa2b9fd38f604fa111439625021d80b80000000000000ffffffffffffffffffffffff",3.56,,0.31,17,20.22,13.22,100670.00,23.00,0,0,0,0,,,-1.00,-1.00,-1.00,-1.00,-1.00,-1.00
2022-12-19T03:59:25Z,"0002cc01000003e9","2250caa41dfd38fe04fa11142c625221ec0800000000000000ffffffffffffffffffffffff",3.56,,0.31,17,20.17,13.25,100679.00,1.00,0,0,0,0,,,-1.00,-1.00,-1.00,-1.00,-1.00,-1.00
2022-12-19T04:05:21Z,"0002cc01000003e9","2250caa581fd390304fa111424625021f9f000000000000000ffffffffffffffffffffffff",3.56,,0.31,17,20.14,13.27,100669.00,0.00,0,0,0,0,,,-1.00,-1.00,-1.00,-1.00,-1.00,-1.00
2022-12-19T04:11:17Z,"0002cc01000003e9","2250caa6e5fd390304fa11141f625122160b80000000000000ffffffffffffffffffffffff",3.56,,0.31,17,20.12,13.31,100673.00,23.00,0,0,0,0,,,-1.00,-1.00,-1.00,-1.00,-1.00,-1.00
2022-12-19T04:17:13Z,"0002cc01000003e9","2250caa849fd390304fa11141a6253223f0f00000000000000ffffffffffffffffffffffff",3.56,,0.31,17,20.10,13.38,100680.00,15.00,0,0,0,0,,,-1.00,-1.00,-1.00,-1.00,-1.00,-1.00
2022-12-19T04:23:09Z,"0002cc01000003e9","2250caa9adfd38fe04fa1114156254229a0800000000000000ffffffffffffffffffffffff",3.56,,0.31,17,20.08,13.52,100685.00,2.00,0,0,0,0,,,-1.00,-1.00,-1.00,-1.00,-1.00,-1.00
2022-12-19T04:29:05Z,"0002cc01000003e9","2250caab11fd390304fa111412625322ef0a40000000000000ffffffffffffffffffffffff",3.56,,0.31,17,20.07,13.65,100682.00,41.00,0,0,0,0,,,-1.00,-1.00,-1.00,-1.00,-1.00,-1.00
2022-12-19T04:35:01Z,"0002cc01000003e9","2250caac75fd38fe04fa111412625223510800000000000000ffffffffffffffffffffffff",3.56,,0.31,17,20.07,13.79,100677.00,1.00,0,0,0,0,,,-1.00,-1.00,-1.00,-1.00,-1.00,-1.00
2022-12-19T04:40:57Z,"0002cc01000003e9","2250caadd9fd38f604fa111412625223ac0880000000000000ffffffffffffffffffffffff",3.56,,0.31,17,20.07,13.93,100679.00,17.00,0,0,0,0,,,-1.00,-1.00,-1.00,-1.00,-1.00,-1.00
2022-12-19T04:46:53Z,"0002cc01000003e9","2250caaf3dfd38f605031114126254241d0c00000000000000ffffffffffffffffffffffff",3.56,,0.31,17,20.07,14.11,100686.00,6.00,0,0,0,0,,,-1.00,-1.00,-1.00,-1.00,-1.00,-1.00
2022-12-19T04:52:49Z,"0002cc01000003e9","2250cab0a1fd38f604fa11141062562471f000000000000000ffffffffffffffffffffffff",3.56,,0.31,17,20.06,14.24,100695.00,0.00,0,0,0,0,,,-1.00,-1.00,-1.00,-1.00,-1.00,-1.00
2022-12-19T04:58:45Z,"0002cc01000003e9","2250cab205fd390304fa111410625324d40880000000000000ffffffffffffffffffffffff",3.56,,0.31,17,20.06,14.39,100683.00,17.00,0,0,0,0,,,-1.00,-1.00,-1.00,-1.00,-1.00,-1.00
2022-12-19T05:04:42Z,"0002cc01000003e9","2250cab36afd390304fa11140d6250250b0f00000000000000ffffffffffffffffffffffff",3.56,,0.31,17,20.05,14.47,100671.00,15.00,0,0,0,0,,,-1.00,-1.00,-1.00,-1.00,-1.00,-1.00
2022-12-19T05:10:38Z,"0002cc01000003e9","2250cab4cefd38f604fa11140b624e2536f000000000000000ffffffffffffffffffffffff",3.56,,0.31,17,20.04,14.54,100663.00,0.00,0,0,0,0,,,-1.00,-1.00,-1.00,-1.00,-1.00,-1.00
2022-12-19T05:16:34Z,"0002cc01000003e9","2250cab632fd390304f211140b624c253d0a00000000000000ffffffffffffffffffffffff",3.56,,0.31,17,20.04,14.55,100655.00,10.00,0,0,0,0,,,-1.00,-1.00,-1.00,-1.00,-1.00,-1.00
2022-12-19T05:22:30Z,"0002cc01000003e9","2250cab796fd38fe04f2111408624a2574f000000000000000ffffffffffffffffffffffff",3.56,,0.31,17,20.03,14.63,100644.00,0.00,0,0,0,0,,,-1.00,-1.00,-1.00,-1.00,-1.00,-1.00
2022-12-19T05:28:26Z,"0002cc01000003e9","2250cab8fafd390304fa111406624a25820a00000000000000ffffffffffffffffffffffff",3.56,,0.31,17,20.02,14.65,100646.00,10.00,0,0,0,0,,,-1.00,-1.00,-1.00,-1.00,-1.00,-1.00
2022-12-19T05:34:22Z,"0002cc01000003e9","2250caba5efd390304fa111403624d25baf000000000000000ffffffffffffffffffffffff",3.56,,0.31,17,20.01,14.74,100659.00,0.00,0,0,0,0,,,-1.00,-1.00,-1.00,-1.00,-1.00,-1.00
2022-12-19T05:40:18Z,"0002cc01000003e9","2250cabbc2fd390304fa111401624d25eb0a00000000000000ffffffffffffffffffffffff",3.56,,0.31,17,20.00,14.81,100659.00,5.00,0,0,0,0,,,-1.00,-1.00,-1.00,-1.00,-1.00,-1.00
2022-12-19T05:46:14Z,"0002cc01000003e9","2250cabd26fd390304fa111401624d260ff000000000000000ffffffffffffffffffffffff",3.56,,0.31,17,20.00,14.87,100658.00,0.00,0,0,0,0,,,-1.00,-1.00,-1.00,-1.00,-1.00,-1.00
2022-12-19T05:52:10Z,"0002cc01000003e9","2250cabe8afd38f604fa111401624f2632f000000000000000ffffffffffffffffffffffff",3.56,,0.31,17,20.00,14.92,100667.00,0.00,0,0,0,0,,,-1.00,-1.00,-1.00,-1.00,-1.00,-1.00
2022-12-19T05:58:06Z,"0002cc01000003e9","2250cabfeefd390304fa1113fe625226470b00000000000000ffffffffffffffffffffffff",3.56,,0.31,17,19.99,14.95,100678.00,11.00,0,0,0,0,,,-1.00,-1.00,-1.00,-1.00,-1.00,-1.00
2022-12-19T06:04:02Z,"0002cc01000003e9","2250cac152fd390304fa1113fb62532670f000000000000000ffffffffffffffffffffffff",3.56,,0.31,17,19.98,15.02,100680.00,0.00,0,0,0,0,,,-1.00,-1.00,-1.00,-1.00,-1.00,-1.00
2022-12-19T06:09:58Z,"0002cc01000003e9","2250cac2b6fd38f604fa1113f9624f268df000000000000000ffffffffffffffffffffffff",3.56,,0.31,17,19.97,15.06,100666.00,0.00,0,0,0,0,,,-1.00,-1.00,-1.00,-1.00,-1.00,-1.00
2022-12-19T06:15:54Z,"0002cc01000003e9","2250cac41afd390304fa1113f6624c26af0c00000000000000ffffffffffffffffffffffff",3.56,,0.31,17,19.96,15.11,100654.00,12.00,0,0,0,0,,,-1.00,-1.00,-1.00,-1.00,-1.00,-1.00
2022-12-19T06:21:50Z,"0002cc01000003e9","2250cac57efd390304fa1113f4624e26c40800000000000000ffffffffffffffffffffffff",3.56,,0.31,17,19.95,15.14,100661.00,1.00,0,0,0,0,,,-1.00,-1.00,-1.00,-1.00,-1.00,-1.00
2022-12-19T06:27:46Z,"0002cc01000003e9","2250cac6e2fd390304fa1113f4625026e8f000000000000000ffffffffffffffffffffffff",3.56,,0.31,17,19.95,15.20,100671.00,0.00,0,0,0,0,,,-1.00,-1.00,-1.00,-1.00,-1.00,-1.00
2022-12-19T06:33:42Z,"0002cc01000003e9","2250cac846fd38fa04fa1113f16254270a0f00000000000000ffffffffffffffffffffffff",3.56,,0.31,17,19.94,15.25,100686.00,15.00,0,0,0,0,,,-1.00,-1.00,-1.00,-1.00,-1.00,-1.00
2022-12-19T06:39:38Z,"0002cc01000003e9","2250cac9aafd390304fa1113f16255271f0a00000000000000ffffffffffffffffffffffff",3.56,,0.31,17,19.94,15.28,100691.00,10.00,0,0,0,0,,,-1.00,-1.00,-1.00,-1.00,-1.00,-1.00
2022-12-19T06:45:34Z,"0002cc01000003e9","2250cacb0efd38f604fa1113f16259271ff000000000000000ffffffffffffffffffffffff",3.56,,0.31,17,19.94,15.28,100707.00,0.00,0,0,0,0,,,-1.00,-1.00,-1.00,-1.00,-1.00,-1.00
2022-12-19T06:51:30Z,"0002cc01000003e9","2250cacc72fd390305031113f1625a271f0e00000000000000ffffffffffffffffffffffff",3.56,,0.31,17,19.94,15.28,100711.00,14.00,0,0,0,0,,,-1.00,-1.00,-1.00,-1.00,-1.00,-1.00
2022-12-19T06:57:27Z,"0002cc01000003e9","2250cacdd7fd390304fa1113f1625c271f0e00000000000000ffffffffffffffffffffffff",3.56,,0.31,17,19.94,15.28,100717.00,7.00,0,0,0,0,,,-1.00,-1.00,-1.00,-1.00,-1.00,-1.00
2022-12-19T07:03:23Z,"0002cc01000003e9","2250cacf3bfd390304fa1113f1625a272d0800000000000000ffffffffffffffffffffffff",3.56,,0.31,17,19.94,15.30,100710.00,1.00,0,0,0,0,,,-1.00,-1.00,-1.00,-1.00,-1.00,-1.00
2022-12-19T07:09:19Z,"0002cc01000003e9","2250cad09ffd38f204fa1113ef625a27490800000000000000ffffffffffffffffffffffff",3.56,,0.31,17,19.93,15.35,100710.00,1.00,0,0,0,0,,,-1.00,-1.00,-1.00,-1.00,-1.00,-1.00
2022-12-19T07:15:15Z,"0002cc01000003e9","2250cad203fd390304fa1113ef625627580c00000000000000ffffffffffffffffffffffff",3.56,,0.31,17,19.93,15.37,100694.00,6.00,0,0,0,0,,,-1.00,-1.00,-1.00,-1.00,-1.00,-1.00
2022-12-19T07:21:11Z,"0002cc01000003e9","2250cad367fd390304fa1113ef62572749f000000000000000ffffffffffffffffffffffff",3.56,,0.31,17,19.93,15.35,100699.00,0.00,0,0,0,0,,,-1.00,-1.00,-1.00,-1.00,-1.00,-1.00
2022-12-19T07:27:07Z,"0002cc01000003e9","2250cad4cbfd38ee04fa1113ec6259272df000000000000000ffffffffffffffffffffffff",3.56,,0.31,17,19.92,15.30,100706.00,0.00,0,0,0,0,,,-1.00,-1.00,-1.00,-1.00,-1.00,-1.00
2022-12-19T07:33:03Z,"0002cc01000003e9","2250cad62ffd38f604fa1113ec625927260800000000000000ffffffffffffffffffffffff",3.56,,0.31,17,19.92,15.29,100706.00,8.00,0,0,0,0,,,-1.00,-1.00,-1.00,-1.00,-1.00,-1.00
2022-12-19T07:38:59Z,"0002cc01000003e9","2250cad793fd38fa04fa1113ec6258273bf000000000000000ffffffffffffffffffffffff",3.56,,0.31,17,19.92,15.32,100702.00,0.00,0,0,0,0,,,-1.00,-1.00,-1.00,-1.00,-1.00,-1.00
2022-12-19T07:44:55Z,"0002cc01000003e9","2250cad8f7fd38fa04fa1113e9625927420b00000000000000ffffffffffffffffffffffff",3.56,,0.31,17,19.91,15.33,100705.00,11.00,0,0,0,0,,,-1.00,-1.00,-1.00,-1.00,-1.00,-1.00
2022-12-19T07:50:51Z,"0002cc01000003e9","2250cada5bfd390304fa1113e7625727560800000000000000ffffffffffffffffffffffff",3.56,,0.31,17,19.90,15.37,100698.00,4.00,0,0,0,0,,,-1.00,-1.00,-1.00,-1.00,-1.00,-1.00
2022-12-19T07:56:47Z,"0002cc01000003e9","2250cadbbffd390304fa1113e762592756f000000000000000ffffffffffffffffffffffff",3.56,,0.31,17,19.90,15.37,100704.00,0.00,0,0,0,0,,,-1.00,-1.00,-1.00,-1.00,-1.00,-1.00
2022-12-19T08:02:43Z,"0002cc01000003e9","2250cadd23fd38fa04fa1113e7625627420800000000000000ffffffffffffffffffffffff",3.56,,0.31,17,19.90,15.33,100695.00,1.00,0,0,0,0,,,-1.00,-1.00,-1.00,-1.00,-1.00,-1.00
2022-12-19T08:08:39Z,"0002cc01000003e9","2250cade87fd38f204fa1113e4625727170900000000000000ffffffffffffffffffffffff",3.56,,0.31,17,19.89,15.27,100696.00,9.00,0,0,0,0,,,-1.00,-1.00,-1.00,-1.00,-1.00,-1.00
2022-12-19T08:14:35Z,"0002cc01000003e9","2250cadfebfd38fa04fa1113e2625726e60800000000000000ffffffffffffffffffffffff",3.56,,0.31,17,19.88,15.19,100697.00,8.00,0,0,0,0,,,-1.00,-1.00,-1.00,-1.00,-1.00,-1.00
2022-12-19T08:20:31Z,"0002cc01000003e9","2250cae14ffd390304fa1113df625f26c90b00000000000000ffffffffffffffffffffffff",3.56,,0.31,17,19.87,15.15,100728.00,22.00,0,0,0,0,,,-1.00,-1.00,-1.00,-1.00,-1.00,-1.00
2022-12-19T08:26:27Z,"0002cc01000003e9","2250cae2b3fd390304fa1113dd626226a60c00000000000000ffffffffffffffffffffffff",3.56,,0.31,17,19.86,15.10,100743.00,3.00,0,0,0,0,,,-1.00,-1.00,-1.00,-1.00,-1.00,-1.00
2022-12-19T08:32:23Z,"0002cc01000003e9","2250cae417fd38fa04fa1113da626526830d00000000000000ffffffffffffffffffffffff",3.56,,0.31,17,19.85,15.04,100755.00,13.00,0,0,0,0,,,-1.00,-1.00,-1.00,-1.00,-1.00,-1.00
2022-12-19T08:38:19Z,"0002cc01000003e9","2250cae57bfd390304fa1113d8626626580e00000000000000ffffffffffffffffffffffff",3.56,,0.31,17,19.84,14.98,100758.00,7.00,0,0,0,0,,,-1.00,-1.00,-1.00,-1.00,-1.00,-1.00
2022-12-19T08:44:15Z,"0002cc01000003e9","2250cae6dffd38fa04fa1113d8626826270a00000000000000ffffffffffffffffffffffff",3.56,,0.31,17,19.84,14.90,100766.00,5.00,0,0,0,0,,,-1.00,-1.00,-1.00,-1.00,-1.00,-1.00
2022-12-19T08:50:12Z,"0002cc01000003e9","2250cae844fd38f204fa1113d8626f2619f000000000000000ffffffffffffffffffffffff",3.56,,0.31,17,19.84,14.88,100795.00,0.00,0,0,0,0,,,-1.00,-1.00,-1.00,-1.00,-1.00,-1.00
2022-12-19T08:56:07Z,"0002cc01000003e9","2250cae9a7fd38f604fa1113d5626e2620f000000000000000ffffffffffffffffffffffff",3.56,,0.31,17,19.83,14.89,100790.00,0.00,0,0,0,0,,,-1.00,-1.00,-1.00,-1.00,-1.00,-1.00
2022-12-19T09:02:04Z,"0002cc01000003e9","2250caeb0cfd38fa04fa1113d562762635f000000000000000ffffffffffffffffffffffff",3.56,,0.31,17,19.83,14.92,100822.00,0.00,0,0,0,0,,,-1.00,-1.00,-1.00,-1.00,-1.00,-1.00
2022-12-19T09:08:00Z,"0002cc01000003e9","2250caec70fd38fa04fa1113d56275262e0800000000000000ffffffffffffffffffffffff",3.56,,0.31,17,19.83,14.91,100819.00,8.00,0,0,0,0,,,-1.00,-1.00,-1.00,-1.00,-1.00,-1.00
2022-12-19T09:13:56Z,"0002cc01000003e9","2250caedd4fd38fa04fa1113d2627826430880000000000000ffffffffffffffffffffffff",3.56,,0.31,17,19.82,14.95,100831.00,17.00,0,0,0,0,,,-1.00,-1.00,-1.00,-1.00,-1.00,-1.00
2022-12-19T09:19:52Z,"0002cc01000003e9","2250caef38fd390304fa1113d0627a26660b00000000000000ffffffffffffffffffffffff",3.56,,0.31,17,19.81,15.00,100838.00,11.00,0,0,0,0,,,-1.00,-1.00,-1.00,-1.00,-1.00,-1.00
2022-12-19T09:25:48Z,"0002cc01000003e9","2250caf09cfd38f604fa1113cd62772690f000000000000000ffffffffffffffffffffffff",3.56,,0.31,17,19.80,15.06,100825.00,0.00,0,0,0,0,,,-1.00,-1.00,-1.00,-1.00,-1.00,-1.00
2022-12-19T09:31:44Z,"0002cc01000003e9","2250caf200fd38f204fa1113cd627926b20b00000000000000ffffffffffffffffffffffff",3.56,,0.31,17,19.80,15.12,100834.00,11.00,0,0,0,0,,,-1.00,-1.00,-1.00,-1.00,-1.00,-1.00
2022-12-19T09:37:40Z,"0002cc01000003e9","2250caf364fd38fa04fa1113cd627c26ba0800000000000000ffffffffffffffffffffffff",3.56,,0.31,17,19.80,15.13,100845.00,1.00,0,0,0,0,,,-1.00,-1.00,-1.00,-1.00,-1.00,-1.00
2022-12-19T09:43:36Z,"0002cc01000003e9","2250caf4c8fd38f204fa1113cd628226ba0800000000000000ffffffffffffffffffffffff",3.56,,0.31,17,19.80,15.13,100868.00,1.00,0,0,0,0,,,-1.00,-1.00,-1.00,-1.00,-1.00,-1.00
2022-12-19T09:49:32Z,"0002cc01000003e9","2250caf62cfd38fa04fa1113cd628126ba0d00000000000000ffffffffffffffffffffffff",3.56,,0.31,17,19.80,15.13,100865.00,13.00,0,0,0,0,,,-1.00,-1.00,-1.00,-1.00,-1.00,-1.00
2022-12-19T09:55:28Z,"0002cc01000003e9","2250caf790fd38fa04fa1113cd627f26c80c00000000000000ffffffffffffffffffffffff",3.56,,0.31,17,19.80,15.15,100856.00,6.00,0,0,0,0,,,-1.00,-1.00,-1.00,-1.00,-1.00,-1.00
2022-12-19T10:01:24Z,"0002cc01000003e9","2250caf8f4fd38fa04fa1113cb627926c8f000000000000000ffffffffffffffffffffffff",3.56,,0.31,17,19.79,15.15,100834.00,0.00,0,0,0,0,,,-1.00,-1.00,-1.00,-1.00,-1.00,-1.00
2022-12-19T10:07:20Z,"0002cc01000003e9","2250cafa58fd38fa04fa1113c6627b26c80c00000000000000ffffffffffffffffffffffff",3.56,,0.31,17,19.77,15.15,100843.00,6.00,0,0,0,0,,,-1.00,-1.00,-1.00,-1.00,-1.00,-1.00
2022-12-19T10:13:16Z,"0002cc01000003e9","2250cafbbcfd390304fa1113c8627a26c80b80000000000000ffffffffffffffffffffffff",3.56,,0.31,17,19.78,15.15,100837.00,23.00,0,0,0,0,,,-1.00,-1.00,-1.00,-1.00,-1.00,-1.00
2022-12-19T10:19:12Z,"0002cc01000003e9","2250cafd20fd38f204fa1113c3627b26c7f000000000000000ffffffffffffffffffffffff",3.56,,0.31,17,19.76,15.15,100841.00,0.00,0,0,0,0,,,-1.00,-1.00,-1.00,-1.00,-1.00,-1.00
2022-12-19T10:25:08Z,"0002cc01000003e9","2250cafe84fd38fa04fa1113c3627726ce0800000000000000ffffffffffffffffffffffff",3.56,,0.31,17,19.76,15.16,100825.00,1.00,0,0,0,0,,,-1.00,-1.00,-1.00,-1.00,-1.00,-1.00
2022-12-19T10:31:04Z,"0002cc01000003e9","2250caffe8fd38fa04fa1113c3627b26c7f000000000000000ffffffffffffffffffffffff",3.56,,0.31,17,19.76,15.15,100840.00,0.00,0,0,0,0,,,-1.00,-1.00,-1.00,-1.00,-1.00,-1.00
2022-12-19T10:37:00Z,"0002cc01000003e9","2250cb014cfd38fa04fa1113c1627926c00d00000000000000ffffffffffffffffffffffff",3.56,,0.31,17,19.75,15.14,100835.00,13.00,0,0,0,0,,,-1.00,-1.00,-1.00,-1.00,-1.00,-1.00
2022-12-19T10:42:57Z,"0002cc01000003e9","2250cb02b1fd38f204fa1113be627926b90e00000000000000ffffffffffffffffffffffff",3.56,,0.31,17,19.74,15.13,100833.00,7.00,0,0,0,0,,,-1.00,-1.00,-1.00,-1.00,-1.00,-1.00
2022-12-19T10:48:53Z,"0002cc01000003e9","2250cb0415fd38fa04fa1113be627626b2f000000000000000ffffffffffffffffffffffff",3.56,,0.31,17,19.74,15.12,100820.00,0.00,0,0,0,0,,,-1.00,-1.00,-1.00,-1.00,-1.00,-1.00
2022-12-19T10:54:49Z,"0002cc01000003e9","2250cb0579fd38f204fa1113be627926a40e00000000000000ffffffffffffffffffffffff",3.56,,0.31,17,19.74,15.09,100834.00,14.00,0,0,0,0,,,-1.00,-1.00,-1.00,-1.00,-1.00,-1.00
2022-12-19T11:00:45Z,"0002cc01000003e9","2250cb06ddfd38f204fa1113c1627b26960e00000000000000ffffffffffffffffffffffff",3.56,,0.31,17,19.75,15.07,100840.00,7.00,0,0,0,0,,,-1.00,-1.00,-1.00,-1.00,-1.00,-1.00
2022-12-19T11:06:41Z,"0002cc01000003e9","2250cb0841fd38fa04fa1113c3627f2696f000000000000000ffffffffffffffffffffffff",3.56,,0.31,17,19.76,15.07,100856.00,0.00,0,0,0,0,,,-1.00,-1.00,-1.00,-1.00,-1.00,-1.00
2022-12-19T11:12:37Z,"0002cc01000003e9","2250cb09a5fd38fa04fa1113c8627c26650e00000000000000ffffffffffffffffffffffff",3.56,,0.31,17,19.78,15.00,100844.00,7.00,0,0,0,0,,,-1.00,-1.00,-1.00,-1.00,-1.00,-1.00
2022-12-19T11:18:33Z,"0002cc01000003e9","2250cb0b09fd38f204fa1113cb627e262df000000000000000ffffffffffffffffffffffff",3.56,,0.31,17,19.79,14.91,100852.00,0.00,0,0,0,0,,,-1.00,-1.00,-1.00,-1.00,-1.00,-1.00
2022-12-19T11:24:29Z,"0002cc01000003e9","2250cb0c6dfd38fa04fa1113c8627e2609f000000000000000ffffffffffffffffffffffff",3.56,,0.31,17,19.78,14.86,100855.00,0.00,0,0,0,0,,,-1.00,-1.00,-1.00,-1.00,-1.00,-1.00
2022-12-19T11:30:25Z,"0002cc01000003e9","2250cb0dd1fd38f204fa1113be62802609f000000000000000ffffffffffffffffffffffff",3.56,,0.31,17,19.74,14.86,100862.00,0.00,0,0,0,0,,,-1.00,-1.00,-1.00,-1.00,-1.00,-1.00
2022-12-19T11:36:21Z,"0002cc01000003e9","2250cb0f35fd38fa04fa1113b4628126160e00000000000000ffffffffffffffffffffffff",3.56,,0.31,17,19.70,14.88,100865.00,7.00,0,0,0,0,,,-1.00,-1.00,-1.00,-1.00,-1.00,-1.00
2022-12-19T11:42:17Z,"0002cc01000003e9","2250cb1099fd38f204fa1113af62802639f000000000000000ffffffffffffffffffffffff",3.56,,0.31,17,19.68,14.93,100861.00,0.00,0,0,0,0,,,-1.00,-1.00,-1.00,-1.00,-1.00,-1.00
2022-12-19T11:48:13Z,"0002cc01000003e9","2250cb11fdfd38f204fa1113ac627e26540c00000000000000ffffffffffffffffffffffff",3.56,,0.31,17,19.67,14.97,100853.00,12.00,0,0,0,0,,,-1.00,-1.00,-1.00,-1.00,-1.00,-1.00
2022-12-19T11:54:09Z,"0002cc01000003e9","2250cb1361fd38f204fa1113b6627f264f0b00000000000000ffffffffffffffffffffffff",3.56,,0.31,17,19.71,14.96,100856.00,11.00,0,0,0,0,,,-1.00,-1.00,-1.00,-1.00,-1.00,-1.00
2022-12-19T12:00:05Z,"0002cc01000003e9","2250cb14c5fd38fa04fa1113c6628126420c00000000000000ffffffffffffffffffffffff",3.56,,0.31,17,19.77,14.94,100866.00,6.00,0,0,0,0,,,-1.00,-1.00,-1.00,-1.00,-1.00,-1.00
2022-12-19T12:06:01Z,"0002cc01000003e9","2250cb1629fd38fa04fa1113d2627d263cf000000000000000ffffffffffffffffffffffff",3.56,,0.31,17,19.82,14.94,100850.00,0.00,0,0,0,0,,,-1.00,-1.00,-1.00,-1.00,-1.00,-1.00
2022-12-19T12:11:57Z,"0002cc01000003e9","2250cb178dfd38fa04fa1113dd627e26440d00000000000000ffffffffffffffffffffffff",3.56,,0.31,17,19.86,14.95,100855.00,13.00,0,0,0,0,,,-1.00,-1.00,-1.00,-1.00,-1.00,-1.00
2022-12-19T12:17:53Z,"0002cc01000003e9","2250cb18f1fd38fa05031113e9627f264c0800000000000000ffffffffffffffffffffffff",3.56,,0.31,17,19.91,14.96,100857.00,8.00,0,0,0,0,,,-1.00,-1.00,-1.00,-1.00,-1.00,-1.00
2022-12-19T12:23:50Z,"0002cc01000003e9","2250cb1a56fd38f204fa1113f4627c264d0800000000000000ffffffffffffffffffffffff",3.56,,0.31,17,19.95,14.96,100847.00,16.00,0,0,0,0,,,-1.00,-1.00,-1.00,-1.00,-1.00,-1.00
2022-12-19T12:29:46Z,"0002cc01000003e9","2250cb1bbafd38f204fa1113fb627a263f0980000000000000ffffffffffffffffffffffff",3.56,,0.31,17,19.98,14.94,100837.00,38.00,0,0,0,0,,,-1.00,-1.00,-1.00,-1.00,-1.00,-1.00
2022-12-19T12:35:42Z,"0002cc01000003e9","2250cb1d1efd38f204fa11140362782624f000000000000000ffffffffffffffffffffffff",3.56,,0.31,17,20.01,14.90,100829.00,0.00,0,0,0,0,,,-1.00,-1.00,-1.00,-1.00,-1.00,-1.00
2022-12-19T12:41:38Z,"0002cc01000003e9","2250cb1e82fd38f604fa11140b6275260ff000000000000000ffffffffffffffffffffffff",3.56,,0.31,17,20.04,14.87,100819.00,0.00,0,0,0,0,,,-1.00,-1.00,-1.00,-1.00,-1.00,-1.00
2022-12-19T12:47:34Z,"0002cc01000003e9","2250cb1fe6fd38f204fa11141262732602f000000000000000ffffffffffffffffffffffff",3.56,,0.31,17,20.07,14.85,100809.00,0.00,0,0,0,0,,,-1.00,-1.00,-1.00,-1.00,-1.00,-1.00
2022-12-19T12:53:30Z,"0002cc01000003e9","2250cb214afd38fa04fa11141a627026020d00000000000000ffffffffffffffffffffffff",3.56,,0.31,17,20.10,14.85,100797.00,13.00,0,0,0,0,,,-1.00,-1.00,-1.00,-1.00,-1.00,-1.00
2022-12-19T12:59:26Z,"0002cc01000003e9","2250cb22aefd38fa04fa111422627225fc0a00000000000000ffffffffffffffffffffffff",3.56,,0.31,17,20.13,14.84,100805.00,10.00,0,0,0,0,,,-1.00,-1.00,-1.00,-1.00,-1.00,-1.00
2022-12-19T13:05:22Z,"0002cc01000003e9","2250cb2412fd38f204fa111424627725fd0b00000000000000ffffffffffffffffffffffff",3.56,,0.31,17,20.14,14.84,100824.00,22.00,0,0,0,0,,,-1.00,-1.00,-1.00,-1.00,-1.00,-1.00
2022-12-19T13:11:18Z,"0002cc01000003e9","2250cb2576fd38f204f2111427627725fdf000000000000000ffffffffffffffffffffffff",3.56,,0.31,17,20.15,14.84,100825.00,0.00,0,0,0,0,,,-1.00,-1.00,-1.00,-1.00,-1.00,-1.00
2022-12-19T13:17:14Z,"0002cc01000003e9","2250cb26dafd38f604f2111427627d26040980000000000000ffffffffffffffffffffffff",3.56,,0.31,17,20.15,14.85,100848.00,19.00,0,0,0,0,,,-1.00,-1.00,-1.00,-1.00,-1.00,-1.00
2022-12-19T13:23:10Z,"0002cc01000003e9","2250cb283efd38ea04fa111427627c25fd0800000000000000ffffffffffffffffffffffff",3.56,,0.31,17,20.15,14.84,100847.00,2.00,0,0,0,0,,,-1.00,-1.00,-1.00,-1.00,-1.00,-1.00
2022-12-19T13:29:06Z,"0002cc01000003e9","2250cb29a2fd38f204fa111422627c25ee0800000000000000ffffffffffffffffffffffff",3.56,,0.31,17,20.13,14.82,100847.00,4.00,0,0,0,0,,,-1.00,-1.00,-1.00,-1.00,-1.00,-1.00
2022-12-19T13:35:02Z,"0002cc01000003e9","2250cb2b06fd38fa04fa11141f627725f50800000000000000ffffffffffffffffffffffff",3.56,,0.31,17,20.12,14.83,100827.00,1.00,0,0,0,0,,,-1.00,-1.00,-1.00,-1.00,-1.00,-1.00
2022-12-19T13:40:58Z,"0002cc01000003e9","2250cb2c6afd38fa04fa11141a627625f40c80000000000000ffffffffffffffffffffffff",3.56,,0.31,17,20.10,14.83,100823.00,25.00,0,0,0,0,,,-1.00,-1.00,-1.00,-1.00,-1.00,-1.00
2022-12-19T13:46:54Z,"0002cc01000003e9","2250cb2dcefd38f204fa111418627525f4f000000000000000ffffffffffffffffffffffff",3.56,,0.31,17,20.09,14.83,100817.00,0.00,0,0,0,0,,,-1.00,-1.00,-1.00,-1.00,-1.00,-1.00
2022-12-19T13:52:50Z,"0002cc01000003e9","2250cb2f32fd38f604fa111415627925f4f000000000000000ffffffffffffffffffffffff",3.56,,0.31,17,20.08,14.83,100834.00,0.00,0,0,0,0,,,-1.00,-1.00,-1.00,-1.00,-1.00,-1.00
2022-12-19T13:58:46Z,"0002cc01000003e9","2250cb3096fd38fa04fa111412628025f40800000000000000ffffffffffffffffffffffff",3.56,,0.31,17,20.07,14.83,100861.00,8.00,0,0,0,0,,,-1.00,-1.00,-1.00,-1.00,-1.00,-1.00
2022-12-19T14:04:42Z,"0002cc01000003e9","2250cb31fafd38f204fa111412627e25ed0a80000000000000ffffffffffffffffffffffff",3.56,,0.31,17,20.07,14.81,100852.00,21.00,0,0,0,0,,,-1.00,-1.00,-1.00,-1.00,-1.00,-1.00
2022-12-19T14:10:39Z,"0002cc01000003e9","2250cb335ffd38ea04fa111412628125f40c00000000000000ffffffffffffffffffffffff",3.56,,0.31,17,20.07,14.83,100864.00,12.00,0,0,0,0,,,-1.00,-1.00,-1.00,-1.00,-1.00,-1.00
2022-12-19T14:16:35Z,"0002cc01000003e9","2250cb34c3fd38f604fa111412628325ed0a00000000000000ffffffffffffffffffffffff",3.56,,0.31,17,20.07,14.81,100874.00,20.00,0,0,0,0,,,-1.00,-1.00,-1.00,-1.00,-1.00,-1.00
2022-12-19T14:22:31Z,"0002cc01000003e9","2250cb3627fd38ea04fa111412628225ed0980000000000000ffffffffffffffffffffffff",3.56,,0.31,17,20.07,14.82,100869.00,19.00,0,0,0,0,,,-1.00,-1.00,-1.00,-1.00,-1.00,-1.00
2022-12-19T14:28:27Z,"0002cc01000003e9","2250cb378bfd38ea04fa111415628825f40b80000000000000ffffffffffffffffffffffff",3.56,,0.31,17,20.08,14.83,100892.00,23.00,0,0,0,0,,,-1.00,-1.00,-1.00,-1.00,-1.00,-1.00
2022-12-19T14:34:23Z,"0002cc01000003e9","2250cb38effd38fa04fa111415628e25fb0c00000000000000ffffffffffffffffffffffff",3.56,,0.31,17,20.08,14.84,100917.00,12.00,0,0,0,0,,,-1.00,-1.00,-1.00,-1.00,-1.00,-1.00
2022-12-19T14:40:19Z,"0002cc01000003e9","2250cb3a53fd38ea04ee111415629225f40800000000000000ffffffffffffffffffffffff",3.56,,0.31,17,20.08,14.83,100933.00,32.00,0,0,0,0,,,-1.00,-1.00,-1.00,-1.00,-1.00,-1.00
2022-12-19T14:46:15Z,"0002cc01000003e9","2250cb3bb7fd38fa04fa111415629025fb0800000000000000ffffffffffffffffffffffff",3.56,,0.31,17,20.08,14.84,100926.00,32.00,0,0,0,0,,,-1.00,-1.00,-1.00,-1.00,-1.00,-1.00
2022-12-19T14:52:11Z,"0002cc01000003e9","2250cb3d1bfd38ea04fa111418629026020d80000000000000ffffffffffffffffffffffff",3.56,,0.31,17,20.09,14.85,100927.00,27.00,0,0,0,0,,,-1.00,-1.00,-1.00,-1.00,-1.00,-1.00
2022-12-19T14:58:07Z,"0002cc01000003e9","2250cb3e7ffd38f604fa111415629126020b80000000000000ffffffffffffffffffffffff",3.56,,0.31,17,20.08,14.85,100931.00,23.00,0,0,0,0,,,-1.00,-1.00,-1.00,-1.00,-1.00,-1.00
2022-12-19T15:04:03Z,"0002cc01000003e9","2250cb3fe3fd38ea04fa111418629326020e00000000000000ffffffffffffffffffffffff",3.56,,0.31,17,20.09,14.85,100936.00,28.00,0,0,0,0,,,-1.00,-1.00,-1.00,-1.00,-1.00,-1.00
2022-12-19T15:09:59Z,"0002cc01000003e9","2250cb4147fd38ea04fa111418629226090e40000000000000ffffffffffffffffffffffff",3.56,,0.31,17,20.09,14.86,100933.00,57.00,0,0,0,0,,,-1.00,-1.00,-1.00,-1.00,-1.00,-1.00
2022-12-19T15:15:55Z,"0002cc01000003e9","2250cb42abfd38f60503111418629226260900000000000000ffffffffffffffffffffffff",3.56,,0.31,17,20.09,14.90,100934.00,18.00,0,0,0,0,,,-1.00,-1.00,-1.00,-1.00,-1.00,-1.00
2022-12-19T15:21:51Z,"0002cc01000003e9","2250cb440ffd38ea04fa11141a629726340e00000000000000ffffffffffffffffffffffff",3.56,,0.31,17,20.10,14.92,100954.00,56.00,0,0,0,0,,,-1.00,-1.00,-1.00,-1.00,-1.00,-1.00
2022-12-19T15:27:47Z,"0002cc01000003e9","2250cb4573fd38f604fa111424629826500f00000000000000ffffffffffffffffffffffff",3.56,,0.31,17,20.14,14.97,100959.00,480.00,0,0,0,0,,,-1.00,-1.00,-1.00,-1.00,-1.00,-1.00
2022-12-19T15:33:43Z,"0002cc01000003e9","2250cb46d7fd38f604fa11143b629a26760fe0000000000000ffffffffffffffffffffffff",3.56,,0.31,17,20.23,15.02,100966.00,508.00,0,0,0,0,,,-1.00,-1.00,-1.00,-1.00,-1.00,-1.00
2022-12-19T15:39:40Z,"0002cc01000003e9","2250cb483cfd38ea04fa111450629c26be1868000000000000ffffffffffffffffffffffff",3.56,,0.31,17,20.31,15.13,100975.00,538.00,0,0,0,0,,,-1.00,-1.00,-1.00,-1.00,-1.00,-1.00
2022-12-19T15:45:36Z,"0002cc01000003e9","2250cb49a0fd38ea04fa111462629b26cd18a0000000000000ffffffffffffffffffffffff",3.56,,0.31,17,20.38,15.16,100971.00,552.00,0,0,0,0,,,-1.00,-1.00,-1.00,-1.00,-1.00,-1.00
2022-12-19T15:51:32Z,"0002cc01000003e9","2250cb4b04fd38ea04fa11146f629e26c818e8000000000000ffffffffffffffffffffffff",3.56,,0.31,17,20.43,15.15,100982.00,570.00,0,0,0,0,,,-1.00,-1.00,-1.00,-1.00,-1.00,-1.00
2022-12-19T15:57:28Z,"0002cc01000003e9","2250cb4c68fd38ea04fa11147b629e27241900000000000000ffffffffffffffffffffffff",3.56,,0.31,17,20.48,15.29,100983.00,576.00,0,0,0,0,,,-1.00,-1.00,-1.00,-1.00,-1.00,-1.00
2022-12-19T16:03:24Z,"0002cc01000003e9","2250cb4dccfd38f604fa111488629f27491a5c000000000000ffffffffffffffffffffffff",3.56,,0.31,17,20.53,15.35,100985.00,663.00,0,0,0,0,,,-1.00,-1.00,-1.00,-1.00,-1.00,-1.00
2022-12-19T16:09:20Z,"0002cc01000003e9","2250cb4f30fd38f604fa111498629e277b1a54000000000000ffffffffffffffffffffffff",3.56,,0.31,17,20.59,15.42,100982.00,661.00,0,0,0,0,,,-1.00,-1.00,-1.00,-1.00,-1.00,-1.00
2022-12-19T16:15:16Z,"0002cc01000003e9","2250cb5094fd38f604fa1114a462a027bc1a04000000000000ffffffffffffffffffffffff",3.56,,0.31,17,20.64,15.52,100989.00,641.00,0,0,0,0,,,-1.00,-1.00,-1.00,-1.00,-1.00,-1.00
2022-12-19T16:21:12Z,"0002cc01000003e9","2250cb51f8fd38f604f21114a2629c2a041a30000000000000ffffffffffffffffffffffff",3.56,,0.31,17,20.63,16.41,100974.00,652.00,0,0,0,0,,,-1.00,-1.00,-1.00,-1.00,-1.00,-1.00
2022-12-19T16:27:08Z,"0002cc01000003e9","2250cb535cfd38ea04f21114bb629a2a9a19b8000000000000ffffffffffffffffffffffff",3.56,,0.31,17,20.73,16.64,100965.00,622.00,0,0,0,0,,,-1.00,-1.00,-1.00,-1.00,-1.00,-1.00
2022-12-19T16:33:04Z,"0002cc01000003e9","2250cb54c0fd38ea04f21114e962992b1d1884000000000000ffffffffffffffffffffffff",3.56,,0.31,17,20.91,16.84,100960.00,545.00,0,0,0,0,,,-1.00,-1.00,-1.00,-1.00,-1.00,-1.00
2022-12-19T16:39:00Z,"0002cc01000003e9","2250cb5624fd38ea04f211150662962ad91854000000000000ffffffffffffffffffffffff",3.56,,0.31,17,21.02,16.74,100950.00,533.00,0,0,0,0,,,-1.00,-1.00,-1.00,-1.00,-1.00,-1.00
2022-12-19T16:44:56Z,"0002cc01000003e9","2250cb5788fd38f604fa11152762982acf1880000000000000ffffffffffffffffffffffff",3.56,,0.31,17,21.15,16.72,100956.00,544.00,0,0,0,0,,,-1.00,-1.00,-1.00,-1.00,-1.00,-1.00
2022-12-19T16:50:52Z,"0002cc01000003e9","2250cb58ecfd38f604f211153e62992aad1898000000000000ffffffffffffffffffffffff",3.56,,0.31,17,21.24,16.67,100963.00,550.00,0,0,0,0,,,-1.00,-1.00,-1.00,-1.00,-1.00,-1.00
2022-12-19T16:56:48Z,"0002cc01000003e9","2250cb5a50fd38ee04ee11154d629d2afd1854000000000000ffffffffffffffffffffffff",3.56,,0.31,17,21.30,16.79,100977.00,533.00,0,0,0,0,,,-1.00,-1.00,-1.00,-1.00,-1.00,-1.00
2022-12-19T17:02:44Z,"0002cc01000003e9","2250cb5bb4fd38ea04f211156462992b5318fc000000000000ffffffffffffffffffffffff",3.56,,0.31,17,21.39,16.92,100960.00,575.00,0,0,0,0,,,-1.00,-1.00,-1.00,-1.00,-1.00,-1.00
2022-12-19T17:08:40Z,"0002cc01000003e9","2250cb5d18fd38e204f211157b62962ab418b8000000000000ffffffffffffffffffffffff",3.56,,0.31,17,21.48,16.68,100951.00,558.00,0,0,0,0,,,-1.00,-1.00,-1.00,-1.00,-1.00,-1.00
2022-12-19T17:14:36Z,"0002cc01000003e9","2250cb5e7cfd38ea04fa11159d62932a5b0d60000000000000ffffffffffffffffffffffff",3.56,,0.31,17,21.61,16.55,100937.00,428.00,0,0,0,0,,,-1.00,-1.00,-1.00,-1.00,-1.00,-1.00
2022-12-19T17:20:32Z,"0002cc01000003e9","2250cb5fe0fd38f604e611159f628e2a5b18f4000000000000ffffffffffffffffffffffff",3.56,,0.31,17,21.62,16.55,100916.00,573.00,0,0,0,0,,,-1.00,-1.00,-1.00,-1.00,-1.00,-1.00
2022-12-19T17:26:28Z,"0002cc01000003e9","2250cb6144fd38ee04f2111598628b2ab61938000000000000ffffffffffffffffffffffff",3.56,,0.31,17,21.59,16.68,100904.00,590.00,0,0,0,0,,,-1.00,-1.00,-1.00,-1.00,-1.00,-1.00
2022-12-19T17:32:25Z,"0002cc01000003e9","2250cb62a9fd38ea04e61115a462872af008e8000000000000ffffffffffffffffffffffff",3.56,,0.31,17,21.64,16.77,100890.00,285.00,0,0,0,0,,,-1.00,-1.00,-1.00,-1.00,-1.00,-1.00
2022-12-19T17:38:21Z,"0002cc01000003e9","2250cb640dfd38e604f21115cb62832abb0838000000000000ffffffffffffffffffffffff",3.56,,0.31,17,21.79,16.69,100874.00,263.00,0,0,0,0,,,-1.00,-1.00,-1.00,-1.00,-1.00,-1.00
2022-12-19T17:44:17Z,"0002cc01000003e9","2250cb6571fd38f604e61115e462802b4b0e60000000000000ffffffffffffffffffffffff",3.56,,0.31,17,21.89,16.91,100861.00,230.00,0,0,0,0,,,-1.00,-1.00,-1.00,-1.00,-1.00,-1.00
2022-12-19T17:50:13Z,"0002cc01000003e9","2250cb66d5fd38ee04e61115ec627e2b6f0870000000000000ffffffffffffffffffffffff",3.56,,0.31,17,21.92,16.97,100854.00,270.00,0,0,0,0,,,-1.00,-1.00,-1.00,-1.00,-1.00,-1.00
2022-12-19T17:56:09Z,"0002cc01000003e9","2250cb6839fd38f604f21115fe627d2aea0d90000000000000ffffffffffffffffffffffff",3.56,,0.31,17,21.99,16.76,100850.00,217.00,0,0,0,0,,,-1.00,-1.00,-1.00,-1.00,-1.00,-1.00
2022-12-19T18:02:05Z,"0002cc01000003e9","2250cb699dfd38e604e6111610627c2a660f50000000000000ffffffffffffffffffffffff",3.56,,0.31,17,22.06,16.56,100846.00,245.00,0,0,0,0,,,-1.00,-1.00,-1.00,-1.00,-1.00,-1.00
2022-12-19T18:08:01Z,"0002cc01000003e9","2250cb6b01fd38e604e611160d627a2bb80a00000000000000ffffffffffffffffffffffff",3.56,,0.31,17,22.05,17.08,100836.00,10.00,0,0,0,0,,,-1.00,-1.00,-1.00,-1.00,-1.00,-1.00
2022-12-19T18:13:57Z,"0002cc01000003e9","2250cb6c65fd38e604e61115d562752b420e80000000000000ffffffffffffffffffffffff",3.56,,0.31,17,21.83,16.90,100816.00,29.00,0,0,0,0,,,-1.00,-1.00,-1.00,-1.00,-1.00,-1.00
2022-12-19T18:19:53Z,"0002cc01000003e9","2250cb6dc9fd38e604e61115b162702b690980000000000000ffffffffffffffffffffffff",3.56,,0.31,17,21.69,16.96,100799.00,38.00,0,0,0,0,,,-1.00,-1.00,-1.00,-1.00,-1.00,-1.00
2022-12-19T18:25:49Z,"0002cc01000003e9","2250cb6f2dfd38ee04e611159f626d2b6e0800000000000000ffffffffffffffffffffffff",3.56,,0.31,17,21.62,16.96,100787.00,32.00,0,0,0,0,,,-1.00,-1.00,-1.00,-1.00,-1.00,-1.00
2022-12-19T18:31:45Z,"0002cc01000003e9","2250cb7091fd38ea04f211158d62692b3408c0000000000000ffffffffffffffffffffffff",3.56,,0.31,17,21.55,16.88,100769.00,35.00,0,0,0,0,,,-1.00,-1.00,-1.00,-1.00,-1.00,-1.00
2022-12-19T18:37:41Z,"0002cc01000003e9","2250cb71f5fd38e604e611158162692b6b0d00000000000000ffffffffffffffffffffffff",3.56,,0.31,17,21.50,16.96,100768.00,13.00,0,0,0,0,,,-1.00,-1.00,-1.00,-1.00,-1.00,-1.00
2022-12-19T18:43:37Z,"0002cc01000003e9","2250cb7359fd38f604f211158162672de60d00000000000000ffffffffffffffffffffffff",3.56,,0.31,17,21.50,17.93,100761.00,13.00,0,0,0,0,,,-1.00,-1.00,-1.00,-1.00,-1.00,-1.00
2022-12-19T18:49:33Z,"0002cc01000003e9","2250cb74bdfd38f604f211159f62652cdd0980000000000000ffffffffffffffffffffffff",3.56,,0.31,17,21.62,17.52,100755.00,19.00,0,0,0,0,,,-1.00,-1.00,-1.00,-1.00,-1.00,-1.00
2022-12-19T18:55:29Z,"0002cc01000003e9","2250cb7621fd38ee04f21115b162632cdf0e00000000000000ffffffffffffffffffffffff",3.56,,0.31,17,21.69,17.53,100746.00,28.00,0,0,0,0,,,-1.00,-1.00,-1.00,-1.00,-1.00,-1.00
2022-12-19T19:01:25Z,"0002cc01000003e9","2250cb7785fd38ee04e61115bb62632cd90800000000000000ffffffffffffffffffffffff",3.56,,0.31,17,21.73,17.52,100746.00,1.00,0,0,0,0,,,-1.00,-1.00,-1.00,-1.00,-1.00,-1.00
2022-12-19T19:07:21Z,"0002cc01000003e9","2250cb78e9fd38ee04f21115c162652cfdf000000000000000ffffffffffffffffffffffff",3.56,,0.31,17,21.75,17.57,100752.00,0.00,0,0,0,0,,,-1.00,-1.00,-1.00,-1.00,-1.00,-1.00
2022-12-19T19:13:18Z,"0002cc01000003e9","2250cb7a4efd38ea04f21115c362622caff000000000000000ffffffffffffffffffffffff",3.56,,0.31,17,21.76,17.46,100741.00,0.00,0,0,0,0,,,-1.00,-1.00,-1.00,-1.00,-1.00,-1.00
2022-12-19T19:19:14Z,"0002cc01000003e9","2250cb7bb2fd38ee04e61115c8625d2ce8f000000000000000ffffffffffffffffffffffff",3.56,,0.31,17,21.78,17.54,100721.00,0.00,0,0,0,0,,,-1.00,-1.00,-1.00,-1.00,-1.00,-1.00
2022-12-19T19:25:10Z,"0002cc01000003e9","2250cb7d16fd38e604f21115cb625a2c310a00000000000000ffffffffffffffffffffffff",3.56,,0.31,17,21.79,17.26,100711.00,5.00,0,0,0,0,,,-1.00,-1.00,-1.00,-1.00,-1.00,-1.00
2022-12-19T19:31:06Z,"0002cc01000003e9","2250cb7e7afd38ea04f21115d062592ce90c00000000000000ffffffffffffffffffffffff",3.56,,0.31,17,21.81,17.54,100707.00,24.00,0,0,0,0,,,-1.00,-1.00,-1.00,-1.00,-1.00,-1.00
2022-12-19T19:37:02Z,"0002cc01000003e9","2250cb7fdefd38ee04f21115d262522bc10b00000000000000ffffffffffffffffffffffff",3.56,,0.31,17,21.82,17.09,100678.00,11.00,0,0,0,0,,,-1.00,-1.00,-1.00,-1.00,-1.00,-1.00
2022-12-19T19:42:58Z,"0002cc01000003e9","2250cb8142fd38e604f21115d862512c0f0a00000000000000ffffffffffffffffffffffff",3.56,,0.31,17,21.84,17.21,100674.00,5.00,0,0,0,0,,,-1.00,-1.00,-1.00,-1.00,-1.00,-1.00
2022-12-19T19:48:54Z,"0002cc01000003e9","2250cb82a6fd38e604ee1115d8624d2bc8f000000000000000ffffffffffffffffffffffff",3.56,,0.31,17,21.84,17.10,100659.00,0.00,0,0,0,0,,,-1.00,-1.00,-1.00,-1.00,-1.00,-1.00
2022-12-19T19:54:50Z,"0002cc01000003e9","2250cb840afd38ea04e61115d5624e2b49f000000000000000ffffffffffffffffffffffff",3.56,,0.31,17,21.83,16.91,100661.00,0.00,0,0,0,0,,,-1.00,-1.00,-1.00,-1.00,-1.00,-1.00
2022-12-19T20:00:46Z,"0002cc01000003e9","2250cb856efd38e204f21115cd62502b2c0e00000000000000ffffffffffffffffffffffff",3.56,,0.31,17,21.80,16.86,100668.00,7.00,0,0,0,0,,,-1.00,-1.00,-1.00,-1.00,-1.00,-1.00
2022-12-19T20:06:42Z,"0002cc01000003e9","2250cb86d2fd38e604e61115cd62502b7a0900000000000000ffffffffffffffffffffffff",3.56,,0.31,17,21.80,16.98,100670.00,18.00,0,0,0,0,,,-1.00,-1.00,-1.00,-1.00,-1.00,-1.00
2022-12-19T20:12:38Z,"0002cc01000003e9","2250cb8836fd38ee04e61115c6624e2aec0e00000000000000ffffffffffffffffffffffff",3.56,,0.31,17,21.77,16.77,100663.00,14.00,0,0,0,0,,,-1.00,-1.00,-1.00,-1.00,-1.00,-1.00
2022-12-19T20:18:34Z,"0002cc01000003e9","2250cb899afd38ea04e61115c162542a89f000000000000000ffffffffffffffffffffffff",3.56,,0.31,17,21.75,16.62,100686.00,0.00,0,0,0,0,,,-1.00,-1.00,-1.00,-1.00,-1.00,-1.00
2022-12-19T20:24:30Z,"0002cc01000003e9","2250cb8afefd38ee04f21115b962532a410880000000000000ffffffffffffffffffffffff",3.56,,0.31,17,21.72,16.51,100681.00,17.00,0,0,0,0,,,-1.00,-1.00,-1.00,-1.00,-1.00,-1.00
2022-12-19T20:30:26Z,"0002cc01000003e9","2250cb8c62fd38e604ee1115b162522a400880000000000000ffffffffffffffffffffffff",3.56,,0.31,17,21.69,16.50,100678.00,17.00,0,0,0,0,,,-1.00,-1.00,-1.00,-1.00,-1.00,-1.00
2022-12-19T20:36:22Z,"0002cc01000003e9","2250cb8dc6fd38ee04f21115af62512a400800000000000000ffffffffffffffffffffffff",3.56,,0.31,17,21.68,16.50,100673.00,4.00,0,0,0,0,,,-1.00,-1.00,-1.00,-1.00,-1.00,-1.00
2022-12-19T20:42:18Z,"0002cc01000003e9","2250cb8f2afd38ee04fa1115b162502aab0800000000000000ffffffffffffffffffffffff",3.56,,0.31,17,21.69,16.67,100668.00,4.00,0,0,0,0,,,-1.00,-1.00,-1.00,-1.00,-1.00,-1.00
2022-12-19T20:48:14Z,"0002cc01000003e9","2250cb908efd38ee04fa1115c6624f2a98f000000000000000ffffffffffffffffffffffff",3.56,,0.31,17,21.77,16.64,100664.00,0.00,0,0,0,0,,,-1.00,-1.00,-1.00,-1.00,-1.00,-1.00
2022-12-19T20:54:10Z,"0002cc01000003e9","2250cb91f2fd38e604f21115c8624e2a510a80000000000000ffffffffffffffffffffffff",3.56,,0.31,17,21.78,16.53,100662.00,21.00,0,0,0,0,,,-1.00,-1.00,-1.00,-1.00,-1.00,-1.00
2022-12-19T21:00:07Z,"0002cc01000003e9","2250cb9357fd38e604e61115c1624d2a1f0d80000000000000ffffffffffffffffffffffff",3.56,,0.31,17,21.75,16.45,100656.00,27.00,0,0,0,0,,,-1.00,-1.00,-1.00,-1.00,-1.00,-1.00
2022-12-19T21:06:03Z,"0002cc01000003e9","2250cb94bbfd38ee04fa1115b9624f29f4f000000000000000ffffffffffffffffffffffff",3.56,,0.31,17,21.72,16.39,100664.00,0.00,0,0,0,0,,,-1.00,-1.00,-1.00,-1.00,-1.00,-1.00
2022-12-19T21:11:59Z,"0002cc01000003e9","2250cb961ffd38e604f21115b4624f29fa0d00000000000000ffffffffffffffffffffffff",3.56,,0.31,17,21.70,16.40,100664.00,13.00,0,0,0,0,,,-1.00,-1.00,-1.00,-1.00,-1.00,-1.00
2022-12-19T21:17:55Z,"0002cc01000003e9","2250cb9783fd38e604f21115b1624e2a480880000000000000ffffffffffffffffffffffff",3.56,,0.31,17,21.69,16.52,100660.00,17.00,0,0,0,0,,,-1.00,-1.00,-1.00,-1.00,-1.00,-1.00
2022-12-19T21:23:51Z,"0002cc01000003e9","2250cb98e7fd38e604f211159f624f29960900000000000000ffffffffffffffffffffffff",3.56,,0.31,17,21.62,16.24,100665.00,36.00,0,0,0,0,,,-1.00,-1.00,-1.00,-1.00,-1.00,-1.00
2022-12-19T21:29:47Z,"0002cc01000003e9","2250cb9a4bfd38e604f2111590624d29a20a80000000000000ffffffffffffffffffffffff",3.56,,0.31,17,21.56,16.26,100658.00,21.00,0,0,0,0,,,-1.00,-1.00,-1.00,-1.00,-1.00,-1.00
2022-12-19T21:35:43Z,"0002cc01000003e9","2250cb9baffd38e604f211158b624e29a90840000000000000ffffffffffffffffffffffff",3.56,,0.31,17,21.54,16.27,100660.00,33.00,0,0,0,0,,,-1.00,-1.00,-1.00,-1.00,-1.00,-1.00
2022-12-19T21:41:39Z,"0002cc01000003e9","2250cb9d13fd38e604f2111586624c29a10e00000000000000ffffffffffffffffffffffff",3.56,,0.31,17,21.52,16.26,100653.00,28.00,0,0,0,0,,,-1.00,-1.00,-1.00,-1.00,-1.00,-1.00
2022-12-19T21:47:35Z,"0002cc01000003e9","2250cb9e77fd38e604ee11157e624e29a0f000000000000000ffffffffffffffffffffffff",3.56,,0.31,17,21.49,16.26,100661.00,0.00,0,0,0,0,,,-1.00,-1.00,-1.00,-1.00,-1.00,-1.00
2022-12-19T21:53:31Z,"0002cc01000003e9","2250cb9fdbfd38ee04f211157b624e297df000000000000000ffffffffffffffffffffffff",3.56,,0.31,17,21.48,16.21,100662.00,0.00,0,0,0,0,,,-1.00,-1.00,-1.00,-1.00,-1.00,-1.00
2022-12-19T21:59:27Z,"0002cc01000003e9","2250cba13ffd38e604fa111576625129520800000000000000ffffffffffffffffffffffff",3.56,,0.31,17,21.46,16.14,100675.00,16.00,0,0,0,0,,,-1.00,-1.00,-1.00,-1.00,-1.00,-1.00
2022-12-19T22:05:23Z,"0002cc01000003e9","2250cba2a3fd38ee04f211156f62532967f000000000000000ffffffffffffffffffffffff",3.56,,0.31,17,21.43,16.17,100681.00,0.00,0,0,0,0,,,-1.00,-1.00,-1.00,-1.00,-1.00,-1.00
2022-12-19T22:11:19Z,"0002cc01000003e9","2250cba407fd38ee04ee11156f62522a2c0e00000000000000ffffffffffffffffffffffff",3.56,,0.31,17,21.43,16.47,100676.00,14.00,0,0,0,0,,,-1.00,-1.00,-1.00,-1.00,-1.00,-1.00
2022-12-19T22:17:15Z,"0002cc01000003e9","2250cba56bfd38e604f211156f625229830c00000000000000ffffffffffffffffffffffff",3.56,,0.31,17,21.43,16.22,100678.00,12.00,0,0,0,0,,,-1.00,-1.00,-1.00,-1.00,-1.00,-1.00
2022-12-19T22:23:11Z,"0002cc01000003e9","2250cba6cffd38e604f211157162512a7a0e00000000000000ffffffffffffffffffffffff",3.56,,0.31,17,21.44,16.59,100675.00,14.00,0,0,0,0,,,-1.00,-1.00,-1.00,-1.00,-1.00,-1.00
2022-12-19T22:29:07Z,"0002cc01000003e9","2250cba833fd38ee04f211158162512a0bf000000000000000ffffffffffffffffffffffff",3.56,,0.31,17,21.50,16.42,100672.00,0.00,0,0,0,0,,,-1.00,-1.00,-1.00,-1.00,-1.00,-1.00
2022-12-19T22:35:03Z,"0002cc01000003e9","2250cba997fd38ee04f211158d625129a2f000000000000000ffffffffffffffffffffffff",3.56,,0.31,17,21.55,16.26,100674.00,0.00,0,0,0,0,,,-1.00,-1.00,-1.00,-1.00,-1.00,-1.00
2022-12-19T22:41:00Z,"0002cc01000003e9","2250cbaafcfd38ee04f21115926250297f0c00000000000000ffffffffffffffffffffffff",3.56,,0.31,17,21.57,16.21,100669.00,24.00,0,0,0,0,,,-1.00,-1.00,-1.00,-1.00,-1.00,-1.00
2022-12-19T22:46:56Z,"0002cc01000003e9","2250cbac60fd38e604e6111590625129630880000000000000ffffffffffffffffffffffff",3.56,,0.31,17,21.56,16.17,100673.00,17.00,0,0,0,0,,,-1.00,-1.00,-1.00,-1.00,-1.00,-1.00
2022-12-19T22:52:52Z,"0002cc01000003e9","2250cbadc4fd38ee04e6111598625028eb0a80000000000000ffffffffffffffffffffffff",3.56,,0.31,17,21.59,15.98,100671.00,21.00,0,0,0,0,,,-1.00,-1.00,-1.00,-1.00,-1.00,-1.00
2022-12-19T22:58:48Z,"0002cc01000003e9","2250cbaf28fd38ee04f2111598624c287b0f80000000000000ffffffffffffffffffffffff",3.56,,0.31,17,21.59,15.81,100652.00,31.00,0,0,0,0,,,-1.00,-1.00,-1.00,-1.00,-1.00,-1.00
2022-12-19T23:04:44Z,"0002cc01000003e9","2250cbb08cfd38ee04f21115956247286df000000000000000ffffffffffffffffffffffff",3.56,,0.31,17,21.58,15.79,100634.00,0.00,0,0,0,0,,,-1.00,-1.00,-1.00,-1.00,-1.00,-1.00
2022-12-19T23:10:40Z,"0002cc01000003e9","2250cbb1f0fd38ee04f2111595624828490900000000000000ffffffffffffffffffffffff",3.56,,0.31,17,21.58,15.74,100639.00,18.00,0,0,0,0,,,-1.00,-1.00,-1.00,-1.00,-1.00,-1.00
2022-12-19T23:16:36Z,"0002cc01000003e9","2250cbb354fd38e604f211159862462850f000000000000000ffffffffffffffffffffffff",3.56,,0.31,17,21.59,15.75,100628.00,0.00,0,0,0,0,,,-1.00,-1.00,-1.00,-1.00,-1.00,-1.00
2022-12-19T23:22:32Z,"0002cc01000003e9","2250cbb4b8fd38ee04e61115a7624928280b00000000000000ffffffffffffffffffffffff",3.56,,0.31,17,21.65,15.69,100643.00,352.00,0,0,0,0,,,-1.00,-1.00,-1.00,-1.00,-1.00,-1.00
2022-12-19T23:28:28Z,"0002cc01000003e9","2250cbb61cfd38e604f21115b1624c28290be8000000000000ffffffffffffffffffffffff",3.56,,0.31,17,21.69,15.69,100654.00,381.00,0,0,0,0,,,-1.00,-1.00,-1.00,-1.00,-1.00,-1.00
2022-12-19T23:34:24Z,"0002cc01000003e9","2250cbb780fd38e604e61115b1624e27f80b18000000000000ffffffffffffffffffffffff",3.56,,0.31,17,21.69,15.61,100663.00,355.00,0,0,0,0,,,-1.00,-1.00,-1.00,-1.00,-1.00,-1.00
2022-12-19T23:40:20Z,"0002cc01000003e9","2250cbb8e4fd38ee04f21115af625127e90ae8000000000000ffffffffffffffffffffffff",3.56,,0.31,17,21.68,15.59,100672.00,349.00,0,0,0,0,,,-1.00,-1.00,-1.00,-1.00,-1.00,-1.00
2022-12-19T23:46:16Z,"0002cc01000003e9","2250cbba48fd38e604f21115a9625127f70b30000000000000ffffffffffffffffffffffff",3.56,,0.31,17,21.66,15.61,100673.00,358.00,0,0,0,0,,,-1.00,-1.00,-1.00,-1.00,-1.00,-1.00
2022-12-19T23:52:12Z,"0002cc01000003e9","2250cbbbacfd38e604e61115a76251280b0b08000000000000ffffffffffffffffffffffff",3.56,,0.31,17,21.65,15.64,100674.00,353.00,0,0,0,0,,,-1.00,-1.00,-1.00,-1.00,-1.00,-1.00
2022-12-19T23:58:08Z,"0002cc01000003e9","2250cbbd10fd38e604e61115a46251280b0ab0000000000000ffffffffffffffffffffffff",3.56,,0.31,17,21.64,15.64,100674.00,342.00,0,0,0,0,,,-1.00,-1.00,-1.00,-1.00,-1.00,-1.00
