Time,DevEUI,Raw,Vbat,Vsystem,Vbus,BootCount,T,RH,P,Light,P[0].delta,P[0].total,P[1].delta,P[1].total,Act[7],Act[6],Act[5],Act[4],Act[3],Act[2],Act[1],Act[0]
2022-12-02T00:03:41Z,"0002cc01000003e9","2250b4035dfd3a4a05171115796220297d0850000000000000ffffffffffffffffffffffff",3.64,,0.32,17,21.47,16.21,100477.00,266.00,0,0,0,0,,,-1.00,-1.00,-1.00,-1.00,-1.00,-1.00
2022-12-02T00:09:37Z,"0002cc01000003e9","2250b404c1fd3a52051711157b621b29450868000000000000ffffffffffffffffffffffff",3.64,,0.32,17,21.48,16.12,100457.00,269.00,0,0,0,0,,,-1.00,-1.00,-1.00,-1.00,-1.00,-1.00
2022-12-02T00:15:33Z,"0002cc01000003e9","2250b40625fd3a4a051711157e621b29060800000000000000ffffffffffffffffffffffff",3.64,,0.32,17,21.49,16.02,100456.00,256.00,0,0,0,0,,,-1.00,-1.00,-1.00,-1.00,-1.00,-1.00
2022-12-02T00:21:29Z,"0002cc01000003e9","2250b40789fd3a4a051711157e621c28bf08d0000000000000ffffffffffffffffffffffff",3.64,,0.32,17,21.49,15.92,100463.00,282.00,0,0,0,0,,,-1.00,-1.00,-1.00,-1.00,-1.00,-1.00
2022-12-02T00:27:25Z,"0002cc01000003e9","2250b408edfd3a52051f111581621a28800888000000000000ffffffffffffffffffffffff",3.64,,0.32,17,21.50,15.82,100455.00,273.00,0,0,0,0,,,-1.00,-1.00,-1.00,-1.00,-1.00,-1.00
2022-12-02T00:33:21Z,"0002cc01000003e9","2250b40a51fd3a520523111581621d28560ff0000000000000ffffffffffffffffffffffff",3.64,,0.32,17,21.50,15.76,100467.00,255.00,0,0,0,0,,,-1.00,-1.00,-1.00,-1.00,-1.00,-1.00
2022-12-02T00:39:17Z,"0002cc01000003e9","2250b40bb5fd3a52051711157e621c28320820000000000000ffffffffffffffffffffffff",3.64,,0.32,17,21.49,15.70,100461.00,260.00,0,0,0,0,,,-1.00,-1.00,-1.00,-1.00,-1.00,-1.00
2022-12-02T00:45:13Z,"0002cc01000003e9","2250b40d19fd3a52051711157e621928240890000000000000ffffffffffffffffffffffff",3.64,,0.32,17,21.49,15.68,100449.00,274.00,0,0,0,0,,,-1.00,-1.00,-1.00,-1.00,-1.00,-1.00
2022-12-02T00:51:09Z,"0002cc01000003e9","2250b40e7dfd3a52051711157e621a281d08c0000000000000ffffffffffffffffffffffff",3.64,,0.32,17,21.49,15.67,100454.00,280.00,0,0,0,0,,,-1.00,-1.00,-1.00,-1.00,-1.00,-1.00
2022-12-02T00:57:05Z,"0002cc01000003e9","2250b40fe1fd3a46051711157e6215281d0840000000000000ffffffffffffffffffffffff",3.64,,0.32,17,21.49,15.67,100435.00,264.00,0,0,0,0,,,-1.00,-1.00,-1.00,-1.00,-1.00,-1.00
2022-12-02T01:03:01Z,"0002cc01000003e9","2250b41145fd3a52051711157b6219282408c0000000000000ffffffffffffffffffffffff",3.64,,0.32,17,21.48,15.68,100451.00,280.00,0,0,0,0,,,-1.00,-1.00,-1.00,-1.00,-1.00,-1.00
2022-12-02T01:08:57Z,"0002cc01000003e9","2250b412a9fd3a5205171115796217283208a8000000000000ffffffffffffffffffffffff",3.64,,0.32,17,21.47,15.70,100442.00,277.00,0,0,0,0,,,-1.00,-1.00,-1.00,-1.00,-1.00,-1.00
2022-12-02T01:14:53Z,"0002cc01000003e9","2250b4140dfd3a4a05171115796213284e08e0000000000000ffffffffffffffffffffffff",3.64,,0.32,17,21.47,15.74,100425.00,284.00,0,0,0,0,,,-1.00,-1.00,-1.00,-1.00,-1.00,-1.00
2022-12-02T01:20:49Z,"0002cc01000003e9","2250b41571fd3a5205171115796211286a0850000000000000ffffffffffffffffffffffff",3.64,,0.32,17,21.47,15.79,100417.00,266.00,0,0,0,0,,,-1.00,-1.00,-1.00,-1.00,-1.00,-1.00
2022-12-02T01:26:45Z,"0002cc01000003e9","2250b416d5fd3a520523111576620f288608c8000000000000ffffffffffffffffffffffff",3.64,,0.32,17,21.46,15.83,100411.00,281.00,0,0,0,0,,,-1.00,-1.00,-1.00,-1.00,-1.00,-1.00
2022-12-02T01:32:41Z,"0002cc01000003e9","2250b41839fd3a520523111576620b289b08e0000000000000ffffffffffffffffffffffff",3.64,,0.32,17,21.46,15.86,100394.00,284.00,0,0,0,0,,,-1.00,-1.00,-1.00,-1.00,-1.00,-1.00
2022-12-02T01:38:37Z,"0002cc01000003e9","2250b4199dfd3a4e0523111576620a28a90fa0000000000000ffffffffffffffffffffffff",3.64,,0.32,17,21.46,15.88,100391.00,250.00,0,0,0,0,,,-1.00,-1.00,-1.00,-1.00,-1.00,-1.00
2022-12-02T01:44:33Z,"0002cc01000003e9","2250b41b01fd3a5205171115766209289b08f8000000000000ffffffffffffffffffffffff",3.64,,0.32,17,21.46,15.86,100385.00,287.00,0,0,0,0,,,-1.00,-1.00,-1.00,-1.00,-1.00,-1.00
2022-12-02T01:50:29Z,"0002cc01000003e9","2250b41c65fd3a520517111576620528a20840000000000000ffffffffffffffffffffffff",3.64,,0.32,17,21.46,15.87,100368.00,264.00,0,0,0,0,,,-1.00,-1.00,-1.00,-1.00,-1.00,-1.00
2022-12-02T01:56:26Z,"0002cc01000003e9","2250b41dcafd3a52052311157661fe28b808a0000000000000ffffffffffffffffffffffff",3.64,,0.32,17,21.46,15.91,100340.00,276.00,0,0,0,0,,,-1.00,-1.00,-1.00,-1.00,-1.00,-1.00
2022-12-02T02:02:22Z,"0002cc01000003e9","2250b41f2efd3a4a051711157461ff28cc0970000000000000ffffffffffffffffffffffff",3.64,,0.32,17,21.45,15.94,100344.00,302.00,0,0,0,0,,,-1.00,-1.00,-1.00,-1.00,-1.00,-1.00
2022-12-02T02:08:18Z,"0002cc01000003e9","2250b42092fd3a52052311157661ff28e20948000000000000ffffffffffffffffffffffff",3.64,,0.32,17,21.46,15.97,100346.00,297.00,0,0,0,0,,,-1.00,-1.00,-1.00,-1.00,-1.00,-1.00
2022-12-02T02:14:14Z,"0002cc01000003e9","2250b421f6fd3a52052311157661fb28fe0878000000000000ffffffffffffffffffffffff",3.64,,0.32,17,21.46,16.01,100331.00,271.00,0,0,0,0,,,-1.00,-1.00,-1.00,-1.00,-1.00,-1.00
2022-12-02T02:20:10Z,"0002cc01000003e9","2250b4235afd3a52051711157961f929210910000000000000ffffffffffffffffffffffff",3.64,,0.32,17,21.47,16.07,100321.00,290.00,0,0,0,0,,,-1.00,-1.00,-1.00,-1.00,-1.00,-1.00
2022-12-02T02:26:06Z,"0002cc01000003e9","2250b424befd3a52051711157961fb294b08e0000000000000ffffffffffffffffffffffff",3.64,,0.32,17,21.47,16.13,100329.00,284.00,0,0,0,0,,,-1.00,-1.00,-1.00,-1.00,-1.00,-1.00
2022-12-02T02:32:02Z,"0002cc01000003e9","2250b42622fd3a52051711157661f829840838000000000000ffffffffffffffffffffffff",3.64,,0.32,17,21.46,16.22,100318.00,263.00,0,0,0,0,,,-1.00,-1.00,-1.00,-1.00,-1.00,-1.00
2022-12-02T02:37:58Z,"0002cc01000003e9","2250b42786fd3a52051711157661f529af0898000000000000ffffffffffffffffffffffff",3.64,,0.32,17,21.46,16.28,100304.00,275.00,0,0,0,0,,,-1.00,-1.00,-1.00,-1.00,-1.00,-1.00
2022-12-02T02:43:54Z,"0002cc01000003e9","2250b428eafd3a52052311157961ef29d20910000000000000ffffffffffffffffffffffff",3.64,,0.32,17,21.47,16.34,100280.00,290.00,0,0,0,0,,,-1.00,-1.00,-1.00,-1.00,-1.00,-1.00
2022-12-02T02:49:50Z,"0002cc01000003e9","2250b42a4efd3a52051f11157661f129f508e8000000000000ffffffffffffffffffffffff",3.64,,0.32,17,21.46,16.39,100290.00,285.00,0,0,0,0,,,-1.00,-1.00,-1.00,-1.00,-1.00,-1.00
2022-12-02T02:55:46Z,"0002cc01000003e9","2250b42bb2fd3a52052311157961f12a0308b8000000000000ffffffffffffffffffffffff",3.64,,0.32,17,21.47,16.41,100289.00,279.00,0,0,0,0,,,-1.00,-1.00,-1.00,-1.00,-1.00,-1.00
2022-12-02T03:01:42Z,"0002cc01000003e9","2250b42d16fd3a4a052311157b61f02a660880000000000000ffffffffffffffffffffffff",3.64,,0.32,17,21.48,16.56,100286.00,272.00,0,0,0,0,,,-1.00,-1.00,-1.00,-1.00,-1.00,-1.00
2022-12-02T03:07:38Z,"0002cc01000003e9","2250b42e7afd3a52051711157961ef2a820c00000000000000ffffffffffffffffffffffff",3.64,,0.32,17,21.47,16.60,100281.00,12.00,0,0,0,0,,,-1.00,-1.00,-1.00,-1.00,-1.00,-1.00
2022-12-02T03:13:34Z,"0002cc01000003e9","2250b42fdefd3a5b051711156261ee2aaaf000000000000000ffffffffffffffffffffffff",3.65,,0.32,17,21.38,16.67,100277.00,0.00,0,0,0,0,,,-1.00,-1.00,-1.00,-1.00,-1.00,-1.00
2022-12-02T03:19:30Z,"0002cc01000003e9","2250b43142fd3a5b051711154d61ed2ae00e00000000000000ffffffffffffffffffffffff",3.65,,0.32,17,21.30,16.75,100275.00,14.00,0,0,0,0,,,-1.00,-1.00,-1.00,-1.00,-1.00,-1.00
2022-12-02T03:25:26Z,"0002cc01000003e9","2250b432a6fd3a52051711154161ec2b09f000000000000000ffffffffffffffffffffffff",3.64,,0.32,17,21.25,16.81,100268.00,0.00,0,0,0,0,,,-1.00,-1.00,-1.00,-1.00,-1.00,-1.00
2022-12-02T03:31:22Z,"0002cc01000003e9","2250b4340afd3a52051711153961e72b330800000000000000ffffffffffffffffffffffff",3.64,,0.32,17,21.22,16.87,100251.00,8.00,0,0,0,0,,,-1.00,-1.00,-1.00,-1.00,-1.00,-1.00
2022-12-02T03:37:18Z,"0002cc01000003e9","2250b4356efd3a52052311152f61e72b63f000000000000000ffffffffffffffffffffffff",3.64,,0.32,17,21.18,16.95,100249.00,0.00,0,0,0,0,,,-1.00,-1.00,-1.00,-1.00,-1.00,-1.00
2022-12-02T03:43:15Z,"0002cc01000003e9","2250b436d3fd3a52052311152961e52b86f000000000000000ffffffffffffffffffffffff",3.64,,0.32,17,21.16,17.00,100243.00,0.00,0,0,0,0,,,-1.00,-1.00,-1.00,-1.00,-1.00,-1.00
2022-12-02T03:49:11Z,"0002cc01000003e9","2250b43837fd3a52052c11151f61e72bc40c00000000000000ffffffffffffffffffffffff",3.64,,0.32,17,21.12,17.10,100249.00,12.00,0,0,0,0,,,-1.00,-1.00,-1.00,-1.00,-1.00,-1.00
2022-12-02T03:55:07Z,"0002cc01000003e9","2250b4399bfd3a52051711151a61e52bf5f000000000000000ffffffffffffffffffffffff",3.64,,0.32,17,21.10,17.17,100240.00,0.00,0,0,0,0,,,-1.00,-1.00,-1.00,-1.00,-1.00,-1.00
2022-12-02T04:01:03Z,"0002cc01000003e9","2250b43afffd3a52051f11151261e62c180800000000000000ffffffffffffffffffffffff",3.64,,0.32,17,21.07,17.22,100245.00,16.00,0,0,0,0,,,-1.00,-1.00,-1.00,-1.00,-1.00,-1.00
2022-12-02T04:06:59Z,"0002cc01000003e9","2250b43c63fd3a52051711150b61e42c3a0c80000000000000ffffffffffffffffffffffff",3.64,,0.32,17,21.04,17.28,100236.00,25.00,0,0,0,0,,,-1.00,-1.00,-1.00,-1.00,-1.00,-1.00
2022-12-02T04:12:55Z,"0002cc01000003e9","2250b43dc7fd3a52052311150861e22c5d0c00000000000000ffffffffffffffffffffffff",3.64,,0.32,17,21.03,17.33,100229.00,3.00,0,0,0,0,,,-1.00,-1.00,-1.00,-1.00,-1.00,-1.00
2022-12-02T04:18:51Z,"0002cc01000003e9","2250b43f2bfd3a5205231114fe61de2c780a00000000000000ffffffffffffffffffffffff",3.64,,0.32,17,20.99,17.37,100215.00,10.00,0,0,0,0,,,-1.00,-1.00,-1.00,-1.00,-1.00,-1.00
2022-12-02T04:24:47Z,"0002cc01000003e9","2250b4408ffd3a4a05171114f961db2c9bf000000000000000ffffffffffffffffffffffff",3.64,,0.32,17,20.97,17.42,100201.00,0.00,0,0,0,0,,,-1.00,-1.00,-1.00,-1.00,-1.00,-1.00
2022-12-02T04:30:43Z,"0002cc01000003e9","2250b441f3fd3a5205171114f661dc2cb70e00000000000000ffffffffffffffffffffffff",3.64,,0.32,17,20.96,17.47,100204.00,7.00,0,0,0,0,,,-1.00,-1.00,-1.00,-1.00,-1.00,-1.00
2022-12-02T04:36:39Z,"0002cc01000003e9","2250b44357fd3a4a05171114f461db2cd3f000000000000000ffffffffffffffffffffffff",3.64,,0.32,17,20.95,17.51,100200.00,0.00,0,0,0,0,,,-1.00,-1.00,-1.00,-1.00,-1.00,-1.00
2022-12-02T04:42:35Z,"0002cc01000003e9","2250b444bbfd3a5205231114f161db2ce00c00000000000000ffffffffffffffffffffffff",3.64,,0.32,17,20.94,17.53,100203.00,12.00,0,0,0,0,,,-1.00,-1.00,-1.00,-1.00,-1.00,-1.00
2022-12-02T04:48:31Z,"0002cc01000003e9","2250b4461ffd3a5205231114ef61dc2ce00900000000000000ffffffffffffffffffffffff",3.64,,0.32,17,20.93,17.53,100206.00,9.00,0,0,0,0,,,-1.00,-1.00,-1.00,-1.00,-1.00,-1.00
2022-12-02T04:54:27Z,"0002cc01000003e9","2250b44783fd3a4a05231114e961da2cee0900000000000000ffffffffffffffffffffffff",3.64,,0.32,17,20.91,17.55,100198.00,18.00,0,0,0,0,,,-1.00,-1.00,-1.00,-1.00,-1.00,-1.00
2022-12-02T05:00:23Z,"0002cc01000003e9","2250b448e7fd3a5205171114e761d82cf40800000000000000ffffffffffffffffffffffff",3.64,,0.32,17,20.90,17.56,100190.00,1.00,0,0,0,0,,,-1.00,-1.00,-1.00,-1.00,-1.00,-1.00
2022-12-02T05:06:19Z,"0002cc01000003e9","2250b44a4bfd3a5205171114e461db2d020d00000000000000ffffffffffffffffffffffff",3.64,,0.32,17,20.89,17.58,100200.00,13.00,0,0,0,0,,,-1.00,-1.00,-1.00,-1.00,-1.00,-1.00
2022-12-02T05:12:15Z,"0002cc01000003e9","2250b44baffd3a5205231114e261d92d100f00000000000000ffffffffffffffffffffffff",3.64,,0.32,17,20.88,17.60,100195.00,15.00,0,0,0,0,,,-1.00,-1.00,-1.00,-1.00,-1.00,-1.00
2022-12-02T05:18:11Z,"0002cc01000003e9","2250b44d13fd3a5205171114df61d62d1e0800000000000000ffffffffffffffffffffffff",3.64,,0.32,17,20.87,17.62,100183.00,1.00,0,0,0,0,,,-1.00,-1.00,-1.00,-1.00,-1.00,-1.00
2022-12-02T05:24:07Z,"0002cc01000003e9","2250b44e77fd3a5205231114d861d42d2bf000000000000000ffffffffffffffffffffffff",3.64,,0.32,17,20.84,17.64,100172.00,0.00,0,0,0,0,,,-1.00,-1.00,-1.00,-1.00,-1.00,-1.00
2022-12-02T05:30:03Z,"0002cc01000003e9","2250b44fdbfd3a5205231114d561da2d2bf000000000000000ffffffffffffffffffffffff",3.64,,0.32,17,20.83,17.64,100196.00,0.00,0,0,0,0,,,-1.00,-1.00,-1.00,-1.00,-1.00,-1.00
2022-12-02T05:35:59Z,"0002cc01000003e9","2250b4513ffd3a52051f1114cd61d82d2a0980000000000000ffffffffffffffffffffffff",3.64,,0.32,17,20.80,17.64,100188.00,19.00,0,0,0,0,,,-1.00,-1.00,-1.00,-1.00,-1.00,-1.00
2022-12-02T05:41:55Z,"0002cc01000003e9","2250b452a3fd3a5205231114cd61d32d38f000000000000000ffffffffffffffffffffffff",3.64,,0.32,17,20.80,17.66,100171.00,0.00,0,0,0,0,,,-1.00,-1.00,-1.00,-1.00,-1.00,-1.00
2022-12-02T05:47:52Z,"0002cc01000003e9","2250b45408fd3a4a05231114cd61d22d3f0980000000000000ffffffffffffffffffffffff",3.64,,0.32,17,20.80,17.67,100166.00,19.00,0,0,0,0,,,-1.00,-1.00,-1.00,-1.00,-1.00,-1.00
2022-12-02T05:53:48Z,"0002cc01000003e9","2250b4556cfd3a5205231114cd61d02d540800000000000000ffffffffffffffffffffffff",3.64,,0.32,17,20.80,17.71,100158.00,2.00,0,0,0,0,,,-1.00,-1.00,-1.00,-1.00,-1.00,-1.00
2022-12-02T05:59:44Z,"0002cc01000003e9","2250b456d0fd3a5205231114cb61cc2d69f000000000000000ffffffffffffffffffffffff",3.64,,0.32,17,20.79,17.74,100143.00,0.00,0,0,0,0,,,-1.00,-1.00,-1.00,-1.00,-1.00,-1.00
2022-12-02T06:05:40Z,"0002cc01000003e9","2250b45834fd3a4a05231114c661d02d850800000000000000ffffffffffffffffffffffff",3.64,,0.32,17,20.77,17.78,100156.00,4.00,0,0,0,0,,,-1.00,-1.00,-1.00,-1.00,-1.00,-1.00
2022-12-02T06:11:36Z,"0002cc01000003e9","2250b45998fd3a5205231114c361cc2da0f000000000000000ffffffffffffffffffffffff",3.64,,0.32,17,20.76,17.82,100143.00,0.00,0,0,0,0,,,-1.00,-1.00,-1.00,-1.00,-1.00,-1.00
2022-12-02T06:17:32Z,"0002cc01000003e9","2250b45afcfd3a4e051f1114be61c92dbd0c00000000000000ffffffffffffffffffffffff",3.64,,0.32,17,20.74,17.87,100130.00,6.00,0,0,0,0,,,-1.00,-1.00,-1.00,-1.00,-1.00,-1.00
2022-12-02T06:23:28Z,"0002cc01000003e9","2250b45c60fd3a5205231114bb61c72dd10800000000000000ffffffffffffffffffffffff",3.64,,0.32,17,20.73,17.90,100123.00,1.00,0,0,0,0,,,-1.00,-1.00,-1.00,-1.00,-1.00,-1.00
2022-12-02T06:29:24Z,"0002cc01000003e9","2250b45dc4fd3a5205231114b661c22ddf0d00000000000000ffffffffffffffffffffffff",3.64,,0.32,17,20.71,17.92,100102.00,13.00,0,0,0,0,,,-1.00,-1.00,-1.00,-1.00,-1.00,-1.00
2022-12-02T06:35:20Z,"0002cc01000003e9","2250b45f28fd3a4e05231114b461bf2dfbf000000000000000ffffffffffffffffffffffff",3.64,,0.32,17,20.70,17.96,100091.00,0.00,0,0,0,0,,,-1.00,-1.00,-1.00,-1.00,-1.00,-1.00
2022-12-02T06:41:16Z,"0002cc01000003e9","2250b4608cfd3a4e05231114b161c22e09f000000000000000ffffffffffffffffffffffff",3.64,,0.32,17,20.69,17.98,100103.00,0.00,0,0,0,0,,,-1.00,-1.00,-1.00,-1.00,-1.00,-1.00
2022-12-02T06:47:12Z,"0002cc01000003e9","2250b461f0fd3a5205171114af61c02e16f000000000000000ffffffffffffffffffffffff",3.64,,0.32,17,20.68,18.00,100094.00,0.00,0,0,0,0,,,-1.00,-1.00,-1.00,-1.00,-1.00,-1.00
2022-12-02T06:53:08Z,"0002cc01000003e9","2250b46354fd3a5205231114ac61bc2e1df000000000000000ffffffffffffffffffffffff",3.64,,0.32,17,20.67,18.01,100078.00,0.00,0,0,0,0,,,-1.00,-1.00,-1.00,-1.00,-1.00,-1.00
2022-12-02T06:59:04Z,"0002cc01000003e9","2250b464b8fd3a4a05171114ac61b82e1d0c00000000000000ffffffffffffffffffffffff",3.64,,0.32,17,20.67,18.01,100061.00,12.00,0,0,0,0,,,-1.00,-1.00,-1.00,-1.00,-1.00,-1.00
2022-12-02T07:05:00Z,"0002cc01000003e9","2250b4661cfd3a4e05231114ac61b92e24f000000000000000ffffffffffffffffffffffff",3.64,,0.32,17,20.67,18.02,100065.00,0.00,0,0,0,0,,,-1.00,-1.00,-1.00,-1.00,-1.00,-1.00
2022-12-02T07:10:56Z,"0002cc01000003e9","2250b46780fd3a5205231114a961ba2e320b00000000000000ffffffffffffffffffffffff",3.64,,0.32,17,20.66,18.04,100069.00,11.00,0,0,0,0,,,-1.00,-1.00,-1.00,-1.00,-1.00,-1.00
2022-12-02T07:16:52Z,"0002cc01000003e9","2250b468e4fd3a5205231114a461b52e2af000000000000000ffffffffffffffffffffffff",3.64,,0.32,17,20.64,18.03,100050.00,0.00,0,0,0,0,,,-1.00,-1.00,-1.00,-1.00,-1.00,-1.00
2022-12-02T07:22:48Z,"0002cc01000003e9","2250b46a48fd3a5205231114a261b12e3ff000000000000000ffffffffffffffffffffffff",3.64,,0.32,17,20.63,18.07,100034.00,0.00,0,0,0,0,,,-1.00,-1.00,-1.00,-1.00,-1.00,-1.00
2022-12-02T07:28:44Z,"0002cc01000003e9","2250b46bacfd3a52052311149f61ae2e460d80000000000000ffffffffffffffffffffffff",3.64,,0.32,17,20.62,18.08,100020.00,27.00,0,0,0,0,,,-1.00,-1.00,-1.00,-1.00,-1.00,-1.00
2022-12-02T07:34:40Z,"0002cc01000003e9","2250b46d10fd3a52052311149d61ac2e460a00000000000000ffffffffffffffffffffffff",3.64,,0.32,17,20.61,18.08,100014.00,5.00,0,0,0,0,,,-1.00,-1.00,-1.00,-1.00,-1.00,-1.00
2022-12-02T07:40:37Z,"0002cc01000003e9","2250b46e75fd3a52052311149a61ab2e4cf000000000000000ffffffffffffffffffffffff",3.64,,0.32,17,20.60,18.08,100008.00,0.00,0,0,0,0,,,-1.00,-1.00,-1.00,-1.00,-1.00,-1.00
2022-12-02T07:46:32Z,"0002cc01000003e9","2250b46fd8fd3a52051f11149a61ab2e460a00000000000000ffffffffffffffffffffffff",3.64,,0.32,17,20.60,18.08,100010.00,10.00,0,0,0,0,,,-1.00,-1.00,-1.00,-1.00,-1.00,-1.00
2022-12-02T07:52:29Z,"0002cc01000003e9","2250b4713dfd3a4e052311149d61a42e3ff000000000000000ffffffffffffffffffffffff",3.64,,0.32,17,20.61,18.06,99980.00,0.00,0,0,0,0,,,-1.00,-1.00,-1.00,-1.00,-1.00,-1.00
2022-12-02T07:58:25Z,"0002cc01000003e9","2250b472a1fd3a4e052311149a61a72e3ff000000000000000ffffffffffffffffffffffff",3.64,,0.32,17,20.60,18.06,99992.00,0.00,0,0,0,0,,,-1.00,-1.00,-1.00,-1.00,-1.00,-1.00
2022-12-02T08:04:21Z,"0002cc01000003e9","2250b47405fd3a4e052311149861a62e37f000000000000000ffffffffffffffffffffffff",3.64,,0.32,17,20.59,18.05,99988.00,0.00,0,0,0,0,,,-1.00,-1.00,-1.00,-1.00,-1.00,-1.00
2022-12-02T08:10:17Z,"0002cc01000003e9","2250b47569fd3a52052311149561a52e45f000000000000000ffffffffffffffffffffffff",3.64,,0.32,17,20.58,18.07,99986.00,0.00,0,0,0,0,,,-1.00,-1.00,-1.00,-1.00,-1.00,-1.00
2022-12-02T08:16:13Z,"0002cc01000003e9","2250b476cdfd3a52052311149261a12e520e00000000000000ffffffffffffffffffffffff",3.64,,0.32,17,20.57,18.09,99971.00,14.00,0,0,0,0,,,-1.00,-1.00,-1.00,-1.00,-1.00,-1.00
2022-12-02T08:22:09Z,"0002cc01000003e9","2250b47831fd3a4e051711149061a12e59f000000000000000ffffffffffffffffffffffff",3.64,,0.32,17,20.56,18.11,99968.00,0.00,0,0,0,0,,,-1.00,-1.00,-1.00,-1.00,-1.00,-1.00
2022-12-02T08:28:05Z,"0002cc01000003e9","2250b47995fd3a52052311148d61a22e600880000000000000ffffffffffffffffffffffff",3.64,,0.32,17,20.55,18.12,99975.00,17.00,0,0,0,0,,,-1.00,-1.00,-1.00,-1.00,-1.00,-1.00
2022-12-02T08:34:01Z,"0002cc01000003e9","2250b47af9fd3a520523111488619e2e590900000000000000ffffffffffffffffffffffff",3.64,,0.32,17,20.53,18.10,99959.00,9.00,0,0,0,0,,,-1.00,-1.00,-1.00,-1.00,-1.00,-1.00
2022-12-02T08:39:57Z,"0002cc01000003e9","2250b47c5dfd3a42051711148661a02e660900000000000000ffffffffffffffffffffffff",3.64,,0.32,17,20.52,18.12,99967.00,36.00,0,0,0,0,,,-1.00,-1.00,-1.00,-1.00,-1.00,-1.00
2022-12-02T08:45:53Z,"0002cc01000003e9","2250b47dc1fd3a4e0523111486619c2e660980000000000000ffffffffffffffffffffffff",3.64,,0.32,17,20.52,18.12,99951.00,19.00,0,0,0,0,,,-1.00,-1.00,-1.00,-1.00,-1.00,-1.00
2022-12-02T08:51:49Z,"0002cc01000003e9","2250b47f25fd3a4e052311148161982e66f000000000000000ffffffffffffffffffffffff",3.64,,0.32,17,20.50,18.12,99934.00,0.00,0,0,0,0,,,-1.00,-1.00,-1.00,-1.00,-1.00,-1.00
2022-12-02T08:57:45Z,"0002cc01000003e9","2250b48089fd3a42051711147e61972e6d0980000000000000ffffffffffffffffffffffff",3.64,,0.32,17,20.49,18.13,99930.00,19.00,0,0,0,0,,,-1.00,-1.00,-1.00,-1.00,-1.00,-1.00
2022-12-02T09:03:41Z,"0002cc01000003e9","2250b481edfd3a4a052311147b61992e740f00000000000000ffffffffffffffffffffffff",3.64,,0.32,17,20.48,18.15,99937.00,15.00,0,0,0,0,,,-1.00,-1.00,-1.00,-1.00,-1.00,-1.00
2022-12-02T09:09:37Z,"0002cc01000003e9","2250b48351fd3a42051711147961942e660d00000000000000ffffffffffffffffffffffff",3.64,,0.32,17,20.47,18.12,99919.00,26.00,0,0,0,0,,,-1.00,-1.00,-1.00,-1.00,-1.00,-1.00
2022-12-02T09:15:33Z,"0002cc01000003e9","2250b484b5fd3a52052311147961902e650e00000000000000ffffffffffffffffffffffff",3.64,,0.32,17,20.47,18.12,99902.00,7.00,0,0,0,0,,,-1.00,-1.00,-1.00,-1.00,-1.00,-1.00
2022-12-02T09:21:29Z,"0002cc01000003e9","2250b48619fd3a52052311147961912e570980000000000000ffffffffffffffffffffffff",3.64,,0.32,17,20.47,18.10,99904.00,19.00,0,0,0,0,,,-1.00,-1.00,-1.00,-1.00,-1.00,-1.00
2022-12-02T09:27:25Z,"0002cc01000003e9","2250b4877dfd3a4e052c111479618e2e49f000000000000000ffffffffffffffffffffffff",3.64,,0.32,17,20.47,18.08,99894.00,0.00,0,0,0,0,,,-1.00,-1.00,-1.00,-1.00,-1.00,-1.00
2022-12-02T09:33:21Z,"0002cc01000003e9","2250b488e1fd3a4e052311147661892e490e00000000000000ffffffffffffffffffffffff",3.64,,0.32,17,20.46,18.08,99873.00,14.00,0,0,0,0,,,-1.00,-1.00,-1.00,-1.00,-1.00,-1.00
2022-12-02T09:39:17Z,"0002cc01000003e9","2250b48a45fd3a4e052311147661842e420b00000000000000ffffffffffffffffffffffff",3.64,,0.32,17,20.46,18.07,99855.00,22.00,0,0,0,0,,,-1.00,-1.00,-1.00,-1.00,-1.00,-1.00
2022-12-02T09:45:14Z,"0002cc01000003e9","2250b48baafd3a4e052311147461842e330900000000000000ffffffffffffffffffffffff",3.64,,0.32,17,20.45,18.05,99853.00,9.00,0,0,0,0,,,-1.00,-1.00,-1.00,-1.00,-1.00,-1.00
2022-12-02T09:51:10Z,"0002cc01000003e9","2250b48d0efd3a4e052311147461832e250800000000000000ffffffffffffffffffffffff",3.64,,0.32,17,20.45,18.03,99848.00,2.00,0,0,0,0,,,-1.00,-1.00,-1.00,-1.00,-1.00,-1.00
2022-12-02T09:57:06Z,"0002cc01000003e9","2250b48e72fd3a520523111471617d2e090f00000000000000ffffffffffffffffffffffff",3.64,,0.32,17,20.44,17.98,99827.00,15.00,0,0,0,0,,,-1.00,-1.00,-1.00,-1.00,-1.00,-1.00
2022-12-02T10:03:02Z,"0002cc01000003e9","2250b48fd6fd3a42052311147161802df40a00000000000000ffffffffffffffffffffffff",3.64,,0.32,17,20.44,17.95,99837.00,20.00,0,0,0,0,,,-1.00,-1.00,-1.00,-1.00,-1.00,-1.00
2022-12-02T10:08:58Z,"0002cc01000003e9","2250b4913afd3a4e0523111471617f2dd00b00000000000000ffffffffffffffffffffffff",3.64,,0.32,17,20.44,17.90,99835.00,11.00,0,0,0,0,,,-1.00,-1.00,-1.00,-1.00,-1.00,-1.00
2022-12-02T10:14:54Z,"0002cc01000003e9","2250b4929efd3a4e051711146f61802dadf000000000000000ffffffffffffffffffffffff",3.64,,0.32,17,20.43,17.84,99838.00,0.00,0,0,0,0,,,-1.00,-1.00,-1.00,-1.00,-1.00,-1.00
2022-12-02T10:20:50Z,"0002cc01000003e9","2250b49402fd3a42052311146f61802d8a0f00000000000000ffffffffffffffffffffffff",3.64,,0.32,17,20.43,17.79,99838.00,15.00,0,0,0,0,,,-1.00,-1.00,-1.00,-1.00,-1.00,-1.00
2022-12-02T10:26:46Z,"0002cc01000003e9","2250b49566fd3a4a052311146c617c2d660800000000000000ffffffffffffffffffffffff",3.64,,0.32,17,20.42,17.73,99820.00,4.00,0,0,0,0,,,-1.00,-1.00,-1.00,-1.00,-1.00,-1.00
2022-12-02T10:32:42Z,"0002cc01000003e9","2250b496cafd3a4a052311146c61812d5ff000000000000000ffffffffffffffffffffffff",3.64,,0.32,17,20.42,17.72,99841.00,0.00,0,0,0,0,,,-1.00,-1.00,-1.00,-1.00,-1.00,-1.00
2022-12-02T10:38:38Z,"0002cc01000003e9","2250b4982efd3a42051711146961812d4a0a00000000000000ffffffffffffffffffffffff",3.64,,0.32,17,20.41,17.69,99840.00,20.00,0,0,0,0,,,-1.00,-1.00,-1.00,-1.00,-1.00,-1.00
2022-12-02T10:44:34Z,"0002cc01000003e9","2250b49992fd3a4e0523111469617e2d4af000000000000000ffffffffffffffffffffffff",3.64,,0.32,17,20.41,17.69,99831.00,0.00,0,0,0,0,,,-1.00,-1.00,-1.00,-1.00,-1.00,-1.00
2022-12-02T10:50:30Z,"0002cc01000003e9","2250b49af6fd3a4e0523111469617d2d580e00000000000000ffffffffffffffffffffffff",3.64,,0.32,17,20.41,17.71,99824.00,7.00,0,0,0,0,,,-1.00,-1.00,-1.00,-1.00,-1.00,-1.00
2022-12-02T10:56:26Z,"0002cc01000003e9","2250b49c5afd3a4e051f111469617a2d6df000000000000000ffffffffffffffffffffffff",3.64,,0.32,17,20.41,17.75,99815.00,0.00,0,0,0,0,,,-1.00,-1.00,-1.00,-1.00,-1.00,-1.00
2022-12-02T11:02:22Z,"0002cc01000003e9","2250b49dbefd3a4e0523111464617b2d90f000000000000000ffffffffffffffffffffffff",3.64,,0.32,17,20.39,17.80,99816.00,0.00,0,0,0,0,,,-1.00,-1.00,-1.00,-1.00,-1.00,-1.00
2022-12-02T11:08:18Z,"0002cc01000003e9","2250b49f22fd3a4e0523111464617a2dacf000000000000000ffffffffffffffffffffffff",3.64,,0.32,17,20.39,17.84,99814.00,0.00,0,0,0,0,,,-1.00,-1.00,-1.00,-1.00,-1.00,-1.00
2022-12-02T11:14:14Z,"0002cc01000003e9","2250b4a086fd3a4e0523111464617a2dc8f000000000000000ffffffffffffffffffffffff",3.64,,0.32,17,20.39,17.88,99814.00,0.00,0,0,0,0,,,-1.00,-1.00,-1.00,-1.00,-1.00,-1.00
2022-12-02T11:20:10Z,"0002cc01000003e9","2250b4a1eafd3a4a052311146461742de40f00000000000000ffffffffffffffffffffffff",3.64,,0.32,17,20.39,17.93,99790.00,15.00,0,0,0,0,,,-1.00,-1.00,-1.00,-1.00,-1.00,-1.00
2022-12-02T11:26:06Z,"0002cc01000003e9","2250b4a34efd3a4e051f11146461772df9f000000000000000ffffffffffffffffffffffff",3.64,,0.32,17,20.39,17.96,99801.00,0.00,0,0,0,0,,,-1.00,-1.00,-1.00,-1.00,-1.00,-1.00
2022-12-02T11:32:02Z,"0002cc01000003e9","2250b4a4b2fd3a4e052311146461742e16f000000000000000ffffffffffffffffffffffff",3.64,,0.32,17,20.39,18.00,99789.00,0.00,0,0,0,0,,,-1.00,-1.00,-1.00,-1.00,-1.00,-1.00
2022-12-02T11:37:58Z,"0002cc01000003e9","2250b4a616fd3a42052311146c61732e2bf000000000000000ffffffffffffffffffffffff",3.64,,0.32,17,20.42,18.04,99785.00,0.00,0,0,0,0,,,-1.00,-1.00,-1.00,-1.00,-1.00,-1.00
2022-12-02T11:43:54Z,"0002cc01000003e9","2250b4a77afd3a4e0523111476616f2e2d0c00000000000000ffffffffffffffffffffffff",3.64,,0.32,17,20.46,18.04,99769.00,12.00,0,0,0,0,,,-1.00,-1.00,-1.00,-1.00,-1.00,-1.00
2022-12-02T11:49:51Z,"0002cc01000003e9","2250b4a8dffd3a4e0523111483616e2e2e0c00000000000000ffffffffffffffffffffffff",3.64,,0.32,17,20.51,18.04,99767.00,3.00,0,0,0,0,,,-1.00,-1.00,-1.00,-1.00,-1.00,-1.00
2022-12-02T11:55:47Z,"0002cc01000003e9","2250b4aa43fd3a420523111490616b2e360d00000000000000ffffffffffffffffffffffff",3.64,,0.32,17,20.56,18.05,99752.00,26.00,0,0,0,0,,,-1.00,-1.00,-1.00,-1.00,-1.00,-1.00
2022-12-02T12:01:43Z,"0002cc01000003e9","2250b4aba7fd3a4e052311149861692e220d00000000000000ffffffffffffffffffffffff",3.64,,0.32,17,20.59,18.02,99747.00,13.00,0,0,0,0,,,-1.00,-1.00,-1.00,-1.00,-1.00,-1.00
2022-12-02T12:07:39Z,"0002cc01000003e9","2250b4ad0bfd3a4e051711149f61672e14f000000000000000ffffffffffffffffffffffff",3.64,,0.32,17,20.62,18.00,99738.00,0.00,0,0,0,0,,,-1.00,-1.00,-1.00,-1.00,-1.00,-1.00
2022-12-02T12:13:35Z,"0002cc01000003e9","2250b4ae6ffd3a4e052311149f61682df2f000000000000000ffffffffffffffffffffffff",3.64,,0.32,17,20.62,17.95,99740.00,0.00,0,0,0,0,,,-1.00,-1.00,-1.00,-1.00,-1.00,-1.00
2022-12-02T12:19:31Z,"0002cc01000003e9","2250b4afd3fd3a4e051711149d61672de30980000000000000ffffffffffffffffffffffff",3.64,,0.32,17,20.61,17.92,99739.00,19.00,0,0,0,0,,,-1.00,-1.00,-1.00,-1.00,-1.00,-1.00
2022-12-02T12:25:27Z,"0002cc01000003e9","2250b4b137fd3a42052311149f61692ddc0c00000000000000ffffffffffffffffffffffff",3.64,,0.32,17,20.62,17.91,99746.00,3.00,0,0,0,0,,,-1.00,-1.00,-1.00,-1.00,-1.00,-1.00
2022-12-02T12:31:23Z,"0002cc01000003e9","2250b4b29bfd3a4e05231114a261682dd60c00000000000000ffffffffffffffffffffffff",3.64,,0.32,17,20.63,17.90,99742.00,3.00,0,0,0,0,,,-1.00,-1.00,-1.00,-1.00,-1.00,-1.00
2022-12-02T12:37:19Z,"0002cc01000003e9","2250b4b3fffd3a4e052311149f61652dcf0b00000000000000ffffffffffffffffffffffff",3.64,,0.32,17,20.62,17.89,99729.00,11.00,0,0,0,0,,,-1.00,-1.00,-1.00,-1.00,-1.00,-1.00
2022-12-02T12:43:15Z,"0002cc01000003e9","2250b4b563fd3a42051f11149f61622dcff000000000000000ffffffffffffffffffffffff",3.64,,0.32,17,20.62,17.89,99716.00,0.00,0,0,0,0,,,-1.00,-1.00,-1.00,-1.00,-1.00,-1.00
2022-12-02T12:49:11Z,"0002cc01000003e9","2250b4b6c7fd3a4e052311149d615e2dce0a00000000000000ffffffffffffffffffffffff",3.64,,0.32,17,20.61,17.89,99703.00,10.00,0,0,0,0,,,-1.00,-1.00,-1.00,-1.00,-1.00,-1.00
2022-12-02T12:55:07Z,"0002cc01000003e9","2250b4b82bfd3a4a052311149a615e2ddc0800000000000000ffffffffffffffffffffffff",3.64,,0.32,17,20.60,17.91,99701.00,2.00,0,0,0,0,,,-1.00,-1.00,-1.00,-1.00,-1.00,-1.00
2022-12-02T13:01:03Z,"0002cc01000003e9","2250b4b98ffd3a4e051f111498615e2dfff000000000000000ffffffffffffffffffffffff",3.64,,0.32,17,20.59,17.97,99701.00,0.00,0,0,0,0,,,-1.00,-1.00,-1.00,-1.00,-1.00,-1.00
2022-12-02T13:06:59Z,"0002cc01000003e9","2250b4baf3fd3a4e0523111495615c2e220b00000000000000ffffffffffffffffffffffff",3.64,,0.32,17,20.58,18.02,99695.00,22.00,0,0,0,0,,,-1.00,-1.00,-1.00,-1.00,-1.00,-1.00
2022-12-02T13:12:55Z,"0002cc01000003e9","2250b4bc57fd3a4a052311149261592e450900000000000000ffffffffffffffffffffffff",3.64,,0.32,17,20.57,18.07,99680.00,9.00,0,0,0,0,,,-1.00,-1.00,-1.00,-1.00,-1.00,-1.00
2022-12-02T13:18:51Z,"0002cc01000003e9","2250b4bdbbfd3a4e051711149561582e76f000000000000000ffffffffffffffffffffffff",3.64,,0.32,17,20.58,18.15,99679.00,0.00,0,0,0,0,,,-1.00,-1.00,-1.00,-1.00,-1.00,-1.00
2022-12-02T13:24:47Z,"0002cc01000003e9","2250b4bf1ffd3a42052311149261542eae0800000000000000ffffffffffffffffffffffff",3.64,,0.32,17,20.57,18.23,99663.00,1.00,0,0,0,0,,,-1.00,-1.00,-1.00,-1.00,-1.00,-1.00
2022-12-02T13:30:43Z,"0002cc01000003e9","2250b4c083fd3a4e052311149561522edf0c00000000000000ffffffffffffffffffffffff",3.64,,0.32,17,20.58,18.31,99655.00,3.00,0,0,0,0,,,-1.00,-1.00,-1.00,-1.00,-1.00,-1.00
2022-12-02T13:36:39Z,"0002cc01000003e9","2250b4c1e7fd3a4e052311149861522f1f0c00000000000000ffffffffffffffffffffffff",3.64,,0.32,17,20.59,18.41,99653.00,24.00,0,0,0,0,,,-1.00,-1.00,-1.00,-1.00,-1.00,-1.00
2022-12-02T13:42:35Z,"0002cc01000003e9","2250b4c34bfd3a4e052311149a614f2f500800000000000000ffffffffffffffffffffffff",3.64,,0.32,17,20.60,18.48,99643.00,4.00,0,0,0,0,,,-1.00,-1.00,-1.00,-1.00,-1.00,-1.00
2022-12-02T13:48:31Z,"0002cc01000003e9","2250b4c4affd3a4e052311149d614c2f890a80000000000000ffffffffffffffffffffffff",3.64,,0.32,17,20.61,18.57,99630.00,21.00,0,0,0,0,,,-1.00,-1.00,-1.00,-1.00,-1.00,-1.00
2022-12-02T13:54:27Z,"0002cc01000003e9","2250b4c613fd3a4e051f11149d614b2fd6f000000000000000ffffffffffffffffffffffff",3.64,,0.32,17,20.61,18.69,99626.00,0.00,0,0,0,0,,,-1.00,-1.00,-1.00,-1.00,-1.00,-1.00
2022-12-02T14:00:23Z,"0002cc01000003e9","2250b4c777fd3a4e052311149d614c301d0980000000000000ffffffffffffffffffffffff",3.64,,0.32,17,20.61,18.79,99628.00,19.00,0,0,0,0,,,-1.00,-1.00,-1.00,-1.00,-1.00,-1.00
2022-12-02T14:06:20Z,"0002cc01000003e9","2250b4c8dcfd3a42052311149d614a306a0d00000000000000ffffffffffffffffffffffff",3.64,,0.32,17,20.61,18.91,99622.00,26.00,0,0,0,0,,,-1.00,-1.00,-1.00,-1.00,-1.00,-1.00
2022-12-02T14:12:16Z,"0002cc01000003e9","2250b4ca40fd3a4e052c11149d614930b70b80000000000000ffffffffffffffffffffffff",3.64,,0.32,17,20.61,19.03,99618.00,23.00,0,0,0,0,,,-1.00,-1.00,-1.00,-1.00,-1.00,-1.00
2022-12-02T14:18:12Z,"0002cc01000003e9","2250b4cba4fd3a42051711149d614330fe0880000000000000ffffffffffffffffffffffff",3.64,,0.32,17,20.61,19.14,99595.00,17.00,0,0,0,0,,,-1.00,-1.00,-1.00,-1.00,-1.00,-1.00
2022-12-02T14:24:08Z,"0002cc01000003e9","2250b4cd08fd3a4e052311149d6143315208a0000000000000ffffffffffffffffffffffff",3.64,,0.32,17,20.61,19.27,99594.00,69.00,0,0,0,0,,,-1.00,-1.00,-1.00,-1.00,-1.00,-1.00
2022-12-02T14:30:04Z,"0002cc01000003e9","2250b4ce6cfd3a42051711149f614531a00f00000000000000ffffffffffffffffffffffff",3.64,,0.32,17,20.62,19.38,99600.00,60.00,0,0,0,0,,,-1.00,-1.00,-1.00,-1.00,-1.00,-1.00
2022-12-02T14:36:00Z,"0002cc01000003e9","2250b4cfd0fd3a42052311149f614131df0880000000000000ffffffffffffffffffffffff",3.64,,0.32,17,20.62,19.48,99585.00,34.00,0,0,0,0,,,-1.00,-1.00,-1.00,-1.00,-1.00,-1.00
2022-12-02T14:41:56Z,"0002cc01000003e9","2250b4d134fd3a4a052311149f6141321709e0000000000000ffffffffffffffffffffffff",3.64,,0.32,17,20.62,19.57,99585.00,79.00,0,0,0,0,,,-1.00,-1.00,-1.00,-1.00,-1.00,-1.00
2022-12-02T14:47:52Z,"0002cc01000003e9","2250b4d298fd3a4e052311149f613c32410a40000000000000ffffffffffffffffffffffff",3.64,,0.32,17,20.62,19.63,99565.00,41.00,0,0,0,0,,,-1.00,-1.00,-1.00,-1.00,-1.00,-1.00
2022-12-02T14:53:48Z,"0002cc01000003e9","2250b4d3fcfd3a4e052311149d613c32960800000000000000ffffffffffffffffffffffff",3.64,,0.32,17,20.61,19.76,99566.00,32.00,0,0,0,0,,,-1.00,-1.00,-1.00,-1.00,-1.00,-1.00
2022-12-02T14:59:44Z,"0002cc01000003e9","2250b4d560fd3a42052311149f613b32d50b80000000000000ffffffffffffffffffffffff",3.64,,0.32,17,20.62,19.86,99562.00,46.00,0,0,0,0,,,-1.00,-1.00,-1.00,-1.00,-1.00,-1.00
2022-12-02T15:05:40Z,"0002cc01000003e9","2250b4d6c4fd3a4e05231114a4613c330e0a80000000000000ffffffffffffffffffffffff",3.64,,0.32,17,20.64,19.94,99564.00,42.00,0,0,0,0,,,-1.00,-1.00,-1.00,-1.00,-1.00,-1.00
2022-12-02T15:11:36Z,"0002cc01000003e9","2250b4d828fd3a4e05231114a4613d33380b00000000000000ffffffffffffffffffffffff",3.64,,0.32,17,20.64,20.01,99568.00,44.00,0,0,0,0,,,-1.00,-1.00,-1.00,-1.00,-1.00,-1.00
2022-12-02T15:17:32Z,"0002cc01000003e9","2250b4d98cfd3a4e051f1114a96139335c0a40000000000000ffffffffffffffffffffffff",3.64,,0.32,17,20.66,20.06,99552.00,41.00,0,0,0,0,,,-1.00,-1.00,-1.00,-1.00,-1.00,-1.00
2022-12-02T15:23:28Z,"0002cc01000003e9","2250b4daf0fd3a4e05171114a9613133a90a80000000000000ffffffffffffffffffffffff",3.64,,0.32,17,20.66,20.18,99522.00,21.00,0,0,0,0,,,-1.00,-1.00,-1.00,-1.00,-1.00,-1.00
2022-12-02T15:29:24Z,"0002cc01000003e9","2250b4dc54fd3a4e05231114a9612f33f00880000000000000ffffffffffffffffffffffff",3.64,,0.32,17,20.66,20.29,99512.00,34.00,0,0,0,0,,,-1.00,-1.00,-1.00,-1.00,-1.00,-1.00
2022-12-02T15:35:20Z,"0002cc01000003e9","2250b4ddb8fd3a4e05231114a7612e34440b80000000000000ffffffffffffffffffffffff",3.64,,0.32,17,20.65,20.42,99509.00,23.00,0,0,0,0,,,-1.00,-1.00,-1.00,-1.00,-1.00,-1.00
2022-12-02T15:41:16Z,"0002cc01000003e9","2250b4df1cfd3a4e05231114a4612e34ad0c40000000000000ffffffffffffffffffffffff",3.64,,0.32,17,20.64,20.58,99508.00,49.00,0,0,0,0,,,-1.00,-1.00,-1.00,-1.00,-1.00,-1.00
2022-12-02T15:47:12Z,"0002cc01000003e9","2250b4e080fd3a4e052c1114a4612d35010d00000000000000ffffffffffffffffffffffff",3.64,,0.32,17,20.64,20.71,99505.00,26.00,0,0,0,0,,,-1.00,-1.00,-1.00,-1.00,-1.00,-1.00
2022-12-02T15:53:08Z,"0002cc01000003e9","2250b4e1e4fd3a4e05231114a7612c35320900000000000000ffffffffffffffffffffffff",3.64,,0.32,17,20.65,20.78,99500.00,9.00,0,0,0,0,,,-1.00,-1.00,-1.00,-1.00,-1.00,-1.00
2022-12-02T15:59:04Z,"0002cc01000003e9","2250b4e348fd3a42052c1114af612635490f70000000000000ffffffffffffffffffffffff",3.64,,0.32,17,20.68,20.81,99479.00,247.00,0,0,0,0,,,-1.00,-1.00,-1.00,-1.00,-1.00,-1.00
2022-12-02T16:05:01Z,"0002cc01000003e9","2250b4e4adfd3a4e05171114c36122354408a8000000000000ffffffffffffffffffffffff",3.64,,0.32,17,20.76,20.81,99460.00,277.00,0,0,0,0,,,-1.00,-1.00,-1.00,-1.00,-1.00,-1.00
2022-12-02T16:10:57Z,"0002cc01000003e9","2250b4e611fd3a4605231114d06121353e08f0000000000000ffffffffffffffffffffffff",3.64,,0.32,17,20.81,20.80,99456.00,286.00,0,0,0,0,,,-1.00,-1.00,-1.00,-1.00,-1.00,-1.00
2022-12-02T16:16:53Z,"0002cc01000003e9","2250b4e775fd3a4e05171114da611f35550980000000000000ffffffffffffffffffffffff",3.64,,0.32,17,20.85,20.83,99451.00,304.00,0,0,0,0,,,-1.00,-1.00,-1.00,-1.00,-1.00,-1.00
2022-12-02T16:22:49Z,"0002cc01000003e9","2250b4e8d9fd3a4e05231114e7612135480920000000000000ffffffffffffffffffffffff",3.64,,0.32,17,20.90,20.81,99456.00,292.00,0,0,0,0,,,-1.00,-1.00,-1.00,-1.00,-1.00,-1.00
2022-12-02T16:28:45Z,"0002cc01000003e9","2250b4ea3dfd3a4205231114ef612135660888000000000000ffffffffffffffffffffffff",3.64,,0.32,17,20.93,20.86,99456.00,273.00,0,0,0,0,,,-1.00,-1.00,-1.00,-1.00,-1.00,-1.00
2022-12-02T16:34:41Z,"0002cc01000003e9","2250b4eba1fd3a4a052c1114f9611d35430920000000000000ffffffffffffffffffffffff",3.64,,0.32,17,20.97,20.81,99440.00,292.00,0,0,0,0,,,-1.00,-1.00,-1.00,-1.00,-1.00,-1.00
2022-12-02T16:40:37Z,"0002cc01000003e9","2250b4ed05fd3a4e0517111501611b354b0970000000000000ffffffffffffffffffffffff",3.64,,0.32,17,21.00,20.82,99435.00,302.00,0,0,0,0,,,-1.00,-1.00,-1.00,-1.00,-1.00,-1.00
2022-12-02T16:46:33Z,"0002cc01000003e9","2250b4ee69fd3a4e051f111508611835680930000000000000ffffffffffffffffffffffff",3.64,,0.32,17,21.03,20.86,99420.00,294.00,0,0,0,0,,,-1.00,-1.00,-1.00,-1.00,-1.00,-1.00
2022-12-02T16:52:29Z,"0002cc01000003e9","2250b4efcdfd3a4205171115106116356908e8000000000000ffffffffffffffffffffffff",3.64,,0.32,17,21.06,20.86,99413.00,285.00,0,0,0,0,,,-1.00,-1.00,-1.00,-1.00,-1.00,-1.00
2022-12-02T16:58:25Z,"0002cc01000003e9","2250b4f131fd3a4e0517111518611235e908c0000000000000ffffffffffffffffffffffff",3.64,,0.32,17,21.09,21.06,99396.00,280.00,0,0,0,0,,,-1.00,-1.00,-1.00,-1.00,-1.00,-1.00
2022-12-02T17:04:21Z,"0002cc01000003e9","2250b4f295fd3a4e051f11151d6111361b0888000000000000ffffffffffffffffffffffff",3.64,,0.32,17,21.11,21.13,99392.00,273.00,0,0,0,0,,,-1.00,-1.00,-1.00,-1.00,-1.00,-1.00
2022-12-02T17:10:17Z,"0002cc01000003e9","2250b4f3f9fd3a4e051711151d610d36a00960000000000000ffffffffffffffffffffffff",3.64,,0.32,17,21.11,21.34,99376.00,300.00,0,0,0,0,,,-1.00,-1.00,-1.00,-1.00,-1.00,-1.00
2022-12-02T17:16:13Z,"0002cc01000003e9","2250b4f55dfd3a4e0517111522610936e70818000000000000ffffffffffffffffffffffff",3.64,,0.32,17,21.13,21.45,99361.00,259.00,0,0,0,0,,,-1.00,-1.00,-1.00,-1.00,-1.00,-1.00
2022-12-02T17:22:09Z,"0002cc01000003e9","2250b4f6c1fd3a420523111529610837980980000000000000ffffffffffffffffffffffff",3.64,,0.32,17,21.16,21.72,99359.00,304.00,0,0,0,0,,,-1.00,-1.00,-1.00,-1.00,-1.00,-1.00
2022-12-02T17:28:05Z,"0002cc01000003e9","2250b4f825fd3a4e051711152c610c38790810000000000000ffffffffffffffffffffffff",3.64,,0.32,17,21.17,22.06,99372.00,258.00,0,0,0,0,,,-1.00,-1.00,-1.00,-1.00,-1.00,-1.00
2022-12-02T17:34:01Z,"0002cc01000003e9","2250b4f989fd3a4e0517111531610939540840000000000000ffffffffffffffffffffffff",3.64,,0.32,17,21.19,22.39,99361.00,264.00,0,0,0,0,,,-1.00,-1.00,-1.00,-1.00,-1.00,-1.00
2022-12-02T17:39:57Z,"0002cc01000003e9","2250b4faedfd3a42051711153661013aa70880000000000000ffffffffffffffffffffffff",3.64,,0.32,17,21.21,22.91,99329.00,272.00,0,0,0,0,,,-1.00,-1.00,-1.00,-1.00,-1.00,-1.00
2022-12-02T17:45:53Z,"0002cc01000003e9","2250b4fc51fd3a4e051f11153b61053b4908d0000000000000ffffffffffffffffffffffff",3.64,,0.32,17,21.23,23.16,99345.00,282.00,0,0,0,0,,,-1.00,-1.00,-1.00,-1.00,-1.00,-1.00
2022-12-02T17:51:49Z,"0002cc01000003e9","2250b4fdb5fd3a4e051711153e61013c460960000000000000ffffffffffffffffffffffff",3.64,,0.32,17,21.24,23.54,99328.00,300.00,0,0,0,0,,,-1.00,-1.00,-1.00,-1.00,-1.00,-1.00
2022-12-02T17:57:46Z,"0002cc01000003e9","2250b4ff1afd3a4e051711154160fe3ce908e0000000000000ffffffffffffffffffffffff",3.64,,0.32,17,21.25,23.79,99318.00,284.00,0,0,0,0,,,-1.00,-1.00,-1.00,-1.00,-1.00,-1.00
2022-12-02T18:03:42Z,"0002cc01000003e9","2250b5007efd3a4e052311154660f83d440880000000000000ffffffffffffffffffffffff",3.64,,0.32,17,21.27,23.93,99293.00,272.00,0,0,0,0,,,-1.00,-1.00,-1.00,-1.00,-1.00,-1.00
2022-12-02T18:09:38Z,"0002cc01000003e9","2250b501e2fd3a4e051711154b60f53da00918000000000000ffffffffffffffffffffffff",3.64,,0.32,17,21.29,24.07,99281.00,291.00,0,0,0,0,,,-1.00,-1.00,-1.00,-1.00,-1.00,-1.00
2022-12-02T18:15:34Z,"0002cc01000003e9","2250b50346fd3a42052311155060f23da90878000000000000ffffffffffffffffffffffff",3.64,,0.32,17,21.31,24.09,99271.00,271.00,0,0,0,0,,,-1.00,-1.00,-1.00,-1.00,-1.00,-1.00
2022-12-02T18:21:30Z,"0002cc01000003e9","2250b504aafd3a42051711155860ef3e0c0968000000000000ffffffffffffffffffffffff",3.64,,0.32,17,21.34,24.24,99256.00,301.00,0,0,0,0,,,-1.00,-1.00,-1.00,-1.00,-1.00,-1.00
2022-12-02T18:27:26Z,"0002cc01000003e9","2250b5060efd3a4e051711155f60ec3e0d09c0000000000000ffffffffffffffffffffffff",3.64,,0.32,17,21.37,24.24,99246.00,312.00,0,0,0,0,,,-1.00,-1.00,-1.00,-1.00,-1.00,-1.00
2022-12-02T18:33:22Z,"0002cc01000003e9","2250b50772fd3a4e051711156460e73ea10880000000000000ffffffffffffffffffffffff",3.64,,0.32,17,21.39,24.46,99224.00,272.00,0,0,0,0,,,-1.00,-1.00,-1.00,-1.00,-1.00,-1.00
2022-12-02T18:39:18Z,"0002cc01000003e9","2250b508d6fd3a4e051711156960e83e5c08c8000000000000ffffffffffffffffffffffff",3.64,,0.32,17,21.41,24.36,99229.00,281.00,0,0,0,0,,,-1.00,-1.00,-1.00,-1.00,-1.00,-1.00
2022-12-02T18:45:14Z,"0002cc01000003e9","2250b50a3afd3a46051711157160e43eaa0888000000000000ffffffffffffffffffffffff",3.64,,0.32,17,21.44,24.48,99215.00,273.00,0,0,0,0,,,-1.00,-1.00,-1.00,-1.00,-1.00,-1.00
2022-12-02T18:51:10Z,"0002cc01000003e9","2250b50b9efd3a4e052311157460df3ea40900000000000000ffffffffffffffffffffffff",3.64,,0.32,17,21.45,24.47,99192.00,288.00,0,0,0,0,,,-1.00,-1.00,-1.00,-1.00,-1.00,-1.00
2022-12-02T18:57:06Z,"0002cc01000003e9","2250b50d02fd3a4e051711157660d63e8e08d0000000000000ffffffffffffffffffffffff",3.64,,0.32,17,21.46,24.44,99158.00,282.00,0,0,0,0,,,-1.00,-1.00,-1.00,-1.00,-1.00,-1.00
2022-12-02T19:03:02Z,"0002cc01000003e9","2250b50e66fd3a4e050f11157960d53f2308d8000000000000ffffffffffffffffffffffff",3.64,,0.32,17,21.47,24.66,99152.00,283.00,0,0,0,0,,,-1.00,-1.00,-1.00,-1.00,-1.00,-1.00
2022-12-02T19:08:58Z,"0002cc01000003e9","2250b50fcafd3a42052311157b60d43ef90928000000000000ffffffffffffffffffffffff",3.64,,0.32,17,21.48,24.60,99149.00,293.00,0,0,0,0,,,-1.00,-1.00,-1.00,-1.00,-1.00,-1.00
2022-12-02T19:14:54Z,"0002cc01000003e9","2250b5112efd3a4e052311157b60d43fda0838000000000000ffffffffffffffffffffffff",3.64,,0.32,17,21.48,24.94,99148.00,263.00,0,0,0,0,,,-1.00,-1.00,-1.00,-1.00,-1.00,-1.00
2022-12-02T19:20:50Z,"0002cc01000003e9","2250b51292fd3a46051f11157e60d2407c08c8000000000000ffffffffffffffffffffffff",3.64,,0.32,17,21.49,25.19,99143.00,281.00,0,0,0,0,,,-1.00,-1.00,-1.00,-1.00,-1.00,-1.00
2022-12-02T19:26:46Z,"0002cc01000003e9","2250b513f6fd3a4e051711158360d0404b0860000000000000ffffffffffffffffffffffff",3.64,,0.32,17,21.51,25.12,99133.00,268.00,0,0,0,0,,,-1.00,-1.00,-1.00,-1.00,-1.00,-1.00
2022-12-02T19:32:42Z,"0002cc01000003e9","2250b5155afd3a4e051711158860cd40a10868000000000000ffffffffffffffffffffffff",3.64,,0.32,17,21.53,25.25,99122.00,269.00,0,0,0,0,,,-1.00,-1.00,-1.00,-1.00,-1.00,-114628.26
2022-12-02T19:38:38Z,"0002cc01000003e9","2250b516befd3a4e051711158b60cb414a0818000000000000ffffffffffffffffffffffff",3.64,,0.32,17,21.54,25.50,99115.00,259.00,0,0,0,0,,,-1.00,-1.00,-1.00,-1.00,-1.00,-113956.11
2022-12-02T19:44:34Z,"0002cc01000003e9","2250b51822fd3a4e051711158d60ca42470860000000000000ffffffffffffffffffffffff",3.64,,0.32,17,21.55,25.89,99108.00,268.00,0,0,0,0,,,-1.00,-1.00,-1.00,-1.00,-1.00,-1.00
2022-12-02T19:50:30Z,"0002cc01000003e9","2250b51986fd3a4e051711159560c642e30870000000000000ffffffffffffffffffffffff",3.64,,0.32,17,21.58,26.13,99092.00,270.00,0,0,0,0,,,-1.00,-1.00,-1.00,-1.00,-1.00,-1.00
2022-12-02T19:56:27Z,"0002cc01000003e9","2250b51aebfd3a4e051711159a60c643b00858000000000000ffffffffffffffffffffffff",3.64,,0.32,17,21.60,26.44,99095.00,267.00,0,0,0,0,,,-1.00,-1.00,-1.00,-1.00,-1.00,-1.00
2022-12-02T20:02:23Z,"0002cc01000003e9","2250b51c4ffd3a4e051711159f60c643e20f90000000000000ffffffffffffffffffffffff",3.64,,0.32,17,21.62,26.52,99092.00,249.00,0,0,0,0,,,-1.00,-1.00,-1.00,-1.00,-1.00,-114616.01
2022-12-02T20:08:19Z,"0002cc01000003e9","2250b51db3fd3a4605171115a260c3446108a8000000000000ffffffffffffffffffffffff",3.64,,0.32,17,21.63,26.71,99080.00,277.00,0,0,0,0,,,-1.00,-1.00,-1.00,-1.00,-1.00,-1.00
2022-12-02T20:14:15Z,"0002cc01000003e9","2250b51f17fd3a4e051711158860bf46650c80000000000000ffffffffffffffffffffffff",3.64,,0.32,17,21.53,27.50,99064.00,200.00,0,0,0,0,,,-1.00,-1.00,-1.00,-1.00,-1.00,-1.00
2022-12-02T20:20:11Z,"0002cc01000003e9","2250b5207bfd3a46051711157960c146a20b80000000000000ffffffffffffffffffffffff",3.64,,0.32,17,21.47,27.59,99074.00,184.00,0,0,0,0,,,-1.00,-1.00,-1.00,-1.00,-1.00,-1.00
2022-12-02T20:26:07Z,"0002cc01000003e9","2250b521dffd3a4e051711157b60bb46b70bb0000000000000ffffffffffffffffffffffff",3.64,,0.32,17,21.48,27.62,99049.00,187.00,0,0,0,0,,,-1.00,-1.00,-1.00,-1.00,-1.00,-1.00
2022-12-02T20:32:03Z,"0002cc01000003e9","2250b52343fd3a46051f11158160ba47140da0000000000000ffffffffffffffffffffffff",3.64,,0.32,17,21.50,27.77,99046.00,218.00,0,0,0,0,,,-1.00,-1.00,-1.00,-1.00,-1.00,-1.00
2022-12-02T20:37:59Z,"0002cc01000003e9","2250b524a7fd3a4e051711158660b7474d0d10000000000000ffffffffffffffffffffffff",3.64,,0.32,17,21.52,27.85,99032.00,209.00,0,0,0,0,,,-1.00,-1.00,-1.00,-1.00,-1.00,-1.00
2022-12-02T20:43:55Z,"0002cc01000003e9","2250b5260bfd3a46051711158b60b2477f0d60000000000000ffffffffffffffffffffffff",3.64,,0.32,17,21.54,27.93,99012.00,214.00,0,0,0,0,,,-1.00,-1.00,-1.00,-1.00,-1.00,-1.00
2022-12-02T20:49:51Z,"0002cc01000003e9","2250b5276ffd3a3e051711159560b347e20e90000000000000ffffffffffffffffffffffff",3.64,,0.32,17,21.58,28.08,99017.00,233.00,0,0,0,0,,,-1.00,-1.00,-1.00,-1.00,-1.00,-1.00
2022-12-02T20:55:47Z,"0002cc01000003e9","2250b528d3fd3a4e052311159860b248cb0dd0000000000000ffffffffffffffffffffffff",3.64,,0.32,17,21.59,28.43,99014.00,221.00,0,0,0,0,,,-1.00,-1.00,-1.00,-1.00,-1.00,-1.00
2022-12-02T21:01:43Z,"0002cc01000003e9","2250b52a37fd3a42051711159f60b148fd0e50000000000000ffffffffffffffffffffffff",3.64,,0.32,17,21.62,28.51,99011.00,229.00,0,0,0,0,,,-1.00,-1.00,-1.00,-1.00,-1.00,-1.00
2022-12-02T21:07:39Z,"0002cc01000003e9","2250b52b9bfd3a4605171115a460ae49a00df0000000000000ffffffffffffffffffffffff",3.64,,0.32,17,21.64,28.76,98996.00,223.00,0,0,0,0,,,-1.00,-1.00,-1.00,-1.00,-1.00,-1.00
2022-12-02T21:13:35Z,"0002cc01000003e9","2250b52cfffd3a4605171115a960ad4a120d00000000000000ffffffffffffffffffffffff",3.64,,0.32,17,21.66,28.93,98992.00,208.00,0,0,0,0,,,-1.00,-1.00,-1.00,-1.00,-1.00,-1.00
2022-12-02T21:19:31Z,"0002cc01000003e9","2250b52e63fd3a4e05171115b160ac4ac20da0000000000000ffffffffffffffffffffffff",3.64,,0.32,17,21.69,29.20,98991.00,218.00,0,0,0,0,,,-1.00,-1.00,-1.00,-1.00,-1.00,-1.00
2022-12-02T21:25:27Z,"0002cc01000003e9","2250b52fc7fd3a4205171115b460b24b330ce0000000000000ffffffffffffffffffffffff",3.64,,0.32,17,21.70,29.37,99015.00,206.00,0,0,0,0,,,-1.00,-1.00,-1.00,-1.00,-1.00,-1.00
2022-12-02T21:31:23Z,"0002cc01000003e9","2250b5312bfd3a3e05171115b160b24b640ea0000000000000ffffffffffffffffffffffff",3.64,,0.32,17,21.69,29.45,99015.00,234.00,0,0,0,0,,,-1.00,-1.00,-1.00,-1.00,-1.00,-1.00
2022-12-02T21:37:19Z,"0002cc01000003e9","2250b5328ffd3a4605171115b460b34b870d70000000000000ffffffffffffffffffffffff",3.64,,0.32,17,21.70,29.50,99017.00,215.00,0,0,0,0,,,-1.00,-1.00,-1.00,-1.00,-1.00,-1.00
2022-12-02T21:43:15Z,"0002cc01000003e9","2250b533f3fd3a3e05171115b460b14bce0d30000000000000ffffffffffffffffffffffff",3.64,,0.32,17,21.70,29.61,99010.00,211.00,0,0,0,0,,,-1.00,-1.00,-1.00,-1.00,-1.00,-1.00
2022-12-02T21:49:12Z,"0002cc01000003e9","2250b53558fd3a4605171115b660af4c290e80000000000000ffffffffffffffffffffffff",3.64,,0.32,17,21.71,29.75,99002.00,232.00,0,0,0,0,,,-1.00,-1.00,-1.00,-1.00,-1.00,-1.00
2022-12-02T21:55:08Z,"0002cc01000003e9","2250b536bcfd3a4a05171115b660af4ca10dd0000000000000ffffffffffffffffffffffff",3.64,,0.32,17,21.71,29.93,99001.00,221.00,0,0,0,0,,,-1.00,-1.00,-1.00,-1.00,-1.00,-114637.44
2022-12-02T22:01:04Z,"0002cc01000003e9","2250b53820fd3a4e05171115b660a94d7b0e30000000000000ffffffffffffffffffffffff",3.64,,0.32,17,21.71,30.27,98976.00,227.00,0,0,0,0,,,-1.00,-1.00,-1.00,-1.00,-1.00,-113962.16
2022-12-02T22:07:00Z,"0002cc01000003e9","2250b53984fd3a4205171115b660a54df90e70000000000000ffffffffffffffffffffffff",3.64,,0.32,17,21.71,30.46,98963.00,231.00,0,0,0,0,,,-1.00,-1.00,-1.00,-1.00,-1.00,-1.00
2022-12-02T22:12:56Z,"0002cc01000003e9","2250b53ae8fd3a4205171115b960a14e8d0eb0000000000000ffffffffffffffffffffffff",3.64,,0.32,17,21.72,30.68,98946.00,235.00,0,0,0,0,,,-1.00,-1.00,-1.00,-1.00,-1.00,-1.00
2022-12-02T22:18:52Z,"0002cc01000003e9","2250b53c4cfd3a46050f1115bb60a04f1a0ec0000000000000ffffffffffffffffffffffff",3.64,,0.32,17,21.73,30.90,98941.00,236.00,0,0,0,0,,,-1.00,-1.00,-1.00,-1.00,-1.00,-1.00
2022-12-02T22:24:48Z,"0002cc01000003e9","2250b53db0fd3a3a05171115be609f503a0d30000000000000ffffffffffffffffffffffff",3.64,,0.32,17,21.74,31.34,98939.00,211.00,0,0,0,0,,,-1.00,-1.00,-1.00,-1.00,-1.00,-1.00
2022-12-02T22:30:44Z,"0002cc01000003e9","2250b53f14fd3a4205171115be609d51290e50000000000000ffffffffffffffffffffffff",3.64,,0.32,17,21.74,31.70,98931.00,229.00,0,0,0,0,,,-1.00,-1.00,-1.00,-1.00,-1.00,-1.00
2022-12-02T22:36:40Z,"0002cc01000003e9","2250b54078fd3a4205171115c160a051af0f40000000000000ffffffffffffffffffffffff",3.64,,0.32,17,21.75,31.91,98943.00,244.00,0,0,0,0,,,-1.00,-1.00,-1.00,-1.00,-1.00,-1.00
2022-12-02T22:42:36Z,"0002cc01000003e9","2250b541dcfd3a3e05171115c360a252200f10000000000000ffffffffffffffffffffffff",3.64,,0.32,17,21.76,32.08,98949.00,241.00,0,0,0,0,,,-1.00,-1.00,-1.00,-1.00,-1.00,-1.00
2022-12-02T22:48:32Z,"0002cc01000003e9","2250b54340fd3a4e05171115c660a451e90d80000000000000ffffffffffffffffffffffff",3.64,,0.32,17,21.77,32.00,98957.00,216.00,0,0,0,0,,,-1.00,-1.00,-1.00,-1.00,-1.00,-1.00
2022-12-02T22:54:28Z,"0002cc01000003e9","2250b544a4fd3a46051f1115c660a252190e60000000000000ffffffffffffffffffffffff",3.64,,0.32,17,21.77,32.07,98948.00,230.00,0,0,0,0,,,-1.00,-1.00,-1.00,-1.00,-1.00,-1.00
2022-12-02T23:00:24Z,"0002cc01000003e9","2250b54608fd3a4e05171115c860a552050df0000000000000ffffffffffffffffffffffff",3.64,,0.32,17,21.78,32.04,98963.00,223.00,0,0,0,0,,,-1.00,-1.00,-1.00,-1.00,-1.00,-1.00
2022-12-02T23:06:20Z,"0002cc01000003e9","2250b5476cfd3a4605171115cb60a252140df0000000000000ffffffffffffffffffffffff",3.64,,0.32,17,21.79,32.06,98951.00,223.00,0,0,0,0,,,-1.00,-1.00,-1.00,-1.00,-1.00,-1.00
2022-12-02T23:12:16Z,"0002cc01000003e9","2250b548d0fd3a4605171115cd60a0521b0c60000000000000ffffffffffffffffffffffff",3.64,,0.32,17,21.80,32.07,98943.00,198.00,0,0,0,0,,,-1.00,-1.00,-1.00,-1.00,-1.00,-1.00
2022-12-02T23:18:12Z,"0002cc01000003e9","2250b54a34fd3a4605171115d0609f52840f50000000000000ffffffffffffffffffffffff",3.64,,0.32,17,21.81,32.23,98936.00,245.00,0,0,0,0,,,-1.00,-1.00,-1.00,-1.00,-1.00,-1.00
2022-12-02T23:24:08Z,"0002cc01000003e9","2250b54b98fd3a4605171115cd609c52d90fc0000000000000ffffffffffffffffffffffff",3.64,,0.32,17,21.80,32.36,98927.00,252.00,0,0,0,0,,,-1.00,-1.00,-1.00,-1.00,-1.00,-1.00
2022-12-02T23:30:04Z,"0002cc01000003e9","2250b54cfcfd3a4605171115d060a053190d30000000000000ffffffffffffffffffffffff",3.64,,0.32,17,21.81,32.46,98940.00,211.00,0,0,0,0,,,-1.00,-1.00,-1.00,-1.00,-1.00,-1.00
2022-12-02T23:36:00Z,"0002cc01000003e9","2250b54e60fd3a4605171115d0609f53ac0e60000000000000ffffffffffffffffffffffff",3.64,,0.32,17,21.81,32.68,98936.00,230.00,0,0,0,0,,,-1.00,-1.00,-1.00,-1.00,-1.00,-1.00
2022-12-02T23:41:56Z,"0002cc01000003e9","2250b54fc4fd3a4605171115d060a053e40e70000000000000ffffffffffffffffffffffff",3.64,,0.32,17,21.81,32.77,98941.00,231.00,0,0,0,0,,,-1.00,-1.00,-1.00,-1.00,-1.00,-114625.19
2022-12-02T23:47:52Z,"0002cc01000003e9","2250b55128fd3a4205171115d5609f54150808000000000000ffffffffffffffffffffffff",3.64,,0.32,17,21.83,32.85,98939.00,257.00,0,0,0,0,,,-1.00,-1.00,-1.00,-1.00,-1.00,-1.00
2022-12-02T23:53:49Z,"0002cc01000003e9","2250b5528dfd3a4605171115d860a454790d60000000000000ffffffffffffffffffffffff",3.64,,0.32,17,21.84,33.00,98957.00,214.00,0,0,0,0,,,-1.00,-1.00,-1.00,-1.00,-1.00,-1.00
2022-12-02T23:59:45Z,"0002cc01000003e9","2250b553f1fd3a4605171115cd60a754850900000000000000ffffffffffffffffffffffff",3.64,,0.32,17,21.80,33.02,98970.00,36.00,0,0,0,0,,,-1.00,-1.00,-1.00,-1.00,-1.00,-113968.20
