Time,DevEUI,Raw,Vbat,Vsystem,Vbus,BootCount,T,RH,P,Light,P[0].delta,P[0].total,P[1].delta,P[1].total,Act[7],Act[6],Act[5],Act[4],Act[3],Act[2],Act[1],Act[0]
2022-12-10T00:01:53Z,"0002cc01000003e9","2250be8ef1fd39ec05071115b461c947cc0ce8000000000000ffffffffffffffffffffffff",3.62,,0.31,17,21.70,28.05,100131.00,413.00,0,0,0,0,,,-1.00,-1.00,-1.00,-1.00,-1.00,-1.00
2022-12-10T00:07:49Z,"0002cc01000003e9","2250be9055fd39d805031115b461cb47070d60000000000000ffffffffffffffffffffffff",3.62,,0.31,17,21.70,27.75,100136.00,428.00,0,0,0,0,,,-1.00,-1.00,-1.00,-1.00,-1.00,-1.00
2022-12-10T00:13:45Z,"0002cc01000003e9","2250be91b9fd39e4050f1115b661c946b30cb0000000000000ffffffffffffffffffffffff",3.62,,0.32,17,21.71,27.62,100131.00,406.00,0,0,0,0,,,-1.00,-1.00,-1.00,-1.00,-1.00,-1.00
2022-12-10T00:19:41Z,"0002cc01000003e9","2250be931dfd39e0050f1115b961ce46900d88000000000000ffffffffffffffffffffffff",3.62,,0.32,17,21.72,27.56,100149.00,433.00,0,0,0,0,,,-1.00,-1.00,-1.00,-1.00,-1.00,-1.00
2022-12-10T00:25:37Z,"0002cc01000003e9","2250be9481fd39e0050f1115bb61d546200cc8000000000000ffffffffffffffffffffffff",3.62,,0.32,17,21.73,27.39,100177.00,409.00,0,0,0,0,,,-1.00,-1.00,-1.00,-1.00,-1.00,-1.00
2022-12-10T00:31:33Z,"0002cc01000003e9","2250be95e5fd39dc050f1115b961ce45c40d40000000000000ffffffffffffffffffffffff",3.62,,0.32,17,21.72,27.25,100150.00,424.00,0,0,0,0,,,-1.00,-1.00,-1.00,-1.00,-1.00,-1.00
2022-12-10T00:37:29Z,"0002cc01000003e9","2250be9749fd39e005171115b461d045b50c78000000000000ffffffffffffffffffffffff",3.62,,0.32,17,21.70,27.23,100158.00,399.00,0,0,0,0,,,-1.00,-1.00,-1.00,-1.00,-1.00,-1.00
2022-12-10T00:43:26Z,"0002cc01000003e9","2250be98aefd39dc050f1115af61d045670cc0000000000000ffffffffffffffffffffffff",3.62,,0.32,17,21.68,27.11,100157.00,408.00,0,0,0,0,,,-1.00,-1.00,-1.00,-1.00,-1.00,-1.00
2022-12-10T00:49:22Z,"0002cc01000003e9","2250be9a12fd39e4050f1115ac61ce45590ca8000000000000ffffffffffffffffffffffff",3.62,,0.32,17,21.67,27.09,100151.00,405.00,0,0,0,0,,,-1.00,-1.00,-1.00,-1.00,-1.00,-1.00
2022-12-10T00:55:18Z,"0002cc01000003e9","2250be9b76fd39ec050f1115a961d0453d0cd8000000000000ffffffffffffffffffffffff",3.62,,0.32,17,21.66,27.05,100158.00,411.00,0,0,0,0,,,-1.00,-1.00,-1.00,-1.00,-1.00,-1.00
2022-12-10T01:01:14Z,"0002cc01000003e9","2250be9cdafd39e4050f1115ac61d245350d98000000000000ffffffffffffffffffffffff",3.62,,0.32,17,21.67,27.04,100166.00,435.00,0,0,0,0,,,-1.00,-1.00,-1.00,-1.00,-1.00,-1.00
2022-12-10T01:07:10Z,"0002cc01000003e9","2250be9e3efd39e4050f1115af61d144ef0cc0000000000000ffffffffffffffffffffffff",3.62,,0.32,17,21.68,26.93,100163.00,408.00,0,0,0,0,,,-1.00,-1.00,-1.00,-1.00,-1.00,-1.00
2022-12-10T01:13:06Z,"0002cc01000003e9","2250be9fa2fd39e4050f1115af61d644d30ca0000000000000ffffffffffffffffffffffff",3.62,,0.32,17,21.68,26.88,100180.00,404.00,0,0,0,0,,,-1.00,-1.00,-1.00,-1.00,-1.00,-1.00
2022-12-10T01:19:02Z,"0002cc01000003e9","2250bea106fd39ec05071115a961d244bd0d48000000000000ffffffffffffffffffffffff",3.62,,0.31,17,21.66,26.85,100167.00,425.00,0,0,0,0,,,-1.00,-1.00,-1.00,-1.00,-1.00,-1.00
2022-12-10T01:24:58Z,"0002cc01000003e9","2250bea26afd39e4050f1115a461d1448c0cd0000000000000ffffffffffffffffffffffff",3.62,,0.32,17,21.64,26.78,100161.00,410.00,0,0,0,0,,,-1.00,-1.00,-1.00,-1.00,-1.00,-1.00
2022-12-10T01:30:54Z,"0002cc01000003e9","2250bea3cefd39e4050f1115a261d2450a0d28000000000000ffffffffffffffffffffffff",3.62,,0.32,17,21.63,26.97,100164.00,421.00,0,0,0,0,,,-1.00,-1.00,-1.00,-1.00,-1.00,-1.00
2022-12-10T01:36:50Z,"0002cc01000003e9","2250bea532fd39e4050f1115a261d744e70c30000000000000ffffffffffffffffffffffff",3.62,,0.32,17,21.63,26.92,100185.00,390.00,0,0,0,0,,,-1.00,-1.00,-1.00,-1.00,-1.00,-1.00
2022-12-10T01:42:46Z,"0002cc01000003e9","2250bea696fd39e4050f1115a461d544d90d18000000000000ffffffffffffffffffffffff",3.62,,0.32,17,21.64,26.89,100177.00,419.00,0,0,0,0,,,-1.00,-1.00,-1.00,-1.00,-1.00,-1.00
2022-12-10T01:48:42Z,"0002cc01000003e9","2250bea7fafd39dc05031115a261d744c40ce0000000000000ffffffffffffffffffffffff",3.62,,0.31,17,21.63,26.86,100187.00,412.00,0,0,0,0,,,-1.00,-1.00,-1.00,-1.00,-1.00,-1.00
2022-12-10T01:54:38Z,"0002cc01000003e9","2250bea95efd39d8050f11159d61db44b40d20000000000000ffffffffffffffffffffffff",3.62,,0.32,17,21.61,26.84,100201.00,420.00,0,0,0,0,,,-1.00,-1.00,-1.00,-1.00,-1.00,-1.00
2022-12-10T02:00:34Z,"0002cc01000003e9","2250beaac2fd39e4050311159861dc454e0d08000000000000ffffffffffffffffffffffff",3.62,,0.31,17,21.59,27.07,100205.00,417.00,0,0,0,0,,,-1.00,-1.00,-1.00,-1.00,-1.00,-1.00
2022-12-10T02:06:30Z,"0002cc01000003e9","2250beac26fd39e8050f11159561d645720d50000000000000ffffffffffffffffffffffff",3.62,,0.32,17,21.58,27.13,100180.00,426.00,0,0,0,0,,,-1.00,-1.00,-1.00,-1.00,-1.00,-1.00
2022-12-10T02:12:26Z,"0002cc01000003e9","2250bead8afd39e4050f11159561d045940d20000000000000ffffffffffffffffffffffff",3.62,,0.32,17,21.58,27.18,100156.00,420.00,0,0,0,0,,,-1.00,-1.00,-1.00,-1.00,-1.00,-1.00
2022-12-10T02:18:22Z,"0002cc01000003e9","2250beaeeefd39dc050f11159561d045800d58000000000000ffffffffffffffffffffffff",3.62,,0.32,17,21.58,27.15,100159.00,427.00,0,0,0,0,,,-1.00,-1.00,-1.00,-1.00,-1.00,-1.00
2022-12-10T02:24:19Z,"0002cc01000003e9","2250beb053fd39e4050311159561d545790cb8000000000000ffffffffffffffffffffffff",3.62,,0.31,17,21.58,27.14,100176.00,407.00,0,0,0,0,,,-1.00,-1.00,-1.00,-1.00,-1.00,-1.00
2022-12-10T02:30:15Z,"0002cc01000003e9","2250beb1b7fd39dc050f11159261d7455b0cf8000000000000ffffffffffffffffffffffff",3.62,,0.32,17,21.57,27.09,100184.00,415.00,0,0,0,0,,,-1.00,-1.00,-1.00,-1.00,-1.00,-1.00
2022-12-10T02:36:10Z,"0002cc01000003e9","2250beb31afd39ec050311159061d6458d0cd8000000000000ffffffffffffffffffffffff",3.62,,0.31,17,21.56,27.17,100180.00,411.00,0,0,0,0,,,-1.00,-1.00,-1.00,-1.00,-1.00,-1.00
2022-12-10T02:42:07Z,"0002cc01000003e9","2250beb47ffd39e4050f11158d61d445690ca0000000000000ffffffffffffffffffffffff",3.62,,0.32,17,21.55,27.11,100174.00,404.00,0,0,0,0,,,-1.00,-1.00,-1.00,-1.00,-1.00,-1.00
2022-12-10T02:48:03Z,"0002cc01000003e9","2250beb5e3fd39dc050f11159061d245700be0000000000000ffffffffffffffffffffffff",3.62,,0.32,17,21.56,27.12,100166.00,380.00,0,0,0,0,,,-1.00,-1.00,-1.00,-1.00,-1.00,-114634.38
2022-12-10T02:53:59Z,"0002cc01000003e9","2250beb747fd39e4050f11159061d4455b0d68000000000000ffffffffffffffffffffffff",3.62,,0.32,17,21.56,27.09,100174.00,429.00,0,0,0,0,,,-1.00,-1.00,-1.00,-1.00,-1.00,-114631.30
2022-12-10T02:59:55Z,"0002cc01000003e9","2250beb8abfd39dc050f11159261d245320d20000000000000ffffffffffffffffffffffff",3.62,,0.32,17,21.57,27.03,100167.00,420.00,0,0,0,0,,,-1.00,-1.00,-1.00,-1.00,-1.00,-1.00
2022-12-10T03:05:51Z,"0002cc01000003e9","2250beba0ffd39e4050f11159261d8450e0ce0000000000000ffffffffffffffffffffffff",3.62,,0.32,17,21.57,26.98,100189.00,412.00,0,0,0,0,,,-1.00,-1.00,-1.00,-1.00,-1.00,-1.00
2022-12-10T03:11:47Z,"0002cc01000003e9","2250bebb73fd39dc050f11159061d6451c0c90000000000000ffffffffffffffffffffffff",3.62,,0.32,17,21.56,27.00,100180.00,402.00,0,0,0,0,,,-1.00,-1.00,-1.00,-1.00,-1.00,-1.00
2022-12-10T03:17:43Z,"0002cc01000003e9","2250bebcd7fd39d8050311159561d3451d0c48000000000000ffffffffffffffffffffffff",3.62,,0.31,17,21.58,27.00,100168.00,393.00,0,0,0,0,,,-1.00,-1.00,-1.00,-1.00,-1.00,-1.00
2022-12-10T03:23:39Z,"0002cc01000003e9","2250bebe3bfd39e4050311159a61d345410c00000000000000ffffffffffffffffffffffff",3.62,,0.31,17,21.60,27.05,100170.00,384.00,0,0,0,0,,,-1.00,-1.00,-1.00,-1.00,-1.00,-1.00
2022-12-10T03:29:35Z,"0002cc01000003e9","2250bebf9ffd39e4051711159561d5450f0bf0000000000000ffffffffffffffffffffffff",3.62,,0.32,17,21.58,26.98,100178.00,382.00,0,0,0,0,,,-1.00,-1.00,-1.00,-1.00,-1.00,-1.00
2022-12-10T03:35:31Z,"0002cc01000003e9","2250bec103fd39dc050f11159d61d945640c88000000000000ffffffffffffffffffffffff",3.62,,0.32,17,21.61,27.11,100192.00,401.00,0,0,0,0,,,-1.00,-1.00,-1.00,-1.00,-1.00,-1.00
2022-12-10T03:41:27Z,"0002cc01000003e9","2250bec267fd39e4050f11159d61d745640bc0000000000000ffffffffffffffffffffffff",3.62,,0.32,17,21.61,27.11,100187.00,376.00,0,0,0,0,,,-1.00,-1.00,-1.00,-1.00,-1.00,-1.00
2022-12-10T03:47:23Z,"0002cc01000003e9","2250bec3cbfd39e4050f1115a761d545894a0e000000000000ffffffffffffffffffffffff",3.62,,0.32,17,21.65,27.16,100179.00,5148.00,0,0,0,0,,,-1.00,-1.00,-1.00,-1.00,-1.00,-1.00
2022-12-10T03:53:19Z,"0002cc01000003e9","2250bec52ffd39dc050f1115ac61da45c20aa0000000000000fffffe06fffffffffffffee1",3.62,,0.32,17,21.67,27.25,100199.00,340.00,0,0,0,0,,,-0.86,-1.00,-1.00,-1.00,-0.75,-1.00
2022-12-10T03:59:15Z,"0002cc01000003e9","2250bec693fd39dc050f1115a261dc44e00a00000000000000ffc3ffffffffffffffffffff",3.62,,0.32,17,21.63,26.90,100204.00,5.00,0,0,0,0,,,-1.00,-1.00,-1.00,-1.00,-1.00,-0.97
2022-12-10T04:05:11Z,"0002cc01000003e9","2250bec7f7fd39e4050f11158161d6450b0800000000000000ffffffffffffffffffffffff",3.62,,0.32,17,21.50,26.97,100183.00,1.00,0,0,0,0,,,-1.00,-1.00,-1.00,-1.00,-1.00,-1.00
2022-12-10T04:11:07Z,"0002cc01000003e9","2250bec95bfd39dc050f11156461d4455b0b00000000000000ffffffffffffffffffffffff",3.62,,0.32,17,21.39,27.09,100173.00,11.00,0,0,0,0,,,-1.00,-1.00,-1.00,-1.00,-1.00,-1.00
2022-12-10T04:17:03Z,"0002cc01000003e9","2250becabffd39dc050f11155061d745820c00000000000000ffffffffffffffffffffffff",3.62,,0.32,17,21.31,27.15,100186.00,3.00,0,0,0,0,,,-1.00,-1.00,-1.00,-1.00,-1.00,-1.00
2022-12-10T04:22:59Z,"0002cc01000003e9","2250becc23fd39dc050311153e61d745c60d00000000000000ffffffffffffffffffffffff",3.62,,0.31,17,21.24,27.26,100184.00,26.00,0,0,0,0,,,-1.00,-1.00,-1.00,-1.00,-1.00,-1.00
2022-12-10T04:28:55Z,"0002cc01000003e9","2250becd87fd39e4050f11153161d545e0f000000000000000ffffffffffffffffffffffff",3.62,,0.32,17,21.19,27.29,100178.00,0.00,0,0,0,0,,,-1.00,-1.00,-1.00,-1.00,-1.00,-1.00
2022-12-10T04:34:51Z,"0002cc01000003e9","2250beceebfd39e4051711152461d646020b80000000000000ffffffffffffffffffffffff",3.62,,0.32,17,21.14,27.35,100181.00,23.00,0,0,0,0,,,-1.00,-1.00,-1.00,-1.00,-1.00,-1.00
2022-12-10T04:40:47Z,"0002cc01000003e9","2250bed04ffd39dc050f11151a61d4460ef000000000000000ffffffffffffffffffffffff",3.62,,0.32,17,21.10,27.37,100173.00,0.00,0,0,0,0,,,-1.00,-1.00,-1.00,-1.00,-1.00,-1.00
2022-12-10T04:46:43Z,"0002cc01000003e9","2250bed1b3fd39e4050f11151561cf4630f000000000000000ffffffffffffffffffffffff",3.62,,0.32,17,21.08,27.42,100155.00,0.00,0,0,0,0,,,-1.00,-1.00,-1.00,-1.00,-1.00,-1.00
2022-12-10T04:52:39Z,"0002cc01000003e9","2250bed317fd39dc050f11150d61cd462e0c00000000000000ffffffffffffffffffffffff",3.62,,0.32,17,21.05,27.42,100144.00,6.00,0,0,0,0,,,-1.00,-1.00,-1.00,-1.00,-1.00,-1.00
2022-12-10T04:58:35Z,"0002cc01000003e9","2250bed47bfd39e4050f11150861cb462ef000000000000000ffffffffffffffffffffffff",3.62,,0.32,17,21.03,27.41,100137.00,0.00,0,0,0,0,,,-1.00,-1.00,-1.00,-1.00,-1.00,-1.00
2022-12-10T05:04:32Z,"0002cc01000003e9","2250bed5e0fd39dc050f11150361d0463b0800000000000000ffffffffffffffffffffffff",3.62,,0.32,17,21.01,27.43,100156.00,4.00,0,0,0,0,,,-1.00,-1.00,-1.00,-1.00,-1.00,-1.00
2022-12-10T05:10:27Z,"0002cc01000003e9","2250bed743fd39dc050f1114fe61d1465df000000000000000ffffffffffffffffffffffff",3.62,,0.32,17,20.99,27.49,100163.00,0.00,0,0,0,0,,,-1.00,-1.00,-1.00,-1.00,-1.00,-1.00
2022-12-10T05:16:23Z,"0002cc01000003e9","2250bed8a7fd39dc050f1114f661d2465cf000000000000000ffffffffffffffffffffffff",3.62,,0.32,17,20.96,27.48,100165.00,0.00,0,0,0,0,,,-1.00,-1.00,-1.00,-1.00,-1.00,-1.00
2022-12-10T05:22:20Z,"0002cc01000003e9","2250beda0cfd39dc050f1114f161d946770800000000000000ffffffffffffffffffffffff",3.62,,0.32,17,20.94,27.53,100194.00,4.00,0,0,0,0,,,-1.00,-1.00,-1.00,-1.00,-1.00,-1.00
2022-12-10T05:28:16Z,"0002cc01000003e9","2250bedb70fd39e4050f1114ec61dc469a0c00000000000000ffffffffffffffffffffffff",3.62,,0.32,17,20.92,27.58,100205.00,12.00,0,0,0,0,,,-1.00,-1.00,-1.00,-1.00,-1.00,-1.00
2022-12-10T05:34:12Z,"0002cc01000003e9","2250bedcd4fd39dc050f1114e761d646aef000000000000000ffffffffffffffffffffffff",3.62,,0.32,17,20.90,27.61,100180.00,0.00,0,0,0,0,,,-1.00,-1.00,-1.00,-1.00,-1.00,-1.00
2022-12-10T05:40:08Z,"0002cc01000003e9","2250bede38fd39dc050f1114e261db46c20e00000000000000ffffffffffffffffffffffff",3.62,,0.32,17,20.88,27.64,100202.00,14.00,0,0,0,0,,,-1.00,-1.00,-1.00,-1.00,-1.00,-1.00
2022-12-10T05:46:04Z,"0002cc01000003e9","2250bedf9cfd39e4050f1114da61da46cff000000000000000ffffffffffffffffffffffff",3.62,,0.32,17,20.85,27.66,100197.00,0.00,0,0,0,0,,,-1.00,-1.00,-1.00,-1.00,-1.00,-1.00
2022-12-10T05:52:00Z,"0002cc01000003e9","2250bee100fd39e4050f1114d561de46eb0800000000000000ffffffffffffffffffffffff",3.62,,0.32,17,20.83,27.70,100213.00,8.00,0,0,0,0,,,-1.00,-1.00,-1.00,-1.00,-1.00,-1.00
2022-12-10T05:57:56Z,"0002cc01000003e9","2250bee264fd39e4050f1114d061db46fef000000000000000ffffffffffffffffffffffff",3.62,,0.32,17,20.81,27.73,100203.00,0.00,0,0,0,0,,,-1.00,-1.00,-1.00,-1.00,-1.00,-1.00
2022-12-10T06:03:52Z,"0002cc01000003e9","2250bee3c8fd39e4050f1114cd61da4713f000000000000000ffffffffffffffffffffffff",3.62,,0.32,17,20.80,27.76,100197.00,0.00,0,0,0,0,,,-1.00,-1.00,-1.00,-1.00,-1.00,-1.00
2022-12-10T06:09:48Z,"0002cc01000003e9","2250bee52cfd39e4050f1114c861d84719f000000000000000ffffffffffffffffffffffff",3.62,,0.32,17,20.78,27.77,100189.00,0.00,0,0,0,0,,,-1.00,-1.00,-1.00,-1.00,-1.00,-1.00
2022-12-10T06:15:44Z,"0002cc01000003e9","2250bee690fd39dc050f1114c161d7472df000000000000000ffffffffffffffffffffffff",3.62,,0.32,17,20.75,27.80,100187.00,0.00,0,0,0,0,,,-1.00,-1.00,-1.00,-1.00,-1.00,-1.00
2022-12-10T06:21:40Z,"0002cc01000003e9","2250bee7f4fd39e0050f1114bb61d24742f000000000000000ffffffffffffffffffffffff",3.62,,0.32,17,20.73,27.83,100167.00,0.00,0,0,0,0,,,-1.00,-1.00,-1.00,-1.00,-1.00,-1.00
2022-12-10T06:27:36Z,"0002cc01000003e9","2250bee958fd39dc050f1114b661cf474ef000000000000000ffffffffffffffffffffffff",3.62,,0.32,17,20.71,27.85,100154.00,0.00,0,0,0,0,,,-1.00,-1.00,-1.00,-1.00,-1.00,-1.00
2022-12-10T06:33:32Z,"0002cc01000003e9","2250beeabcfd39dc050f1114b161cd4763f000000000000000ffffffffffffffffffffffff",3.62,,0.32,17,20.69,27.89,100145.00,0.00,0,0,0,0,,,-1.00,-1.00,-1.00,-1.00,-1.00,-1.00
2022-12-10T06:39:28Z,"0002cc01000003e9","2250beec20fd39e4050f1114b161d247630800000000000000ffffffffffffffffffffffff",3.62,,0.32,17,20.69,27.89,100166.00,8.00,0,0,0,0,,,-1.00,-1.00,-1.00,-1.00,-1.00,-1.00
2022-12-10T06:45:24Z,"0002cc01000003e9","2250beed84fd39dc050f1114af61d047700800000000000000ffffffffffffffffffffffff",3.62,,0.32,17,20.68,27.91,100157.00,16.00,0,0,0,0,,,-1.00,-1.00,-1.00,-1.00,-1.00,-1.00
2022-12-10T06:51:20Z,"0002cc01000003e9","2250beeee8fd39dc050f1114a961d2477d0c00000000000000ffffffffffffffffffffffff",3.62,,0.32,17,20.66,27.93,100166.00,3.00,0,0,0,0,,,-1.00,-1.00,-1.00,-1.00,-1.00,-1.00
2022-12-10T06:57:16Z,"0002cc01000003e9","2250bef04cfd39e405171114a261d4478af000000000000000ffffffffffffffffffffffff",3.62,,0.32,17,20.63,27.95,100172.00,0.00,0,0,0,0,,,-1.00,-1.00,-1.00,-1.00,-1.00,-1.00
2022-12-10T07:03:12Z,"0002cc01000003e9","2250bef1b0fd39e4050f1114a261cd479ff000000000000000ffffffffffffffffffffffff",3.62,,0.32,17,20.63,27.98,100144.00,0.00,0,0,0,0,,,-1.00,-1.00,-1.00,-1.00,-1.00,-1.00
2022-12-10T07:09:08Z,"0002cc01000003e9","2250bef314fd39dc051711149f61c947a6f000000000000000ffffffffffffffffffffffff",3.62,,0.32,17,20.62,27.99,100130.00,0.00,0,0,0,0,,,-1.00,-1.00,-1.00,-1.00,-1.00,-1.00
2022-12-10T07:15:04Z,"0002cc01000003e9","2250bef478fd39e4050f11149f61ce47d0f000000000000000ffffffffffffffffffffffff",3.62,,0.32,17,20.62,28.05,100149.00,0.00,0,0,0,0,,,-1.00,-1.00,-1.00,-1.00,-1.00,-1.00
2022-12-10T07:21:01Z,"0002cc01000003e9","2250bef5ddfd39e4050f11149f61cb47d70f00000000000000ffffffffffffffffffffffff",3.62,,0.32,17,20.62,28.06,100138.00,15.00,0,0,0,0,,,-1.00,-1.00,-1.00,-1.00,-1.00,-1.00
2022-12-10T07:26:57Z,"0002cc01000003e9","2250bef741fd39e4051711149d61c747d7f000000000000000ffffffffffffffffffffffff",3.62,,0.32,17,20.61,28.06,100120.00,0.00,0,0,0,0,,,-1.00,-1.00,-1.00,-1.00,-1.00,-1.00
2022-12-10T07:32:53Z,"0002cc01000003e9","2250bef8a5fd39e4050f11149a61cc47ddf000000000000000ffffffffffffffffffffffff",3.62,,0.32,17,20.60,28.07,100140.00,0.00,0,0,0,0,,,-1.00,-1.00,-1.00,-1.00,-1.00,-1.00
2022-12-10T07:38:49Z,"0002cc01000003e9","2250befa09fd39dc050f11149261cc47eb0800000000000000ffffffffffffffffffffffff",3.62,,0.32,17,20.57,28.09,100141.00,8.00,0,0,0,0,,,-1.00,-1.00,-1.00,-1.00,-1.00,-1.00
2022-12-10T07:44:45Z,"0002cc01000003e9","2250befb6dfd39dc050f11149061c747f0f000000000000000ffffffffffffffffffffffff",3.62,,0.32,17,20.56,28.10,100120.00,0.00,0,0,0,0,,,-1.00,-1.00,-1.00,-1.00,-1.00,-1.00
2022-12-10T07:50:41Z,"0002cc01000003e9","2250befcd1fd39dc050f11148b61c8480c0800000000000000ffffffffffffffffffffffff",3.62,,0.32,17,20.54,28.14,100124.00,4.00,0,0,0,0,,,-1.00,-1.00,-1.00,-1.00,-1.00,-1.00
2022-12-10T07:56:37Z,"0002cc01000003e9","2250befe35fd39dc050f11148661cd4804f000000000000000ffffffffffffffffffffffff",3.62,,0.32,17,20.52,28.13,100146.00,0.00,0,0,0,0,,,-1.00,-1.00,-1.00,-1.00,-1.00,-1.00
2022-12-10T08:02:33Z,"0002cc01000003e9","2250beff99fd39dc050f11148361c74804f000000000000000ffffffffffffffffffffffff",3.62,,0.32,17,20.51,28.13,100120.00,0.00,0,0,0,0,,,-1.00,-1.00,-1.00,-1.00,-1.00,-1.00
2022-12-10T08:08:29Z,"0002cc01000003e9","2250bf00fdfd39dc051711147e61c9481ff000000000000000ffffffffffffffffffffffff",3.62,,0.32,17,20.49,28.17,100131.00,0.00,0,0,0,0,,,-1.00,-1.00,-1.00,-1.00,-1.00,-1.00
2022-12-10T08:14:25Z,"0002cc01000003e9","2250bf0261fd39dc050f11147b61c9481ef000000000000000ffffffffffffffffffffffff",3.62,,0.32,17,20.48,28.17,100129.00,0.00,0,0,0,0,,,-1.00,-1.00,-1.00,-1.00,-1.00,-1.00
2022-12-10T08:20:21Z,"0002cc01000003e9","2250bf03c5fd39dc050f11147b61cf48250d00000000000000ffffffffffffffffffffffff",3.62,,0.32,17,20.48,28.18,100155.00,13.00,0,0,0,0,,,-1.00,-1.00,-1.00,-1.00,-1.00,-1.00
2022-12-10T08:26:17Z,"0002cc01000003e9","2250bf0529fd39e4051711147961d3482cf000000000000000ffffffffffffffffffffffff",3.62,,0.32,17,20.47,28.19,100169.00,0.00,0,0,0,0,,,-1.00,-1.00,-1.00,-1.00,-1.00,-1.00
2022-12-10T08:32:13Z,"0002cc01000003e9","2250bf068dfd39e4050f11147661d5483af000000000000000ffffffffffffffffffffffff",3.62,,0.32,17,20.46,28.21,100179.00,0.00,0,0,0,0,,,-1.00,-1.00,-1.00,-1.00,-1.00,-1.00
2022-12-10T08:38:09Z,"0002cc01000003e9","2250bf07f1fd39dc050f11147661d2483af000000000000000ffffffffffffffffffffffff",3.62,,0.32,17,20.46,28.21,100167.00,0.00,0,0,0,0,,,-1.00,-1.00,-1.00,-1.00,-1.00,-1.00
2022-12-10T08:44:05Z,"0002cc01000003e9","2250bf0955fd39dc051f11147461cc48470c00000000000000ffffffffffffffffffffffff",3.62,,0.32,17,20.45,28.23,100141.00,12.00,0,0,0,0,,,-1.00,-1.00,-1.00,-1.00,-1.00,-1.00
2022-12-10T08:50:01Z,"0002cc01000003e9","2250bf0ab9fd39d3050f11147161ce4855f000000000000000ffffffffffffffffffffffff",3.61,,0.32,17,20.44,28.25,100149.00,0.00,0,0,0,0,,,-1.00,-1.00,-1.00,-1.00,-1.00,-1.00
2022-12-10T08:55:57Z,"0002cc01000003e9","2250bf0c1dfd39e4051711147161d54855f000000000000000ffffffffffffffffffffffff",3.62,,0.32,17,20.44,28.25,100178.00,0.00,0,0,0,0,,,-1.00,-1.00,-1.00,-1.00,-1.00,-1.00
2022-12-10T09:01:53Z,"0002cc01000003e9","2250bf0d81fd39e4050f11146961d048450800000000000000ffffffffffffffffffffffff",3.62,,0.32,17,20.41,28.23,100159.00,2.00,0,0,0,0,,,-1.00,-1.00,-1.00,-1.00,-1.00,-1.00
2022-12-10T09:07:49Z,"0002cc01000003e9","2250bf0ee5fd39e4051711146761c9483ef000000000000000ffffffffffffffffffffffff",3.62,,0.32,17,20.40,28.22,100130.00,0.00,0,0,0,0,,,-1.00,-1.00,-1.00,-1.00,-1.00,-1.00
2022-12-10T09:13:46Z,"0002cc01000003e9","2250bf104afd39d3050f11146261c8484b0a00000000000000ffffffffffffffffffffffff",3.61,,0.32,17,20.38,28.24,100125.00,40.00,0,0,0,0,,,-1.00,-1.00,-1.00,-1.00,-1.00,-1.00
2022-12-10T09:19:42Z,"0002cc01000003e9","2250bf11aefd39dc050f11145d61c84858f000000000000000ffffffffffffffffffffffff",3.62,,0.32,17,20.36,28.26,100127.00,0.00,0,0,0,0,,,-1.00,-1.00,-1.00,-1.00,-1.00,-1.00
2022-12-10T09:25:38Z,"0002cc01000003e9","2250bf1312fd39e4050f11145d61ce48590800000000000000ffffffffffffffffffffffff",3.62,,0.32,17,20.36,28.26,100150.00,1.00,0,0,0,0,,,-1.00,-1.00,-1.00,-1.00,-1.00,-1.00
2022-12-10T09:31:34Z,"0002cc01000003e9","2250bf1476fd39dc051f11145f61c8484bf000000000000000ffffffffffffffffffffffff",3.62,,0.32,17,20.37,28.24,100124.00,0.00,0,0,0,0,,,-1.00,-1.00,-1.00,-1.00,-1.00,-1.00
2022-12-10T09:37:30Z,"0002cc01000003e9","2250bf15dafd39dc050f11145f61ce4844f000000000000000ffffffffffffffffffffffff",3.62,,0.32,17,20.37,28.23,100148.00,0.00,0,0,0,0,,,-1.00,-1.00,-1.00,-1.00,-1.00,-1.00
2022-12-10T09:43:26Z,"0002cc01000003e9","2250bf173efd39e4050f11145f61d048280900000000000000ffffffffffffffffffffffff",3.62,,0.32,17,20.37,28.19,100157.00,18.00,0,0,0,0,,,-1.00,-1.00,-1.00,-1.00,-1.00,-1.00
2022-12-10T09:49:22Z,"0002cc01000003e9","2250bf18a2fd39dc050f11145d61cf4827f000000000000000ffffffffffffffffffffffff",3.62,,0.32,17,20.36,28.19,100152.00,0.00,0,0,0,0,,,-1.00,-1.00,-1.00,-1.00,-1.00,-1.00
2022-12-10T09:55:18Z,"0002cc01000003e9","2250bf1a06fd39dc050f11145d61d24835f000000000000000ffffffffffffffffffffffff",3.62,,0.32,17,20.36,28.21,100167.00,0.00,0,0,0,0,,,-1.00,-1.00,-1.00,-1.00,-1.00,-1.00
2022-12-10T10:01:14Z,"0002cc01000003e9","2250bf1b6afd39d3051711145861d04826f000000000000000ffffffffffffffffffffffff",3.61,,0.32,17,20.34,28.18,100156.00,0.00,0,0,0,0,,,-1.00,-1.00,-1.00,-1.00,-1.00,-1.00
2022-12-10T10:07:10Z,"0002cc01000003e9","2250bf1ccefd39dc051711145861ce4834f000000000000000ffffffffffffffffffffffff",3.62,,0.32,17,20.34,28.21,100150.00,0.00,0,0,0,0,,,-1.00,-1.00,-1.00,-1.00,-1.00,-1.00
2022-12-10T10:13:06Z,"0002cc01000003e9","2250bf1e32fd39d3050f11145561ca483b0900000000000000ffffffffffffffffffffffff",3.61,,0.32,17,20.33,28.22,100133.00,18.00,0,0,0,0,,,-1.00,-1.00,-1.00,-1.00,-1.00,-1.00
2022-12-10T10:19:02Z,"0002cc01000003e9","2250bf1f96fd39dc050f11145061c348420c00000000000000ffffffffffffffffffffffff",3.62,,0.32,17,20.31,28.23,100106.00,6.00,0,0,0,0,,,-1.00,-1.00,-1.00,-1.00,-1.00,-1.00
2022-12-10T10:24:58Z,"0002cc01000003e9","2250bf20fafd39d3050f11145061c54865f000000000000000ffffffffffffffffffffffff",3.61,,0.32,17,20.31,28.28,100115.00,0.00,0,0,0,0,,,-1.00,-1.00,-1.00,-1.00,-1.00,-1.00
2022-12-10T10:30:54Z,"0002cc01000003e9","2250bf225efd39dc050f11144d61c94872f000000000000000ffffffffffffffffffffffff",3.62,,0.32,17,20.30,28.30,100128.00,0.00,0,0,0,0,,,-1.00,-1.00,-1.00,-1.00,-1.00,-1.00
2022-12-10T10:36:50Z,"0002cc01000003e9","2250bf23c2fd39dc050f11144b61c848790e00000000000000ffffffffffffffffffffffff",3.62,,0.32,17,20.29,28.31,100126.00,14.00,0,0,0,0,,,-1.00,-1.00,-1.00,-1.00,-1.00,-1.00
2022-12-10T10:42:46Z,"0002cc01000003e9","2250bf2526fd39dc050f11144b61d14872f000000000000000ffffffffffffffffffffffff",3.62,,0.32,17,20.29,28.30,100162.00,0.00,0,0,0,0,,,-1.00,-1.00,-1.00,-1.00,-1.00,-1.00
2022-12-10T10:48:42Z,"0002cc01000003e9","2250bf268afd39dc050f11144661cf48690e00000000000000ffffffffffffffffffffffff",3.62,,0.32,17,20.27,28.29,100155.00,7.00,0,0,0,0,,,-1.00,-1.00,-1.00,-1.00,-1.00,-1.00
2022-12-10T10:54:38Z,"0002cc01000003e9","2250bf27eefd39dc050f11144361cc4870f000000000000000ffffffffffffffffffffffff",3.62,,0.32,17,20.26,28.30,100143.00,0.00,0,0,0,0,,,-1.00,-1.00,-1.00,-1.00,-1.00,-1.00
2022-12-10T11:00:34Z,"0002cc01000003e9","2250bf2952fd39dc050f11144161cb48770c00000000000000ffffffffffffffffffffffff",3.62,,0.32,17,20.25,28.31,100139.00,6.00,0,0,0,0,,,-1.00,-1.00,-1.00,-1.00,-1.00,-1.00
2022-12-10T11:06:30Z,"0002cc01000003e9","2250bf2ab6fd39dc051711143e61d64885f000000000000000ffffffffffffffffffffffff",3.62,,0.32,17,20.24,28.33,100180.00,0.00,0,0,0,0,,,-1.00,-1.00,-1.00,-1.00,-1.00,-1.00
2022-12-10T11:12:26Z,"0002cc01000003e9","2250bf2c1afd39d3050f11143e61d648840800000000000000ffffffffffffffffffffffff",3.61,,0.32,17,20.24,28.33,100183.00,8.00,0,0,0,0,,,-1.00,-1.00,-1.00,-1.00,-1.00,-1.00
2022-12-10T11:18:22Z,"0002cc01000003e9","2250bf2d7efd39d3050f11143b61d948a00a00000000000000ffffffffffffffffffffffff",3.61,,0.32,17,20.23,28.37,100195.00,5.00,0,0,0,0,,,-1.00,-1.00,-1.00,-1.00,-1.00,-1.00
2022-12-10T11:24:19Z,"0002cc01000003e9","2250bf2ee3fd39dc050f11143b61d948a70900000000000000ffffffffffffffffffffffff",3.62,,0.32,17,20.23,28.38,100192.00,9.00,0,0,0,0,,,-1.00,-1.00,-1.00,-1.00,-1.00,-1.00
2022-12-10T11:30:15Z,"0002cc01000003e9","2250bf3047fd39dc051711143b61d748c30c00000000000000ffffffffffffffffffffffff",3.62,,0.32,17,20.23,28.42,100186.00,3.00,0,0,0,0,,,-1.00,-1.00,-1.00,-1.00,-1.00,-1.00
2022-12-10T11:36:11Z,"0002cc01000003e9","2250bf31abfd39cf051711144661d848d3f000000000000000ffffffffffffffffffffffff",3.61,,0.32,17,20.27,28.45,100189.00,0.00,0,0,0,0,,,-1.00,-1.00,-1.00,-1.00,-1.00,-1.00
2022-12-10T11:42:07Z,"0002cc01000003e9","2250bf330ffd39dc050f11145861d948c80800000000000000ffffffffffffffffffffffff",3.62,,0.32,17,20.34,28.43,100192.00,32.00,0,0,0,0,,,-1.00,-1.00,-1.00,-1.00,-1.00,-1.00
2022-12-10T11:48:03Z,"0002cc01000003e9","2250bf3473fd39d3050f11146961d948b60a00000000000000ffffffffffffffffffffffff",3.61,,0.32,17,20.41,28.40,100194.00,5.00,0,0,0,0,,,-1.00,-1.00,-1.00,-1.00,-1.00,-1.00
2022-12-10T11:53:59Z,"0002cc01000003e9","2250bf35d7fd39dc050f11147961d948a4f000000000000000ffffffffffffffffffffffff",3.62,,0.32,17,20.47,28.37,100195.00,0.00,0,0,0,0,,,-1.00,-1.00,-1.00,-1.00,-1.00,-1.00
2022-12-10T11:59:55Z,"0002cc01000003e9","2250bf373bfd39dc050f11148661d948820d00000000000000ffffffffffffffffffffffff",3.62,,0.32,17,20.52,28.32,100194.00,13.00,0,0,0,0,,,-1.00,-1.00,-1.00,-1.00,-1.00,-1.00
2022-12-10T12:05:51Z,"0002cc01000003e9","2250bf389ffd39d3050f11148d61e24867f000000000000000ffffffffffffffffffffffff",3.61,,0.32,17,20.55,28.28,100229.00,0.00,0,0,0,0,,,-1.00,-1.00,-1.00,-1.00,-1.00,-1.00
2022-12-10T12:11:47Z,"0002cc01000003e9","2250bf3a03fd39dc050f11149261e84861f000000000000000ffffffffffffffffffffffff",3.62,,0.32,17,20.57,28.27,100254.00,0.00,0,0,0,0,,,-1.00,-1.00,-1.00,-1.00,-1.00,-1.00
2022-12-10T12:17:43Z,"0002cc01000003e9","2250bf3b67fd39dc050f11149261e34845f000000000000000ffffffffffffffffffffffff",3.62,,0.32,17,20.57,28.23,100233.00,0.00,0,0,0,0,,,-1.00,-1.00,-1.00,-1.00,-1.00,-1.00
2022-12-10T12:23:39Z,"0002cc01000003e9","2250bf3ccbfd39dc050f11148861e34875f000000000000000ffffffffffffffffffffffff",3.62,,0.32,17,20.53,28.30,100235.00,0.00,0,0,0,0,,,-1.00,-1.00,-1.00,-1.00,-1.00,-1.00
2022-12-10T12:29:35Z,"0002cc01000003e9","2250bf3e2ffd39dc050f11148661e24890f000000000000000ffffffffffffffffffffffff",3.62,,0.32,17,20.52,28.35,100230.00,0.00,0,0,0,0,,,-1.00,-1.00,-1.00,-1.00,-1.00,-1.00
2022-12-10T12:35:31Z,"0002cc01000003e9","2250bf3f93fd39dc051711148161e048a4f000000000000000ffffffffffffffffffffffff",3.62,,0.32,17,20.50,28.38,100223.00,0.00,0,0,0,0,,,-1.00,-1.00,-1.00,-1.00,-1.00,-1.00
2022-12-10T12:41:27Z,"0002cc01000003e9","2250bf40f7fd39dc050f11148161e04890f000000000000000ffffffffffffffffffffffff",3.62,,0.32,17,20.50,28.34,100221.00,0.00,0,0,0,0,,,-1.00,-1.00,-1.00,-1.00,-1.00,-1.00
2022-12-10T12:47:23Z,"0002cc01000003e9","2250bf425bfd39dc050f11147e61dd4888f000000000000000ffffffffffffffffffffffff",3.62,,0.32,17,20.49,28.33,100210.00,0.00,0,0,0,0,,,-1.00,-1.00,-1.00,-1.00,-1.00,-1.00
2022-12-10T12:53:19Z,"0002cc01000003e9","2250bf43bffd39dc050f11147961dc48800b00000000000000ffffffffffffffffffffffff",3.62,,0.32,17,20.47,28.32,100207.00,11.00,0,0,0,0,,,-1.00,-1.00,-1.00,-1.00,-1.00,-1.00
2022-12-10T12:59:15Z,"0002cc01000003e9","2250bf4523fd39cb051711147461dc488df000000000000000ffffffffffffffffffffffff",3.61,,0.32,17,20.45,28.34,100205.00,0.00,0,0,0,0,,,-1.00,-1.00,-1.00,-1.00,-1.00,-1.00
2022-12-10T13:05:11Z,"0002cc01000003e9","2250bf4687fd39dc050f11147461de489bf000000000000000ffffffffffffffffffffffff",3.62,,0.32,17,20.45,28.36,100214.00,0.00,0,0,0,0,,,-1.00,-1.00,-1.00,-1.00,-1.00,-1.00
2022-12-10T13:11:07Z,"0002cc01000003e9","2250bf47ebfd39dc050f11147461da489bf000000000000000ffffffffffffffffffffffff",3.62,,0.32,17,20.45,28.36,100196.00,0.00,0,0,0,0,,,-1.00,-1.00,-1.00,-1.00,-1.00,-1.00
2022-12-10T13:17:03Z,"0002cc01000003e9","2250bf494ffd39dc050f11147461d548a2f000000000000000ffffffffffffffffffffffff",3.62,,0.32,17,20.45,28.37,100177.00,0.00,0,0,0,0,,,-1.00,-1.00,-1.00,-1.00,-1.00,-1.00
2022-12-10T13:22:59Z,"0002cc01000003e9","2250bf4ab3fd39dc050f11147461d348a90f80000000000000ffffffffffffffffffffffff",3.62,,0.32,17,20.45,28.38,100171.00,31.00,0,0,0,0,,,-1.00,-1.00,-1.00,-1.00,-1.00,-1.00
2022-12-10T13:28:55Z,"0002cc01000003e9","2250bf4c17fd39dc051f11147161d348e10c00000000000000ffffffffffffffffffffffff",3.62,,0.32,17,20.44,28.47,100170.00,3.00,0,0,0,0,,,-1.00,-1.00,-1.00,-1.00,-1.00,-1.00
2022-12-10T13:34:52Z,"0002cc01000003e9","2250bf4d7cfd39cb050f11147161d34912f000000000000000ffffffffffffffffffffffff",3.61,,0.32,17,20.44,28.54,100169.00,0.00,0,0,0,0,,,-1.00,-1.00,-1.00,-1.00,-1.00,-1.00
2022-12-10T13:40:48Z,"0002cc01000003e9","2250bf4ee0fd39dc050f11147161d749190840000000000000ffffffffffffffffffffffff",3.62,,0.32,17,20.44,28.55,100186.00,33.00,0,0,0,0,,,-1.00,-1.00,-1.00,-1.00,-1.00,-1.00
2022-12-10T13:46:44Z,"0002cc01000003e9","2250bf5044fd39d8051711147161d849200c00000000000000ffffffffffffffffffffffff",3.62,,0.32,17,20.44,28.57,100188.00,3.00,0,0,0,0,,,-1.00,-1.00,-1.00,-1.00,-1.00,-1.00
2022-12-10T13:52:40Z,"0002cc01000003e9","2250bf51a8fd39dc050f11147161d949200980000000000000ffffffffffffffffffffffff",3.62,,0.32,17,20.44,28.57,100193.00,19.00,0,0,0,0,,,-1.00,-1.00,-1.00,-1.00,-1.00,-1.00
2022-12-10T13:58:36Z,"0002cc01000003e9","2250bf530cfd39dc050f11147161db492ef000000000000000ffffffffffffffffffffffff",3.62,,0.32,17,20.44,28.59,100202.00,0.00,0,0,0,0,,,-1.00,-1.00,-1.00,-1.00,-1.00,-1.00
2022-12-10T14:04:32Z,"0002cc01000003e9","2250bf5470fd39d3050f11147161da493df000000000000000ffffffffffffffffffffffff",3.61,,0.32,17,20.44,28.61,100197.00,0.00,0,0,0,0,,,-1.00,-1.00,-1.00,-1.00,-1.00,-1.00
2022-12-10T14:10:28Z,"0002cc01000003e9","2250bf55d4fd39dc051711147161da493df000000000000000ffffffffffffffffffffffff",3.62,,0.32,17,20.44,28.61,100197.00,0.00,0,0,0,0,,,-1.00,-1.00,-1.00,-1.00,-1.00,-1.00
2022-12-10T14:16:24Z,"0002cc01000003e9","2250bf5738fd39dc050f11146f61d5493c0e00000000000000ffffffffffffffffffffffff",3.62,,0.32,17,20.43,28.61,100178.00,14.00,0,0,0,0,,,-1.00,-1.00,-1.00,-1.00,-1.00,-1.00
2022-12-10T14:22:20Z,"0002cc01000003e9","2250bf589cfd39cb050f11147161d3493d0c00000000000000ffffffffffffffffffffffff",3.61,,0.32,17,20.44,28.61,100169.00,6.00,0,0,0,0,,,-1.00,-1.00,-1.00,-1.00,-1.00,-1.00
2022-12-10T14:28:16Z,"0002cc01000003e9","2250bf5a00fd39d3050f11146f61d2494a0c00000000000000ffffffffffffffffffffffff",3.61,,0.32,17,20.43,28.63,100165.00,12.00,0,0,0,0,,,-1.00,-1.00,-1.00,-1.00,-1.00,-1.00
2022-12-10T14:34:12Z,"0002cc01000003e9","2250bf5b64fd39d8050f11146c61cf49650800000000000000ffffffffffffffffffffffff",3.62,,0.32,17,20.42,28.67,100154.00,2.00,0,0,0,0,,,-1.00,-1.00,-1.00,-1.00,-1.00,-1.00
2022-12-10T14:40:08Z,"0002cc01000003e9","2250bf5cc8fd39dc050f11146c61ca49ab0800000000000000ffffffffffffffffffffffff",3.62,,0.32,17,20.42,28.78,100135.00,2.00,0,0,0,0,,,-1.00,-1.00,-1.00,-1.00,-1.00,-1.00
2022-12-10T14:46:04Z,"0002cc01000003e9","2250bf5e2cfd39dc051f11146c61c749fff000000000000000ffffffffffffffffffffffff",3.62,,0.32,17,20.42,28.91,100120.00,0.00,0,0,0,0,,,-1.00,-1.00,-1.00,-1.00,-1.00,-1.00
2022-12-10T14:52:00Z,"0002cc01000003e9","2250bf5f90fd39d8051711146961c34a300800000000000000ffffffffffffffffffffffff",3.62,,0.32,17,20.41,28.98,100104.00,2.00,0,0,0,0,,,-1.00,-1.00,-1.00,-1.00,-1.00,-1.00
2022-12-10T14:57:56Z,"0002cc01000003e9","2250bf60f4fd39dc050f11146761be4a530900000000000000ffffffffffffffffffffffff",3.62,,0.32,17,20.40,29.03,100086.00,9.00,0,0,0,0,,,-1.00,-1.00,-1.00,-1.00,-1.00,-1.00
2022-12-10T15:03:52Z,"0002cc01000003e9","2250bf6258fd39d3050f11146761b84a7df000000000000000ffffffffffffffffffffffff",3.61,,0.32,17,20.40,29.10,100061.00,0.00,0,0,0,0,,,-1.00,-1.00,-1.00,-1.00,-1.00,-114628.24
2022-12-10T15:09:48Z,"0002cc01000003e9","2250bf63bcfd39d3051711146961c04abdf000000000000000ffffffffffffffffffffffff",3.61,,0.32,17,20.41,29.19,100093.00,0.00,0,0,0,0,,,-1.00,-1.00,-1.00,-1.00,-1.00,-1.00
2022-12-10T15:15:44Z,"0002cc01000003e9","2250bf6520fd39d8050f11146c61c94b03f000000000000000ffffffffffffffffffffffff",3.62,,0.32,17,20.42,29.30,100129.00,0.00,0,0,0,0,,,-1.00,-1.00,-1.00,-1.00,-1.00,-114631.29
2022-12-10T15:21:40Z,"0002cc01000003e9","2250bf6684fd39d8050f11146c61c84b260d00000000000000ffffffffffffffffffffffff",3.62,,0.32,17,20.42,29.36,100125.00,13.00,0,0,0,0,,,-1.00,-1.00,-1.00,-1.00,-1.00,-1.00
2022-12-10T15:27:37Z,"0002cc01000003e9","2250bf67e9fd39cb050f11146c61ce4b500c00000000000000ffffffffffffffffffffffff",3.61,,0.32,17,20.42,29.42,100149.00,3.00,0,0,0,0,,,-1.00,-1.00,-1.00,-1.00,-1.00,-1.00
2022-12-10T15:33:32Z,"0002cc01000003e9","2250bf694cfd39d3050f11146c61c34b65f000000000000000ffffffffffffffffffffffff",3.61,,0.32,17,20.42,29.45,100105.00,0.00,0,0,0,0,,,-1.00,-1.00,-1.00,-1.00,-1.00,-1.00
2022-12-10T15:39:28Z,"0002cc01000003e9","2250bf6ab0fd39d3050f11146c61be4b5ef000000000000000ffffffffffffffffffffffff",3.61,,0.32,17,20.42,29.44,100087.00,0.00,0,0,0,0,,,-1.00,-1.00,-1.00,-1.00,-1.00,-1.00
2022-12-10T15:45:25Z,"0002cc01000003e9","2250bf6c15fd39dc050f11146c61bd4b6b0a80000000000000ffffffffffffffffffffffff",3.62,,0.32,17,20.42,29.46,100080.00,42.00,0,0,0,0,,,-1.00,-1.00,-1.00,-1.00,-1.00,-1.00
2022-12-10T15:51:21Z,"0002cc01000003e9","2250bf6d79fd39d8050f11146c61bc4b870880000000000000ffffffffffffffffffffffff",3.62,,0.32,17,20.42,29.50,100079.00,17.00,0,0,0,0,,,-1.00,-1.00,-1.00,-1.00,-1.00,-1.00
2022-12-10T15:57:17Z,"0002cc01000003e9","2250bf6eddfd39cb051711146f61be4b7a0c00000000000000ffffffffffffffffffffffff",3.61,,0.32,17,20.43,29.48,100086.00,24.00,0,0,0,0,,,-1.00,-1.00,-1.00,-1.00,-1.00,-1.00
2022-12-10T16:03:13Z,"0002cc01000003e9","2250bf7041fd39d8050f11147161c24b6df000000000000000ffffffffffffffffffffffff",3.62,,0.32,17,20.44,29.46,100102.00,0.00,0,0,0,0,,,-1.00,-1.00,-1.00,-1.00,-1.00,-1.00
2022-12-10T16:09:09Z,"0002cc01000003e9","2250bf71a5fd39d8050f11147161c14b66f000000000000000ffffffffffffffffffffffff",3.62,,0.32,17,20.44,29.45,100098.00,0.00,0,0,0,0,,,-1.00,-1.00,-1.00,-1.00,-1.00,-1.00
2022-12-10T16:15:05Z,"0002cc01000003e9","2250bf7309fd39cb050f11147461c04b66f000000000000000ffffffffffffffffffffffff",3.61,,0.32,17,20.45,29.45,100092.00,0.00,0,0,0,0,,,-1.00,-1.00,-1.00,-1.00,-1.00,-1.00
2022-12-10T16:21:01Z,"0002cc01000003e9","2250bf746dfd39d8050f11147661c44b7c0980000000000000ffffffffffffffffffffffff",3.62,,0.32,17,20.46,29.49,100109.00,19.00,0,0,0,0,,,-1.00,-1.00,-1.00,-1.00,-1.00,-1.00
2022-12-10T16:26:57Z,"0002cc01000003e9","2250bf75d1fd39cb050f11147661c94b8a0d80000000000000ffffffffffffffffffffffff",3.61,,0.32,17,20.46,29.51,100129.00,27.00,0,0,0,0,,,-1.00,-1.00,-1.00,-1.00,-1.00,-1.00
2022-12-10T16:32:53Z,"0002cc01000003e9","2250bf7735fd39cb050f11147961ca4bbb0e00000000000000ffffffffffffffffffffffff",3.61,,0.32,17,20.47,29.58,100133.00,14.00,0,0,0,0,,,-1.00,-1.00,-1.00,-1.00,-1.00,-1.00
2022-12-10T16:38:49Z,"0002cc01000003e9","2250bf7899fd39cb050f11147b61cc4bd70d80000000000000ffffffffffffffffffffffff",3.61,,0.32,17,20.48,29.63,100141.00,27.00,0,0,0,0,,,-1.00,-1.00,-1.00,-1.00,-1.00,-1.00
2022-12-10T16:44:45Z,"0002cc01000003e9","2250bf79fdfd39d8050f11147b61ce4c02f000000000000000ffffffffffffffffffffffff",3.62,,0.32,17,20.48,29.69,100150.00,0.00,0,0,0,0,,,-1.00,-1.00,-1.00,-1.00,-1.00,-1.00
2022-12-10T16:50:41Z,"0002cc01000003e9","2250bf7b61fd39d8050f11147b61cd4c170d00000000000000ffffffffffffffffffffffff",3.62,,0.32,17,20.48,29.72,100147.00,13.00,0,0,0,0,,,-1.00,-1.00,-1.00,-1.00,-1.00,-1.00
2022-12-10T16:56:37Z,"0002cc01000003e9","2250bf7cc5fd39d8050f11147b61d14c3a0a00000000000000ffffffffffffffffffffffff",3.62,,0.32,17,20.48,29.78,100163.00,5.00,0,0,0,0,,,-1.00,-1.00,-1.00,-1.00,-1.00,-1.00
2022-12-10T17:02:33Z,"0002cc01000003e9","2250bf7e29fd39d8050f11147b61d24c3a0d00000000000000ffffffffffffffffffffffff",3.62,,0.32,17,20.48,29.78,100164.00,13.00,0,0,0,0,,,-1.00,-1.00,-1.00,-1.00,-1.00,-1.00
2022-12-10T17:08:29Z,"0002cc01000003e9","2250bf7f8dfd39cb050f11147b61d44c4f0b00000000000000ffffffffffffffffffffffff",3.61,,0.32,17,20.48,29.81,100175.00,22.00,0,0,0,0,,,-1.00,-1.00,-1.00,-1.00,-1.00,-1.00
2022-12-10T17:14:25Z,"0002cc01000003e9","2250bf80f1fd39d8050f11147b61d84c550d00000000000000ffffffffffffffffffffffff",3.62,,0.32,17,20.48,29.82,100190.00,13.00,0,0,0,0,,,-1.00,-1.00,-1.00,-1.00,-1.00,-1.00
2022-12-10T17:20:21Z,"0002cc01000003e9","2250bf8255fd39d8050f11147e61da4c64f000000000000000ffffffffffffffffffffffff",3.62,,0.32,17,20.49,29.84,100197.00,0.00,0,0,0,0,,,-1.00,-1.00,-1.00,-1.00,-1.00,-1.00
2022-12-10T17:26:18Z,"0002cc01000003e9","2250bf83bafd39d8051f11147b61d54c6bf000000000000000ffffffffffffffffffffffff",3.62,,0.32,17,20.48,29.85,100179.00,0.00,0,0,0,0,,,-1.00,-1.00,-1.00,-1.00,-1.00,-1.00
2022-12-10T17:32:13Z,"0002cc01000003e9","2250bf851dfd39d8051711147b61d44c64f000000000000000ffffffffffffffffffffffff",3.62,,0.32,17,20.48,29.84,100174.00,0.00,0,0,0,0,,,-1.00,-1.00,-1.00,-1.00,-1.00,-1.00
2022-12-10T17:38:10Z,"0002cc01000003e9","2250bf8682fd39d8050f11147b61d44c5df000000000000000ffffffffffffffffffffffff",3.62,,0.32,17,20.48,29.83,100172.00,0.00,0,0,0,0,,,-1.00,-1.00,-1.00,-1.00,-1.00,-1.00
2022-12-10T17:44:06Z,"0002cc01000003e9","2250bf87e6fd39d8050f11147b61ce4c64f000000000000000ffffffffffffffffffffffff",3.62,,0.32,17,20.48,29.84,100149.00,0.00,0,0,0,0,,,-1.00,-1.00,-1.00,-1.00,-1.00,-1.00
2022-12-10T17:50:02Z,"0002cc01000003e9","2250bf894afd39d8051711147b61cc4c8008c0000000000000ffffffffffffffffffffffff",3.62,,0.32,17,20.48,29.88,100143.00,35.00,0,0,0,0,,,-1.00,-1.00,-1.00,-1.00,-1.00,-1.00
2022-12-10T17:55:58Z,"0002cc01000003e9","2250bf8aaefd39d8050f11147b61c84c950e00000000000000ffffffffffffffffffffffff",3.62,,0.32,17,20.48,29.92,100126.00,14.00,0,0,0,0,,,-1.00,-1.00,-1.00,-1.00,-1.00,-1.00
2022-12-10T18:01:54Z,"0002cc01000003e9","2250bf8c12fd39d8050f11147b61c54c8ef000000000000000ffffffffffffffffffffffff",3.62,,0.32,17,20.48,29.90,100114.00,0.00,0,0,0,0,,,-1.00,-1.00,-1.00,-1.00,-1.00,-1.00
2022-12-10T18:07:50Z,"0002cc01000003e9","2250bf8d76fd39d8050f11147b61c34caa0c00000000000000ffffffffffffffffffffffff",3.62,,0.32,17,20.48,29.95,100107.00,6.00,0,0,0,0,,,-1.00,-1.00,-1.00,-1.00,-1.00,-1.00
2022-12-10T18:13:46Z,"0002cc01000003e9","2250bf8edafd39d8050f11147961be4ca2f000000000000000ffffffffffffffffffffffff",3.62,,0.32,17,20.47,29.94,100087.00,0.00,0,0,0,0,,,-1.00,-1.00,-1.00,-1.00,-1.00,-1.00
2022-12-10T18:19:42Z,"0002cc01000003e9","2250bf903efd39d8050f11147961b84cc50c80000000000000ffffffffffffffffffffffff",3.62,,0.32,17,20.47,29.99,100061.00,25.00,0,0,0,0,,,-1.00,-1.00,-1.00,-1.00,-1.00,-1.00
2022-12-10T18:25:38Z,"0002cc01000003e9","2250bf91a2fd39d8050f11147961b34cdb0d00000000000000ffffffffffffffffffffffff",3.62,,0.32,17,20.47,30.02,100040.00,13.00,0,0,0,0,,,-1.00,-1.00,-1.00,-1.00,-1.00,-1.00
2022-12-10T18:31:34Z,"0002cc01000003e9","2250bf9306fd39d8050f11147961b34cef0ac0000000000000ffffffffffffffffffffffff",3.62,,0.32,17,20.47,30.05,100040.00,43.00,0,0,0,0,,,-1.00,-1.00,-1.00,-1.00,-1.00,-1.00
2022-12-10T18:37:30Z,"0002cc01000003e9","2250bf946afd39cb050f11147661af4d120b80000000000000ffffffffffffffffffffffff",3.61,,0.32,17,20.46,30.11,100027.00,23.00,0,0,0,0,,,-1.00,-1.00,-1.00,-1.00,-1.00,-1.00
2022-12-10T18:43:26Z,"0002cc01000003e9","2250bf95cefd39dc050f11147461ae4d270a00000000000000ffffffffffffffffffffffff",3.62,,0.32,17,20.45,30.14,100020.00,20.00,0,0,0,0,,,-1.00,-1.00,-1.00,-1.00,-1.00,-1.00
2022-12-10T18:49:22Z,"0002cc01000003e9","2250bf9732fd39d8050f11147461ab4d3c0900000000000000ffffffffffffffffffffffff",3.62,,0.32,17,20.45,30.17,100010.00,18.00,0,0,0,0,,,-1.00,-1.00,-1.00,-1.00,-1.00,-1.00
2022-12-10T18:55:18Z,"0002cc01000003e9","2250bf9896fd39cb050f11147461ac4d66f000000000000000ffffffffffffffffffffffff",3.61,,0.32,17,20.45,30.23,100015.00,0.00,0,0,0,0,,,-1.00,-1.00,-1.00,-1.00,-1.00,-1.00
2022-12-10T19:01:14Z,"0002cc01000003e9","2250bf99fafd39d8050f11147461ac4d660ac0000000000000ffffffffffffffffffffffff",3.62,,0.32,17,20.45,30.23,100013.00,43.00,0,0,0,0,,,-1.00,-1.00,-1.00,-1.00,-1.00,-1.00
2022-12-10T19:07:10Z,"0002cc01000003e9","2250bf9b5efd39d8050f11147661ae4d6d0b00000000000000ffffffffffffffffffffffff",3.62,,0.32,17,20.46,30.25,100022.00,11.00,0,0,0,0,,,-1.00,-1.00,-1.00,-1.00,-1.00,-1.00
2022-12-10T19:13:07Z,"0002cc01000003e9","2250bf9cc3fd39cb050f11147661af4d900d00000000000000ffffffffffffffffffffffff",3.61,,0.32,17,20.46,30.30,100027.00,13.00,0,0,0,0,,,-1.00,-1.00,-1.00,-1.00,-1.00,-1.00
2022-12-10T19:19:02Z,"0002cc01000003e9","2250bf9e26fd39d8050f11147961ae4d830c00000000000000ffffffffffffffffffffffff",3.62,,0.32,17,20.47,30.28,100022.00,24.00,0,0,0,0,,,-1.00,-1.00,-1.00,-1.00,-1.00,-1.00
2022-12-10T19:24:59Z,"0002cc01000003e9","2250bf9f8bfd39d8050f11147961b44d900c00000000000000ffffffffffffffffffffffff",3.62,,0.32,17,20.47,30.30,100044.00,6.00,0,0,0,0,,,-1.00,-1.00,-1.00,-1.00,-1.00,-1.00
2022-12-10T19:30:55Z,"0002cc01000003e9","2250bfa0effd39d8050f11147b61b44da60b00000000000000ffffffffffffffffffffffff",3.62,,0.32,17,20.48,30.33,100044.00,11.00,0,0,0,0,,,-1.00,-1.00,-1.00,-1.00,-1.00,-1.00
2022-12-10T19:36:51Z,"0002cc01000003e9","2250bfa253fd39d8051711147961b14db40c00000000000000ffffffffffffffffffffffff",3.62,,0.32,17,20.47,30.35,100033.00,6.00,0,0,0,0,,,-1.00,-1.00,-1.00,-1.00,-1.00,-1.00
2022-12-10T19:42:47Z,"0002cc01000003e9","2250bfa3b7fd39d8050f11147b61b04dc20800000000000000ffffffffffffffffffffffff",3.62,,0.32,17,20.48,30.37,100030.00,2.00,0,0,0,0,,,-1.00,-1.00,-1.00,-1.00,-1.00,-1.00
2022-12-10T19:48:43Z,"0002cc01000003e9","2250bfa51bfd39d8050f11147b61ae4dd00800000000000000ffffffffffffffffffffffff",3.62,,0.32,17,20.48,30.40,100022.00,2.00,0,0,0,0,,,-1.00,-1.00,-1.00,-1.00,-1.00,-1.00
2022-12-10T19:54:39Z,"0002cc01000003e9","2250bfa67ffd39cb050f11147b61ad4decf000000000000000ffffffffffffffffffffffff",3.61,,0.32,17,20.48,30.44,100018.00,0.00,0,0,0,0,,,-1.00,-1.00,-1.00,-1.00,-1.00,-1.00
2022-12-10T20:00:35Z,"0002cc01000003e9","2250bfa7e3fd39cf051711147961ab4e5c0b00000000000000ffffffffffffffffffffffff",3.61,,0.32,17,20.47,30.61,100011.00,11.00,0,0,0,0,,,-1.00,-1.00,-1.00,-1.00,-1.00,-1.00
2022-12-10T20:06:31Z,"0002cc01000003e9","2250bfa947fd39c7050f11147961a94e7f0800000000000000ffffffffffffffffffffffff",3.61,,0.32,17,20.47,30.66,100002.00,16.00,0,0,0,0,,,-1.00,-1.00,-1.00,-1.00,-1.00,-1.00
2022-12-10T20:12:27Z,"0002cc01000003e9","2250bfaaabfd39cb050f11147661a74ea20900000000000000ffffffffffffffffffffffff",3.61,,0.32,17,20.46,30.72,99993.00,9.00,0,0,0,0,,,-1.00,-1.00,-1.00,-1.00,-1.00,-1.00
2022-12-10T20:18:23Z,"0002cc01000003e9","2250bfac0ffd39cf051711147961a64eda0800000000000000ffffffffffffffffffffffff",3.61,,0.32,17,20.47,30.80,99990.00,16.00,0,0,0,0,,,-1.00,-1.00,-1.00,-1.00,-1.00,-1.00
2022-12-10T20:24:19Z,"0002cc01000003e9","2250bfad73fd39d8050f11147e61a74f28f000000000000000ffffffffffffffffffffffff",3.62,,0.32,17,20.49,30.92,99993.00,0.00,0,0,0,0,,,-1.00,-1.00,-1.00,-1.00,-1.00,-1.00
2022-12-10T20:30:15Z,"0002cc01000003e9","2250bfaed7fd39c7050f11147b61a54f200900000000000000ffffffffffffffffffffffff",3.61,,0.32,17,20.48,30.91,99985.00,9.00,0,0,0,0,,,-1.00,-1.00,-1.00,-1.00,-1.00,-1.00
2022-12-10T20:36:11Z,"0002cc01000003e9","2250bfb03bfd39cb050f11147961a54f740e80000000000000ffffffffffffffffffffffff",3.61,,0.32,17,20.47,31.04,99984.00,29.00,0,0,0,0,,,-1.00,-1.00,-1.00,-1.00,-1.00,-1.00
2022-12-10T20:42:07Z,"0002cc01000003e9","2250bfb19ffd39cb050f11147961a64fb30b00000000000000ffffffffffffffffffffffff",3.61,,0.32,17,20.47,31.13,99988.00,11.00,0,0,0,0,,,-1.00,-1.00,-1.00,-1.00,-1.00,-1.00
2022-12-10T20:48:03Z,"0002cc01000003e9","2250bfb303fd39cf050f11147961a750000e80000000000000ffffffffffffffffffffffff",3.61,,0.32,17,20.47,31.25,99994.00,29.00,0,0,0,0,,,-1.00,-1.00,-1.00,-1.00,-1.00,-1.00
2022-12-10T20:53:59Z,"0002cc01000003e9","2250bfb467fd39cf050f11147961a650320800000000000000ffffffffffffffffffffffff",3.61,,0.32,17,20.47,31.33,99991.00,1.00,0,0,0,0,,,-1.00,-1.00,-1.00,-1.00,-1.00,-1.00
2022-12-10T20:59:56Z,"0002cc01000003e9","2250bfb5ccfd39d8050f11147b61a850690800000000000000ffffffffffffffffffffffff",3.62,,0.32,17,20.48,31.41,99997.00,1.00,0,0,0,0,,,-1.00,-1.00,-1.00,-1.00,-1.00,-1.00
2022-12-10T21:05:51Z,"0002cc01000003e9","2250bfb72ffd39cf050f11147b61aa50b7f000000000000000ffffffffffffffffffffffff",3.61,,0.32,17,20.48,31.53,100006.00,0.00,0,0,0,0,,,-1.00,-1.00,-1.00,-1.00,-1.00,-114643.53
2022-12-10T21:11:48Z,"0002cc01000003e9","2250bfb894fd39d8050f11147b61ac50f5f000000000000000ffffffffffffffffffffffff",3.62,,0.32,17,20.48,31.62,100015.00,0.00,0,0,0,0,,,-1.00,-1.00,-1.00,-1.00,-1.00,-115314.54
2022-12-10T21:17:44Z,"0002cc01000003e9","2250bfb9f8fd39cb050f11147e61ae5119f000000000000000ffffffffffffffffffffffff",3.61,,0.32,17,20.49,31.68,100023.00,0.00,0,0,0,0,,,-1.00,-1.00,-1.00,-1.00,-1.00,-114634.35
2022-12-10T21:23:40Z,"0002cc01000003e9","2250bfbb5cfd39c7050f11147e61b15144f000000000000000ffffffffffffffffffffffff",3.61,,0.32,17,20.49,31.74,100034.00,0.00,0,0,0,0,,,-1.00,-1.00,-1.00,-1.00,-1.00,-1.00
2022-12-10T21:29:36Z,"0002cc01000003e9","2250bfbcc0fd39cf050f11148161b0516ef000000000000000ffffffffffffffffffffffff",3.61,,0.32,17,20.50,31.81,100028.00,0.00,0,0,0,0,,,-1.00,-1.00,-1.00,-1.00,-1.00,-114634.35
2022-12-10T21:35:32Z,"0002cc01000003e9","2250bfbe24fd39cf051711148661ae51def000000000000000ffffffffffffffffffffffff",3.61,,0.32,17,20.52,31.98,100022.00,0.00,0,0,0,0,,,-1.00,-1.00,-1.00,-1.00,-1.00,-1.00
2022-12-10T21:41:28Z,"0002cc01000003e9","2250bfbf88fd39cb050f11148861ae52250a00000000000000ffffffffffffffffffffffff",3.61,,0.32,17,20.53,32.09,100020.00,10.00,0,0,0,0,,,-1.00,-1.00,-1.00,-1.00,-1.00,-1.00
2022-12-10T21:47:24Z,"0002cc01000003e9","2250bfc0ecfd39d8050f11148861ae528e0800000000000000ffffffffffffffffffffffff",3.62,,0.32,17,20.53,32.25,100023.00,4.00,0,0,0,0,,,-1.00,-1.00,-1.00,-1.00,-1.00,-1.00
2022-12-10T21:53:20Z,"0002cc01000003e9","2250bfc250fd39cf050f11148861ae52fe0d00000000000000ffffffffffffffffffffffff",3.61,,0.32,17,20.53,32.42,100023.00,13.00,0,0,0,0,,,-1.00,-1.00,-1.00,-1.00,-1.00,-1.00
2022-12-10T21:59:16Z,"0002cc01000003e9","2250bfc3b4fd39c7050f11148b61af534c0c00000000000000ffffffffffffffffffffffff",3.61,,0.32,17,20.54,32.54,100024.00,12.00,0,0,0,0,,,-1.00,-1.00,-1.00,-1.00,-1.00,-1.00
2022-12-10T22:05:12Z,"0002cc01000003e9","2250bfc518fd39d8050f11148d61b053b50e00000000000000ffffffffffffffffffffffff",3.62,,0.32,17,20.55,32.70,100028.00,14.00,0,0,0,0,,,-1.00,-1.00,-1.00,-1.00,-1.00,-115308.34
2022-12-10T22:11:08Z,"0002cc01000003e9","2250bfc67cfd39cb050f11148d61b153e6f000000000000000ffffffffffffffffffffffff",3.61,,0.32,17,20.55,32.77,100033.00,0.00,0,0,0,0,,,-1.00,-1.00,-1.00,-1.00,-1.00,-115320.73
2022-12-10T22:17:04Z,"0002cc01000003e9","2250bfc7e0fd39cf050f11148d61b0544f0a00000000000000ffffffffffffffffffffffff",3.61,,0.32,17,20.55,32.93,100028.00,5.00,0,0,0,0,,,-1.00,-1.00,-1.00,-1.00,-1.00,-1.00
2022-12-10T22:23:00Z,"0002cc01000003e9","2250bfc944fd39cf050f11148b61b054720b00000000000000ffffffffffffffffffffffff",3.61,,0.32,17,20.54,32.99,100029.00,22.00,0,0,0,0,,,-1.00,-1.00,-1.00,-1.00,-1.00,-115320.73
2022-12-10T22:28:56Z,"0002cc01000003e9","2250bfcaa8fd39cf050f11148b61ae54aaf000000000000000ffffffffffffffffffffffff",3.61,,0.32,17,20.54,33.07,100022.00,0.00,0,0,0,0,,,-1.00,-1.00,-1.00,-1.00,-1.00,-1.00
2022-12-10T22:34:52Z,"0002cc01000003e9","2250bfcc0cfd39c7050f11148d61ad54a3f000000000000000ffffffffffffffffffffffff",3.61,,0.32,17,20.55,33.06,100019.00,0.00,0,0,0,0,,,-1.00,-1.00,-1.00,-1.00,-1.00,-114628.23
2022-12-10T22:40:48Z,"0002cc01000003e9","2250bfcd70fd39c7050f11148b61ab54aa0c00000000000000ffffffffffffffffffffffff",3.61,,0.32,17,20.54,33.07,100009.00,3.00,0,0,0,0,,,-1.00,-1.00,-1.00,-1.00,-1.00,-1.00
2022-12-10T22:46:44Z,"0002cc01000003e9","2250bfced4fd39c7050f11148b61ac54b1f000000000000000ffffffffffffffffffffffff",3.61,,0.32,17,20.54,33.08,100013.00,0.00,0,0,0,0,,,-1.00,-1.00,-1.00,-1.00,-1.00,-115323.82
2022-12-10T22:52:40Z,"0002cc01000003e9","2250bfd038fd39d8050f11148b61ac54d40c00000000000000ffffffffffffffffffffffff",3.62,,0.32,17,20.54,33.14,100014.00,3.00,0,0,0,0,,,-1.00,-1.00,-1.00,-1.00,-1.00,-115311.44
2022-12-10T22:58:36Z,"0002cc01000003e9","2250bfd19cfd39c7050f11148861ae54fe0a80000000000000ffffffffffffffffffffffff",3.61,,0.32,17,20.53,33.20,100021.00,21.00,0,0,0,0,,,-1.00,-1.00,-1.00,-1.00,-1.00,-1.00
2022-12-10T23:04:32Z,"0002cc01000003e9","2250bfd300fd39c7050f11148661b1553c0a00000000000000ffffffffffffffffffffffff",3.61,,0.32,17,20.52,33.29,100034.00,5.00,0,0,0,0,,,-1.00,-1.00,-1.00,-1.00,-1.00,-114625.19
2022-12-10T23:10:28Z,"0002cc01000003e9","2250bfd464fd39cf050f11148361b15565f000000000000000ffffffffffffffffffffffff",3.61,,0.32,17,20.51,33.36,100033.00,0.00,0,0,0,0,,,-1.00,-1.00,-1.00,-1.00,-1.00,-1.00
2022-12-10T23:16:24Z,"0002cc01000003e9","2250bfd5c8fd39cf050f11148161b0558ff000000000000000ffffffffffffffffffffffff",3.61,,0.32,17,20.50,33.42,100031.00,0.00,0,0,0,0,,,-1.00,-1.00,-1.00,-1.00,-1.00,-1.00
2022-12-10T23:22:21Z,"0002cc01000003e9","2250bfd72dfd39cb050f11148361b15582f000000000000000ffffffffffffffffffffffff",3.61,,0.32,17,20.51,33.40,100033.00,0.00,0,0,0,0,,,-1.00,-1.00,-1.00,-1.00,-1.00,-1.00
2022-12-10T23:28:17Z,"0002cc01000003e9","2250bfd891fd39c7050f11148661b35582f000000000000000ffffffffffffffffffffffff",3.61,,0.32,17,20.52,33.40,100043.00,0.00,0,0,0,0,,,-1.00,-1.00,-1.00,-1.00,-1.00,-1.00
2022-12-10T23:34:13Z,"0002cc01000003e9","2250bfd9f5fd39cf050f11148861b45574f000000000000000ffffffffffffffffffffffff",3.61,,0.32,17,20.53,33.38,100046.00,0.00,0,0,0,0,,,-1.00,-1.00,-1.00,-1.00,-1.00,-115314.54
2022-12-10T23:40:09Z,"0002cc01000003e9","2250bfdb59fd39cf051711148b61b8556e0c00000000000000ffffffffffffffffffffffff",3.61,,0.32,17,20.54,33.37,100062.00,6.00,0,0,0,0,,,-1.00,-1.00,-1.00,-1.00,-1.00,-1.00
2022-12-10T23:46:05Z,"0002cc01000003e9","2250bfdcbdfd39cf050f11148861bb555ff000000000000000ffffffffffffffffffffffff",3.61,,0.32,17,20.53,33.35,100072.00,0.00,0,0,0,0,,,-1.00,-1.00,-1.00,-1.00,-1.00,-114637.41
2022-12-10T23:52:01Z,"0002cc01000003e9","2250bfde21fd39c7050f11148661be5543f000000000000000ffffffffffffffffffffffff",3.61,,0.32,17,20.52,33.31,100086.00,0.00,0,0,0,0,,,-1.00,-1.00,-1.00,-1.00,-1.00,-1.00
2022-12-10T23:57:57Z,"0002cc01000003e9","2250bfdf85fd39cf050f11148361c455570800000000000000ffffffffffffffffffffffff",3.61,,0.32,17,20.51,33.34,100108.00,8.00,0,0,0,0,,,-1.00,-1.00,-1.00,-1.00,-1.00,-114634.35
