Time,DevEUI,Raw,Vbat,Vsystem,Vbus,BootCount,T,RH,P,Light,P[0].delta,P[0].total,P[1].delta,P[1].total,Act[7],Act[6],Act[5],Act[4],Act[3],Act[2],Act[1],Act[0]
2022-12-06T00:05:47Z,"0002cc01000003e9","2250b949dbfd3a15050f1115be609e497a1820000000000000ffffffffffffffffffffffff",3.63,,0.32,17,21.74,28.70,98934.00,520.00,0,0,0,0,,,-1.00,-1.00,-1.00,-1.00,-1.00,-113937.97
2022-12-06T00:11:43Z,"0002cc01000003e9","2250b94b3ffd3a11050f1115bb60a149881858000000000000ffffffffffffffffffffffff",3.63,,0.32,17,21.73,28.72,98944.00,534.00,0,0,0,0,,,-1.00,-1.00,-1.00,-1.00,-1.00,-1.00
2022-12-06T00:17:39Z,"0002cc01000003e9","2250b94ca3fd3a15050f1115bb60a149b218a4000000000000ffffffffffffffffffffffff",3.63,,0.32,17,21.73,28.79,98944.00,553.00,0,0,0,0,,,-1.00,-1.00,-1.00,-1.00,-1.00,-1.00
2022-12-06T00:23:35Z,"0002cc01000003e9","2250b94e07fd3a15050f1115b960a14a221854000000000000ffffffffffffffffffffffff",3.63,,0.32,17,21.72,28.96,98945.00,533.00,0,0,0,0,,,-1.00,-1.00,-1.00,-1.00,-1.00,-1.00
2022-12-06T00:29:31Z,"0002cc01000003e9","2250b94f6bfd3a1505171115b460a64a6e1870000000000000ffffffffffffffffffffffff",3.63,,0.32,17,21.70,29.08,98964.00,540.00,0,0,0,0,,,-1.00,-1.00,-1.00,-1.00,-1.00,-1.00
2022-12-06T00:35:28Z,"0002cc01000003e9","2250b950d0fd3a1d05171115b460aa4af41810000000000000ffffffffffffffffffffffff",3.63,,0.32,17,21.70,29.28,98980.00,516.00,0,0,0,0,,,-1.00,-1.00,-1.00,-1.00,-1.00,-1.00
2022-12-06T00:41:23Z,"0002cc01000003e9","2250b95233fd3a1505171115b160aa4b101874000000000000ffffffffffffffffffffffff",3.63,,0.32,17,21.69,29.32,98980.00,541.00,0,0,0,0,,,-1.00,-1.00,-1.00,-1.00,-1.00,-114628.24
2022-12-06T00:47:19Z,"0002cc01000003e9","2250b95397fd3a1d050f1115af60aa4b9418a4000000000000ffffffffffffffffffffffff",3.63,,0.32,17,21.68,29.52,98983.00,553.00,0,0,0,0,,,-1.00,-1.00,-1.00,-1.00,-1.00,-1.00
2022-12-06T00:53:16Z,"0002cc01000003e9","2250b954fcfd3a1d050f1115ac60a94b781860000000000000ffffffffffffffffffffffff",3.63,,0.32,17,21.67,29.48,98977.00,536.00,0,0,0,0,,,-1.00,-1.00,-1.00,-1.00,-1.00,-1.00
2022-12-06T00:59:12Z,"0002cc01000003e9","2250b95660fd3a1d05171115af60af4bb71870000000000000ffffffffffffffffffffffff",3.63,,0.32,17,21.68,29.58,99003.00,540.00,0,0,0,0,,,-1.00,-1.00,-1.00,-1.00,-1.00,-1.00
2022-12-06T01:05:08Z,"0002cc01000003e9","2250b957c4fd3a15050f1115ac60ac4c44183c000000000000ffffffffffffffffffffffff",3.63,,0.32,17,21.67,29.79,98988.00,527.00,0,0,0,0,,,-1.00,-1.00,-1.00,-1.00,-1.00,-114619.05
2022-12-06T01:11:04Z,"0002cc01000003e9","2250b95928fd3a15050f1115a760ac4c581894000000000000ffffffffffffffffffffffff",3.63,,0.32,17,21.65,29.82,98990.00,549.00,0,0,0,0,,,-1.00,-1.00,-1.00,-1.00,-1.00,-1.00
2022-12-06T01:17:00Z,"0002cc01000003e9","2250b95a8cfd3a1d05171115a960af4c8218a4000000000000ffffffffffffffffffffffff",3.63,,0.32,17,21.66,29.89,99000.00,553.00,0,0,0,0,,,-1.00,-1.00,-1.00,-1.00,-1.00,-114628.23
2022-12-06T01:22:56Z,"0002cc01000003e9","2250b95bf0fd3a1d05171115a460b44c820c00000000000000ffffffffffffffffffffffff",3.63,,0.32,17,21.64,29.89,99023.00,3.00,0,0,0,0,,,-1.00,-1.00,-1.00,-1.00,-1.00,-1.00
2022-12-06T01:28:52Z,"0002cc01000003e9","2250b95d54fd3a15050f11159260b74ce8f000000000000000ffffffffffffffffffffffff",3.63,,0.32,17,21.57,30.04,99035.00,0.00,0,0,0,0,,,-1.00,-1.00,-1.00,-1.00,-1.00,-1.00
2022-12-06T01:34:48Z,"0002cc01000003e9","2250b95eb8fd3a11050f11158660ba4d1ef000000000000000ffffffffffffffffffffffff",3.63,,0.32,17,21.52,30.12,99047.00,0.00,0,0,0,0,,,-1.00,-1.00,-1.00,-1.00,-1.00,-1.00
2022-12-06T01:40:44Z,"0002cc01000003e9","2250b9601cfd3a15050f11157960bb4d1cf000000000000000ffffffffffffffffffffffff",3.63,,0.32,17,21.47,30.12,99048.00,0.00,0,0,0,0,,,-1.00,-1.00,-1.00,-1.00,-1.00,-1.00
2022-12-06T01:46:40Z,"0002cc01000003e9","2250b96180fd3a1d050f11156f60c24d60f000000000000000ffffffffffffffffffffffff",3.63,,0.32,17,21.43,30.23,99076.00,0.00,0,0,0,0,,,-1.00,-1.00,-1.00,-1.00,-1.00,-1.00
2022-12-06T01:52:36Z,"0002cc01000003e9","2250b962e4fd3a1d050f11156460c14d900800000000000000ffffffffffffffffffffffff",3.63,,0.32,17,21.39,30.30,99075.00,16.00,0,0,0,0,,,-1.00,-1.00,-1.00,-1.00,-1.00,-1.00
2022-12-06T01:58:32Z,"0002cc01000003e9","2250b96448fd3a1d051711155d60c24dd4f000000000000000ffffffffffffffffffffffff",3.63,,0.32,17,21.36,30.40,99079.00,0.00,0,0,0,0,,,-1.00,-1.00,-1.00,-1.00,-1.00,-1.00
2022-12-06T02:04:28Z,"0002cc01000003e9","2250b965acfd3a15051711155560c94de80a00000000000000ffffffffffffffffffffffff",3.63,,0.32,17,21.33,30.43,99105.00,10.00,0,0,0,0,,,-1.00,-1.00,-1.00,-1.00,-1.00,-1.00
2022-12-06T02:10:24Z,"0002cc01000003e9","2250b96710fd3a1d051711155060cc4e0bf000000000000000ffffffffffffffffffffffff",3.63,,0.32,17,21.31,30.49,99117.00,0.00,0,0,0,0,,,-1.00,-1.00,-1.00,-1.00,-1.00,-1.00
2022-12-06T02:16:20Z,"0002cc01000003e9","2250b96874fd3a19050f11154b60c84e020840000000000000ffffffffffffffffffffffff",3.63,,0.32,17,21.29,30.47,99100.00,33.00,0,0,0,0,,,-1.00,-1.00,-1.00,-1.00,-1.00,-1.00
2022-12-06T02:22:16Z,"0002cc01000003e9","2250b969d8fd3a1d051711154660cc4e480c00000000000000ffffffffffffffffffffffff",3.63,,0.32,17,21.27,30.58,99116.00,6.00,0,0,0,0,,,-1.00,-1.00,-1.00,-1.00,-1.00,-1.00
2022-12-06T02:28:12Z,"0002cc01000003e9","2250b96b3cfd3a15051711154160cc4e860980000000000000ffffffffffffffffffffffff",3.63,,0.32,17,21.25,30.67,99116.00,19.00,0,0,0,0,,,-1.00,-1.00,-1.00,-1.00,-1.00,-1.00
2022-12-06T02:34:08Z,"0002cc01000003e9","2250b96ca0fd3a1d051711153b60cd4e770c00000000000000ffffffffffffffffffffffff",3.63,,0.32,17,21.23,30.65,99121.00,3.00,0,0,0,0,,,-1.00,-1.00,-1.00,-1.00,-1.00,-1.00
2022-12-06T02:40:04Z,"0002cc01000003e9","2250b96e04fd3a15051711153660ca4e8b0f00000000000000ffffffffffffffffffffffff",3.63,,0.32,17,21.21,30.68,99109.00,15.00,0,0,0,0,,,-1.00,-1.00,-1.00,-1.00,-1.00,-1.00
2022-12-06T02:46:00Z,"0002cc01000003e9","2250b96f68fd3a1d050f11153460cb4e990e00000000000000ffffffffffffffffffffffff",3.63,,0.32,17,21.20,30.70,99114.00,7.00,0,0,0,0,,,-1.00,-1.00,-1.00,-1.00,-1.00,-1.00
2022-12-06T02:51:56Z,"0002cc01000003e9","2250b970ccfd3a15051711152f60d34ec2f000000000000000ffffffffffffffffffffffff",3.63,,0.32,17,21.18,30.77,99147.00,0.00,0,0,0,0,,,-1.00,-1.00,-1.00,-1.00,-1.00,-1.00
2022-12-06T02:57:53Z,"0002cc01000003e9","2250b97231fd3a15051711152960d04eddf000000000000000ffffffffffffffffffffffff",3.63,,0.32,17,21.16,30.81,99135.00,0.00,0,0,0,0,,,-1.00,-1.00,-1.00,-1.00,-1.00,-1.00
2022-12-06T03:03:49Z,"0002cc01000003e9","2250b97395fd3a15051711152460ce4eff0e00000000000000ffffffffffffffffffffffff",3.63,,0.32,17,21.14,30.86,99126.00,14.00,0,0,0,0,,,-1.00,-1.00,-1.00,-1.00,-1.00,-1.00
2022-12-06T03:09:45Z,"0002cc01000003e9","2250b974f9fd3a1d051711151f60ca4f0c0d00000000000000ffffffffffffffffffffffff",3.63,,0.32,17,21.12,30.88,99109.00,13.00,0,0,0,0,,,-1.00,-1.00,-1.00,-1.00,-1.00,-1.00
2022-12-06T03:15:41Z,"0002cc01000003e9","2250b9765dfd3a1d051711151a60cb4f210900000000000000ffffffffffffffffffffffff",3.63,,0.32,17,21.10,30.91,99115.00,18.00,0,0,0,0,,,-1.00,-1.00,-1.00,-1.00,-1.00,-1.00
2022-12-06T03:21:37Z,"0002cc01000003e9","2250b977c1fd3a15051711151560ca4f74f000000000000000ffffffffffffffffffffffff",3.63,,0.32,17,21.08,31.04,99109.00,0.00,0,0,0,0,,,-1.00,-1.00,-1.00,-1.00,-1.00,-1.00
2022-12-06T03:27:33Z,"0002cc01000003e9","2250b97925fd3a1d051711151260ce4f6cf000000000000000ffffffffffffffffffffffff",3.63,,0.32,17,21.07,31.03,99127.00,0.00,0,0,0,0,,,-1.00,-1.00,-1.00,-1.00,-1.00,-1.00
2022-12-06T03:33:29Z,"0002cc01000003e9","2250b97a89fd3a15051711150d60cf4f9cf000000000000000ffffffffffffffffffffffff",3.63,,0.32,17,21.05,31.10,99131.00,0.00,0,0,0,0,,,-1.00,-1.00,-1.00,-1.00,-1.00,-1.00
2022-12-06T03:39:25Z,"0002cc01000003e9","2250b97bedfd3a1d051711150860cd4fcc0880000000000000ffffffffffffffffffffffff",3.63,,0.32,17,21.03,31.17,99123.00,17.00,0,0,0,0,,,-1.00,-1.00,-1.00,-1.00,-1.00,-1.00
2022-12-06T03:45:21Z,"0002cc01000003e9","2250b97d51fd3a15050f11150360cf4fe1f000000000000000ffffffffffffffffffffffff",3.63,,0.32,17,21.01,31.20,99128.00,0.00,0,0,0,0,,,-1.00,-1.00,-1.00,-1.00,-1.00,-1.00
2022-12-06T03:51:17Z,"0002cc01000003e9","2250b97eb5fd3a1d051711150160d14feef000000000000000ffffffffffffffffffffffff",3.63,,0.32,17,21.00,31.22,99138.00,0.00,0,0,0,0,,,-1.00,-1.00,-1.00,-1.00,-1.00,-1.00
2022-12-06T03:57:13Z,"0002cc01000003e9","2250b98019fd3a1d05171114fb60d650100d00000000000000ffffffffffffffffffffffff",3.63,,0.32,17,20.98,31.28,99157.00,26.00,0,0,0,0,,,-1.00,-1.00,-1.00,-1.00,-1.00,-1.00
2022-12-06T04:03:09Z,"0002cc01000003e9","2250b9817dfd3a1d05171114fb60d45009f000000000000000ffffffffffffffffffffffff",3.63,,0.32,17,20.98,31.26,99150.00,0.00,0,0,0,0,,,-1.00,-1.00,-1.00,-1.00,-1.00,-1.00
2022-12-06T04:09:05Z,"0002cc01000003e9","2250b982e1fd3a1d05171114f960d250020b00000000000000ffffffffffffffffffffffff",3.63,,0.32,17,20.97,31.25,99143.00,11.00,0,0,0,0,,,-1.00,-1.00,-1.00,-1.00,-1.00,-1.00
2022-12-06T04:15:01Z,"0002cc01000003e9","2250b98445fd3a1505171114f660d550020b00000000000000ffffffffffffffffffffffff",3.63,,0.32,17,20.96,31.25,99152.00,11.00,0,0,0,0,,,-1.00,-1.00,-1.00,-1.00,-1.00,-1.00
2022-12-06T04:20:57Z,"0002cc01000003e9","2250b985a9fd3a2505171114ef60d64ff90a00000000000000ffffffffffffffffffffffff",3.63,,0.32,17,20.93,31.24,99159.00,5.00,0,0,0,0,,,-1.00,-1.00,-1.00,-1.00,-1.00,-1.00
2022-12-06T04:26:53Z,"0002cc01000003e9","2250b9870dfd3a1505171114e760d04fcef000000000000000ffffffffffffffffffffffff",3.63,,0.32,17,20.90,31.17,99134.00,0.00,0,0,0,0,,,-1.00,-1.00,-1.00,-1.00,-1.00,-1.00
2022-12-06T04:32:49Z,"0002cc01000003e9","2250b98871fd3a1d051f1114e260ce4fcdf000000000000000ffffffffffffffffffffffff",3.63,,0.32,17,20.88,31.17,99124.00,0.00,0,0,0,0,,,-1.00,-1.00,-1.00,-1.00,-1.00,-1.00
2022-12-06T04:38:45Z,"0002cc01000003e9","2250b989d5fd3a1505171114e260cf4f80f000000000000000ffffffffffffffffffffffff",3.63,,0.32,17,20.88,31.05,99130.00,0.00,0,0,0,0,,,-1.00,-1.00,-1.00,-1.00,-1.00,-1.00
2022-12-06T04:44:41Z,"0002cc01000003e9","2250b98b39fd3a1905231114dd60d24fb70c00000000000000ffffffffffffffffffffffff",3.63,,0.32,17,20.86,31.14,99140.00,12.00,0,0,0,0,,,-1.00,-1.00,-1.00,-1.00,-1.00,-1.00
2022-12-06T04:50:37Z,"0002cc01000003e9","2250b98c9dfd3a1505171114d860d34fcb0800000000000000ffffffffffffffffffffffff",3.63,,0.32,17,20.84,31.17,99144.00,1.00,0,0,0,0,,,-1.00,-1.00,-1.00,-1.00,-1.00,-1.00
2022-12-06T04:56:33Z,"0002cc01000003e9","2250b98e01fd3a1d05171114d560d44fb5f000000000000000ffffffffffffffffffffffff",3.63,,0.32,17,20.83,31.14,99149.00,0.00,0,0,0,0,,,-1.00,-1.00,-1.00,-1.00,-1.00,-1.00
2022-12-06T05:02:29Z,"0002cc01000003e9","2250b98f65fd3a1d05171114d860d74f8c0e00000000000000ffffffffffffffffffffffff",3.63,,0.32,17,20.84,31.07,99161.00,14.00,0,0,0,0,,,-1.00,-1.00,-1.00,-1.00,-1.00,-1.00
2022-12-06T05:08:25Z,"0002cc01000003e9","2250b990c9fd3a1d050f1114d560da4fa0f000000000000000ffffffffffffffffffffffff",3.63,,0.32,17,20.83,31.10,99173.00,0.00,0,0,0,0,,,-1.00,-1.00,-1.00,-1.00,-1.00,-1.00
2022-12-06T05:14:21Z,"0002cc01000003e9","2250b9922dfd3a1905171114d260d44f8bf000000000000000ffffffffffffffffffffffff",3.63,,0.32,17,20.82,31.07,99149.00,0.00,0,0,0,0,,,-1.00,-1.00,-1.00,-1.00,-1.00,-1.00
2022-12-06T05:20:17Z,"0002cc01000003e9","2250b99391fd3a1905171114d060d34fadf000000000000000ffffffffffffffffffffffff",3.63,,0.32,17,20.81,31.12,99146.00,0.00,0,0,0,0,,,-1.00,-1.00,-1.00,-1.00,-1.00,-1.00
2022-12-06T05:26:14Z,"0002cc01000003e9","2250b994f6fd3a1d05171114cb60d64ffaf000000000000000ffffffffffffffffffffffff",3.63,,0.32,17,20.79,31.24,99157.00,0.00,0,0,0,0,,,-1.00,-1.00,-1.00,-1.00,-1.00,-1.00
2022-12-06T05:32:10Z,"0002cc01000003e9","2250b9965afd3a1d05171114cb60db5008f000000000000000ffffffffffffffffffffffff",3.63,,0.32,17,20.79,31.26,99179.00,0.00,0,0,0,0,,,-1.00,-1.00,-1.00,-1.00,-1.00,-1.00
2022-12-06T05:38:06Z,"0002cc01000003e9","2250b997befd3a1905171114c860db50540b80000000000000ffffffffffffffffffffffff",3.63,,0.32,17,20.78,31.38,99178.00,23.00,0,0,0,0,,,-1.00,-1.00,-1.00,-1.00,-1.00,-1.00
2022-12-06T05:44:02Z,"0002cc01000003e9","2250b99922fd3a1505171114c660da50620d00000000000000ffffffffffffffffffffffff",3.63,,0.32,17,20.77,31.40,99172.00,13.00,0,0,0,0,,,-1.00,-1.00,-1.00,-1.00,-1.00,-1.00
2022-12-06T05:49:58Z,"0002cc01000003e9","2250b99a86fd3a1d05171114c160dd50920a00000000000000ffffffffffffffffffffffff",3.63,,0.32,17,20.75,31.47,99184.00,5.00,0,0,0,0,,,-1.00,-1.00,-1.00,-1.00,-1.00,-1.00
2022-12-06T05:55:54Z,"0002cc01000003e9","2250b99beafd3a0d05171114be60df50adf000000000000000ffffffffffffffffffffffff",3.63,,0.32,17,20.74,31.51,99195.00,0.00,0,0,0,0,,,-1.00,-1.00,-1.00,-1.00,-1.00,-1.00
2022-12-06T06:01:50Z,"0002cc01000003e9","2250b99d4efd3a1505171114b960de510ff000000000000000ffffffffffffffffffffffff",3.63,,0.32,17,20.72,31.66,99191.00,0.00,0,0,0,0,,,-1.00,-1.00,-1.00,-1.00,-1.00,-1.00
2022-12-06T06:07:46Z,"0002cc01000003e9","2250b99eb2fd3a1d051f1114b460dd51310d00000000000000ffffffffffffffffffffffff",3.63,,0.32,17,20.70,31.72,99185.00,13.00,0,0,0,0,,,-1.00,-1.00,-1.00,-1.00,-1.00,-1.00
2022-12-06T06:13:42Z,"0002cc01000003e9","2250b9a016fd3a1d05171114b160dc516ff000000000000000ffffffffffffffffffffffff",3.63,,0.32,17,20.69,31.81,99180.00,0.00,0,0,0,0,,,-1.00,-1.00,-1.00,-1.00,-1.00,-1.00
2022-12-06T06:19:38Z,"0002cc01000003e9","2250b9a17afd3a1d05171114af60d951a00e00000000000000ffffffffffffffffffffffff",3.63,,0.32,17,20.68,31.88,99169.00,7.00,0,0,0,0,,,-1.00,-1.00,-1.00,-1.00,-1.00,-1.00
2022-12-06T06:25:34Z,"0002cc01000003e9","2250b9a2defd3a0d05171114a760db51e5f000000000000000ffffffffffffffffffffffff",3.63,,0.32,17,20.65,31.99,99177.00,0.00,0,0,0,0,,,-1.00,-1.00,-1.00,-1.00,-1.00,-1.00
2022-12-06T06:31:30Z,"0002cc01000003e9","2250b9a442fd3a0d05171114a760da5207f000000000000000ffffffffffffffffffffffff",3.63,,0.32,17,20.65,32.04,99172.00,0.00,0,0,0,0,,,-1.00,-1.00,-1.00,-1.00,-1.00,-1.00
2022-12-06T06:37:26Z,"0002cc01000003e9","2250b9a5a6fd3a1d05171114a260de52370c00000000000000ffffffffffffffffffffffff",3.63,,0.32,17,20.63,32.12,99188.00,6.00,0,0,0,0,,,-1.00,-1.00,-1.00,-1.00,-1.00,-1.00
2022-12-06T06:43:22Z,"0002cc01000003e9","2250b9a70afd3a1505171114a260de52770d00000000000000ffffffffffffffffffffffff",3.63,,0.32,17,20.63,32.21,99190.00,26.00,0,0,0,0,,,-1.00,-1.00,-1.00,-1.00,-1.00,-1.00
2022-12-06T06:49:18Z,"0002cc01000003e9","2250b9a86efd3a15051711149f60dc52cb0800000000000000ffffffffffffffffffffffff",3.63,,0.32,17,20.62,32.34,99181.00,4.00,0,0,0,0,,,-1.00,-1.00,-1.00,-1.00,-1.00,-1.00
2022-12-06T06:55:14Z,"0002cc01000003e9","2250b9a9d2fd3a19051711149d60dd52ed0800000000000000ffffffffffffffffffffffff",3.63,,0.32,17,20.61,32.39,99185.00,2.00,0,0,0,0,,,-1.00,-1.00,-1.00,-1.00,-1.00,-1.00
2022-12-06T07:01:10Z,"0002cc01000003e9","2250b9ab36fd3a1d051711149a60dd53170800000000000000ffffffffffffffffffffffff",3.63,,0.32,17,20.60,32.46,99185.00,16.00,0,0,0,0,,,-1.00,-1.00,-1.00,-1.00,-1.00,-1.00
2022-12-06T07:07:06Z,"0002cc01000003e9","2250b9ac9afd3a1d051711149a60dc5325f000000000000000ffffffffffffffffffffffff",3.63,,0.32,17,20.60,32.48,99183.00,0.00,0,0,0,0,,,-1.00,-1.00,-1.00,-1.00,-1.00,-1.00
2022-12-06T07:13:02Z,"0002cc01000003e9","2250b9adfefd3a1d051f11149a60dc53720800000000000000ffffffffffffffffffffffff",3.63,,0.32,17,20.60,32.60,99180.00,16.00,0,0,0,0,,,-1.00,-1.00,-1.00,-1.00,-1.00,-1.00
2022-12-06T07:18:58Z,"0002cc01000003e9","2250b9af62fd3a0d051711149560da538d0b00000000000000ffffffffffffffffffffffff",3.63,,0.32,17,20.58,32.64,99175.00,11.00,0,0,0,0,,,-1.00,-1.00,-1.00,-1.00,-1.00,-1.00
2022-12-06T07:24:54Z,"0002cc01000003e9","2250b9b0c6fd3a1d051f11149260da53e7f000000000000000ffffffffffffffffffffffff",3.63,,0.32,17,20.57,32.78,99173.00,0.00,0,0,0,0,,,-1.00,-1.00,-1.00,-1.00,-1.00,-1.00
2022-12-06T07:30:50Z,"0002cc01000003e9","2250b9b22afd3a15051711148d60da54170800000000000000ffffffffffffffffffffffff",3.63,,0.32,17,20.55,32.85,99173.00,4.00,0,0,0,0,,,-1.00,-1.00,-1.00,-1.00,-1.00,-1.00
2022-12-06T07:36:47Z,"0002cc01000003e9","2250b9b38ffd3a19051711148d60d954480c00000000000000ffffffffffffffffffffffff",3.63,,0.32,17,20.55,32.92,99169.00,6.00,0,0,0,0,,,-1.00,-1.00,-1.00,-1.00,-1.00,-1.00
2022-12-06T07:42:43Z,"0002cc01000003e9","2250b9b4f3fd3a19051711148d60db54aa0d00000000000000ffffffffffffffffffffffff",3.63,,0.32,17,20.55,33.07,99177.00,13.00,0,0,0,0,,,-1.00,-1.00,-1.00,-1.00,-1.00,-1.00
2022-12-06T07:48:39Z,"0002cc01000003e9","2250b9b657fd3a19051711148b60da54ccf000000000000000ffffffffffffffffffffffff",3.63,,0.32,17,20.54,33.13,99175.00,0.00,0,0,0,0,,,-1.00,-1.00,-1.00,-1.00,-1.00,-1.00
2022-12-06T07:54:35Z,"0002cc01000003e9","2250b9b7bbfd3a19051711148b60da54e2f000000000000000ffffffffffffffffffffffff",3.63,,0.32,17,20.54,33.16,99174.00,0.00,0,0,0,0,,,-1.00,-1.00,-1.00,-1.00,-1.00,-1.00
2022-12-06T08:00:31Z,"0002cc01000003e9","2250b9b91ffd3a19052311148860d95520f000000000000000ffffffffffffffffffffffff",3.63,,0.32,17,20.53,33.25,99170.00,0.00,0,0,0,0,,,-1.00,-1.00,-1.00,-1.00,-1.00,-1.00
2022-12-06T08:06:27Z,"0002cc01000003e9","2250b9ba83fd3a0d051711148860da552e0e00000000000000ffffffffffffffffffffffff",3.63,,0.32,17,20.53,33.27,99172.00,7.00,0,0,0,0,,,-1.00,-1.00,-1.00,-1.00,-1.00,-1.00
2022-12-06T08:12:23Z,"0002cc01000003e9","2250b9bbe7fd3a19051711148860da553c0c00000000000000ffffffffffffffffffffffff",3.63,,0.32,17,20.53,33.30,99172.00,24.00,0,0,0,0,,,-1.00,-1.00,-1.00,-1.00,-1.00,-1.00
2022-12-06T08:18:19Z,"0002cc01000003e9","2250b9bd4bfd3a11051711148860dc55270e00000000000000ffffffffffffffffffffffff",3.63,,0.32,17,20.53,33.26,99180.00,14.00,0,0,0,0,,,-1.00,-1.00,-1.00,-1.00,-1.00,-1.00
2022-12-06T08:24:15Z,"0002cc01000003e9","2250b9beaffd3a19051711148660dd55270e00000000000000ffffffffffffffffffffffff",3.63,,0.32,17,20.52,33.26,99184.00,7.00,0,0,0,0,,,-1.00,-1.00,-1.00,-1.00,-1.00,-1.00
2022-12-06T08:30:11Z,"0002cc01000003e9","2250b9c013fd3a19051711148660df550b0c00000000000000ffffffffffffffffffffffff",3.63,,0.32,17,20.52,33.22,99194.00,3.00,0,0,0,0,,,-1.00,-1.00,-1.00,-1.00,-1.00,-1.00
2022-12-06T08:36:07Z,"0002cc01000003e9","2250b9c177fd3a1d051711148360df54d9f000000000000000ffffffffffffffffffffffff",3.63,,0.32,17,20.51,33.14,99195.00,0.00,0,0,0,0,,,-1.00,-1.00,-1.00,-1.00,-1.00,-1.00
2022-12-06T08:42:03Z,"0002cc01000003e9","2250b9c2dbfd3a19051711148360e154bd0c00000000000000ffffffffffffffffffffffff",3.63,,0.32,17,20.51,33.10,99200.00,3.00,0,0,0,0,,,-1.00,-1.00,-1.00,-1.00,-1.00,-1.00
2022-12-06T08:47:59Z,"0002cc01000003e9","2250b9c43ffd3a1d051711148160e054af0c00000000000000ffffffffffffffffffffffff",3.63,,0.32,17,20.50,33.08,99198.00,3.00,0,0,0,0,,,-1.00,-1.00,-1.00,-1.00,-1.00,-1.00
2022-12-06T08:53:55Z,"0002cc01000003e9","2250b9c5a3fd3a19051711148160e354b60800000000000000ffffffffffffffffffffffff",3.63,,0.32,17,20.50,33.09,99209.00,2.00,0,0,0,0,,,-1.00,-1.00,-1.00,-1.00,-1.00,-1.00
2022-12-06T08:59:51Z,"0002cc01000003e9","2250b9c707fd3a19051711147e60e554ed0800000000000000ffffffffffffffffffffffff",3.63,,0.32,17,20.49,33.17,99217.00,1.00,0,0,0,0,,,-1.00,-1.00,-1.00,-1.00,-1.00,-1.00
2022-12-06T09:05:47Z,"0002cc01000003e9","2250b9c86bfd3a19052311147960e7552b0e00000000000000ffffffffffffffffffffffff",3.63,,0.32,17,20.47,33.27,99225.00,7.00,0,0,0,0,,,-1.00,-1.00,-1.00,-1.00,-1.00,-1.00
2022-12-06T09:11:43Z,"0002cc01000003e9","2250b9c9cffd3a19051711147660e5556a0c00000000000000ffffffffffffffffffffffff",3.63,,0.32,17,20.46,33.37,99219.00,24.00,0,0,0,0,,,-1.00,-1.00,-1.00,-1.00,-1.00,-1.00
2022-12-06T09:17:39Z,"0002cc01000003e9","2250b9cb33fd3a19051711147660e5559b0c00000000000000ffffffffffffffffffffffff",3.63,,0.32,17,20.46,33.44,99219.00,6.00,0,0,0,0,,,-1.00,-1.00,-1.00,-1.00,-1.00,-1.00
2022-12-06T09:23:35Z,"0002cc01000003e9","2250b9cc97fd3a15051711147460e655bdf000000000000000ffffffffffffffffffffffff",3.63,,0.32,17,20.45,33.49,99223.00,0.00,0,0,0,0,,,-1.00,-1.00,-1.00,-1.00,-1.00,-1.00
2022-12-06T09:29:32Z,"0002cc01000003e9","2250b9cdfcfd3a0d051711147460e855f508c0000000000000ffffffffffffffffffffffff",3.63,,0.32,17,20.45,33.58,99230.00,35.00,0,0,0,0,,,-1.00,-1.00,-1.00,-1.00,-1.00,-1.00
2022-12-06T09:35:27Z,"0002cc01000003e9","2250b9cf5ffd3a19051711147160e856570800000000000000ffffffffffffffffffffffff",3.63,,0.32,17,20.44,33.73,99230.00,16.00,0,0,0,0,,,-1.00,-1.00,-1.00,-1.00,-1.00,-1.00
2022-12-06T09:41:24Z,"0002cc01000003e9","2250b9d0c4fd3a0d052311146f60e7569cf000000000000000ffffffffffffffffffffffff",3.63,,0.32,17,20.43,33.83,99227.00,0.00,0,0,0,0,,,-1.00,-1.00,-1.00,-1.00,-1.00,-1.00
2022-12-06T09:47:20Z,"0002cc01000003e9","2250b9d228fd3a0d052311146f60e656c60800000000000000ffffffffffffffffffffffff",3.63,,0.32,17,20.43,33.90,99221.00,16.00,0,0,0,0,,,-1.00,-1.00,-1.00,-1.00,-1.00,-1.00
2022-12-06T09:53:16Z,"0002cc01000003e9","2250b9d38cfd3a1d051711146c60e756f7f000000000000000ffffffffffffffffffffffff",3.63,,0.32,17,20.42,33.97,99224.00,0.00,0,0,0,0,,,-1.00,-1.00,-1.00,-1.00,-1.00,-1.00
2022-12-06T09:59:12Z,"0002cc01000003e9","2250b9d4f0fd3a0d051711146960e557120e00000000000000ffffffffffffffffffffffff",3.63,,0.32,17,20.41,34.01,99219.00,28.00,0,0,0,0,,,-1.00,-1.00,-1.00,-1.00,-1.00,-1.00
2022-12-06T10:05:08Z,"0002cc01000003e9","2250b9d654fd3a15051711146c60e5573cf000000000000000ffffffffffffffffffffffff",3.63,,0.32,17,20.42,34.08,99217.00,0.00,0,0,0,0,,,-1.00,-1.00,-1.00,-1.00,-1.00,-1.00
2022-12-06T10:11:04Z,"0002cc01000003e9","2250b9d7b8fd3a19051711146c60e35743f000000000000000ffffffffffffffffffffffff",3.63,,0.32,17,20.42,34.09,99209.00,0.00,0,0,0,0,,,-1.00,-1.00,-1.00,-1.00,-1.00,-1.00
2022-12-06T10:17:00Z,"0002cc01000003e9","2250b9d91cfd3a19051711146960e157430800000000000000ffffffffffffffffffffffff",3.63,,0.32,17,20.41,34.09,99201.00,2.00,0,0,0,0,,,-1.00,-1.00,-1.00,-1.00,-1.00,-1.00
2022-12-06T10:22:56Z,"0002cc01000003e9","2250b9da80fd3a0d051711146760e3576cf000000000000000ffffffffffffffffffffffff",3.63,,0.32,17,20.40,34.15,99211.00,0.00,0,0,0,0,,,-1.00,-1.00,-1.00,-1.00,-1.00,-1.00
2022-12-06T10:28:52Z,"0002cc01000003e9","2250b9dbe4fd3a19051711146260e457810980000000000000ffffffffffffffffffffffff",3.63,,0.32,17,20.38,34.18,99213.00,38.00,0,0,0,0,,,-1.00,-1.00,-1.00,-1.00,-1.00,-1.00
2022-12-06T10:34:48Z,"0002cc01000003e9","2250b9dd48fd3a19051711145d60e557be0c00000000000000ffffffffffffffffffffffff",3.63,,0.32,17,20.36,34.28,99218.00,12.00,0,0,0,0,,,-1.00,-1.00,-1.00,-1.00,-1.00,-1.00
2022-12-06T10:40:44Z,"0002cc01000003e9","2250b9deacfd3a19051711145a60e857d3f000000000000000ffffffffffffffffffffffff",3.63,,0.32,17,20.35,34.31,99228.00,0.00,0,0,0,0,,,-1.00,-1.00,-1.00,-1.00,-1.00,-1.00
2022-12-06T10:46:40Z,"0002cc01000003e9","2250b9e010fd3a19051711145560e757470900000000000000ffffffffffffffffffffffff",3.63,,0.32,17,20.33,34.09,99225.00,9.00,0,0,0,0,,,-1.00,-1.00,-1.00,-1.00,-1.00,-1.00
2022-12-06T10:52:36Z,"0002cc01000003e9","2250b9e174fd3a1d051711145260ea57070900000000000000ffffffffffffffffffffffff",3.63,,0.32,17,20.32,34.00,99237.00,18.00,0,0,0,0,,,-1.00,-1.00,-1.00,-1.00,-1.00,-1.00
2022-12-06T10:58:32Z,"0002cc01000003e9","2250b9e2d8fd3a1d052311145060e756dcf000000000000000ffffffffffffffffffffffff",3.63,,0.32,17,20.31,33.93,99226.00,0.00,0,0,0,0,,,-1.00,-1.00,-1.00,-1.00,-1.00,-1.00
2022-12-06T11:04:28Z,"0002cc01000003e9","2250b9e43cfd3a0d052311145060e956d50800000000000000ffffffffffffffffffffffff",3.63,,0.32,17,20.31,33.92,99234.00,32.00,0,0,0,0,,,-1.00,-1.00,-1.00,-1.00,-1.00,-1.00
2022-12-06T11:10:24Z,"0002cc01000003e9","2250b9e5a0fd3a19051711144d60ea57300b00000000000000ffffffffffffffffffffffff",3.63,,0.32,17,20.30,34.06,99237.00,22.00,0,0,0,0,,,-1.00,-1.00,-1.00,-1.00,-1.00,-1.00
2022-12-06T11:16:20Z,"0002cc01000003e9","2250b9e704fd3a19051f11145060eb57990800000000000000ffffffffffffffffffffffff",3.63,,0.32,17,20.31,34.22,99241.00,1.00,0,0,0,0,,,-1.00,-1.00,-1.00,-1.00,-1.00,-1.00
2022-12-06T11:22:16Z,"0002cc01000003e9","2250b9e868fd3a0d051711145260ea5792f000000000000000ffffffffffffffffffffffff",3.63,,0.32,17,20.32,34.21,99239.00,0.00,0,0,0,0,,,-1.00,-1.00,-1.00,-1.00,-1.00,-1.00
2022-12-06T11:28:12Z,"0002cc01000003e9","2250b9e9ccfd3a19052311145560eb57af0c00000000000000ffffffffffffffffffffffff",3.63,,0.32,17,20.33,34.25,99240.00,6.00,0,0,0,0,,,-1.00,-1.00,-1.00,-1.00,-1.00,-1.00
2022-12-06T11:34:09Z,"0002cc01000003e9","2250b9eb31fd3a19051711146260e957950800000000000000ffffffffffffffffffffffff",3.63,,0.32,17,20.38,34.21,99234.00,16.00,0,0,0,0,,,-1.00,-1.00,-1.00,-1.00,-1.00,-1.00
2022-12-06T11:40:05Z,"0002cc01000003e9","2250b9ec95fd3a19052311147160eb5799f000000000000000ffffffffffffffffffffffff",3.63,,0.32,17,20.44,34.22,99242.00,0.00,0,0,0,0,,,-1.00,-1.00,-1.00,-1.00,-1.00,-1.00
2022-12-06T11:46:00Z,"0002cc01000003e9","2250b9edf8fd3a19051711148360eb578e0800000000000000ffffffffffffffffffffffff",3.63,,0.32,17,20.51,34.20,99240.00,2.00,0,0,0,0,,,-1.00,-1.00,-1.00,-1.00,-1.00,-1.00
2022-12-06T11:51:57Z,"0002cc01000003e9","2250b9ef5dfd3a19051711149260ed57980800000000000000ffffffffffffffffffffffff",3.63,,0.32,17,20.57,34.22,99251.00,32.00,0,0,0,0,,,-1.00,-1.00,-1.00,-1.00,-1.00,-1.00
2022-12-06T11:57:53Z,"0002cc01000003e9","2250b9f0c1fd3a19051711149a60ed57af0a00000000000000ffffffffffffffffffffffff",3.63,,0.32,17,20.60,34.25,99251.00,5.00,0,0,0,0,,,-1.00,-1.00,-1.00,-1.00,-1.00,-1.00
2022-12-06T12:03:49Z,"0002cc01000003e9","2250b9f225fd3a1905171114a260ef57e80e00000000000000ffffffffffffffffffffffff",3.63,,0.32,17,20.63,34.34,99258.00,7.00,0,0,0,0,,,-1.00,-1.00,-1.00,-1.00,-1.00,-1.00
2022-12-06T12:09:45Z,"0002cc01000003e9","2250b9f389fd3a1905171114a260ed58040e00000000000000ffffffffffffffffffffffff",3.63,,0.32,17,20.63,34.38,99250.00,14.00,0,0,0,0,,,-1.00,-1.00,-1.00,-1.00,-1.00,-1.00
2022-12-06T12:15:41Z,"0002cc01000003e9","2250b9f4edfd3a19050f11149a60f05849f000000000000000ffffffffffffffffffffffff",3.63,,0.32,17,20.60,34.49,99260.00,0.00,0,0,0,0,,,-1.00,-1.00,-1.00,-1.00,-1.00,-1.00
2022-12-06T12:21:37Z,"0002cc01000003e9","2250b9f651fd3a0d051711149a60f05850f000000000000000ffffffffffffffffffffffff",3.63,,0.32,17,20.60,34.50,99262.00,0.00,0,0,0,0,,,-1.00,-1.00,-1.00,-1.00,-1.00,-1.00
2022-12-06T12:27:33Z,"0002cc01000003e9","2250b9f7b5fd3a19052311149860f158640a00000000000000ffffffffffffffffffffffff",3.63,,0.32,17,20.59,34.53,99264.00,10.00,0,0,0,0,,,-1.00,-1.00,-1.00,-1.00,-1.00,-1.00
2022-12-06T12:33:29Z,"0002cc01000003e9","2250b9f919fd3a0d051711149a60f25850f000000000000000ffffffffffffffffffffffff",3.63,,0.32,17,20.60,34.50,99268.00,0.00,0,0,0,0,,,-1.00,-1.00,-1.00,-1.00,-1.00,-1.00
2022-12-06T12:39:25Z,"0002cc01000003e9","2250b9fa7dfd3a19052311149860f4582c0800000000000000ffffffffffffffffffffffff",3.63,,0.32,17,20.59,34.44,99276.00,4.00,0,0,0,0,,,-1.00,-1.00,-1.00,-1.00,-1.00,-1.00
2022-12-06T12:45:21Z,"0002cc01000003e9","2250b9fbe1fd3a0d051711149860f7582cf000000000000000ffffffffffffffffffffffff",3.63,,0.32,17,20.59,34.44,99291.00,0.00,0,0,0,0,,,-1.00,-1.00,-1.00,-1.00,-1.00,-1.00
2022-12-06T12:51:17Z,"0002cc01000003e9","2250b9fd45fd3a19051711149560fb58330d00000000000000ffffffffffffffffffffffff",3.63,,0.32,17,20.58,34.45,99304.00,13.00,0,0,0,0,,,-1.00,-1.00,-1.00,-1.00,-1.00,-1.00
2022-12-06T12:57:13Z,"0002cc01000003e9","2250b9fea9fd3a19051711149560fd581ef000000000000000ffffffffffffffffffffffff",3.63,,0.32,17,20.58,34.42,99313.00,0.00,0,0,0,0,,,-1.00,-1.00,-1.00,-1.00,-1.00,-1.00
2022-12-06T13:03:09Z,"0002cc01000003e9","2250ba000dfd3a19051711149560ff5817f000000000000000ffffffffffffffffffffffff",3.63,,0.32,17,20.58,34.41,99321.00,0.00,0,0,0,0,,,-1.00,-1.00,-1.00,-1.00,-1.00,-1.00
2022-12-06T13:09:05Z,"0002cc01000003e9","2250ba0171fd3a190517111495610357fb0800000000000000ffffffffffffffffffffffff",3.63,,0.32,17,20.58,34.37,99336.00,2.00,0,0,0,0,,,-1.00,-1.00,-1.00,-1.00,-1.00,-1.00
2022-12-06T13:15:01Z,"0002cc01000003e9","2250ba02d5fd3a0d0517111495610257f4f000000000000000ffffffffffffffffffffffff",3.63,,0.32,17,20.58,34.36,99335.00,0.00,0,0,0,0,,,-1.00,-1.00,-1.00,-1.00,-1.00,-1.00
2022-12-06T13:20:57Z,"0002cc01000003e9","2250ba0439fd3a190517111498610157d80d00000000000000ffffffffffffffffffffffff",3.63,,0.32,17,20.59,34.31,99330.00,26.00,0,0,0,0,,,-1.00,-1.00,-1.00,-1.00,-1.00,-1.00
2022-12-06T13:26:53Z,"0002cc01000003e9","2250ba059dfd3a190517111498610057b50b00000000000000ffffffffffffffffffffffff",3.63,,0.32,17,20.59,34.26,99327.00,11.00,0,0,0,0,,,-1.00,-1.00,-1.00,-1.00,-1.00,-1.00
2022-12-06T13:32:49Z,"0002cc01000003e9","2250ba0701fd3a19051711149860ff578b0b80000000000000ffffffffffffffffffffffff",3.63,,0.32,17,20.59,34.20,99323.00,23.00,0,0,0,0,,,-1.00,-1.00,-1.00,-1.00,-1.00,-1.00
2022-12-06T13:38:45Z,"0002cc01000003e9","2250ba0865fd3a190517111495610557a0f000000000000000ffffffffffffffffffffffff",3.63,,0.32,17,20.58,34.23,99347.00,0.00,0,0,0,0,,,-1.00,-1.00,-1.00,-1.00,-1.00,-1.00
2022-12-06T13:44:41Z,"0002cc01000003e9","2250ba09c9fd3a190517111495610857920980000000000000ffffffffffffffffffffffff",3.63,,0.32,17,20.58,34.21,99359.00,19.00,0,0,0,0,,,-1.00,-1.00,-1.00,-1.00,-1.00,-1.00
2022-12-06T13:50:38Z,"0002cc01000003e9","2250ba0b2efd3a19051711149561075775f000000000000000ffffffffffffffffffffffff",3.63,,0.32,17,20.58,34.16,99354.00,0.00,0,0,0,0,,,-1.00,-1.00,-1.00,-1.00,-1.00,-1.00
2022-12-06T13:56:34Z,"0002cc01000003e9","2250ba0c92fd3a190523111495610957750980000000000000ffffffffffffffffffffffff",3.63,,0.32,17,20.58,34.16,99363.00,19.00,0,0,0,0,,,-1.00,-1.00,-1.00,-1.00,-1.00,-1.00
2022-12-06T14:02:29Z,"0002cc01000003e9","2250ba0df5fd3a0d051711149561095768f000000000000000ffffffffffffffffffffffff",3.63,,0.32,17,20.58,34.14,99363.00,0.00,0,0,0,0,,,-1.00,-1.00,-1.00,-1.00,-1.00,-1.00
2022-12-06T14:08:25Z,"0002cc01000003e9","2250ba0f59fd3a190517111498610957450900000000000000ffffffffffffffffffffffff",3.63,,0.32,17,20.59,34.09,99363.00,9.00,0,0,0,0,,,-1.00,-1.00,-1.00,-1.00,-1.00,-1.00
2022-12-06T14:14:22Z,"0002cc01000003e9","2250ba10befd3a190523111495610d574c0d80000000000000ffffffffffffffffffffffff",3.63,,0.32,17,20.58,34.10,99377.00,27.00,0,0,0,0,,,-1.00,-1.00,-1.00,-1.00,-1.00,-1.00
2022-12-06T14:20:18Z,"0002cc01000003e9","2250ba1222fd3a190523111495610c57760f80000000000000ffffffffffffffffffffffff",3.63,,0.32,17,20.58,34.17,99375.00,31.00,0,0,0,0,,,-1.00,-1.00,-1.00,-1.00,-1.00,-1.00
2022-12-06T14:26:14Z,"0002cc01000003e9","2250ba1386fd3a190517111492610a57b50840000000000000ffffffffffffffffffffffff",3.63,,0.32,17,20.57,34.26,99366.00,33.00,0,0,0,0,,,-1.00,-1.00,-1.00,-1.00,-1.00,-1.00
2022-12-06T14:32:10Z,"0002cc01000003e9","2250ba14eafd3a190517111495610657c30b80000000000000ffffffffffffffffffffffff",3.63,,0.32,17,20.58,34.28,99349.00,23.00,0,0,0,0,,,-1.00,-1.00,-1.00,-1.00,-1.00,-1.00
2022-12-06T14:38:06Z,"0002cc01000003e9","2250ba164efd3a190517111495610857ed0f00000000000000ffffffffffffffffffffffff",3.63,,0.32,17,20.58,34.35,99358.00,30.00,0,0,0,0,,,-1.00,-1.00,-1.00,-1.00,-1.00,-1.00
2022-12-06T14:44:02Z,"0002cc01000003e9","2250ba17b2fd3a190517111498610958090d00000000000000ffffffffffffffffffffffff",3.63,,0.32,17,20.59,34.39,99361.00,26.00,0,0,0,0,,,-1.00,-1.00,-1.00,-1.00,-1.00,-114634.37
2022-12-06T14:49:58Z,"0002cc01000003e9","2250ba1916fd3a0d05171114986108582508c0000000000000ffffffffffffffffffffffff",3.63,,0.32,17,20.59,34.43,99358.00,35.00,0,0,0,0,,,-1.00,-1.00,-1.00,-1.00,-1.00,-1.00
2022-12-06T14:55:54Z,"0002cc01000003e9","2250ba1a7afd3a19051711149a610a58340980000000000000ffffffffffffffffffffffff",3.63,,0.32,17,20.60,34.46,99367.00,38.00,0,0,0,0,,,-1.00,-1.00,-1.00,-1.00,-1.00,-1.00
2022-12-06T15:01:50Z,"0002cc01000003e9","2250ba1bdefd3a19051711149d610c58260980000000000000ffffffffffffffffffffffff",3.63,,0.32,17,20.61,34.43,99372.00,19.00,0,0,0,0,,,-1.00,-1.00,-1.00,-1.00,-1.00,-1.00
2022-12-06T15:07:46Z,"0002cc01000003e9","2250ba1d42fd3a0d051711149d610a586c0f00000000000000ffffffffffffffffffffffff",3.63,,0.32,17,20.61,34.54,99366.00,30.00,0,0,0,0,,,-1.00,-1.00,-1.00,-1.00,-1.00,-1.00
2022-12-06T15:13:42Z,"0002cc01000003e9","2250ba1ea6fd3a19051711149a610e589d0980000000000000ffffffffffffffffffffffff",3.63,,0.32,17,20.60,34.62,99381.00,38.00,0,0,0,0,,,-1.00,-1.00,-1.00,-1.00,-1.00,-1.00
2022-12-06T15:19:38Z,"0002cc01000003e9","2250ba200afd3a0d051711149a611358d50b00000000000000ffffffffffffffffffffffff",3.63,,0.32,17,20.60,34.70,99403.00,22.00,0,0,0,0,,,-1.00,-1.00,-1.00,-1.00,-1.00,-1.00
2022-12-06T15:25:34Z,"0002cc01000003e9","2250ba216efd3a0d051711149d611558e30900000000000000ffffffffffffffffffffffff",3.63,,0.32,17,20.61,34.72,99411.00,36.00,0,0,0,0,,,-1.00,-1.00,-1.00,-1.00,-1.00,-1.00
2022-12-06T15:31:30Z,"0002cc01000003e9","2250ba22d2fd3a19051711149d611859000cc0000000000000ffffffffffffffffffffffff",3.63,,0.32,17,20.61,34.77,99420.00,51.00,0,0,0,0,,,-1.00,-1.00,-1.00,-1.00,-1.00,-1.00
2022-12-06T15:37:26Z,"0002cc01000003e9","2250ba2436fd3a15051711149f6118591c0e00000000000000ffffffffffffffffffffffff",3.63,,0.32,17,20.62,34.81,99422.00,28.00,0,0,0,0,,,-1.00,-1.00,-1.00,-1.00,-1.00,-1.00
2022-12-06T15:43:22Z,"0002cc01000003e9","2250ba259afd3a0d051711149f611c59230c00000000000000ffffffffffffffffffffffff",3.63,,0.32,17,20.62,34.82,99437.00,48.00,0,0,0,0,,,-1.00,-1.00,-1.00,-1.00,-1.00,-1.00
2022-12-06T15:49:19Z,"0002cc01000003e9","2250ba26fffd3a1905171114a26120594608c0000000000000ffffffffffffffffffffffff",3.63,,0.32,17,20.63,34.87,99453.00,70.00,0,0,0,0,,,-1.00,-1.00,-1.00,-1.00,-1.00,-1.00
2022-12-06T15:55:14Z,"0002cc01000003e9","2250ba2862fd3a0d05171114a4612259630980000000000000ffffffffffffffffffffffff",3.63,,0.32,17,20.64,34.92,99461.00,76.00,0,0,0,0,,,-1.00,-1.00,-1.00,-1.00,-1.00,-1.00
2022-12-06T16:01:11Z,"0002cc01000003e9","2250ba29c7fd3a1905171114a9612159950c40000000000000ffffffffffffffffffffffff",3.63,,0.32,17,20.66,34.99,99458.00,49.00,0,0,0,0,,,-1.00,-1.00,-1.00,-1.00,-1.00,-1.00
2022-12-06T16:07:07Z,"0002cc01000003e9","2250ba2b2bfd3a1505171114ac612259cd0800000000000000ffffffffffffffffffffffff",3.63,,0.32,17,20.67,35.08,99461.00,32.00,0,0,0,0,,,-1.00,-1.00,-1.00,-1.00,-1.00,-1.00
2022-12-06T16:13:03Z,"0002cc01000003e9","2250ba2c8ffd3a1505171114ac61235a210c40000000000000ffffffffffffffffffffffff",3.63,,0.32,17,20.67,35.21,99466.00,49.00,0,0,0,0,,,-1.00,-1.00,-1.00,-1.00,-1.00,-1.00
2022-12-06T16:18:59Z,"0002cc01000003e9","2250ba2df3fd3a1905231114ac61265a520a40000000000000ffffffffffffffffffffffff",3.63,,0.32,17,20.67,35.28,99476.00,41.00,0,0,0,0,,,-1.00,-1.00,-1.00,-1.00,-1.00,-1.00
2022-12-06T16:24:55Z,"0002cc01000003e9","2250ba2f57fd3a1905171114af61295aa00d80000000000000ffffffffffffffffffffffff",3.63,,0.32,17,20.68,35.40,99490.00,27.00,0,0,0,0,,,-1.00,-1.00,-1.00,-1.00,-1.00,-1.00
2022-12-06T16:30:51Z,"0002cc01000003e9","2250ba30bbfd3a1905171114b661275b3b0ff8000000000000ffffffffffffffffffffffff",3.63,,0.32,17,20.71,35.64,99481.00,511.00,0,0,0,0,,,-1.00,-1.00,-1.00,-1.00,-1.00,-1.00
2022-12-06T16:36:47Z,"0002cc01000003e9","2250ba321ffd3a0d05171114c3612a5b1418cc000000000000ffffffffffffffffffffffff",3.63,,0.32,17,20.76,35.58,99494.00,563.00,0,0,0,0,,,-1.00,-1.00,-1.00,-1.00,-1.00,-1.00
2022-12-06T16:42:43Z,"0002cc01000003e9","2250ba3383fd3a1905171114cd61285df518e4000000000000ffffffffffffffffffffffff",3.63,,0.32,17,20.80,36.70,99485.00,569.00,0,0,0,0,,,-1.00,-1.00,-1.00,-1.00,-1.00,-1.00
2022-12-06T16:48:39Z,"0002cc01000003e9","2250ba34e7fd3a19050f1114e761245e721838000000000000ffffffffffffffffffffffff",3.63,,0.32,17,20.90,36.89,99469.00,526.00,0,0,0,0,,,-1.00,-1.00,-1.00,-1.00,-1.00,-1.00
2022-12-06T16:54:35Z,"0002cc01000003e9","2250ba364bfd3a0d051711150361235eb61894000000000000ffffffffffffffffffffffff",3.63,,0.32,17,21.01,37.00,99466.00,549.00,0,0,0,0,,,-1.00,-1.00,-1.00,-1.00,-1.00,-1.00
2022-12-06T17:00:31Z,"0002cc01000003e9","2250ba37affd3a19051711151d61225e3e1824000000000000ffffffffffffffffffffffff",3.63,,0.32,17,21.11,36.81,99462.00,521.00,0,0,0,0,,,-1.00,-1.00,-1.00,-1.00,-1.00,-1.00
2022-12-06T17:06:27Z,"0002cc01000003e9","2250ba3913fd3a190517111531611e5d461850000000000000ffffffffffffffffffffffff",3.63,,0.32,17,21.19,36.44,99447.00,532.00,0,0,0,0,,,-1.00,-1.00,-1.00,-1.00,-1.00,-1.00
2022-12-06T17:12:23Z,"0002cc01000003e9","2250ba3a77fd3a0d051711152c611f5c4218b8000000000000ffffffffffffffffffffffff",3.63,,0.32,17,21.17,36.04,99451.00,558.00,0,0,0,0,,,-1.00,-1.00,-1.00,-1.00,-1.00,-114631.29
2022-12-06T17:18:19Z,"0002cc01000003e9","2250ba3bdbfd3a150517111527611f5c1618bc000000000000ffffffffffffffffffffffff",3.63,,0.32,17,21.15,35.97,99451.00,559.00,0,0,0,0,,,-1.00,-1.00,-1.00,-1.00,-1.00,-1.00
2022-12-06T17:24:15Z,"0002cc01000003e9","2250ba3d3ffd3a190517111527611f5c091850000000000000ffffffffffffffffffffffff",3.63,,0.32,17,21.15,35.95,99450.00,532.00,0,0,0,0,,,-1.00,-1.00,-1.00,-1.00,-1.00,-1.00
2022-12-06T17:30:12Z,"0002cc01000003e9","2250ba3ea4fd3a15051711152c611c5c251898000000000000ffffffffffffffffffffffff",3.63,,0.32,17,21.17,36.00,99437.00,550.00,0,0,0,0,,,-1.00,-1.00,-1.00,-1.00,-1.00,-1.00
2022-12-06T17:36:07Z,"0002cc01000003e9","2250ba4007fd3a11051f111541611d5d9618fc000000000000ffffffffffffffffffffffff",3.63,,0.32,17,21.25,36.56,99441.00,575.00,0,0,0,0,,,-1.00,-1.00,-1.00,-1.00,-1.00,-115317.63
2022-12-06T17:42:04Z,"0002cc01000003e9","2250ba416cfd3a190517111558611b5cec0a70000000000000ffffffffffffffffffffffff",3.63,,0.32,17,21.34,36.30,99432.00,334.00,0,0,0,0,,,-1.00,-1.00,-1.00,-1.00,-1.00,-1.00
2022-12-06T17:48:00Z,"0002cc01000003e9","2250ba42d0fd3a19051711156461195c2b0a38000000000000ffffffffffffffffffffffff",3.63,,0.32,17,21.39,36.00,99425.00,327.00,0,0,0,0,,,-1.00,-1.00,-1.00,-1.00,-1.00,-114619.05
2022-12-06T17:53:56Z,"0002cc01000003e9","2250ba4434fd3a09051711157461155cc70ac8000000000000ffffffffffffffffffffffff",3.63,,0.32,17,21.45,36.24,99411.00,345.00,0,0,0,0,,,-1.00,-1.00,-1.00,-1.00,-1.00,-1.00
2022-12-06T17:59:52Z,"0002cc01000003e9","2250ba4598fd3a0d050f11157e61125c0c09b0000000000000ffffffffffffffffffffffff",3.63,,0.32,17,21.49,35.96,99398.00,310.00,0,0,0,0,,,-1.00,-1.00,-1.00,-1.00,-1.00,-1.00
2022-12-06T18:05:48Z,"0002cc01000003e9","2250ba46fcfd3a19051711159061115bca0998000000000000ffffffffffffffffffffffff",3.63,,0.32,17,21.56,35.86,99395.00,307.00,0,0,0,0,,,-1.00,-1.00,-1.00,-1.00,-1.00,-1.00
2022-12-06T18:11:44Z,"0002cc01000003e9","2250ba4860fd3a0d050f11159d61135b950868000000000000ffffffffffffffffffffffff",3.63,,0.32,17,21.61,35.77,99400.00,269.00,0,0,0,0,,,-1.00,-1.00,-1.00,-1.00,-1.00,-1.00
2022-12-06T18:17:40Z,"0002cc01000003e9","2250ba49c4fd3a1905171115a4610c5b7b0908000000000000ffffffffffffffffffffffff",3.63,,0.32,17,21.64,35.73,99374.00,289.00,0,0,0,0,,,-1.00,-1.00,-1.00,-1.00,-1.00,-1.00
2022-12-06T18:23:36Z,"0002cc01000003e9","2250ba4b28fd3a0d050f1115af610f5b7509e0000000000000ffffffffffffffffffffffff",3.63,,0.32,17,21.68,35.73,99386.00,316.00,0,0,0,0,,,-1.00,-1.00,-1.00,-1.00,-1.00,-1.00
2022-12-06T18:29:32Z,"0002cc01000003e9","2250ba4c8cfd3a11050f1115b4610d5d690b68000000000000ffffffffffffffffffffffff",3.63,,0.32,17,21.70,36.49,99376.00,365.00,0,0,0,0,,,-1.00,-1.00,-1.00,-1.00,-1.00,-1.00
2022-12-06T18:35:28Z,"0002cc01000003e9","2250ba4df0fd3a11050f1115b6610d5bb50a88000000000000ffffffffffffffffffffffff",3.63,,0.32,17,21.71,35.82,99377.00,337.00,0,0,0,0,,,-1.00,-1.00,-1.00,-1.00,-1.00,-1.00
2022-12-06T18:41:24Z,"0002cc01000003e9","2250ba4f54fd3a0d050f1115af610a5b9f09e8000000000000ffffffffffffffffffffffff",3.63,,0.32,17,21.68,35.79,99366.00,317.00,0,0,0,0,,,-1.00,-1.00,-1.00,-1.00,-1.00,-1.00
2022-12-06T18:47:20Z,"0002cc01000003e9","2250ba50b8fd3a0d050f1115a7610c5bcf0960000000000000ffffffffffffffffffffffff",3.63,,0.32,17,21.65,35.86,99375.00,300.00,0,0,0,0,,,-1.00,-1.00,-1.00,-1.00,-1.00,-1.00
2022-12-06T18:53:16Z,"0002cc01000003e9","2250ba521cfd3a1905171115a461085bd50aa8000000000000ffffffffffffffffffffffff",3.63,,0.32,17,21.64,35.87,99357.00,341.00,0,0,0,0,,,-1.00,-1.00,-1.00,-1.00,-1.00,-1.00
2022-12-06T18:59:12Z,"0002cc01000003e9","2250ba5380fd3a1905171115a761085bf90a20000000000000ffffffffffffffffffffffff",3.63,,0.32,17,21.65,35.93,99357.00,324.00,0,0,0,0,,,-1.00,-1.00,-1.00,-1.00,-1.00,-1.00
2022-12-06T19:05:08Z,"0002cc01000003e9","2250ba54e4fd3a1105171115a461055c310ac8000000000000ffffffffffffffffffffffff",3.63,,0.32,17,21.64,36.01,99345.00,345.00,0,0,0,0,,,-1.00,-1.00,-1.00,-1.00,-1.00,-1.00
2022-12-06T19:11:04Z,"0002cc01000003e9","2250ba5648fd3a0505171115af61035ca30a18000000000000ffffffffffffffffffffffff",3.63,,0.32,17,21.68,36.19,99337.00,323.00,0,0,0,0,,,-1.00,-1.00,-1.00,-1.00,-1.00,-1.00
2022-12-06T19:17:00Z,"0002cc01000003e9","2250ba57acfd3a0d050f1115be61015cc209d0000000000000ffffffffffffffffffffffff",3.63,,0.32,17,21.74,36.23,99329.00,314.00,0,0,0,0,,,-1.00,-1.00,-1.00,-1.00,-1.00,-1.00
2022-12-06T19:22:56Z,"0002cc01000003e9","2250ba5910fd3a0d050f1115bb61005c7c0a98000000000000ffffffffffffffffffffffff",3.63,,0.32,17,21.73,36.13,99327.00,339.00,0,0,0,0,,,-1.00,-1.00,-1.00,-1.00,-1.00,-1.00
2022-12-06T19:28:52Z,"0002cc01000003e9","2250ba5a74fd3a1905171115b661025c900a70000000000000ffffffffffffffffffffffff",3.63,,0.32,17,21.71,36.16,99335.00,334.00,0,0,0,0,,,-1.00,-1.00,-1.00,-1.00,-1.00,-1.00
2022-12-06T19:34:48Z,"0002cc01000003e9","2250ba5bd8fd3a0d050f1115b660ff5cba0a10000000000000ffffffffffffffffffffffff",3.63,,0.32,17,21.71,36.22,99320.00,322.00,0,0,0,0,,,-1.00,-1.00,-1.00,-1.00,-1.00,-1.00
2022-12-06T19:40:45Z,"0002cc01000003e9","2250ba5d3dfd3a19051f1115b160fe5ce90aa8000000000000ffffffffffffffffffffffff",3.63,,0.32,17,21.69,36.29,99317.00,341.00,0,0,0,0,,,-1.00,-1.00,-1.00,-1.00,-1.00,-1.00
2022-12-06T19:46:41Z,"0002cc01000003e9","2250ba5ea1fd3a11050f1115b160fa5d0c0a28000000000000ffffffffffffffffffffffff",3.63,,0.32,17,21.69,36.35,99300.00,325.00,0,0,0,0,,,-1.00,-1.00,-1.00,-1.00,-1.00,-1.00
2022-12-06T19:52:37Z,"0002cc01000003e9","2250ba6005fd3a0d050f1115b160fb5d3009f8000000000000ffffffffffffffffffffffff",3.63,,0.32,17,21.69,36.40,99306.00,319.00,0,0,0,0,,,-1.00,-1.00,-1.00,-1.00,-1.00,-1.00
2022-12-06T19:58:33Z,"0002cc01000003e9","2250ba6169fd3a0d05171115b461015d4c09e0000000000000ffffffffffffffffffffffff",3.63,,0.32,17,21.70,36.44,99329.00,316.00,0,0,0,0,,,-1.00,-1.00,-1.00,-1.00,-1.00,-114631.29
2022-12-06T20:04:29Z,"0002cc01000003e9","2250ba62cdfd3a11050f1115b461035d7d0a50000000000000ffffffffffffffffffffffff",3.63,,0.32,17,21.70,36.52,99336.00,330.00,0,0,0,0,,,-1.00,-1.00,-1.00,-1.00,-1.00,-1.00
2022-12-06T20:10:25Z,"0002cc01000003e9","2250ba6431fd3a0d050f1115b160ff5d7609f8000000000000ffffffffffffffffffffffff",3.63,,0.32,17,21.69,36.51,99320.00,319.00,0,0,0,0,,,-1.00,-1.00,-1.00,-1.00,-1.00,-114619.07
2022-12-06T20:16:21Z,"0002cc01000003e9","2250ba6595fd3a19050f1115af61015d990970000000000000ffffffffffffffffffffffff",3.63,,0.32,17,21.68,36.56,99330.00,302.00,0,0,0,0,,,-1.00,-1.00,-1.00,-1.00,-1.00,-1.00
2022-12-06T20:22:17Z,"0002cc01000003e9","2250ba66f9fd3a19050f1115ac60ff5dad0a10000000000000ffffffffffffffffffffffff",3.63,,0.32,17,21.67,36.59,99320.00,322.00,0,0,0,0,,,-1.00,-1.00,-1.00,-1.00,-1.00,-1.00
2022-12-06T20:28:13Z,"0002cc01000003e9","2250ba685dfd3a19050f1115af60ff5dc30a10000000000000ffffffffffffffffffffffff",3.63,,0.32,17,21.68,36.63,99321.00,322.00,0,0,0,0,,,-1.00,-1.00,-1.00,-1.00,-1.00,-114634.35
2022-12-06T20:34:09Z,"0002cc01000003e9","2250ba69c1fd3a19050f1115b160fe5ded0a18000000000000ffffffffffffffffffffffff",3.63,,0.32,17,21.69,36.69,99318.00,323.00,0,0,0,0,,,-1.00,-1.00,-1.00,-1.00,-1.00,-1.00
2022-12-06T20:40:05Z,"0002cc01000003e9","2250ba6b25fd3a19050f1115b960fd5e3c0e28000000000000ffffffffffffffffffffffff",3.63,,0.32,17,21.72,36.81,99314.00,453.00,0,0,0,0,,,-1.00,-1.00,-1.00,-1.00,-1.00,-114631.29
2022-12-06T20:46:01Z,"0002cc01000003e9","2250ba6c89fd3a11050f1115cb60fa5e070da8000000000000ffffffffffffffffffffffff",3.63,,0.32,17,21.79,36.73,99301.00,437.00,0,0,0,0,,,-1.00,-1.00,-1.00,-1.00,-1.00,-1.00
2022-12-06T20:51:57Z,"0002cc01000003e9","2250ba6dedfd3a11050f1115cb61005e0e0e70000000000000ffffffffffffffffffffffff",3.63,,0.32,17,21.79,36.74,99324.00,462.00,0,0,0,0,,,-1.00,-1.00,-1.00,-1.00,-1.00,-1.00
2022-12-06T20:57:53Z,"0002cc01000003e9","2250ba6f51fd3a11050f1115cb61045e240d98000000000000ffffffffffffffffffffffff",3.63,,0.32,17,21.79,36.77,99341.00,435.00,0,0,0,0,,,-1.00,-1.00,-1.00,-1.00,-1.00,-1.00
2022-12-06T21:03:49Z,"0002cc01000003e9","2250ba70b5fd3a19050f1115cb61065e5c0d78000000000000ffffffffffffffffffffffff",3.63,,0.32,17,21.79,36.86,99350.00,431.00,0,0,0,0,,,-1.00,-1.00,-1.00,-1.00,-1.00,-1.00
2022-12-06T21:09:45Z,"0002cc01000003e9","2250ba7219fd3a1105171115cb61055e780d90000000000000ffffffffffffffffffffffff",3.63,,0.32,17,21.79,36.90,99346.00,434.00,0,0,0,0,,,-1.00,-1.00,-1.00,-1.00,-1.00,-1.00
2022-12-06T21:15:41Z,"0002cc01000003e9","2250ba737dfd3a19050f1115cd61095eb00d88000000000000ffffffffffffffffffffffff",3.63,,0.32,17,21.80,36.99,99361.00,433.00,0,0,0,0,,,-1.00,-1.00,-1.00,-1.00,-1.00,-1.00
2022-12-06T21:21:38Z,"0002cc01000003e9","2250ba74e2fd3a0d050f1115cd61095ed30e00000000000000ffffffffffffffffffffffff",3.63,,0.32,17,21.80,37.04,99363.00,448.00,0,0,0,0,,,-1.00,-1.00,-1.00,-1.00,-1.00,-1.00
2022-12-06T21:27:34Z,"0002cc01000003e9","2250ba7646fd3a11050f1115cb61085ef70e78000000000000ffffffffffffffffffffffff",3.63,,0.32,17,21.79,37.10,99358.00,463.00,0,0,0,0,,,-1.00,-1.00,-1.00,-1.00,-1.00,-114637.41
2022-12-06T21:33:30Z,"0002cc01000003e9","2250ba77aafd3a0d050f1115cd61075f430e08000000000000ffffffffffffffffffffffff",3.63,,0.32,17,21.80,37.21,99352.00,449.00,0,0,0,0,,,-1.00,-1.00,-1.00,-1.00,-1.00,-1.00
2022-12-06T21:39:26Z,"0002cc01000003e9","2250ba790efd3a11050f1115cd61095f7c0e68000000000000ffffffffffffffffffffffff",3.63,,0.32,17,21.80,37.30,99363.00,461.00,0,0,0,0,,,-1.00,-1.00,-1.00,-1.00,-1.00,-114637.42
2022-12-06T21:45:22Z,"0002cc01000003e9","2250ba7a72fd3a09050f1115d261095f680de0000000000000ffffffffffffffffffffffff",3.63,,0.32,17,21.82,37.27,99362.00,444.00,0,0,0,0,,,-1.00,-1.00,-1.00,-1.00,-1.00,-1.00
2022-12-06T21:51:18Z,"0002cc01000003e9","2250ba7bd6fd3a11050f1115d5610a5f700e58000000000000ffffffffffffffffffffffff",3.63,,0.32,17,21.83,37.28,99366.00,459.00,0,0,0,0,,,-1.00,-1.00,-1.00,-1.00,-1.00,-1.00
2022-12-06T21:57:14Z,"0002cc01000003e9","2250ba7d3afd3a19050f1115d8610b5f930e28000000000000ffffffffffffffffffffffff",3.63,,0.32,17,21.84,37.33,99370.00,453.00,0,0,0,0,,,-1.00,-1.00,-1.00,-1.00,-1.00,-1.00
2022-12-06T22:03:10Z,"0002cc01000003e9","2250ba7e9efd3a0d050f1115d8610d5fbd0de0000000000000ffffffffffffffffffffffff",3.63,,0.32,17,21.84,37.40,99379.00,444.00,0,0,0,0,,,-1.00,-1.00,-1.00,-1.00,-1.00,-1.00
2022-12-06T22:09:06Z,"0002cc01000003e9","2250ba8002fd3a09050f1115d8610f5fc40e68000000000000ffffffffffffffffffffffff",3.63,,0.32,17,21.84,37.41,99386.00,461.00,0,0,0,0,,,-1.00,-1.00,-1.00,-1.00,-1.00,-1.00
2022-12-06T22:15:02Z,"0002cc01000003e9","2250ba8166fd3a11050f1115d861105fe70de0000000000000ffffffffffffffffffffffff",3.63,,0.32,17,21.84,37.46,99388.00,444.00,0,0,0,0,,,-1.00,-1.00,-1.00,-1.00,-1.00,-1.00
2022-12-06T22:20:58Z,"0002cc01000003e9","2250ba82cafd3a11050f1115d5611360090d68000000000000ffffffffffffffffffffffff",3.63,,0.32,17,21.83,37.51,99402.00,429.00,0,0,0,0,,,-1.00,-1.00,-1.00,-1.00,-1.00,-114631.29
2022-12-06T22:26:54Z,"0002cc01000003e9","2250ba842efd3a11050f1115d26110601e0de8000000000000ffffffffffffffffffffffff",3.63,,0.32,17,21.82,37.55,99390.00,445.00,0,0,0,0,,,-1.00,-1.00,-1.00,-1.00,-1.00,-1.00
2022-12-06T22:32:50Z,"0002cc01000003e9","2250ba8592fd3a09050f1115d26113602c0de0000000000000ffffffffffffffffffffffff",3.63,,0.32,17,21.82,37.57,99402.00,444.00,0,0,0,0,,,-1.00,-1.00,-1.00,-1.00,-1.00,-115323.82
2022-12-06T22:38:46Z,"0002cc01000003e9","2250ba86f6fd3a19050f1115d0611360550dc0000000000000ffffffffffffffffffffffff",3.63,,0.32,17,21.81,37.63,99403.00,440.00,0,0,0,0,,,-1.00,-1.00,-1.00,-1.00,-1.00,-1.00
2022-12-06T22:44:42Z,"0002cc01000003e9","2250ba885afd3a11050f1115d0611460720ce0000000000000ffffffffffffffffffffffff",3.63,,0.32,17,21.81,37.67,99407.00,412.00,0,0,0,0,,,-1.00,-1.00,-1.00,-1.00,-1.00,-115317.63
2022-12-06T22:50:38Z,"0002cc01000003e9","2250ba89befd3a11050f1115d06115605c0d60000000000000ffffffffffffffffffffffff",3.63,,0.32,17,21.81,37.64,99411.00,428.00,0,0,0,0,,,-1.00,-1.00,-1.00,-1.00,-1.00,-114631.29
2022-12-06T22:56:34Z,"0002cc01000003e9","2250ba8b22fd3a09050f1115d2611860480d08000000000000ffffffffffffffffffffffff",3.63,,0.32,17,21.82,37.61,99420.00,417.00,0,0,0,0,,,-1.00,-1.00,-1.00,-1.00,-1.00,-1.00
2022-12-06T23:02:30Z,"0002cc01000003e9","2250ba8c86fd3a11050f1115d2611960720d20000000000000ffffffffffffffffffffffff",3.63,,0.32,17,21.82,37.67,99424.00,420.00,0,0,0,0,,,-1.00,-1.00,-1.00,-1.00,-1.00,-1.00
2022-12-06T23:08:26Z,"0002cc01000003e9","2250ba8deafd3a0d050f1115cd611860b00dd0000000000000ffffffffffffffffffffffff",3.63,,0.32,17,21.80,37.77,99422.00,442.00,0,0,0,0,,,-1.00,-1.00,-1.00,-1.00,-1.00,-1.00
2022-12-06T23:14:23Z,"0002cc01000003e9","2250ba8f4ffd3a11050f1115c8611660e70d98000000000000ffffffffffffffffffffffff",3.63,,0.32,17,21.78,37.85,99413.00,435.00,0,0,0,0,,,-1.00,-1.00,-1.00,-1.00,-1.00,-1.00
2022-12-06T23:20:19Z,"0002cc01000003e9","2250ba90b3fd3a0d050f1115c1611661090dc8000000000000ffffffffffffffffffffffff",3.63,,0.32,17,21.75,37.90,99414.00,441.00,0,0,0,0,,,-1.00,-1.00,-1.00,-1.00,-1.00,-1.00
2022-12-06T23:26:15Z,"0002cc01000003e9","2250ba9217fd3a1105171115be611761240d30000000000000ffffffffffffffffffffffff",3.63,,0.32,17,21.74,37.95,99416.00,422.00,0,0,0,0,,,-1.00,-1.00,-1.00,-1.00,-1.00,-114628.24
2022-12-06T23:32:11Z,"0002cc01000003e9","2250ba937bfd3a11050f1115b96117612a0d68000000000000ffffffffffffffffffffffff",3.63,,0.32,17,21.72,37.96,99419.00,429.00,0,0,0,0,,,-1.00,-1.00,-1.00,-1.00,-1.00,-1.00
2022-12-06T23:38:07Z,"0002cc01000003e9","2250ba94dffd3a09050f1115b96119614c0dc8000000000000ffffffffffffffffffffffff",3.63,,0.32,17,21.72,38.01,99426.00,441.00,0,0,0,0,,,-1.00,-1.00,-1.00,-1.00,-1.00,-1.00
2022-12-06T23:44:03Z,"0002cc01000003e9","2250ba9643fd3a09050f1115b6611f614c0dc0000000000000ffffffffffffffffffffffff",3.63,,0.32,17,21.71,38.01,99449.00,440.00,0,0,0,0,,,-1.00,-1.00,-1.00,-1.00,-1.00,-1.00
2022-12-06T23:49:59Z,"0002cc01000003e9","2250ba97a7fd3a09050f1115b66125615b0e50000000000000ffffffffffffffffffffffff",3.63,,0.32,17,21.71,38.03,99473.00,458.00,0,0,0,0,,,-1.00,-1.00,-1.00,-1.00,-1.00,-1.00
2022-12-06T23:55:55Z,"0002cc01000003e9","2250ba990bfd3a11050f1115b4612761830ef0000000000000ffffffffffffffffffffffff",3.63,,0.32,17,21.70,38.09,99481.00,478.00,0,0,0,0,,,-1.00,-1.00,-1.00,-1.00,-1.00,-1.00
