Time,DevEUI,Raw,Vbat,Vsystem,Vbus,BootCount,T,RH,P,Light,P[0].delta,P[0].total,P[1].delta,P[1].total,Act[7],Act[6],Act[5],Act[4],Act[3],Act[2],Act[1],Act[0]
2022-12-23T00:04:14Z,"0002cc01000003e9","2250cfb2fefd388404e611140161801924f000000000000000ffffffffffffffffffffffff",3.53,,0.31,17,20.00,9.82,99838.00,0.00,0,0,0,0,,,-1.00,-1.00,-1.00,-1.00,-1.00,-1.00
2022-12-23T00:10:11Z,"0002cc01000003e9","2250cfb463fd388404e61113fe6182190f0d00000000000000ffffffffffffffffffffffff",3.53,,0.31,17,19.99,9.79,99845.00,26.00,0,0,0,0,,,-1.00,-1.00,-1.00,-1.00,-1.00,-1.00
2022-12-23T00:16:07Z,"0002cc01000003e9","2250cfb5c7fd388404e61113fb61831908f000000000000000ffffffffffffffffffffffff",3.53,,0.31,17,19.98,9.78,99850.00,0.00,0,0,0,0,,,-1.00,-1.00,-1.00,-1.00,-1.00,-1.00
2022-12-23T00:22:03Z,"0002cc01000003e9","2250cfb72bfd387f04e61113fb61811901f000000000000000ffffffffffffffffffffffff",3.53,,0.31,17,19.98,9.77,99841.00,0.00,0,0,0,0,,,-1.00,-1.00,-1.00,-1.00,-1.00,-1.00
2022-12-23T00:27:59Z,"0002cc01000003e9","2250cfb88ffd387f04fa1113fb617e18c8f000000000000000ffffffffffffffffffffffff",3.53,,0.31,17,19.98,9.68,99830.00,0.00,0,0,0,0,,,-1.00,-1.00,-1.00,-1.00,-1.00,-1.00
2022-12-23T00:33:55Z,"0002cc01000003e9","2250cfb9f3fd388404e61113fe61861897f000000000000000ffffffffffffffffffffffff",3.53,,0.31,17,19.99,9.61,99860.00,0.00,0,0,0,0,,,-1.00,-1.00,-1.00,-1.00,-1.00,-1.00
2022-12-23T00:39:51Z,"0002cc01000003e9","2250cfbb57fd387b04e61113fb618518820d80000000000000ffffffffffffffffffffffff",3.53,,0.31,17,19.98,9.57,99858.00,27.00,0,0,0,0,,,-1.00,-1.00,-1.00,-1.00,-1.00,-1.00
2022-12-23T00:45:47Z,"0002cc01000003e9","2250cfbcbbfd387b04e61113fb618818740800000000000000ffffffffffffffffffffffff",3.53,,0.31,17,19.98,9.55,99869.00,4.00,0,0,0,0,,,-1.00,-1.00,-1.00,-1.00,-1.00,-1.00
2022-12-23T00:51:43Z,"0002cc01000003e9","2250cfbe1ffd387f04f21113fb618b183b0b80000000000000ffffffffffffffffffffffff",3.53,,0.31,17,19.98,9.47,99883.00,23.00,0,0,0,0,,,-1.00,-1.00,-1.00,-1.00,-1.00,-1.00
2022-12-23T00:57:39Z,"0002cc01000003e9","2250cfbf83fd387b04e61113f9618a17fc0800000000000000ffffffffffffffffffffffff",3.53,,0.31,17,19.97,9.37,99877.00,8.00,0,0,0,0,,,-1.00,-1.00,-1.00,-1.00,-1.00,-1.00
2022-12-23T01:03:35Z,"0002cc01000003e9","2250cfc0e7fd387b04e61113f9619017bd0800000000000000ffffffffffffffffffffffff",3.53,,0.31,17,19.97,9.27,99902.00,1.00,0,0,0,0,,,-1.00,-1.00,-1.00,-1.00,-1.00,-1.00
2022-12-23T01:09:31Z,"0002cc01000003e9","2250cfc24bfd387b04e61113f9619117760a00000000000000ffffffffffffffffffffffff",3.53,,0.31,17,19.97,9.17,99906.00,10.00,0,0,0,0,,,-1.00,-1.00,-1.00,-1.00,-1.00,-1.00
2022-12-23T01:15:27Z,"0002cc01000003e9","2250cfc3affd387b04fa1113f661961737f000000000000000ffffffffffffffffffffffff",3.53,,0.31,17,19.96,9.07,99927.00,0.00,0,0,0,0,,,-1.00,-1.00,-1.00,-1.00,-1.00,-1.00
2022-12-23T01:21:23Z,"0002cc01000003e9","2250cfc513fd388404e61113f6619716f10800000000000000ffffffffffffffffffffffff",3.53,,0.31,17,19.96,8.96,99931.00,4.00,0,0,0,0,,,-1.00,-1.00,-1.00,-1.00,-1.00,-1.00
2022-12-23T01:27:19Z,"0002cc01000003e9","2250cfc677fd387b04e61113f4619716720d00000000000000ffffffffffffffffffffffff",3.53,,0.31,17,19.95,8.77,99929.00,26.00,0,0,0,0,,,-1.00,-1.00,-1.00,-1.00,-1.00,-1.00
2022-12-23T01:33:15Z,"0002cc01000003e9","2250cfc7dbfd387b04f21113f4619a16870c00000000000000ffffffffffffffffffffffff",3.53,,0.31,17,19.95,8.80,99942.00,12.00,0,0,0,0,,,-1.00,-1.00,-1.00,-1.00,-1.00,-1.00
2022-12-23T01:39:12Z,"0002cc01000003e9","2250cfc940fd388404e61113f1619915c8f000000000000000ffffffffffffffffffffffff",3.53,,0.31,17,19.94,8.51,99939.00,0.00,0,0,0,0,,,-1.00,-1.00,-1.00,-1.00,-1.00,-1.00
2022-12-23T01:45:08Z,"0002cc01000003e9","2250cfcaa4fd387b04fa1113ec619615baf000000000000000ffffffffffffffffffffffff",3.53,,0.31,17,19.92,8.49,99926.00,0.00,0,0,0,0,,,-1.00,-1.00,-1.00,-1.00,-1.00,-1.00
2022-12-23T01:51:04Z,"0002cc01000003e9","2250cfcc08fd387b04e61113ef619a16b10e00000000000000ffffffffffffffffffffffff",3.53,,0.31,17,19.93,8.86,99940.00,14.00,0,0,0,0,,,-1.00,-1.00,-1.00,-1.00,-1.00,-1.00
2022-12-23T01:57:00Z,"0002cc01000003e9","2250cfcd6cfd387b04f21113f4619717aff000000000000000ffffffffffffffffffffffff",3.53,,0.31,17,19.95,9.25,99930.00,0.00,0,0,0,0,,,-1.00,-1.00,-1.00,-1.00,-1.00,-1.00
2022-12-23T02:02:56Z,"0002cc01000003e9","2250cfced0fd388404f21113f4619d18c8f000000000000000ffffffffffffffffffffffff",3.53,,0.31,17,19.95,9.68,99952.00,0.00,0,0,0,0,,,-1.00,-1.00,-1.00,-1.00,-1.00,-1.00
2022-12-23T02:08:52Z,"0002cc01000003e9","2250cfd034fd387b04e61113f4619f1955f000000000000000ffffffffffffffffffffffff",3.53,,0.31,17,19.95,9.90,99963.00,0.00,0,0,0,0,,,-1.00,-1.00,-1.00,-1.00,-1.00,-1.00
2022-12-23T02:14:48Z,"0002cc01000003e9","2250cfd198fd388404e61113f161a2195bf000000000000000ffffffffffffffffffffffff",3.53,,0.31,17,19.94,9.91,99975.00,0.00,0,0,0,0,,,-1.00,-1.00,-1.00,-1.00,-1.00,-1.00
2022-12-23T02:20:44Z,"0002cc01000003e9","2250cfd2fcfd387b04f21113ef61a1195bf000000000000000ffffffffffffffffffffffff",3.53,,0.31,17,19.93,9.91,99969.00,0.00,0,0,0,0,,,-1.00,-1.00,-1.00,-1.00,-1.00,-1.00
2022-12-23T02:26:40Z,"0002cc01000003e9","2250cfd460fd387b04e61113ec61a619710c00000000000000ffffffffffffffffffffffff",3.53,,0.31,17,19.92,9.94,99989.00,12.00,0,0,0,0,,,-1.00,-1.00,-1.00,-1.00,-1.00,-1.00
2022-12-23T02:32:36Z,"0002cc01000003e9","2250cfd5c4fd388404e61113e961ab19710e00000000000000ffffffffffffffffffffffff",3.53,,0.31,17,19.91,9.94,100009.00,7.00,0,0,0,0,,,-1.00,-1.00,-1.00,-1.00,-1.00,-1.00
2022-12-23T02:38:32Z,"0002cc01000003e9","2250cfd728fd387b04f21113ec61ac19b0f000000000000000ffffffffffffffffffffffff",3.53,,0.31,17,19.92,10.03,100012.00,0.00,0,0,0,0,,,-1.00,-1.00,-1.00,-1.00,-1.00,-1.00
2022-12-23T02:44:28Z,"0002cc01000003e9","2250cfd88cfd387b04e61113ef61b119b70b00000000000000ffffffffffffffffffffffff",3.53,,0.31,17,19.93,10.04,100032.00,11.00,0,0,0,0,,,-1.00,-1.00,-1.00,-1.00,-1.00,-1.00
2022-12-23T02:50:24Z,"0002cc01000003e9","2250cfd9f0fd387b04e61113ef61b319710800000000000000ffffffffffffffffffffffff",3.53,,0.31,17,19.93,9.94,100041.00,2.00,0,0,0,0,,,-1.00,-1.00,-1.00,-1.00,-1.00,-1.00
2022-12-23T02:56:20Z,"0002cc01000003e9","2250cfdb54fd386f04e61113ec61b21954f000000000000000ffffffffffffffffffffffff",3.53,,0.31,17,19.92,9.89,100036.00,0.00,0,0,0,0,,,-1.00,-1.00,-1.00,-1.00,-1.00,-1.00
2022-12-23T03:02:17Z,"0002cc01000003e9","2250cfdcb9fd387b04e61113ec61b6191c0800000000000000ffffffffffffffffffffffff",3.53,,0.31,17,19.92,9.81,100053.00,1.00,0,0,0,0,,,-1.00,-1.00,-1.00,-1.00,-1.00,-1.00
2022-12-23T03:08:13Z,"0002cc01000003e9","2250cfde1dfd388404e61113e761b418eaf000000000000000ffffffffffffffffffffffff",3.53,,0.31,17,19.90,9.73,100046.00,0.00,0,0,0,0,,,-1.00,-1.00,-1.00,-1.00,-1.00,-1.00
2022-12-23T03:14:09Z,"0002cc01000003e9","2250cfdf81fd387b04f21113e461b41906f000000000000000ffffffffffffffffffffffff",3.53,,0.31,17,19.89,9.78,100045.00,0.00,0,0,0,0,,,-1.00,-1.00,-1.00,-1.00,-1.00,-1.00
2022-12-23T03:20:05Z,"0002cc01000003e9","2250cfe0e5fd387b04e61113df61b6190d0e00000000000000ffffffffffffffffffffffff",3.53,,0.31,17,19.87,9.79,100052.00,14.00,0,0,0,0,,,-1.00,-1.00,-1.00,-1.00,-1.00,-1.00
2022-12-23T03:26:01Z,"0002cc01000003e9","2250cfe249fd387304f21113d861b418e20800000000000000ffffffffffffffffffffffff",3.53,,0.31,17,19.84,9.72,100045.00,4.00,0,0,0,0,,,-1.00,-1.00,-1.00,-1.00,-1.00,-1.00
2022-12-23T03:31:57Z,"0002cc01000003e9","2250cfe3adfd387b04f21113d261b618d4f000000000000000ffffffffffffffffffffffff",3.53,,0.31,17,19.82,9.70,100054.00,0.00,0,0,0,0,,,-1.00,-1.00,-1.00,-1.00,-1.00,-1.00
2022-12-23T03:37:53Z,"0002cc01000003e9","2250cfe511fd387304f21113cb61b8184e0c00000000000000ffffffffffffffffffffffff",3.53,,0.31,17,19.79,9.49,100061.00,3.00,0,0,0,0,,,-1.00,-1.00,-1.00,-1.00,-1.00,-1.00
2022-12-23T03:43:49Z,"0002cc01000003e9","2250cfe675fd388404f21113c661bb1838f000000000000000ffffffffffffffffffffffff",3.53,,0.31,17,19.77,9.46,100073.00,0.00,0,0,0,0,,,-1.00,-1.00,-1.00,-1.00,-1.00,-1.00
2022-12-23T03:49:45Z,"0002cc01000003e9","2250cfe7d9fd387b04e61113da61ba188e0800000000000000ffffffffffffffffffffffff",3.53,,0.31,17,19.85,9.59,100069.00,1.00,0,0,0,0,,,-1.00,-1.00,-1.00,-1.00,-1.00,-1.00
2022-12-23T03:55:41Z,"0002cc01000003e9","2250cfe93dfd387b04ee1113f461bc18970a00000000000000ffffffffffffffffffffffff",3.53,,0.31,17,19.95,9.61,100077.00,5.00,0,0,0,0,,,-1.00,-1.00,-1.00,-1.00,-1.00,-1.00
2022-12-23T04:01:37Z,"0002cc01000003e9","2250cfeaa1fd387b04e611140361bd18adf000000000000000ffffffffffffffffffffffff",3.53,,0.31,17,20.01,9.64,100083.00,0.00,0,0,0,0,,,-1.00,-1.00,-1.00,-1.00,-1.00,-1.00
2022-12-23T04:07:33Z,"0002cc01000003e9","2250cfec05fd388404e61113f961c118970900000000000000ffffffffffffffffffffffff",3.53,,0.31,17,19.97,9.61,100098.00,9.00,0,0,0,0,,,-1.00,-1.00,-1.00,-1.00,-1.00,-1.00
2022-12-23T04:13:29Z,"0002cc01000003e9","2250cfed69fd388404e611140161cb1858f000000000000000ffffffffffffffffffffffff",3.53,,0.31,17,20.00,9.51,100136.00,0.00,0,0,0,0,,,-1.00,-1.00,-1.00,-1.00,-1.00,-1.00
2022-12-23T04:19:26Z,"0002cc01000003e9","2250cfeecefd387b04e611141561cb17e1f000000000000000ffffffffffffffffffffffff",3.53,,0.31,17,20.08,9.33,100137.00,0.00,0,0,0,0,,,-1.00,-1.00,-1.00,-1.00,-1.00,-1.00
2022-12-23T04:25:21Z,"0002cc01000003e9","2250cff031fd388404e611141061cb16420800000000000000ffffffffffffffffffffffff",3.53,,0.31,17,20.06,8.69,100139.00,2.00,0,0,0,0,,,-1.00,-1.00,-1.00,-1.00,-1.00,-1.00
2022-12-23T04:31:18Z,"0002cc01000003e9","2250cff196fd388404e611140161cc14f60980000000000000ffffffffffffffffffffffff",3.53,,0.31,17,20.00,8.19,100142.00,19.00,0,0,0,0,,,-1.00,-1.00,-1.00,-1.00,-1.00,-1.00
2022-12-23T04:37:14Z,"0002cc01000003e9","2250cff2fafd386f04e611141861d214f70c00000000000000ffffffffffffffffffffffff",3.53,,0.31,17,20.09,8.19,100167.00,12.00,0,0,0,0,,,-1.00,-1.00,-1.00,-1.00,-1.00,-1.00
2022-12-23T04:43:10Z,"0002cc01000003e9","2250cff45efd387b04e611142761d314a3f000000000000000ffffffffffffffffffffffff",3.53,,0.31,17,20.15,8.06,100169.00,0.00,0,0,0,0,,,-1.00,-1.00,-1.00,-1.00,-1.00,-1.00
2022-12-23T04:49:06Z,"0002cc01000003e9","2250cff5c2fd387b04e611142461d913fa0800000000000000ffffffffffffffffffffffff",3.53,,0.31,17,20.14,7.80,100192.00,4.00,0,0,0,0,,,-1.00,-1.00,-1.00,-1.00,-1.00,-1.00
2022-12-23T04:55:02Z,"0002cc01000003e9","2250cff726fd387b04e611141d61dc13ba0b00000000000000ffffffffffffffffffffffff",3.53,,0.31,17,20.11,7.71,100204.00,22.00,0,0,0,0,,,-1.00,-1.00,-1.00,-1.00,-1.00,-1.00
2022-12-23T05:00:58Z,"0002cc01000003e9","2250cff88afd387304e611141861de136cf000000000000000ffffffffffffffffffffffff",3.53,,0.31,17,20.09,7.59,100214.00,0.00,0,0,0,0,,,-1.00,-1.00,-1.00,-1.00,-1.00,-1.00
2022-12-23T05:06:54Z,"0002cc01000003e9","2250cff9eefd387b04e611141061dc13260900000000000000ffffffffffffffffffffffff",3.53,,0.31,17,20.06,7.48,100206.00,9.00,0,0,0,0,,,-1.00,-1.00,-1.00,-1.00,-1.00,-1.00
2022-12-23T05:12:50Z,"0002cc01000003e9","2250cffb52fd387b04e611140d61de12ca0e00000000000000ffffffffffffffffffffffff",3.53,,0.31,17,20.05,7.34,100214.00,14.00,0,0,0,0,,,-1.00,-1.00,-1.00,-1.00,-1.00,-1.00
2022-12-23T05:18:46Z,"0002cc01000003e9","2250cffcb6fd388404e611140861e112b40b00000000000000ffffffffffffffffffffffff",3.53,,0.31,17,20.03,7.31,100225.00,11.00,0,0,0,0,,,-1.00,-1.00,-1.00,-1.00,-1.00,-1.00
2022-12-23T05:24:42Z,"0002cc01000003e9","2250cffe1afd387b04e61113fb61e4126df000000000000000ffffffffffffffffffffffff",3.53,,0.31,17,19.98,7.20,100238.00,0.00,0,0,0,0,,,-1.00,-1.00,-1.00,-1.00,-1.00,-1.00
2022-12-23T05:30:38Z,"0002cc01000003e9","2250cfff7efd387b04e611141061e712bcf000000000000000ffffffffffffffffffffffff",3.53,,0.31,17,20.06,7.32,100248.00,0.00,0,0,0,0,,,-1.00,-1.00,-1.00,-1.00,-1.00,-1.00
2022-12-23T05:36:34Z,"0002cc01000003e9","2250d000e2fd387304e611140b61e712b40800000000000000ffffffffffffffffffffffff",3.53,,0.31,17,20.04,7.31,100251.00,2.00,0,0,0,0,,,-1.00,-1.00,-1.00,-1.00,-1.00,-1.00
2022-12-23T05:42:30Z,"0002cc01000003e9","2250d00246fd387304e61113fe61ee125f0b00000000000000ffffffffffffffffffffffff",3.53,,0.31,17,19.99,7.18,100277.00,11.00,0,0,0,0,,,-1.00,-1.00,-1.00,-1.00,-1.00,-1.00
2022-12-23T05:48:27Z,"0002cc01000003e9","2250d003abfd387304de1113ef61ed12580c00000000000000ffffffffffffffffffffffff",3.53,,0.30,17,19.93,7.17,100274.00,6.00,0,0,0,0,,,-1.00,-1.00,-1.00,-1.00,-1.00,-1.00
2022-12-23T05:54:23Z,"0002cc01000003e9","2250d0050ffd387304e611140b61ea127cf000000000000000ffffffffffffffffffffffff",3.53,,0.31,17,20.04,7.22,100262.00,0.00,0,0,0,0,,,-1.00,-1.00,-1.00,-1.00,-1.00,-1.00
2022-12-23T06:00:19Z,"0002cc01000003e9","2250d00673fd387b04e611140861ea1291f000000000000000ffffffffffffffffffffffff",3.53,,0.31,17,20.03,7.25,100262.00,0.00,0,0,0,0,,,-1.00,-1.00,-1.00,-1.00,-1.00,-1.00
2022-12-23T06:06:15Z,"0002cc01000003e9","2250d007d7fd387304e61113f961ee11c40d80000000000000ffffffffffffffffffffffff",3.53,,0.31,17,19.97,6.94,100277.00,27.00,0,0,0,0,,,-1.00,-1.00,-1.00,-1.00,-1.00,-1.00
2022-12-23T06:12:11Z,"0002cc01000003e9","2250d0093bfd387304e611140361ed1212f000000000000000ffffffffffffffffffffffff",3.53,,0.31,17,20.01,7.06,100272.00,0.00,0,0,0,0,,,-1.00,-1.00,-1.00,-1.00,-1.00,-1.00
2022-12-23T06:18:07Z,"0002cc01000003e9","2250d00a9ffd387304fa11141a61ee1236f000000000000000ffffffffffffffffffffffff",3.53,,0.31,17,20.10,7.11,100279.00,0.00,0,0,0,0,,,-1.00,-1.00,-1.00,-1.00,-1.00,-1.00
2022-12-23T06:24:03Z,"0002cc01000003e9","2250d00c03fd387304e611141061ef123df000000000000000ffffffffffffffffffffffff",3.53,,0.31,17,20.06,7.12,100282.00,0.00,0,0,0,0,,,-1.00,-1.00,-1.00,-1.00,-1.00,-1.00
2022-12-23T06:29:59Z,"0002cc01000003e9","2250d00d67fd387b04e61113fb61f111b60900000000000000ffffffffffffffffffffffff",3.53,,0.31,17,19.98,6.92,100288.00,18.00,0,0,0,0,,,-1.00,-1.00,-1.00,-1.00,-1.00,-1.00
2022-12-23T06:35:55Z,"0002cc01000003e9","2250d00ecbfd387b04e611140861ed11cc0880000000000000ffffffffffffffffffffffff",3.53,,0.31,17,20.03,6.95,100274.00,17.00,0,0,0,0,,,-1.00,-1.00,-1.00,-1.00,-1.00,-1.00
2022-12-23T06:41:51Z,"0002cc01000003e9","2250d0102ffd387304e611140161ec11daf000000000000000ffffffffffffffffffffffff",3.53,,0.31,17,20.00,6.97,100268.00,0.00,0,0,0,0,,,-1.00,-1.00,-1.00,-1.00,-1.00,-1.00
2022-12-23T06:47:47Z,"0002cc01000003e9","2250d01193fd387b04e61113f161ef1153f000000000000000ffffffffffffffffffffffff",3.53,,0.31,17,19.94,6.77,100280.00,0.00,0,0,0,0,,,-1.00,-1.00,-1.00,-1.00,-1.00,-1.00
2022-12-23T06:53:43Z,"0002cc01000003e9","2250d012f7fd387304e611140b61ed119bf000000000000000ffffffffffffffffffffffff",3.53,,0.31,17,20.04,6.88,100272.00,0.00,0,0,0,0,,,-1.00,-1.00,-1.00,-1.00,-1.00,-1.00
2022-12-23T06:59:39Z,"0002cc01000003e9","2250d0145bfd387b04f211141861f111cdf000000000000000ffffffffffffffffffffffff",3.53,,0.31,17,20.09,6.95,100288.00,0.00,0,0,0,0,,,-1.00,-1.00,-1.00,-1.00,-1.00,-1.00
2022-12-23T07:05:35Z,"0002cc01000003e9","2250d015bffd387304e611140861f111b00900000000000000ffffffffffffffffffffffff",3.53,,0.31,17,20.03,6.91,100290.00,9.00,0,0,0,0,,,-1.00,-1.00,-1.00,-1.00,-1.00,-1.00
2022-12-23T07:11:32Z,"0002cc01000003e9","2250d01724fd387b04e61113f661ef115b0d80000000000000ffffffffffffffffffffffff",3.53,,0.31,17,19.96,6.78,100283.00,27.00,0,0,0,0,,,-1.00,-1.00,-1.00,-1.00,-1.00,-1.00
2022-12-23T07:17:28Z,"0002cc01000003e9","2250d01888fd386b04e611141261f0116a0d00000000000000ffffffffffffffffffffffff",3.53,,0.31,17,20.07,6.80,100285.00,13.00,0,0,0,0,,,-1.00,-1.00,-1.00,-1.00,-1.00,-1.00
2022-12-23T07:23:24Z,"0002cc01000003e9","2250d019ecfd387b04e611141f61f3119b0a00000000000000ffffffffffffffffffffffff",3.53,,0.31,17,20.12,6.88,100297.00,10.00,0,0,0,0,,,-1.00,-1.00,-1.00,-1.00,-1.00,-1.00
2022-12-23T07:29:20Z,"0002cc01000003e9","2250d01b50fd387304e611140b61f11186f000000000000000ffffffffffffffffffffffff",3.53,,0.31,17,20.04,6.84,100288.00,0.00,0,0,0,0,,,-1.00,-1.00,-1.00,-1.00,-1.00,-1.00
2022-12-23T07:35:16Z,"0002cc01000003e9","2250d01cb4fd386f04e61113f661ed10f80800000000000000ffffffffffffffffffffffff",3.53,,0.31,17,19.96,6.63,100275.00,16.00,0,0,0,0,,,-1.00,-1.00,-1.00,-1.00,-1.00,-1.00
2022-12-23T07:41:12Z,"0002cc01000003e9","2250d01e18fd387304f21113ec61f11211f000000000000000ffffffffffffffffffffffff",3.53,,0.31,17,19.92,7.06,100289.00,0.00,0,0,0,0,,,-1.00,-1.00,-1.00,-1.00,-1.00,-1.00
2022-12-23T07:47:08Z,"0002cc01000003e9","2250d01f7cfd387304e61113f961f212c9f000000000000000ffffffffffffffffffffffff",3.53,,0.31,17,19.97,7.34,100293.00,0.00,0,0,0,0,,,-1.00,-1.00,-1.00,-1.00,-1.00,-1.00
2022-12-23T07:53:04Z,"0002cc01000003e9","2250d020e0fd387b04e611140361f013410c00000000000000ffffffffffffffffffffffff",3.53,,0.31,17,20.01,7.52,100286.00,6.00,0,0,0,0,,,-1.00,-1.00,-1.00,-1.00,-1.00,-1.00
2022-12-23T07:59:00Z,"0002cc01000003e9","2250d02244fd387b04e611140861f21396f000000000000000ffffffffffffffffffffffff",3.53,,0.31,17,20.03,7.65,100295.00,0.00,0,0,0,0,,,-1.00,-1.00,-1.00,-1.00,-1.00,-1.00
2022-12-23T08:04:56Z,"0002cc01000003e9","2250d023a8fd386f04de11140d61f513d60b00000000000000ffffffffffffffffffffffff",3.53,,0.30,17,20.05,7.75,100307.00,11.00,0,0,0,0,,,-1.00,-1.00,-1.00,-1.00,-1.00,-1.00
2022-12-23T08:10:52Z,"0002cc01000003e9","2250d0250cfd387304f211141061f8140ef000000000000000ffffffffffffffffffffffff",3.53,,0.31,17,20.06,7.83,100319.00,0.00,0,0,0,0,,,-1.00,-1.00,-1.00,-1.00,-1.00,-1.00
2022-12-23T08:16:48Z,"0002cc01000003e9","2250d02670fd387704e611142c61fb11f80900000000000000ffffffffffffffffffffffff",3.53,,0.31,17,20.17,7.02,100330.00,9.00,0,0,0,0,,,-1.00,-1.00,-1.00,-1.00,-1.00,-1.00
2022-12-23T08:22:44Z,"0002cc01000003e9","2250d027d4fd387304e611144161fa12230c00000000000000ffffffffffffffffffffffff",3.53,,0.31,17,20.25,7.08,100326.00,3.00,0,0,0,0,,,-1.00,-1.00,-1.00,-1.00,-1.00,-1.00
2022-12-23T08:28:41Z,"0002cc01000003e9","2250d02939fd387304e611142461fc11c60f00000000000000ffffffffffffffffffffffff",3.53,,0.31,17,20.14,6.94,100332.00,15.00,0,0,0,0,,,-1.00,-1.00,-1.00,-1.00,-1.00,-1.00
2022-12-23T08:34:37Z,"0002cc01000003e9","2250d02a9dfd387304f211140161fc1154f000000000000000ffffffffffffffffffffffff",3.53,,0.31,17,20.00,6.77,100335.00,0.00,0,0,0,0,,,-1.00,-1.00,-1.00,-1.00,-1.00,-1.00
2022-12-23T08:40:33Z,"0002cc01000003e9","2250d02c01fd387304e61113f961ff10f10e00000000000000ffffffffffffffffffffffff",3.53,,0.31,17,19.97,6.62,100345.00,7.00,0,0,0,0,,,-1.00,-1.00,-1.00,-1.00,-1.00,-1.00
2022-12-23T08:46:29Z,"0002cc01000003e9","2250d02d65fd387b04e611143962011110f000000000000000ffffffffffffffffffffffff",3.53,,0.31,17,20.22,6.67,100352.00,0.00,0,0,0,0,,,-1.00,-1.00,-1.00,-1.00,-1.00,-1.00
2022-12-23T08:52:25Z,"0002cc01000003e9","2250d02ec9fd386f04e611145d61ff113b0b00000000000000ffffffffffffffffffffffff",3.53,,0.31,17,20.36,6.73,100345.00,11.00,0,0,0,0,,,-1.00,-1.00,-1.00,-1.00,-1.00,-1.00
2022-12-23T08:58:21Z,"0002cc01000003e9","2250d0302dfd387704e611146762041142f000000000000000ffffffffffffffffffffffff",3.53,,0.31,17,20.40,6.74,100365.00,0.00,0,0,0,0,,,-1.00,-1.00,-1.00,-1.00,-1.00,-1.00
2022-12-23T09:04:17Z,"0002cc01000003e9","2250d03191fd387304e611144b620511340d00000000000000ffffffffffffffffffffffff",3.53,,0.31,17,20.29,6.72,100370.00,13.00,0,0,0,0,,,-1.00,-1.00,-1.00,-1.00,-1.00,-1.00
2022-12-23T09:10:13Z,"0002cc01000003e9","2250d032f5fd386f04e6111429620310e50800000000000000ffffffffffffffffffffffff",3.53,,0.31,17,20.16,6.60,100362.00,1.00,0,0,0,0,,,-1.00,-1.00,-1.00,-1.00,-1.00,-1.00
2022-12-23T09:16:09Z,"0002cc01000003e9","2250d03459fd387704e6111412620410abf000000000000000ffffffffffffffffffffffff",3.53,,0.31,17,20.07,6.51,100366.00,0.00,0,0,0,0,,,-1.00,-1.00,-1.00,-1.00,-1.00,-1.00
2022-12-23T09:22:05Z,"0002cc01000003e9","2250d035bdfd387704e6111403620110a4f000000000000000ffffffffffffffffffffffff",3.53,,0.31,17,20.01,6.50,100352.00,0.00,0,0,0,0,,,-1.00,-1.00,-1.00,-1.00,-1.00,-1.00
2022-12-23T09:28:01Z,"0002cc01000003e9","2250d03721fd387304e6111412620210b2f000000000000000ffffffffffffffffffffffff",3.53,,0.31,17,20.07,6.52,100359.00,0.00,0,0,0,0,,,-1.00,-1.00,-1.00,-1.00,-1.00,-1.00
2022-12-23T09:33:57Z,"0002cc01000003e9","2250d03885fd386f04e611140b620310c1f000000000000000ffffffffffffffffffffffff",3.53,,0.31,17,20.04,6.54,100362.00,0.00,0,0,0,0,,,-1.00,-1.00,-1.00,-1.00,-1.00,-1.00
2022-12-23T09:39:53Z,"0002cc01000003e9","2250d039e9fd387704e61113fe620310880f00000000000000ffffffffffffffffffffffff",3.53,,0.31,17,19.99,6.46,100362.00,15.00,0,0,0,0,,,-1.00,-1.00,-1.00,-1.00,-1.00,-1.00
2022-12-23T09:45:49Z,"0002cc01000003e9","2250d03b4dfd386f04e611141862021081f000000000000000ffffffffffffffffffffffff",3.53,,0.31,17,20.09,6.45,100358.00,0.00,0,0,0,0,,,-1.00,-1.00,-1.00,-1.00,-1.00,-1.00
2022-12-23T09:51:46Z,"0002cc01000003e9","2250d03cb2fd386f04e611141262011146f000000000000000ffffffffffffffffffffffff",3.53,,0.31,17,20.07,6.75,100353.00,0.00,0,0,0,0,,,-1.00,-1.00,-1.00,-1.00,-1.00,-1.00
2022-12-23T09:57:42Z,"0002cc01000003e9","2250d03e16fd386f04e611140b620011fdf000000000000000ffffffffffffffffffffffff",3.53,,0.31,17,20.04,7.03,100351.00,0.00,0,0,0,0,,,-1.00,-1.00,-1.00,-1.00,-1.00,-1.00
2022-12-23T10:03:38Z,"0002cc01000003e9","2250d03f7afd387304de11141061fd12760800000000000000ffffffffffffffffffffffff",3.53,,0.30,17,20.06,7.21,100339.00,4.00,0,0,0,0,,,-1.00,-1.00,-1.00,-1.00,-1.00,-1.00
2022-12-23T10:09:34Z,"0002cc01000003e9","2250d040defd386b04e611141561fe12d1f000000000000000ffffffffffffffffffffffff",3.53,,0.31,17,20.08,7.35,100343.00,0.00,0,0,0,0,,,-1.00,-1.00,-1.00,-1.00,-1.00,-1.00
2022-12-23T10:15:30Z,"0002cc01000003e9","2250d04242fd386f04de11141861fc1302f000000000000000ffffffffffffffffffffffff",3.53,,0.30,17,20.09,7.43,100333.00,0.00,0,0,0,0,,,-1.00,-1.00,-1.00,-1.00,-1.00,-1.00
2022-12-23T10:21:26Z,"0002cc01000003e9","2250d043a6fd386b04e611141d61fe1342f000000000000000ffffffffffffffffffffffff",3.53,,0.31,17,20.11,7.52,100342.00,0.00,0,0,0,0,,,-1.00,-1.00,-1.00,-1.00,-1.00,-1.00
2022-12-23T10:27:22Z,"0002cc01000003e9","2250d0450afd386f04f211141a620113900d00000000000000ffffffffffffffffffffffff",3.53,,0.31,17,20.10,7.64,100354.00,13.00,0,0,0,0,,,-1.00,-1.00,-1.00,-1.00,-1.00,-1.00
2022-12-23T10:33:18Z,"0002cc01000003e9","2250d0466efd387304e611141d61ff13b3f000000000000000ffffffffffffffffffffffff",3.53,,0.31,17,20.11,7.70,100345.00,0.00,0,0,0,0,,,-1.00,-1.00,-1.00,-1.00,-1.00,-1.00
2022-12-23T10:39:14Z,"0002cc01000003e9","2250d047d2fd387704e611141d61ff13ba0840000000000000ffffffffffffffffffffffff",3.53,,0.31,17,20.11,7.71,100346.00,33.00,0,0,0,0,,,-1.00,-1.00,-1.00,-1.00,-1.00,-1.00
2022-12-23T10:45:10Z,"0002cc01000003e9","2250d04936fd387704e6111418620013970800000000000000ffffffffffffffffffffffff",3.53,,0.31,17,20.09,7.65,100351.00,8.00,0,0,0,0,,,-1.00,-1.00,-1.00,-1.00,-1.00,-1.00
2022-12-23T10:51:06Z,"0002cc01000003e9","2250d04a9afd386f04e6111418620313ddf000000000000000ffffffffffffffffffffffff",3.53,,0.31,17,20.09,7.76,100361.00,0.00,0,0,0,0,,,-1.00,-1.00,-1.00,-1.00,-1.00,-1.00
2022-12-23T10:57:02Z,"0002cc01000003e9","2250d04bfefd386f04e6111415620313dd0800000000000000ffffffffffffffffffffffff",3.53,,0.31,17,20.08,7.76,100360.00,2.00,0,0,0,0,,,-1.00,-1.00,-1.00,-1.00,-1.00,-1.00
2022-12-23T11:02:58Z,"0002cc01000003e9","2250d04d62fd386f04e6111412620413e40900000000000000ffffffffffffffffffffffff",3.53,,0.31,17,20.07,7.77,100365.00,9.00,0,0,0,0,,,-1.00,-1.00,-1.00,-1.00,-1.00,-1.00
2022-12-23T11:08:54Z,"0002cc01000003e9","2250d04ec6fd386f04ee1114156201141df000000000000000ffffffffffffffffffffffff",3.53,,0.31,17,20.08,7.86,100355.00,0.00,0,0,0,0,,,-1.00,-1.00,-1.00,-1.00,-1.00,-1.00
2022-12-23T11:14:50Z,"0002cc01000003e9","2250d0502afd386f04e61114156203142b0880000000000000ffffffffffffffffffffffff",3.53,,0.31,17,20.08,7.88,100362.00,17.00,0,0,0,0,,,-1.00,-1.00,-1.00,-1.00,-1.00,-1.00
2022-12-23T11:20:47Z,"0002cc01000003e9","2250d0518ffd386704e611141262021407f000000000000000ffffffffffffffffffffffff",3.53,,0.31,17,20.07,7.82,100358.00,0.00,0,0,0,0,,,-1.00,-1.00,-1.00,-1.00,-1.00,-1.00
2022-12-23T11:26:43Z,"0002cc01000003e9","2250d052f3fd386f04e6111410620214380800000000000000ffffffffffffffffffffffff",3.53,,0.31,17,20.06,7.90,100356.00,4.00,0,0,0,0,,,-1.00,-1.00,-1.00,-1.00,-1.00,-1.00
2022-12-23T11:32:39Z,"0002cc01000003e9","2250d05457fd386704e611140d620314070c00000000000000ffffffffffffffffffffffff",3.53,,0.31,17,20.05,7.82,100362.00,6.00,0,0,0,0,,,-1.00,-1.00,-1.00,-1.00,-1.00,-1.00
2022-12-23T11:38:35Z,"0002cc01000003e9","2250d055bbfd387704e6111408620313f9f000000000000000ffffffffffffffffffffffff",3.53,,0.31,17,20.03,7.80,100360.00,0.00,0,0,0,0,,,-1.00,-1.00,-1.00,-1.00,-1.00,-1.00
2022-12-23T11:44:31Z,"0002cc01000003e9","2250d0571ffd386f04e611140362051406f000000000000000ffffffffffffffffffffffff",3.53,,0.31,17,20.01,7.82,100370.00,0.00,0,0,0,0,,,-1.00,-1.00,-1.00,-1.00,-1.00,-1.00
2022-12-23T11:50:27Z,"0002cc01000003e9","2250d05883fd386f04ee11140662011406f000000000000000ffffffffffffffffffffffff",3.53,,0.31,17,20.02,7.82,100354.00,0.00,0,0,0,0,,,-1.00,-1.00,-1.00,-1.00,-1.00,-1.00
2022-12-23T11:56:23Z,"0002cc01000003e9","2250d059e7fd386f04e611140361fe14060c00000000000000ffffffffffffffffffffffff",3.53,,0.31,17,20.01,7.82,100342.00,3.00,0,0,0,0,,,-1.00,-1.00,-1.00,-1.00,-1.00,-1.00
2022-12-23T12:02:19Z,"0002cc01000003e9","2250d05b4bfd386f04da11140161ff1406f000000000000000ffffffffffffffffffffffff",3.53,,0.30,17,20.00,7.82,100344.00,0.00,0,0,0,0,,,-1.00,-1.00,-1.00,-1.00,-1.00,-1.00
2022-12-23T12:08:15Z,"0002cc01000003e9","2250d05caffd387704e61113fe62011406f000000000000000ffffffffffffffffffffffff",3.53,,0.31,17,19.99,7.82,100355.00,0.00,0,0,0,0,,,-1.00,-1.00,-1.00,-1.00,-1.00,-1.00
2022-12-23T12:14:11Z,"0002cc01000003e9","2250d05e13fd387704e61113fe6202142af000000000000000ffffffffffffffffffffffff",3.53,,0.31,17,19.99,7.88,100359.00,0.00,0,0,0,0,,,-1.00,-1.00,-1.00,-1.00,-1.00,-1.00
2022-12-23T12:20:07Z,"0002cc01000003e9","2250d05f77fd386b04da1113f9620314310980000000000000ffffffffffffffffffffffff",3.53,,0.30,17,19.97,7.89,100362.00,19.00,0,0,0,0,,,-1.00,-1.00,-1.00,-1.00,-1.00,-1.00
2022-12-23T12:26:03Z,"0002cc01000003e9","2250d060dbfd386f04e61113f46204141bf000000000000000ffffffffffffffffffffffff",3.53,,0.31,17,19.95,7.85,100364.00,0.00,0,0,0,0,,,-1.00,-1.00,-1.00,-1.00,-1.00,-1.00
2022-12-23T12:31:59Z,"0002cc01000003e9","2250d0623ffd386704e61113f46206143e0a00000000000000ffffffffffffffffffffffff",3.53,,0.31,17,19.95,7.91,100375.00,5.00,0,0,0,0,,,-1.00,-1.00,-1.00,-1.00,-1.00,-1.00
2022-12-23T12:37:55Z,"0002cc01000003e9","2250d063a3fd386f04e61113f16208144c0e00000000000000ffffffffffffffffffffffff",3.53,,0.31,17,19.94,7.93,100380.00,28.00,0,0,0,0,,,-1.00,-1.00,-1.00,-1.00,-1.00,-1.00
2022-12-23T12:43:52Z,"0002cc01000003e9","2250d06508fd386f04e61113f162071468f000000000000000ffffffffffffffffffffffff",3.53,,0.31,17,19.94,7.97,100378.00,0.00,0,0,0,0,,,-1.00,-1.00,-1.00,-1.00,-1.00,-1.00
2022-12-23T12:49:48Z,"0002cc01000003e9","2250d0666cfd386f04e6111406621012c20c00000000000000ffffffffffffffffffffffff",3.53,,0.31,17,20.02,7.33,100415.00,12.00,0,0,0,0,,,-1.00,-1.00,-1.00,-1.00,-1.00,-1.00
2022-12-23T12:55:44Z,"0002cc01000003e9","2250d067d0fd386704e61114246210127d0b00000000000000ffffffffffffffffffffffff",3.53,,0.31,17,20.14,7.22,100413.00,11.00,0,0,0,0,,,-1.00,-1.00,-1.00,-1.00,-1.00,-1.00
2022-12-23T13:01:40Z,"0002cc01000003e9","2250d06934fd386f04e611141a62111205f000000000000000ffffffffffffffffffffffff",3.53,,0.31,17,20.10,7.04,100418.00,0.00,0,0,0,0,,,-1.00,-1.00,-1.00,-1.00,-1.00,-1.00
2022-12-23T13:07:36Z,"0002cc01000003e9","2250d06a98fd386704e611140662151162f000000000000000ffffffffffffffffffffffff",3.53,,0.31,17,20.02,6.79,100432.00,0.00,0,0,0,0,,,-1.00,-1.00,-1.00,-1.00,-1.00,-1.00
2022-12-23T13:13:32Z,"0002cc01000003e9","2250d06bfcfd386704e61113f6621111060d00000000000000ffffffffffffffffffffffff",3.53,,0.31,17,19.96,6.65,100418.00,26.00,0,0,0,0,,,-1.00,-1.00,-1.00,-1.00,-1.00,-1.00
2022-12-23T13:19:28Z,"0002cc01000003e9","2250d06d60fd386f04e61113e9621710cd0a00000000000000ffffffffffffffffffffffff",3.53,,0.31,17,19.91,6.56,100441.00,5.00,0,0,0,0,,,-1.00,-1.00,-1.00,-1.00,-1.00,-1.00
2022-12-23T13:25:24Z,"0002cc01000003e9","2250d06ec4fd386f04e61113e4621910b10b00000000000000ffffffffffffffffffffffff",3.53,,0.31,17,19.89,6.52,100449.00,22.00,0,0,0,0,,,-1.00,-1.00,-1.00,-1.00,-1.00,-1.00
2022-12-23T13:31:20Z,"0002cc01000003e9","2250d07028fd386f04e61113df6219107f0e80000000000000ffffffffffffffffffffffff",3.53,,0.31,17,19.87,6.44,100450.00,29.00,0,0,0,0,,,-1.00,-1.00,-1.00,-1.00,-1.00,-1.00
2022-12-23T13:37:16Z,"0002cc01000003e9","2250d0718cfd386f04e61113da6217108d0800000000000000ffffffffffffffffffffffff",3.53,,0.31,17,19.85,6.47,100443.00,1.00,0,0,0,0,,,-1.00,-1.00,-1.00,-1.00,-1.00,-1.00
2022-12-23T13:43:12Z,"0002cc01000003e9","2250d072f0fd386704e61113d86219107f0f00000000000000ffffffffffffffffffffffff",3.53,,0.31,17,19.84,6.44,100449.00,15.00,0,0,0,0,,,-1.00,-1.00,-1.00,-1.00,-1.00,-1.00
2022-12-23T13:49:08Z,"0002cc01000003e9","2250d07454fd386704de1113d5621c10860980000000000000ffffffffffffffffffffffff",3.53,,0.30,17,19.83,6.45,100461.00,19.00,0,0,0,0,,,-1.00,-1.00,-1.00,-1.00,-1.00,-1.00
2022-12-23T13:55:04Z,"0002cc01000003e9","2250d075b8fd386704e61113f6621c108ef000000000000000ffffffffffffffffffffffff",3.53,,0.31,17,19.96,6.47,100461.00,0.00,0,0,0,0,,,-1.00,-1.00,-1.00,-1.00,-1.00,-1.00
2022-12-23T14:01:01Z,"0002cc01000003e9","2250d0771dfd386704e611141d621b1088f000000000000000ffffffffffffffffffffffff",3.53,,0.31,17,20.11,6.46,100458.00,0.00,0,0,0,0,,,-1.00,-1.00,-1.00,-1.00,-1.00,-1.00
2022-12-23T14:06:56Z,"0002cc01000003e9","2250d07880fd386704e6111422621b1097f000000000000000ffffffffffffffffffffffff",3.53,,0.31,17,20.13,6.48,100458.00,0.00,0,0,0,0,,,-1.00,-1.00,-1.00,-1.00,-1.00,-1.00
2022-12-23T14:12:53Z,"0002cc01000003e9","2250d079e5fd386704e611141a621e10490e00000000000000ffffffffffffffffffffffff",3.53,,0.31,17,20.10,6.36,100470.00,7.00,0,0,0,0,,,-1.00,-1.00,-1.00,-1.00,-1.00,-1.00
2022-12-23T14:18:49Z,"0002cc01000003e9","2250d07b49fd386704ee11141062201034f000000000000000ffffffffffffffffffffffff",3.53,,0.31,17,20.06,6.33,100476.00,0.00,0,0,0,0,,,-1.00,-1.00,-1.00,-1.00,-1.00,-1.00
2022-12-23T14:24:45Z,"0002cc01000003e9","2250d07cadfd386f04e6111408621e10250a00000000000000ffffffffffffffffffffffff",3.53,,0.31,17,20.03,6.31,100470.00,10.00,0,0,0,0,,,-1.00,-1.00,-1.00,-1.00,-1.00,-1.00
2022-12-23T14:30:41Z,"0002cc01000003e9","2250d07e11fd386f04e6111403622110170d00000000000000ffffffffffffffffffffffff",3.53,,0.31,17,20.01,6.29,100482.00,13.00,0,0,0,0,,,-1.00,-1.00,-1.00,-1.00,-1.00,-1.00
2022-12-23T14:36:37Z,"0002cc01000003e9","2250d07f75fd386704da1114016220101e0b40000000000000ffffffffffffffffffffffff",3.53,,0.30,17,20.00,6.30,100479.00,45.00,0,0,0,0,,,-1.00,-1.00,-1.00,-1.00,-1.00,-1.00
2022-12-23T14:42:33Z,"0002cc01000003e9","2250d080d9fd386704e61113fe622410020900000000000000ffffffffffffffffffffffff",3.53,,0.31,17,19.99,6.25,100494.00,18.00,0,0,0,0,,,-1.00,-1.00,-1.00,-1.00,-1.00,-1.00
2022-12-23T14:48:29Z,"0002cc01000003e9","2250d0823dfd386704e61113fb622410010b00000000000000ffffffffffffffffffffffff",3.53,,0.31,17,19.98,6.25,100495.00,11.00,0,0,0,0,,,-1.00,-1.00,-1.00,-1.00,-1.00,-1.00
2022-12-23T14:54:25Z,"0002cc01000003e9","2250d083a1fd386f04e61113fb62250fd00f00000000000000ffffffffffffffffffffffff",3.53,,0.31,17,19.98,6.18,100496.00,30.00,0,0,0,0,,,-1.00,-1.00,-1.00,-1.00,-1.00,-1.00
2022-12-23T15:00:21Z,"0002cc01000003e9","2250d08505fd386704e61113fb62280fc90c00000000000000ffffffffffffffffffffffff",3.53,,0.31,17,19.98,6.17,100508.00,3.00,0,0,0,0,,,-1.00,-1.00,-1.00,-1.00,-1.00,-1.00
2022-12-23T15:06:17Z,"0002cc01000003e9","2250d08669fd386704de1113fb622a0fbb09c0000000000000ffffffffffffffffffffffff",3.53,,0.30,17,19.98,6.14,100518.00,39.00,0,0,0,0,,,-1.00,-1.00,-1.00,-1.00,-1.00,-1.00
2022-12-23T15:12:13Z,"0002cc01000003e9","2250d087cdfd386704e61113fb62290fadf000000000000000ffffffffffffffffffffffff",3.53,,0.31,17,19.98,6.12,100514.00,0.00,0,0,0,0,,,-1.00,-1.00,-1.00,-1.00,-1.00,-1.00
2022-12-23T15:18:09Z,"0002cc01000003e9","2250d08931fd386704e61113fb622a0fc20800000000000000ffffffffffffffffffffffff",3.53,,0.31,17,19.98,6.16,100517.00,32.00,0,0,0,0,,,-1.00,-1.00,-1.00,-1.00,-1.00,-1.00
2022-12-23T15:24:05Z,"0002cc01000003e9","2250d08a95fd386f04e61113fb622a0fad0b00000000000000ffffffffffffffffffffffff",3.53,,0.31,17,19.98,6.12,100519.00,22.00,0,0,0,0,,,-1.00,-1.00,-1.00,-1.00,-1.00,-1.00
2022-12-23T15:30:01Z,"0002cc01000003e9","2250d08bf9fd386704ee1113fb622d0f9f0d00000000000000ffffffffffffffffffffffff",3.53,,0.31,17,19.98,6.10,100529.00,26.00,0,0,0,0,,,-1.00,-1.00,-1.00,-1.00,-1.00,-1.00
2022-12-23T15:35:58Z,"0002cc01000003e9","2250d08d5efd386704e61113fb622c0f910d00000000000000ffffffffffffffffffffffff",3.53,,0.31,17,19.98,6.08,100526.00,13.00,0,0,0,0,,,-1.00,-1.00,-1.00,-1.00,-1.00,-1.00
2022-12-23T15:41:53Z,"0002cc01000003e9","2250d08ec1fd386704e61113fb62290f980a00000000000000ffffffffffffffffffffffff",3.53,,0.31,17,19.98,6.09,100512.00,5.00,0,0,0,0,,,-1.00,-1.00,-1.00,-1.00,-1.00,-1.00
2022-12-23T15:47:50Z,"0002cc01000003e9","2250d09026fd386f04e61113fb622e0f980800000000000000ffffffffffffffffffffffff",3.53,,0.31,17,19.98,6.09,100533.00,4.00,0,0,0,0,,,-1.00,-1.00,-1.00,-1.00,-1.00,-1.00
2022-12-23T15:53:46Z,"0002cc01000003e9","2250d0918afd386704e61113fe62300fad0900000000000000ffffffffffffffffffffffff",3.53,,0.31,17,19.99,6.12,100542.00,18.00,0,0,0,0,,,-1.00,-1.00,-1.00,-1.00,-1.00,-1.00
2022-12-23T15:59:42Z,"0002cc01000003e9","2250d092eefd386304e611140162300fa608c0000000000000ffffffffffffffffffffffff",3.52,,0.31,17,20.00,6.11,100540.00,35.00,0,0,0,0,,,-1.00,-1.00,-1.00,-1.00,-1.00,-1.00
2022-12-23T16:05:38Z,"0002cc01000003e9","2250d09452fd386f04e611140162310f9f0c00000000000000ffffffffffffffffffffffff",3.53,,0.31,17,20.00,6.10,100547.00,24.00,0,0,0,0,,,-1.00,-1.00,-1.00,-1.00,-1.00,-1.00
2022-12-23T16:11:34Z,"0002cc01000003e9","2250d095b6fd386704e611140362340fadf000000000000000ffffffffffffffffffffffff",3.53,,0.31,17,20.01,6.12,100556.00,0.00,0,0,0,0,,,-1.00,-1.00,-1.00,-1.00,-1.00,-1.00
2022-12-23T16:17:30Z,"0002cc01000003e9","2250d0971afd386704e611140362340fb40b00000000000000ffffffffffffffffffffffff",3.53,,0.31,17,20.01,6.13,100557.00,22.00,0,0,0,0,,,-1.00,-1.00,-1.00,-1.00,-1.00,-1.00
2022-12-23T16:23:26Z,"0002cc01000003e9","2250d0987efd386f04e611140362370fb408c0000000000000ffffffffffffffffffffffff",3.53,,0.31,17,20.01,6.13,100571.00,35.00,0,0,0,0,,,-1.00,-1.00,-1.00,-1.00,-1.00,-1.00
2022-12-23T16:29:22Z,"0002cc01000003e9","2250d099e2fd386704e611140862360f980900000000000000ffffffffffffffffffffffff",3.53,,0.31,17,20.03,6.09,100564.00,36.00,0,0,0,0,,,-1.00,-1.00,-1.00,-1.00,-1.00,-1.00
2022-12-23T16:35:18Z,"0002cc01000003e9","2250d09b46fd386304e611140b62370f910c80000000000000ffffffffffffffffffffffff",3.52,,0.31,17,20.04,6.08,100569.00,25.00,0,0,0,0,,,-1.00,-1.00,-1.00,-1.00,-1.00,-1.00
2022-12-23T16:41:14Z,"0002cc01000003e9","2250d09caafd386704e611140d62380f7c0a80000000000000ffffffffffffffffffffffff",3.53,,0.31,17,20.05,6.05,100573.00,21.00,0,0,0,0,,,-1.00,-1.00,-1.00,-1.00,-1.00,-1.00
2022-12-23T16:47:10Z,"0002cc01000003e9","2250d09e0efd386f04e611140d62380f6e0880000000000000ffffffffffffffffffffffff",3.53,,0.31,17,20.05,6.03,100574.00,34.00,0,0,0,0,,,-1.00,-1.00,-1.00,-1.00,-1.00,-1.00
2022-12-23T16:53:07Z,"0002cc01000003e9","2250d09f73fd385f04e611140d623a0f6e0e00000000000000ffffffffffffffffffffffff",3.52,,0.31,17,20.05,6.03,100581.00,28.00,0,0,0,0,,,-1.00,-1.00,-1.00,-1.00,-1.00,-1.00
2022-12-23T16:59:03Z,"0002cc01000003e9","2250d0a0d7fd386704de11140862380f6009c0000000000000ffffffffffffffffffffffff",3.53,,0.30,17,20.03,6.01,100574.00,39.00,0,0,0,0,,,-1.00,-1.00,-1.00,-1.00,-1.00,-1.00
2022-12-23T17:04:59Z,"0002cc01000003e9","2250d0a23bfd385f04f211140662360f520800000000000000ffffffffffffffffffffffff",3.52,,0.31,17,20.02,5.98,100564.00,32.00,0,0,0,0,,,-1.00,-1.00,-1.00,-1.00,-1.00,-1.00
2022-12-23T17:10:55Z,"0002cc01000003e9","2250d0a39ffd386704e611140162370f4af000000000000000ffffffffffffffffffffffff",3.53,,0.31,17,20.00,5.97,100571.00,0.00,0,0,0,0,,,-1.00,-1.00,-1.00,-1.00,-1.00,-1.00
2022-12-23T17:16:51Z,"0002cc01000003e9","2250d0a503fd386f04e61113fe62330f510a40000000000000ffffffffffffffffffffffff",3.53,,0.31,17,19.99,5.98,100554.00,41.00,0,0,0,0,,,-1.00,-1.00,-1.00,-1.00,-1.00,-1.00
2022-12-23T17:22:47Z,"0002cc01000003e9","2250d0a667fd385f04e61113fb62350f4a0bc0000000000000ffffffffffffffffffffffff",3.52,,0.31,17,19.98,5.97,100561.00,47.00,0,0,0,0,,,-1.00,-1.00,-1.00,-1.00,-1.00,-1.00
2022-12-23T17:28:43Z,"0002cc01000003e9","2250d0a7cbfd386f04e61114086232100909e0000000000000ffffffffffffffffffffffff",3.53,,0.31,17,20.03,6.26,100551.00,316.00,0,0,0,0,,,-1.00,-1.00,-1.00,-1.00,-1.00,-1.00
2022-12-23T17:34:39Z,"0002cc01000003e9","2250d0a92ffd385f04e611141a6230107309b0000000000000ffffffffffffffffffffffff",3.52,,0.31,17,20.10,6.43,100540.00,310.00,0,0,0,0,,,-1.00,-1.00,-1.00,-1.00,-1.00,-1.00
2022-12-23T17:40:35Z,"0002cc01000003e9","2250d0aa93fd386b04e611142c622e104a0978000000000000ffffffffffffffffffffffff",3.53,,0.31,17,20.17,6.36,100533.00,303.00,0,0,0,0,,,-1.00,-1.00,-1.00,-1.00,-1.00,-1.00
2022-12-23T17:46:31Z,"0002cc01000003e9","2250d0abf7fd385f04e6111441622c10270910000000000000ffffffffffffffffffffffff",3.52,,0.31,17,20.25,6.31,100525.00,290.00,0,0,0,0,,,-1.00,-1.00,-1.00,-1.00,-1.00,-1.00
2022-12-23T17:52:27Z,"0002cc01000003e9","2250d0ad5bfd385f04e61114506228100408b8000000000000ffffffffffffffffffffffff",3.52,,0.31,17,20.31,6.26,100508.00,279.00,0,0,0,0,,,-1.00,-1.00,-1.00,-1.00,-1.00,-1.00
2022-12-23T17:58:23Z,"0002cc01000003e9","2250d0aebffd385f04e611145a622b100c09f0000000000000ffffffffffffffffffffffff",3.52,,0.31,17,20.35,6.27,100521.00,318.00,0,0,0,0,,,-1.00,-1.00,-1.00,-1.00,-1.00,-1.00
2022-12-23T18:04:19Z,"0002cc01000003e9","2250d0b023fd386704e611146262270ffe0978000000000000ffffffffffffffffffffffff",3.53,,0.31,17,20.38,6.25,100505.00,303.00,0,0,0,0,,,-1.00,-1.00,-1.00,-1.00,-1.00,-1.00
2022-12-23T18:10:16Z,"0002cc01000003e9","2250d0b188fd386304de11146962230fe209d8000000000000ffffffffffffffffffffffff",3.52,,0.30,17,20.41,6.21,100489.00,315.00,0,0,0,0,,,-1.00,-1.00,-1.00,-1.00,-1.00,-1.00
2022-12-23T18:16:12Z,"0002cc01000003e9","2250d0b2ecfd386b04e611146c62230fd40950000000000000ffffffffffffffffffffffff",3.53,,0.31,17,20.42,6.18,100490.00,298.00,0,0,0,0,,,-1.00,-1.00,-1.00,-1.00,-1.00,-1.00
2022-12-23T18:22:08Z,"0002cc01000003e9","2250d0b450fd385f04e611147162210fea08c0000000000000ffffffffffffffffffffffff",3.52,,0.31,17,20.44,6.22,100481.00,280.00,0,0,0,0,,,-1.00,-1.00,-1.00,-1.00,-1.00,-1.00
2022-12-23T18:28:04Z,"0002cc01000003e9","2250d0b5b4fd386b04e6111474621f0fcd0998000000000000ffffffffffffffffffffffff",3.53,,0.31,17,20.45,6.17,100475.00,307.00,0,0,0,0,,,-1.00,-1.00,-1.00,-1.00,-1.00,-1.00
2022-12-23T18:34:00Z,"0002cc01000003e9","2250d0b718fd386b04e6111479621f0fcd0978000000000000ffffffffffffffffffffffff",3.53,,0.31,17,20.47,6.17,100472.00,303.00,0,0,0,0,,,-1.00,-1.00,-1.00,-1.00,-1.00,-1.00
2022-12-23T18:39:56Z,"0002cc01000003e9","2250d0b87cfd385f04e611147b621e0fb809a0000000000000ffffffffffffffffffffffff",3.52,,0.31,17,20.48,6.14,100471.00,308.00,0,0,0,0,,,-1.00,-1.00,-1.00,-1.00,-1.00,-1.00
2022-12-23T18:45:52Z,"0002cc01000003e9","2250d0b9e0fd386b04e6111483621d10940838000000000000ffffffffffffffffffffffff",3.53,,0.31,17,20.51,6.48,100465.00,263.00,0,0,0,0,,,-1.00,-1.00,-1.00,-1.00,-1.00,-1.00
2022-12-23T18:51:48Z,"0002cc01000003e9","2250d0bb44fd385f04e6111492621f10e20910000000000000ffffffffffffffffffffffff",3.52,,0.31,17,20.57,6.59,100473.00,290.00,0,0,0,0,,,-1.00,-1.00,-1.00,-1.00,-1.00,-1.00
2022-12-23T18:57:44Z,"0002cc01000003e9","2250d0bca8fd385f04de111498621e10710900000000000000ffffffffffffffffffffffff",3.52,,0.30,17,20.59,6.42,100470.00,288.00,0,0,0,0,,,-1.00,-1.00,-1.00,-1.00,-1.00,-1.00
2022-12-23T19:03:40Z,"0002cc01000003e9","2250d0be0cfd385f04e611149d621e102b0888000000000000ffffffffffffffffffffffff",3.52,,0.31,17,20.61,6.32,100470.00,273.00,0,0,0,0,,,-1.00,-1.00,-1.00,-1.00,-1.00,-1.00
2022-12-23T19:09:36Z,"0002cc01000003e9","2250d0bf70fd385f04e61114a2621e10080998000000000000ffffffffffffffffffffffff",3.52,,0.31,17,20.63,6.26,100469.00,307.00,0,0,0,0,,,-1.00,-1.00,-1.00,-1.00,-1.00,-1.00
2022-12-23T19:15:32Z,"0002cc01000003e9","2250d0c0d4fd385f04f21114a2621c10010850000000000000ffffffffffffffffffffffff",3.52,,0.31,17,20.63,6.25,100463.00,266.00,0,0,0,0,,,-1.00,-1.00,-1.00,-1.00,-1.00,-1.00
2022-12-23T19:21:28Z,"0002cc01000003e9","2250d0c238fd385f04e61114a462180fe408e0000000000000ffffffffffffffffffffffff",3.52,,0.31,17,20.64,6.21,100444.00,284.00,0,0,0,0,,,-1.00,-1.00,-1.00,-1.00,-1.00,-1.00
2022-12-23T19:27:24Z,"0002cc01000003e9","2250d0c39cfd385f04e61114a962190fe40900000000000000ffffffffffffffffffffffff",3.52,,0.31,17,20.66,6.21,100449.00,288.00,0,0,0,0,,,-1.00,-1.00,-1.00,-1.00,-1.00,-1.00
2022-12-23T19:33:21Z,"0002cc01000003e9","2250d0c501fd385f04e61114af62160fc80878000000000000ffffffffffffffffffffffff",3.52,,0.31,17,20.68,6.17,100436.00,271.00,0,0,0,0,,,-1.00,-1.00,-1.00,-1.00,-1.00,-1.00
2022-12-23T19:39:17Z,"0002cc01000003e9","2250d0c665fd385f04da1114b462140fc90918000000000000ffffffffffffffffffffffff",3.52,,0.30,17,20.70,6.17,100428.00,291.00,0,0,0,0,,,-1.00,-1.00,-1.00,-1.00,-1.00,-1.00
2022-12-23T19:45:13Z,"0002cc01000003e9","2250d0c7c9fd385f04de1114b962150fbb08e8000000000000ffffffffffffffffffffffff",3.52,,0.30,17,20.72,6.14,100433.00,285.00,0,0,0,0,,,-1.00,-1.00,-1.00,-1.00,-1.00,-1.00
2022-12-23T19:51:09Z,"0002cc01000003e9","2250d0c92dfd385f04de1114c162130fd70920000000000000ffffffffffffffffffffffff",3.52,,0.30,17,20.75,6.19,100427.00,292.00,0,0,0,0,,,-1.00,-1.00,-1.00,-1.00,-1.00,-1.00
2022-12-23T19:57:05Z,"0002cc01000003e9","2250d0ca91fd385f04e61114c662130fe60970000000000000ffffffffffffffffffffffff",3.52,,0.31,17,20.77,6.21,100424.00,302.00,0,0,0,0,,,-1.00,-1.00,-1.00,-1.00,-1.00,-1.00
2022-12-23T20:03:01Z,"0002cc01000003e9","2250d0cbf5fd385f04e61114cb62130ff408c0000000000000ffffffffffffffffffffffff",3.52,,0.31,17,20.79,6.23,100426.00,280.00,0,0,0,0,,,-1.00,-1.00,-1.00,-1.00,-1.00,-1.00
2022-12-23T20:08:57Z,"0002cc01000003e9","2250d0cd59fd385b04e61114d06213100a0900000000000000ffffffffffffffffffffffff",3.52,,0.31,17,20.81,6.26,100425.00,288.00,0,0,0,0,,,-1.00,-1.00,-1.00,-1.00,-1.00,-1.00
2022-12-23T20:14:53Z,"0002cc01000003e9","2250d0cebdfd385f04de1114d262100ff40910000000000000ffffffffffffffffffffffff",3.52,,0.30,17,20.82,6.23,100414.00,290.00,0,0,0,0,,,-1.00,-1.00,-1.00,-1.00,-1.00,-1.00
2022-12-23T20:20:49Z,"0002cc01000003e9","2250d0d021fd385f04e61114d562100ff408f8000000000000ffffffffffffffffffffffff",3.52,,0.31,17,20.83,6.23,100414.00,287.00,0,0,0,0,,,-1.00,-1.00,-1.00,-1.00,-1.00,-1.00
2022-12-23T20:26:45Z,"0002cc01000003e9","2250d0d185fd385b04de1114d862100fe60930000000000000ffffffffffffffffffffffff",3.52,,0.30,17,20.84,6.21,100414.00,294.00,0,0,0,0,,,-1.00,-1.00,-1.00,-1.00,-1.00,-1.00
2022-12-23T20:32:41Z,"0002cc01000003e9","2250d0d2e9fd385b04e61114d862100ff40840000000000000ffffffffffffffffffffffff",3.52,,0.31,17,20.84,6.23,100413.00,264.00,0,0,0,0,,,-1.00,-1.00,-1.00,-1.00,-1.00,-1.00
2022-12-23T20:38:37Z,"0002cc01000003e9","2250d0d44dfd386b04e61114df62100ff40928000000000000ffffffffffffffffffffffff",3.53,,0.31,17,20.87,6.23,100412.00,293.00,0,0,0,0,,,-1.00,-1.00,-1.00,-1.00,-1.00,-1.00
2022-12-23T20:44:33Z,"0002cc01000003e9","2250d0d5b1fd386304e61114e2620e0fed0950000000000000ffffffffffffffffffffffff",3.52,,0.31,17,20.88,6.22,100405.00,298.00,0,0,0,0,,,-1.00,-1.00,-1.00,-1.00,-1.00,-1.00
2022-12-23T20:50:29Z,"0002cc01000003e9","2250d0d715fd386304e61114e7620e0ffc0950000000000000ffffffffffffffffffffffff",3.52,,0.31,17,20.90,6.24,100406.00,298.00,0,0,0,0,,,-1.00,-1.00,-1.00,-1.00,-1.00,-1.00
2022-12-23T20:56:25Z,"0002cc01000003e9","2250d0d879fd385b04de1114e7620b100a0838000000000000ffffffffffffffffffffffff",3.52,,0.30,17,20.90,6.27,100395.00,263.00,0,0,0,0,,,-1.00,-1.00,-1.00,-1.00,-1.00,-1.00
2022-12-23T21:02:22Z,"0002cc01000003e9","2250d0d9defd385b04de1114ec620e101f08a8000000000000ffffffffffffffffffffffff",3.52,,0.30,17,20.92,6.30,100404.00,277.00,0,0,0,0,,,-1.00,-1.00,-1.00,-1.00,-1.00,-1.00
2022-12-23T21:08:18Z,"0002cc01000003e9","2250d0db42fd386304de1114e9620b101108d0000000000000ffffffffffffffffffffffff",3.52,,0.30,17,20.91,6.28,100393.00,282.00,0,0,0,0,,,-1.00,-1.00,-1.00,-1.00,-1.00,-1.00
2022-12-23T21:14:14Z,"0002cc01000003e9","2250d0dca6fd385f04de1114e7620e102608e8000000000000ffffffffffffffffffffffff",3.52,,0.30,17,20.90,6.31,100404.00,285.00,0,0,0,0,,,-1.00,-1.00,-1.00,-1.00,-1.00,-1.00
2022-12-23T21:20:10Z,"0002cc01000003e9","2250d0de0afd385b04e61114ec620e10340828000000000000ffffffffffffffffffffffff",3.52,,0.31,17,20.92,6.33,100407.00,261.00,0,0,0,0,,,-1.00,-1.00,-1.00,-1.00,-1.00,-1.00
2022-12-23T21:26:06Z,"0002cc01000003e9","2250d0df6efd386304e61114f1620b10270900000000000000ffffffffffffffffffffffff",3.52,,0.31,17,20.94,6.31,100395.00,288.00,0,0,0,0,,,-1.00,-1.00,-1.00,-1.00,-1.00,-1.00
2022-12-23T21:32:02Z,"0002cc01000003e9","2250d0e0d2fd386304e61114fb620e10190878000000000000ffffffffffffffffffffffff",3.52,,0.31,17,20.98,6.29,100406.00,271.00,0,0,0,0,,,-1.00,-1.00,-1.00,-1.00,-1.00,-1.00
2022-12-23T21:37:58Z,"0002cc01000003e9","2250d0e236fd385b04e6111501620c102e0850000000000000ffffffffffffffffffffffff",3.52,,0.31,17,21.00,6.32,100396.00,266.00,0,0,0,0,,,-1.00,-1.00,-1.00,-1.00,-1.00,-1.00
2022-12-23T21:43:54Z,"0002cc01000003e9","2250d0e39afd386304e6111506620d103d0930000000000000ffffffffffffffffffffffff",3.52,,0.31,17,21.02,6.34,100401.00,294.00,0,0,0,0,,,-1.00,-1.00,-1.00,-1.00,-1.00,-1.00
2022-12-23T21:49:50Z,"0002cc01000003e9","2250d0e4fefd385b04da111508620b10120900000000000000ffffffffffffffffffffffff",3.52,,0.30,17,21.03,6.28,100393.00,288.00,0,0,0,0,,,-1.00,-1.00,-1.00,-1.00,-1.00,-1.00
2022-12-23T21:55:46Z,"0002cc01000003e9","2250d0e662fd385f04de11150b620c10120888000000000000ffffffffffffffffffffffff",3.52,,0.30,17,21.04,6.28,100396.00,273.00,0,0,0,0,,,-1.00,-1.00,-1.00,-1.00,-1.00,-1.00
2022-12-23T22:01:42Z,"0002cc01000003e9","2250d0e7c6fd385b04de11150d620a10210858000000000000ffffffffffffffffffffffff",3.52,,0.30,17,21.05,6.30,100390.00,267.00,0,0,0,0,,,-1.00,-1.00,-1.00,-1.00,-1.00,-1.00
2022-12-23T22:07:38Z,"0002cc01000003e9","2250d0e92afd385b04de111510620a102808e0000000000000ffffffffffffffffffffffff",3.52,,0.30,17,21.06,6.31,100389.00,284.00,0,0,0,0,,,-1.00,-1.00,-1.00,-1.00,-1.00,-1.00
2022-12-23T22:13:34Z,"0002cc01000003e9","2250d0ea8efd385b04de1115156209103d0880000000000000ffffffffffffffffffffffff",3.52,,0.30,17,21.08,6.34,100384.00,272.00,0,0,0,0,,,-1.00,-1.00,-1.00,-1.00,-1.00,-1.00
2022-12-23T22:19:30Z,"0002cc01000003e9","2250d0ebf2fd385b04de11151d6205104b0ff0000000000000ffffffffffffffffffffffff",3.52,,0.30,17,21.11,6.37,100371.00,255.00,0,0,0,0,,,-1.00,-1.00,-1.00,-1.00,-1.00,-1.00
2022-12-23T22:25:26Z,"0002cc01000003e9","2250d0ed56fd385704de11151f6206105208f0000000000000ffffffffffffffffffffffff",3.52,,0.30,17,21.12,6.38,100372.00,286.00,0,0,0,0,,,-1.00,-1.00,-1.00,-1.00,-1.00,-1.00
2022-12-23T22:31:22Z,"0002cc01000003e9","2250d0eebafd386304de111522620910520808000000000000ffffffffffffffffffffffff",3.52,,0.30,17,21.13,6.38,100385.00,257.00,0,0,0,0,,,-1.00,-1.00,-1.00,-1.00,-1.00,-1.00
2022-12-23T22:37:19Z,"0002cc01000003e9","2250d0f01ffd385b04da1115226207104c0840000000000000ffffffffffffffffffffffff",3.52,,0.30,17,21.13,6.37,100378.00,264.00,0,0,0,0,,,-1.00,-1.00,-1.00,-1.00,-1.00,-1.00
2022-12-23T22:43:15Z,"0002cc01000003e9","2250d0f183fd386304e61115226209105208b8000000000000ffffffffffffffffffffffff",3.52,,0.31,17,21.13,6.38,100386.00,279.00,0,0,0,0,,,-1.00,-1.00,-1.00,-1.00,-1.00,-1.00
2022-12-23T22:49:11Z,"0002cc01000003e9","2250d0f2e7fd386304de1115246208104c08c8000000000000ffffffffffffffffffffffff",3.52,,0.30,17,21.14,6.37,100382.00,281.00,0,0,0,0,,,-1.00,-1.00,-1.00,-1.00,-1.00,-1.00
2022-12-23T22:55:07Z,"0002cc01000003e9","2250d0f44bfd386304de1115246209103e0888000000000000ffffffffffffffffffffffff",3.52,,0.30,17,21.14,6.34,100384.00,273.00,0,0,0,0,,,-1.00,-1.00,-1.00,-1.00,-1.00,-1.00
2022-12-23T23:01:03Z,"0002cc01000003e9","2250d0f5affd385b04de111527620610450f90000000000000ffffffffffffffffffffffff",3.52,,0.30,17,21.15,6.36,100374.00,249.00,0,0,0,0,,,-1.00,-1.00,-1.00,-1.00,-1.00,-1.00
2022-12-23T23:06:59Z,"0002cc01000003e9","2250d0f713fd386304e611152c620610450808000000000000ffffffffffffffffffffffff",3.52,,0.31,17,21.17,6.36,100373.00,257.00,0,0,0,0,,,-1.00,-1.00,-1.00,-1.00,-1.00,-1.00
2022-12-23T23:12:55Z,"0002cc01000003e9","2250d0f877fd385b04de11152f6204103708f8000000000000ffffffffffffffffffffffff",3.52,,0.30,17,21.18,6.33,100364.00,287.00,0,0,0,0,,,-1.00,-1.00,-1.00,-1.00,-1.00,-1.00
2022-12-23T23:18:51Z,"0002cc01000003e9","2250d0f9dbfd385b04da11152f6207103709d8000000000000ffffffffffffffffffffffff",3.52,,0.30,17,21.18,6.33,100376.00,315.00,0,0,0,0,,,-1.00,-1.00,-1.00,-1.00,-1.00,-1.00
2022-12-23T23:24:47Z,"0002cc01000003e9","2250d0fb3ffd385b04e611152f620a10300838000000000000ffffffffffffffffffffffff",3.52,,0.31,17,21.18,6.32,100391.00,263.00,0,0,0,0,,,-1.00,-1.00,-1.00,-1.00,-1.00,-1.00
2022-12-23T23:30:43Z,"0002cc01000003e9","2250d0fca3fd386304de11152f620d10290fa0000000000000ffffffffffffffffffffffff",3.52,,0.30,17,21.18,6.31,100400.00,250.00,0,0,0,0,,,-1.00,-1.00,-1.00,-1.00,-1.00,-1.00
2022-12-23T23:36:39Z,"0002cc01000003e9","2250d0fe07fd386304de111529620c101b08b0000000000000ffffffffffffffffffffffff",3.52,,0.30,17,21.16,6.29,100397.00,278.00,0,0,0,0,,,-1.00,-1.00,-1.00,-1.00,-1.00,-1.00
2022-12-23T23:42:35Z,"0002cc01000003e9","2250d0ff6bfd386304de111529620a101b0850000000000000ffffffffffffffffffffffff",3.52,,0.30,17,21.16,6.29,100391.00,266.00,0,0,0,0,,,-1.00,-1.00,-1.00,-1.00,-1.00,-1.00
2022-12-23T23:48:31Z,"0002cc01000003e9","2250d100cffd385b04de11152f620a10220800000000000000ffffffffffffffffffffffff",3.52,,0.30,17,21.18,6.30,100391.00,256.00,0,0,0,0,,,-1.00,-1.00,-1.00,-1.00,-1.00,-1.00
2022-12-23T23:54:27Z,"0002cc01000003e9","2250d10233fd385b04e6111531620910220f90000000000000ffffffffffffffffffffffff",3.52,,0.31,17,21.19,6.30,100384.00,249.00,0,0,0,0,,,-1.00,-1.00,-1.00,-1.00,-1.00,-1.00
