Time,DevEUI,Raw,Vbat,Vsystem,Vbus,BootCount,T,RH,P,Light,P[0].delta,P[0].total,P[1].delta,P[1].total,Act[7],Act[6],Act[5],Act[4],Act[3],Act[2],Act[1],Act[0]
2022-12-27T00:00:45Z,"0002cc01000003e9","2250d4f82dfd37ec04de11144861f82d160800000000000000ffffffffffffffffffffffff",3.49,,0.30,17,20.28,17.61,100319.00,8.00,0,0,0,0,,,-1.00,-1.00,-1.00,-1.00,-1.00,-1.00
2022-12-27T00:06:41Z,"0002cc01000003e9","2250d4f991fd37ec04d511144b61f82d010900000000000000ffffffffffffffffffffffff",3.49,,0.30,17,20.29,17.58,100317.00,18.00,0,0,0,0,,,-1.00,-1.00,-1.00,-1.00,-1.00,-1.00
2022-12-27T00:12:37Z,"0002cc01000003e9","2250d4faf5fd37ec04d511144861f92ceb0c00000000000000ffffffffffffffffffffffff",3.49,,0.30,17,20.28,17.55,100321.00,6.00,0,0,0,0,,,-1.00,-1.00,-1.00,-1.00,-1.00,-1.00
2022-12-27T00:18:33Z,"0002cc01000003e9","2250d4fc59fd37e804d511144861f92cc80b00000000000000ffffffffffffffffffffffff",3.49,,0.30,17,20.28,17.49,100323.00,22.00,0,0,0,0,,,-1.00,-1.00,-1.00,-1.00,-1.00,-1.00
2022-12-27T00:24:29Z,"0002cc01000003e9","2250d4fdbdfd37ec04d511144861f92c9f0c00000000000000ffffffffffffffffffffffff",3.49,,0.30,17,20.28,17.43,100323.00,6.00,0,0,0,0,,,-1.00,-1.00,-1.00,-1.00,-1.00,-1.00
2022-12-27T00:30:25Z,"0002cc01000003e9","2250d4ff21fd37ec04d511144861fb2c740a00000000000000ffffffffffffffffffffffff",3.49,,0.30,17,20.28,17.37,100329.00,10.00,0,0,0,0,,,-1.00,-1.00,-1.00,-1.00,-1.00,-1.00
2022-12-27T00:36:21Z,"0002cc01000003e9","2250d50085fd37ec04d511144861fc2c42f000000000000000ffffffffffffffffffffffff",3.49,,0.30,17,20.28,17.29,100332.00,0.00,0,0,0,0,,,-1.00,-1.00,-1.00,-1.00,-1.00,-1.00
2022-12-27T00:42:17Z,"0002cc01000003e9","2250d501e9fd37ec04d511144862012c19f000000000000000ffffffffffffffffffffffff",3.49,,0.30,17,20.28,17.23,100353.00,0.00,0,0,0,0,,,-1.00,-1.00,-1.00,-1.00,-1.00,-1.00
2022-12-27T00:48:13Z,"0002cc01000003e9","2250d5034dfd37ec04d511144862042bbd0b00000000000000ffffffffffffffffffffffff",3.49,,0.30,17,20.28,17.09,100365.00,11.00,0,0,0,0,,,-1.00,-1.00,-1.00,-1.00,-1.00,-1.00
2022-12-27T00:54:09Z,"0002cc01000003e9","2250d504b1fd37ec04d511144b620a2b700800000000000000ffffffffffffffffffffffff",3.49,,0.30,17,20.29,16.97,100390.00,1.00,0,0,0,0,,,-1.00,-1.00,-1.00,-1.00,-1.00,-1.00
2022-12-27T01:00:06Z,"0002cc01000003e9","2250d50616fd37ec04d511144b62092b290c00000000000000ffffffffffffffffffffffff",3.49,,0.30,17,20.29,16.86,100387.00,12.00,0,0,0,0,,,-1.00,-1.00,-1.00,-1.00,-1.00,-1.00
2022-12-27T01:06:01Z,"0002cc01000003e9","2250d50779fd37ec04cd11144b620f2acf0800000000000000ffffffffffffffffffffffff",3.49,,0.30,17,20.29,16.72,100408.00,8.00,0,0,0,0,,,-1.00,-1.00,-1.00,-1.00,-1.00,-1.00
2022-12-27T01:11:58Z,"0002cc01000003e9","2250d508defd37ec04d511144862102a730800000000000000ffffffffffffffffffffffff",3.49,,0.30,17,20.28,16.58,100414.00,4.00,0,0,0,0,,,-1.00,-1.00,-1.00,-1.00,-1.00,-1.00
2022-12-27T01:17:54Z,"0002cc01000003e9","2250d50a42fd37e404d511144b62162a2d0e00000000000000ffffffffffffffffffffffff",3.49,,0.30,17,20.29,16.47,100439.00,7.00,0,0,0,0,,,-1.00,-1.00,-1.00,-1.00,-1.00,-1.00
2022-12-27T01:23:50Z,"0002cc01000003e9","2250d50ba6fd37e004d511144b621b29ed0a00000000000000ffffffffffffffffffffffff",3.49,,0.30,17,20.29,16.38,100456.00,5.00,0,0,0,0,,,-1.00,-1.00,-1.00,-1.00,-1.00,-1.00
2022-12-27T01:29:46Z,"0002cc01000003e9","2250d50d0afd37ec04d5111448621929d8f000000000000000ffffffffffffffffffffffff",3.49,,0.30,17,20.28,16.35,100450.00,0.00,0,0,0,0,,,-1.00,-1.00,-1.00,-1.00,-1.00,-1.00
2022-12-27T01:35:42Z,"0002cc01000003e9","2250d50e6efd37e804c911144b621829920800000000000000ffffffffffffffffffffffff",3.49,,0.30,17,20.29,16.24,100447.00,16.00,0,0,0,0,,,-1.00,-1.00,-1.00,-1.00,-1.00,-1.00
2022-12-27T01:41:38Z,"0002cc01000003e9","2250d50fd2fd37ec04d5111448621a2968f000000000000000ffffffffffffffffffffffff",3.49,,0.30,17,20.28,16.17,100453.00,0.00,0,0,0,0,,,-1.00,-1.00,-1.00,-1.00,-1.00,-1.00
2022-12-27T01:47:34Z,"0002cc01000003e9","2250d51136fd37ec04d5111448621a2944f000000000000000ffffffffffffffffffffffff",3.49,,0.30,17,20.28,16.12,100454.00,0.00,0,0,0,0,,,-1.00,-1.00,-1.00,-1.00,-1.00,-1.00
2022-12-27T01:53:30Z,"0002cc01000003e9","2250d5129afd37e804d511144b621d29290c80000000000000ffffffffffffffffffffffff",3.49,,0.30,17,20.29,16.08,100464.00,25.00,0,0,0,0,,,-1.00,-1.00,-1.00,-1.00,-1.00,-1.00
2022-12-27T01:59:26Z,"0002cc01000003e9","2250d513fefd37e004d511144b621e2914f000000000000000ffffffffffffffffffffffff",3.49,,0.30,17,20.29,16.05,100468.00,0.00,0,0,0,0,,,-1.00,-1.00,-1.00,-1.00,-1.00,-1.00
2022-12-27T02:05:22Z,"0002cc01000003e9","2250d51562fd37e004d511144b622228ff0f00000000000000ffffffffffffffffffffffff",3.49,,0.30,17,20.29,16.01,100485.00,15.00,0,0,0,0,,,-1.00,-1.00,-1.00,-1.00,-1.00,-1.00
2022-12-27T02:11:18Z,"0002cc01000003e9","2250d516c6fd37ec04d5111448622128e9f000000000000000ffffffffffffffffffffffff",3.49,,0.30,17,20.28,15.98,100480.00,0.00,0,0,0,0,,,-1.00,-1.00,-1.00,-1.00,-1.00,-1.00
2022-12-27T02:17:14Z,"0002cc01000003e9","2250d5182afd37e004d5111448622828d40800000000000000ffffffffffffffffffffffff",3.49,,0.30,17,20.28,15.95,100508.00,2.00,0,0,0,0,,,-1.00,-1.00,-1.00,-1.00,-1.00,-1.00
2022-12-27T02:23:11Z,"0002cc01000003e9","2250d5198ffd37e004d511144b622b28b10c00000000000000ffffffffffffffffffffffff",3.49,,0.30,17,20.29,15.90,100523.00,6.00,0,0,0,0,,,-1.00,-1.00,-1.00,-1.00,-1.00,-1.00
2022-12-27T02:29:07Z,"0002cc01000003e9","2250d51af3fd37ec04d5111448622e289c0880000000000000ffffffffffffffffffffffff",3.49,,0.30,17,20.28,15.86,100535.00,17.00,0,0,0,0,,,-1.00,-1.00,-1.00,-1.00,-1.00,-1.00
2022-12-27T02:35:03Z,"0002cc01000003e9","2250d51c57fd37ec04d5111448623128720f00000000000000ffffffffffffffffffffffff",3.49,,0.30,17,20.28,15.80,100547.00,15.00,0,0,0,0,,,-1.00,-1.00,-1.00,-1.00,-1.00,-1.00
2022-12-27T02:40:59Z,"0002cc01000003e9","2250d51dbbfd37e004d51114486230286a0900000000000000ffffffffffffffffffffffff",3.49,,0.30,17,20.28,15.79,100543.00,36.00,0,0,0,0,,,-1.00,-1.00,-1.00,-1.00,-1.00,-1.00
2022-12-27T02:46:55Z,"0002cc01000003e9","2250d51f1ffd37e004d5111443623228390e00000000000000ffffffffffffffffffffffff",3.49,,0.30,17,20.26,15.71,100548.00,7.00,0,0,0,0,,,-1.00,-1.00,-1.00,-1.00,-1.00,-1.00
2022-12-27T02:52:51Z,"0002cc01000003e9","2250d52083fd37e004d51114416232280ef000000000000000ffffffffffffffffffffffff",3.49,,0.30,17,20.25,15.65,100550.00,0.00,0,0,0,0,,,-1.00,-1.00,-1.00,-1.00,-1.00,-1.00
2022-12-27T02:58:47Z,"0002cc01000003e9","2250d521e7fd37ec04d511143b623527f2f000000000000000ffffffffffffffffffffffff",3.49,,0.30,17,20.23,15.60,100561.00,0.00,0,0,0,0,,,-1.00,-1.00,-1.00,-1.00,-1.00,-1.00
2022-12-27T03:04:43Z,"0002cc01000003e9","2250d5234bfd37e004d5111434623627ce0900000000000000ffffffffffffffffffffffff",3.49,,0.30,17,20.20,15.55,100565.00,18.00,0,0,0,0,,,-1.00,-1.00,-1.00,-1.00,-1.00,-1.00
2022-12-27T03:10:39Z,"0002cc01000003e9","2250d524affd37e004d5111431623827a4f000000000000000ffffffffffffffffffffffff",3.49,,0.30,17,20.19,15.48,100572.00,0.00,0,0,0,0,,,-1.00,-1.00,-1.00,-1.00,-1.00,-1.00
2022-12-27T03:16:35Z,"0002cc01000003e9","2250d52613fd37e004d511142f623827870b00000000000000ffffffffffffffffffffffff",3.49,,0.30,17,20.18,15.44,100572.00,11.00,0,0,0,0,,,-1.00,-1.00,-1.00,-1.00,-1.00,-1.00
2022-12-27T03:22:31Z,"0002cc01000003e9","2250d52777fd37e004d5111429623927640c00000000000000ffffffffffffffffffffffff",3.49,,0.30,17,20.16,15.39,100577.00,3.00,0,0,0,0,,,-1.00,-1.00,-1.00,-1.00,-1.00,-1.00
2022-12-27T03:28:27Z,"0002cc01000003e9","2250d528dbfd37e004d5111424623b2755f000000000000000ffffffffffffffffffffffff",3.49,,0.30,17,20.14,15.36,100587.00,0.00,0,0,0,0,,,-1.00,-1.00,-1.00,-1.00,-1.00,-1.00
2022-12-27T03:34:23Z,"0002cc01000003e9","2250d52a3ffd37ec04d511142462402732f000000000000000ffffffffffffffffffffffff",3.49,,0.30,17,20.14,15.31,100607.00,0.00,0,0,0,0,,,-1.00,-1.00,-1.00,-1.00,-1.00,-1.00
2022-12-27T03:40:20Z,"0002cc01000003e9","2250d52ba4fd37e004d5111422623f271d0800000000000000ffffffffffffffffffffffff",3.49,,0.30,17,20.13,15.28,100601.00,1.00,0,0,0,0,,,-1.00,-1.00,-1.00,-1.00,-1.00,-1.00
2022-12-27T03:46:15Z,"0002cc01000003e9","2250d52d07fd37e004d5111422624026eb0c00000000000000ffffffffffffffffffffffff",3.49,,0.30,17,20.13,15.20,100607.00,6.00,0,0,0,0,,,-1.00,-1.00,-1.00,-1.00,-1.00,-1.00
2022-12-27T03:52:12Z,"0002cc01000003e9","2250d52e6cfd37e804d111141d624026cff000000000000000ffffffffffffffffffffffff",3.49,,0.30,17,20.11,15.16,100604.00,0.00,0,0,0,0,,,-1.00,-1.00,-1.00,-1.00,-1.00,-1.00
2022-12-27T03:58:08Z,"0002cc01000003e9","2250d52fd0fd37e004d511141d623e26abf000000000000000ffffffffffffffffffffffff",3.49,,0.30,17,20.11,15.11,100598.00,0.00,0,0,0,0,,,-1.00,-1.00,-1.00,-1.00,-1.00,-1.00
2022-12-27T04:04:04Z,"0002cc01000003e9","2250d53134fd37e004d5111418623b26a40800000000000000ffffffffffffffffffffffff",3.49,,0.30,17,20.09,15.09,100584.00,16.00,0,0,0,0,,,-1.00,-1.00,-1.00,-1.00,-1.00,-1.00
2022-12-27T04:10:00Z,"0002cc01000003e9","2250d53298fd37ec04d51114156239269df000000000000000ffffffffffffffffffffffff",3.49,,0.30,17,20.08,15.08,100577.00,0.00,0,0,0,0,,,-1.00,-1.00,-1.00,-1.00,-1.00,-1.00
2022-12-27T04:15:56Z,"0002cc01000003e9","2250d533fcfd37e004d51114186239268f0c00000000000000ffffffffffffffffffffffff",3.49,,0.30,17,20.09,15.06,100578.00,6.00,0,0,0,0,,,-1.00,-1.00,-1.00,-1.00,-1.00,-1.00
2022-12-27T04:21:52Z,"0002cc01000003e9","2250d53560fd37e804d1111427623926980a80000000000000ffffffffffffffffffffffff",3.49,,0.30,17,20.15,15.08,100579.00,42.00,0,0,0,0,,,-1.00,-1.00,-1.00,-1.00,-1.00,-1.00
2022-12-27T04:27:48Z,"0002cc01000003e9","2250d536c4fd37e004d511142c623a263d0a00000000000000ffffffffffffffffffffffff",3.49,,0.30,17,20.17,14.94,100583.00,10.00,0,0,0,0,,,-1.00,-1.00,-1.00,-1.00,-1.00,-1.00
2022-12-27T04:33:44Z,"0002cc01000003e9","2250d53828fd37e004cd111427623c25ef0800000000000000ffffffffffffffffffffffff",3.49,,0.30,17,20.15,14.82,100590.00,1.00,0,0,0,0,,,-1.00,-1.00,-1.00,-1.00,-1.00,-1.00
2022-12-27T04:39:40Z,"0002cc01000003e9","2250d5398cfd37e004d5111422623f25bdf000000000000000ffffffffffffffffffffffff",3.49,,0.30,17,20.13,14.74,100600.00,0.00,0,0,0,0,,,-1.00,-1.00,-1.00,-1.00,-1.00,-1.00
2022-12-27T04:45:36Z,"0002cc01000003e9","2250d53af0fd37e004d511141d623c25920e00000000000000ffffffffffffffffffffffff",3.49,,0.30,17,20.11,14.68,100590.00,7.00,0,0,0,0,,,-1.00,-1.00,-1.00,-1.00,-1.00,-1.00
2022-12-27T04:51:32Z,"0002cc01000003e9","2250d53c54fd37e004d5111429623d257f0b00000000000000ffffffffffffffffffffffff",3.49,,0.30,17,20.16,14.65,100593.00,22.00,0,0,0,0,,,-1.00,-1.00,-1.00,-1.00,-1.00,-1.00
2022-12-27T04:57:28Z,"0002cc01000003e9","2250d53db8fd37e004c9111448623c2580f000000000000000ffffffffffffffffffffffff",3.49,,0.30,17,20.28,14.65,100590.00,0.00,0,0,0,0,,,-1.00,-1.00,-1.00,-1.00,-1.00,-1.00
2022-12-27T05:03:25Z,"0002cc01000003e9","2250d53f1dfd37e004d5111448624425420800000000000000ffffffffffffffffffffffff",3.49,,0.30,17,20.28,14.55,100623.00,2.00,0,0,0,0,,,-1.00,-1.00,-1.00,-1.00,-1.00,-1.00
2022-12-27T05:09:20Z,"0002cc01000003e9","2250d54080fd37e004d511143e624925010b00000000000000ffffffffffffffffffffffff",3.49,,0.30,17,20.24,14.46,100640.00,11.00,0,0,0,0,,,-1.00,-1.00,-1.00,-1.00,-1.00,-1.00
2022-12-27T05:15:17Z,"0002cc01000003e9","2250d541e5fd37e004d5111431624124cff000000000000000ffffffffffffffffffffffff",3.49,,0.30,17,20.19,14.38,100610.00,0.00,0,0,0,0,,,-1.00,-1.00,-1.00,-1.00,-1.00,-1.00
2022-12-27T05:21:13Z,"0002cc01000003e9","2250d54349fd37e004d51114276242248f0c00000000000000ffffffffffffffffffffffff",3.49,,0.30,17,20.15,14.28,100612.00,3.00,0,0,0,0,,,-1.00,-1.00,-1.00,-1.00,-1.00,-1.00
2022-12-27T05:27:09Z,"0002cc01000003e9","2250d544adfd37e004d511142262432488f000000000000000ffffffffffffffffffffffff",3.49,,0.30,17,20.13,14.27,100619.00,0.00,0,0,0,0,,,-1.00,-1.00,-1.00,-1.00,-1.00,-1.00
2022-12-27T05:33:05Z,"0002cc01000003e9","2250d54611fd37e004d511141d624424640c00000000000000ffffffffffffffffffffffff",3.49,,0.30,17,20.11,14.21,100620.00,3.00,0,0,0,0,,,-1.00,-1.00,-1.00,-1.00,-1.00,-1.00
2022-12-27T05:39:01Z,"0002cc01000003e9","2250d54775fd37ec04d5111443624324600b00000000000000ffffffffffffffffffffffff",3.49,,0.30,17,20.26,14.21,100619.00,11.00,0,0,0,0,,,-1.00,-1.00,-1.00,-1.00,-1.00,-1.00
2022-12-27T05:44:57Z,"0002cc01000003e9","2250d548d9fd37e004de11144b624424590a00000000000000ffffffffffffffffffffffff",3.49,,0.30,17,20.29,14.20,100621.00,10.00,0,0,0,0,,,-1.00,-1.00,-1.00,-1.00,-1.00,-1.00
2022-12-27T05:50:53Z,"0002cc01000003e9","2250d54a3dfd37e004d51114436247240c0a00000000000000ffffffffffffffffffffffff",3.49,,0.30,17,20.26,14.08,100634.00,20.00,0,0,0,0,,,-1.00,-1.00,-1.00,-1.00,-1.00,-1.00
2022-12-27T05:56:49Z,"0002cc01000003e9","2250d54ba1fd37e004d5111439624923d20d00000000000000ffffffffffffffffffffffff",3.49,,0.30,17,20.22,13.99,100640.00,13.00,0,0,0,0,,,-1.00,-1.00,-1.00,-1.00,-1.00,-1.00
2022-12-27T06:02:45Z,"0002cc01000003e9","2250d54d05fd37ec04d511142c624c23a8f000000000000000ffffffffffffffffffffffff",3.49,,0.30,17,20.17,13.93,100655.00,0.00,0,0,0,0,,,-1.00,-1.00,-1.00,-1.00,-1.00,-1.00
2022-12-27T06:08:41Z,"0002cc01000003e9","2250d54e69fd37e004d5111434624923d2f000000000000000ffffffffffffffffffffffff",3.49,,0.30,17,20.20,13.99,100641.00,0.00,0,0,0,0,,,-1.00,-1.00,-1.00,-1.00,-1.00,-1.00
2022-12-27T06:14:37Z,"0002cc01000003e9","2250d54fcdfd37dc04d511144b624623d4f000000000000000ffffffffffffffffffffffff",3.49,,0.30,17,20.29,14.00,100628.00,0.00,0,0,0,0,,,-1.00,-1.00,-1.00,-1.00,-1.00,-1.00
2022-12-27T06:20:33Z,"0002cc01000003e9","2250d55131fd37e004d5111448624a23b8f000000000000000ffffffffffffffffffffffff",3.49,,0.30,17,20.28,13.95,100645.00,0.00,0,0,0,0,,,-1.00,-1.00,-1.00,-1.00,-1.00,-1.00
2022-12-27T06:26:29Z,"0002cc01000003e9","2250d55295fd37e004d5111441624923710800000000000000ffffffffffffffffffffffff",3.49,,0.30,17,20.25,13.84,100641.00,8.00,0,0,0,0,,,-1.00,-1.00,-1.00,-1.00,-1.00,-1.00
2022-12-27T06:32:25Z,"0002cc01000003e9","2250d553f9fd37e004d511143662462354f000000000000000ffffffffffffffffffffffff",3.49,,0.30,17,20.21,13.80,100629.00,0.00,0,0,0,0,,,-1.00,-1.00,-1.00,-1.00,-1.00,-1.00
2022-12-27T06:38:21Z,"0002cc01000003e9","2250d5555dfd37e004d5111429624623300e00000000000000ffffffffffffffffffffffff",3.49,,0.30,17,20.16,13.75,100630.00,14.00,0,0,0,0,,,-1.00,-1.00,-1.00,-1.00,-1.00,-1.00
2022-12-27T06:44:18Z,"0002cc01000003e9","2250d556c2fd37e004d5111434624823380e80000000000000ffffffffffffffffffffffff",3.49,,0.30,17,20.20,13.76,100639.00,29.00,0,0,0,0,,,-1.00,-1.00,-1.00,-1.00,-1.00,-1.00
2022-12-27T06:50:14Z,"0002cc01000003e9","2250d55826fd37e004d511143b6248233ff000000000000000ffffffffffffffffffffffff",3.49,,0.30,17,20.23,13.77,100637.00,0.00,0,0,0,0,,,-1.00,-1.00,-1.00,-1.00,-1.00,-1.00
2022-12-27T06:56:10Z,"0002cc01000003e9","2250d5598afd37e004d5111436624622e30800000000000000ffffffffffffffffffffffff",3.49,,0.30,17,20.21,13.63,100628.00,8.00,0,0,0,0,,,-1.00,-1.00,-1.00,-1.00,-1.00,-1.00
2022-12-27T07:02:06Z,"0002cc01000003e9","2250d55aeefd37e004d511142c624522db0f00000000000000ffffffffffffffffffffffff",3.49,,0.30,17,20.17,13.62,100625.00,15.00,0,0,0,0,,,-1.00,-1.00,-1.00,-1.00,-1.00,-1.00
2022-12-27T07:08:02Z,"0002cc01000003e9","2250d55c52fd37e004d5111427624422db0a80000000000000ffffffffffffffffffffffff",3.49,,0.30,17,20.15,13.62,100623.00,21.00,0,0,0,0,,,-1.00,-1.00,-1.00,-1.00,-1.00,-1.00
2022-12-27T07:13:58Z,"0002cc01000003e9","2250d55db6fd37e804d5111439624522f20900000000000000ffffffffffffffffffffffff",3.49,,0.30,17,20.22,13.65,100626.00,18.00,0,0,0,0,,,-1.00,-1.00,-1.00,-1.00,-1.00,-1.00
2022-12-27T07:19:54Z,"0002cc01000003e9","2250d55f1afd37e004d5111439624722dd0980000000000000ffffffffffffffffffffffff",3.49,,0.30,17,20.22,13.62,100632.00,19.00,0,0,0,0,,,-1.00,-1.00,-1.00,-1.00,-1.00,-1.00
2022-12-27T07:25:50Z,"0002cc01000003e9","2250d5607efd37e004d5111431624a22a30d00000000000000ffffffffffffffffffffffff",3.49,,0.30,17,20.19,13.53,100647.00,13.00,0,0,0,0,,,-1.00,-1.00,-1.00,-1.00,-1.00,-1.00
2022-12-27T07:31:46Z,"0002cc01000003e9","2250d561e2fd37e004d5111436624b22b90d00000000000000ffffffffffffffffffffffff",3.49,,0.30,17,20.21,13.56,100649.00,13.00,0,0,0,0,,,-1.00,-1.00,-1.00,-1.00,-1.00,-1.00
2022-12-27T07:37:42Z,"0002cc01000003e9","2250d56346fd37e004d5111434624e22c00b80000000000000ffffffffffffffffffffffff",3.49,,0.30,17,20.20,13.57,100660.00,23.00,0,0,0,0,,,-1.00,-1.00,-1.00,-1.00,-1.00,-1.00
2022-12-27T07:43:38Z,"0002cc01000003e9","2250d564aafd37e004d511142c625022aa0c00000000000000ffffffffffffffffffffffff",3.49,,0.30,17,20.17,13.54,100669.00,12.00,0,0,0,0,,,-1.00,-1.00,-1.00,-1.00,-1.00,-1.00
2022-12-27T07:49:34Z,"0002cc01000003e9","2250d5660efd37e004d511142c625122b80800000000000000ffffffffffffffffffffffff",3.49,,0.30,17,20.17,13.56,100674.00,4.00,0,0,0,0,,,-1.00,-1.00,-1.00,-1.00,-1.00,-1.00
2022-12-27T07:55:30Z,"0002cc01000003e9","2250d56772fd37e004d511144d625422c2f000000000000000ffffffffffffffffffffffff",3.49,,0.30,17,20.30,13.58,100685.00,0.00,0,0,0,0,,,-1.00,-1.00,-1.00,-1.00,-1.00,-1.00
2022-12-27T08:01:27Z,"0002cc01000003e9","2250d568d7fd37d304d511144d625322c20800000000000000ffffffffffffffffffffffff",3.49,,0.30,17,20.30,13.58,100683.00,2.00,0,0,0,0,,,-1.00,-1.00,-1.00,-1.00,-1.00,-1.00
2022-12-27T08:07:23Z,"0002cc01000003e9","2250d56a3bfd37e004d5111446625622900a00000000000000ffffffffffffffffffffffff",3.49,,0.30,17,20.27,13.50,100693.00,5.00,0,0,0,0,,,-1.00,-1.00,-1.00,-1.00,-1.00,-1.00
2022-12-27T08:13:19Z,"0002cc01000003e9","2250d56b9ffd37e004d5111439625522960800000000000000ffffffffffffffffffffffff",3.49,,0.30,17,20.22,13.51,100691.00,8.00,0,0,0,0,,,-1.00,-1.00,-1.00,-1.00,-1.00,-1.00
2022-12-27T08:19:15Z,"0002cc01000003e9","2250d56d03fd37e004d5111431625422aa0e00000000000000ffffffffffffffffffffffff",3.49,,0.30,17,20.19,13.54,100687.00,7.00,0,0,0,0,,,-1.00,-1.00,-1.00,-1.00,-1.00,-1.00
2022-12-27T08:25:11Z,"0002cc01000003e9","2250d56e67fd37e004d5111450625422b4f000000000000000ffffffffffffffffffffffff",3.49,,0.30,17,20.31,13.56,100684.00,0.00,0,0,0,0,,,-1.00,-1.00,-1.00,-1.00,-1.00,-1.00
2022-12-27T08:31:07Z,"0002cc01000003e9","2250d56fcbfd37e004d5111450625422a60800000000000000ffffffffffffffffffffffff",3.49,,0.30,17,20.31,13.53,100684.00,1.00,0,0,0,0,,,-1.00,-1.00,-1.00,-1.00,-1.00,-1.00
2022-12-27T08:37:03Z,"0002cc01000003e9","2250d5712ffd37e004d511144662512282f000000000000000ffffffffffffffffffffffff",3.49,,0.30,17,20.27,13.48,100673.00,0.00,0,0,0,0,,,-1.00,-1.00,-1.00,-1.00,-1.00,-1.00
2022-12-27T08:42:59Z,"0002cc01000003e9","2250d57293fd37e004d511143962512281f000000000000000ffffffffffffffffffffffff",3.49,,0.30,17,20.22,13.48,100672.00,0.00,0,0,0,0,,,-1.00,-1.00,-1.00,-1.00,-1.00,-1.00
2022-12-27T08:48:55Z,"0002cc01000003e9","2250d573f7fd37d804d5111443624e22890800000000000000ffffffffffffffffffffffff",3.49,,0.30,17,20.26,13.49,100662.00,16.00,0,0,0,0,,,-1.00,-1.00,-1.00,-1.00,-1.00,-1.00
2022-12-27T08:54:51Z,"0002cc01000003e9","2250d5755bfd37e004d51114436250227b0a00000000000000ffffffffffffffffffffffff",3.49,,0.30,17,20.26,13.47,100671.00,20.00,0,0,0,0,,,-1.00,-1.00,-1.00,-1.00,-1.00,-1.00
2022-12-27T09:00:47Z,"0002cc01000003e9","2250d576bffd37e004d511143b624e223b0b00000000000000ffffffffffffffffffffffff",3.49,,0.30,17,20.23,13.37,100661.00,11.00,0,0,0,0,,,-1.00,-1.00,-1.00,-1.00,-1.00,-1.00
2022-12-27T09:06:43Z,"0002cc01000003e9","2250d57823fd37e004d511142f625122330e00000000000000ffffffffffffffffffffffff",3.49,,0.30,17,20.18,13.36,100673.00,7.00,0,0,0,0,,,-1.00,-1.00,-1.00,-1.00,-1.00,-1.00
2022-12-27T09:12:39Z,"0002cc01000003e9","2250d57987fd37e004de1114506250223c0800000000000000ffffffffffffffffffffffff",3.49,,0.30,17,20.31,13.37,100668.00,4.00,0,0,0,0,,,-1.00,-1.00,-1.00,-1.00,-1.00,-1.00
2022-12-27T09:18:35Z,"0002cc01000003e9","2250d57aebfd37d804d5111462624d22370900000000000000ffffffffffffffffffffffff",3.49,,0.30,17,20.38,13.37,100658.00,9.00,0,0,0,0,,,-1.00,-1.00,-1.00,-1.00,-1.00,-1.00
2022-12-27T09:24:32Z,"0002cc01000003e9","2250d57c50fd37e004d511145d6248221af000000000000000ffffffffffffffffffffffff",3.49,,0.30,17,20.36,13.32,100639.00,0.00,0,0,0,0,,,-1.00,-1.00,-1.00,-1.00,-1.00,-1.00
2022-12-27T09:30:28Z,"0002cc01000003e9","2250d57db4fd37e004d511144d624821d9f000000000000000ffffffffffffffffffffffff",3.49,,0.30,17,20.30,13.22,100637.00,0.00,0,0,0,0,,,-1.00,-1.00,-1.00,-1.00,-1.00,-1.00
2022-12-27T09:36:24Z,"0002cc01000003e9","2250d57f18fd37d804d111143e624921ca0a00000000000000ffffffffffffffffffffffff",3.49,,0.30,17,20.24,13.20,100641.00,20.00,0,0,0,0,,,-1.00,-1.00,-1.00,-1.00,-1.00,-1.00
2022-12-27T09:42:20Z,"0002cc01000003e9","2250d5807cfd37e004d511143e624621d8f000000000000000ffffffffffffffffffffffff",3.49,,0.30,17,20.24,13.22,100628.00,0.00,0,0,0,0,,,-1.00,-1.00,-1.00,-1.00,-1.00,-1.00
2022-12-27T09:48:16Z,"0002cc01000003e9","2250d581e0fd37e004d5111443624221d90f00000000000000ffffffffffffffffffffffff",3.49,,0.30,17,20.26,13.22,100614.00,15.00,0,0,0,0,,,-1.00,-1.00,-1.00,-1.00,-1.00,-1.00
2022-12-27T09:54:12Z,"0002cc01000003e9","2250d58344fd37dc04d111143b624221a00980000000000000ffffffffffffffffffffffff",3.49,,0.30,17,20.23,13.13,100614.00,19.00,0,0,0,0,,,-1.00,-1.00,-1.00,-1.00,-1.00,-1.00
2022-12-27T10:00:08Z,"0002cc01000003e9","2250d584a8fd37d804d51114316244219ff000000000000000ffffffffffffffffffffffff",3.49,,0.30,17,20.19,13.13,100620.00,0.00,0,0,0,0,,,-1.00,-1.00,-1.00,-1.00,-1.00,-1.00
2022-12-27T10:06:04Z,"0002cc01000003e9","2250d5860cfd37d804d5111441624721990a00000000000000ffffffffffffffffffffffff",3.49,,0.30,17,20.25,13.12,100633.00,5.00,0,0,0,0,,,-1.00,-1.00,-1.00,-1.00,-1.00,-1.00
2022-12-27T10:12:00Z,"0002cc01000003e9","2250d58770fd37e004d511144362492192f000000000000000ffffffffffffffffffffffff",3.49,,0.30,17,20.26,13.11,100643.00,0.00,0,0,0,0,,,-1.00,-1.00,-1.00,-1.00,-1.00,-1.00
2022-12-27T10:17:56Z,"0002cc01000003e9","2250d588d4fd37e004d511143b624421680e00000000000000ffffffffffffffffffffffff",3.49,,0.30,17,20.23,13.05,100621.00,7.00,0,0,0,0,,,-1.00,-1.00,-1.00,-1.00,-1.00,-1.00
2022-12-27T10:23:52Z,"0002cc01000003e9","2250d58a38fd37d804d5111431624621750980000000000000ffffffffffffffffffffffff",3.49,,0.30,17,20.19,13.07,100628.00,19.00,0,0,0,0,,,-1.00,-1.00,-1.00,-1.00,-1.00,-1.00
2022-12-27T10:29:48Z,"0002cc01000003e9","2250d58b9cfd37e004de1114396242218b0980000000000000ffffffffffffffffffffffff",3.49,,0.30,17,20.22,13.10,100614.00,19.00,0,0,0,0,,,-1.00,-1.00,-1.00,-1.00,-1.00,-1.00
2022-12-27T10:35:45Z,"0002cc01000003e9","2250d58d01fd37d804d511143962422192f000000000000000ffffffffffffffffffffffff",3.49,,0.30,17,20.22,13.11,100613.00,0.00,0,0,0,0,,,-1.00,-1.00,-1.00,-1.00,-1.00,-1.00
2022-12-27T10:41:40Z,"0002cc01000003e9","2250d58e64fd37d804d5111436623f216e0800000000000000ffffffffffffffffffffffff",3.49,,0.30,17,20.21,13.06,100603.00,4.00,0,0,0,0,,,-1.00,-1.00,-1.00,-1.00,-1.00,-1.00
2022-12-27T10:47:37Z,"0002cc01000003e9","2250d58fc9fd37d804d511142f623b21580800000000000000ffffffffffffffffffffffff",3.49,,0.30,17,20.18,13.03,100585.00,4.00,0,0,0,0,,,-1.00,-1.00,-1.00,-1.00,-1.00,-1.00
2022-12-27T10:53:33Z,"0002cc01000003e9","2250d5912dfd37d804d511142c623c2166f000000000000000ffffffffffffffffffffffff",3.49,,0.30,17,20.17,13.05,100589.00,0.00,0,0,0,0,,,-1.00,-1.00,-1.00,-1.00,-1.00,-1.00
2022-12-27T10:59:29Z,"0002cc01000003e9","2250d59291fd37d804d5111429623a21660e00000000000000ffffffffffffffffffffffff",3.49,,0.30,17,20.16,13.05,100582.00,7.00,0,0,0,0,,,-1.00,-1.00,-1.00,-1.00,-1.00,-1.00
2022-12-27T11:05:25Z,"0002cc01000003e9","2250d593f5fd37e004d5111427623b2174f000000000000000ffffffffffffffffffffffff",3.49,,0.30,17,20.15,13.07,100586.00,0.00,0,0,0,0,,,-1.00,-1.00,-1.00,-1.00,-1.00,-1.00
2022-12-27T11:11:21Z,"0002cc01000003e9","2250d59559fd37d804d5111424623a216d0f00000000000000ffffffffffffffffffffffff",3.49,,0.30,17,20.14,13.06,100581.00,15.00,0,0,0,0,,,-1.00,-1.00,-1.00,-1.00,-1.00,-1.00
2022-12-27T11:17:17Z,"0002cc01000003e9","2250d596bdfd37d804d5111422623521740c00000000000000ffffffffffffffffffffffff",3.49,,0.30,17,20.13,13.07,100561.00,24.00,0,0,0,0,,,-1.00,-1.00,-1.00,-1.00,-1.00,-1.00
2022-12-27T11:23:13Z,"0002cc01000003e9","2250d59821fd37e004d51114226232216d0900000000000000ffffffffffffffffffffffff",3.49,,0.30,17,20.13,13.06,100551.00,36.00,0,0,0,0,,,-1.00,-1.00,-1.00,-1.00,-1.00,-1.00
2022-12-27T11:29:09Z,"0002cc01000003e9","2250d59985fd37dc04d111141f623521740c00000000000000ffffffffffffffffffffffff",3.49,,0.30,17,20.12,13.07,100561.00,24.00,0,0,0,0,,,-1.00,-1.00,-1.00,-1.00,-1.00,-1.00
2022-12-27T11:35:05Z,"0002cc01000003e9","2250d59ae9fd37d804d511141d62332165f000000000000000ffffffffffffffffffffffff",3.49,,0.30,17,20.11,13.04,100555.00,0.00,0,0,0,0,,,-1.00,-1.00,-1.00,-1.00,-1.00,-1.00
2022-12-27T11:41:01Z,"0002cc01000003e9","2250d59c4dfd37d804d511141a623721730980000000000000ffffffffffffffffffffffff",3.49,,0.30,17,20.10,13.07,100569.00,19.00,0,0,0,0,,,-1.00,-1.00,-1.00,-1.00,-1.00,-1.00
2022-12-27T11:46:57Z,"0002cc01000003e9","2250d59db1fd37d804d5111418623821730800000000000000ffffffffffffffffffffffff",3.49,,0.30,17,20.09,13.07,100574.00,4.00,0,0,0,0,,,-1.00,-1.00,-1.00,-1.00,-1.00,-1.00
2022-12-27T11:52:53Z,"0002cc01000003e9","2250d59f15fd37d804d511141a6232217af000000000000000ffffffffffffffffffffffff",3.49,,0.30,17,20.10,13.08,100550.00,0.00,0,0,0,0,,,-1.00,-1.00,-1.00,-1.00,-1.00,-1.00
2022-12-27T11:58:49Z,"0002cc01000003e9","2250d5a079fd37d804d511142f622f2183f000000000000000ffffffffffffffffffffffff",3.49,,0.30,17,20.18,13.09,100537.00,0.00,0,0,0,0,,,-1.00,-1.00,-1.00,-1.00,-1.00,-1.00
2022-12-27T12:04:46Z,"0002cc01000003e9","2250d5a1defd37d804d111143e622e21610800000000000000ffffffffffffffffffffffff",3.49,,0.30,17,20.24,13.04,100535.00,8.00,0,0,0,0,,,-1.00,-1.00,-1.00,-1.00,-1.00,-1.00
2022-12-27T12:10:42Z,"0002cc01000003e9","2250d5a342fd37d804d5111443622e214c0f00000000000000ffffffffffffffffffffffff",3.49,,0.30,17,20.26,13.01,100535.00,15.00,0,0,0,0,,,-1.00,-1.00,-1.00,-1.00,-1.00,-1.00
2022-12-27T12:16:38Z,"0002cc01000003e9","2250d5a4a6fd37d804d5111448622f2145f000000000000000ffffffffffffffffffffffff",3.49,,0.30,17,20.28,13.00,100537.00,0.00,0,0,0,0,,,-1.00,-1.00,-1.00,-1.00,-1.00,-1.00
2022-12-27T12:22:34Z,"0002cc01000003e9","2250d5a60afd37e004d511144b6232214d0800000000000000ffffffffffffffffffffffff",3.49,,0.30,17,20.29,13.01,100548.00,2.00,0,0,0,0,,,-1.00,-1.00,-1.00,-1.00,-1.00,-1.00
2022-12-27T12:28:30Z,"0002cc01000003e9","2250d5a76efd37d804d511145062352162f000000000000000ffffffffffffffffffffffff",3.49,,0.30,17,20.31,13.04,100562.00,0.00,0,0,0,0,,,-1.00,-1.00,-1.00,-1.00,-1.00,-1.00
2022-12-27T12:34:26Z,"0002cc01000003e9","2250d5a8d2fd37e004d511145562332162f000000000000000ffffffffffffffffffffffff",3.49,,0.30,17,20.33,13.04,100555.00,0.00,0,0,0,0,,,-1.00,-1.00,-1.00,-1.00,-1.00,-1.00
2022-12-27T12:40:22Z,"0002cc01000003e9","2250d5aa36fd37e004d511145862352154f000000000000000ffffffffffffffffffffffff",3.49,,0.30,17,20.34,13.02,100561.00,0.00,0,0,0,0,,,-1.00,-1.00,-1.00,-1.00,-1.00,-1.00
2022-12-27T12:46:18Z,"0002cc01000003e9","2250d5ab9afd37e004c911145d6235214ef000000000000000ffffffffffffffffffffffff",3.49,,0.30,17,20.36,13.01,100560.00,0.00,0,0,0,0,,,-1.00,-1.00,-1.00,-1.00,-1.00,-1.00
2022-12-27T12:52:14Z,"0002cc01000003e9","2250d5acfefd37d804d511145f62352155f000000000000000ffffffffffffffffffffffff",3.49,,0.30,17,20.37,13.02,100561.00,0.00,0,0,0,0,,,-1.00,-1.00,-1.00,-1.00,-1.00,-1.00
2022-12-27T12:58:10Z,"0002cc01000003e9","2250d5ae62fd37e004d511146462362148f000000000000000ffffffffffffffffffffffff",3.49,,0.30,17,20.39,13.00,100565.00,0.00,0,0,0,0,,,-1.00,-1.00,-1.00,-1.00,-1.00,-1.00
2022-12-27T13:04:06Z,"0002cc01000003e9","2250d5afc6fd37d804d511146462342139f000000000000000ffffffffffffffffffffffff",3.49,,0.30,17,20.39,12.98,100558.00,0.00,0,0,0,0,,,-1.00,-1.00,-1.00,-1.00,-1.00,-1.00
2022-12-27T13:10:02Z,"0002cc01000003e9","2250d5b12afd37d804d511146462312132f000000000000000ffffffffffffffffffffffff",3.49,,0.30,17,20.39,12.97,100547.00,0.00,0,0,0,0,,,-1.00,-1.00,-1.00,-1.00,-1.00,-1.00
2022-12-27T13:15:59Z,"0002cc01000003e9","2250d5b28ffd37d804d5111467622c21320a00000000000000ffffffffffffffffffffffff",3.49,,0.30,17,20.40,12.97,100526.00,20.00,0,0,0,0,,,-1.00,-1.00,-1.00,-1.00,-1.00,-1.00
2022-12-27T13:21:54Z,"0002cc01000003e9","2250d5b3f2fd37d804d1111462622d2139f000000000000000ffffffffffffffffffffffff",3.49,,0.30,17,20.38,12.98,100529.00,0.00,0,0,0,0,,,-1.00,-1.00,-1.00,-1.00,-1.00,-1.00
2022-12-27T13:27:51Z,"0002cc01000003e9","2250d5b557fd37d804d511145d622f2132f000000000000000ffffffffffffffffffffffff",3.49,,0.30,17,20.36,12.97,100536.00,0.00,0,0,0,0,,,-1.00,-1.00,-1.00,-1.00,-1.00,-1.00
2022-12-27T13:33:47Z,"0002cc01000003e9","2250d5b6bbfd37d804d51114556231211c0900000000000000ffffffffffffffffffffffff",3.49,,0.30,17,20.33,12.93,100547.00,9.00,0,0,0,0,,,-1.00,-1.00,-1.00,-1.00,-1.00,-1.00
2022-12-27T13:39:43Z,"0002cc01000003e9","2250d5b81ffd37d804d1111450623121310d00000000000000ffffffffffffffffffffffff",3.49,,0.30,17,20.31,12.97,100545.00,13.00,0,0,0,0,,,-1.00,-1.00,-1.00,-1.00,-1.00,-1.00
2022-12-27T13:45:39Z,"0002cc01000003e9","2250d5b983fd37d804d511144d622e211b0e00000000000000ffffffffffffffffffffffff",3.49,,0.30,17,20.30,12.93,100533.00,14.00,0,0,0,0,,,-1.00,-1.00,-1.00,-1.00,-1.00,-1.00
2022-12-27T13:51:35Z,"0002cc01000003e9","2250d5bae7fd37d804d511144b6235211b0e00000000000000ffffffffffffffffffffffff",3.49,,0.30,17,20.29,12.93,100562.00,7.00,0,0,0,0,,,-1.00,-1.00,-1.00,-1.00,-1.00,-1.00
2022-12-27T13:57:31Z,"0002cc01000003e9","2250d5bc4bfd37d804d5111446623320ff0800000000000000ffffffffffffffffffffffff",3.49,,0.30,17,20.27,12.89,100554.00,1.00,0,0,0,0,,,-1.00,-1.00,-1.00,-1.00,-1.00,-1.00
2022-12-27T14:03:27Z,"0002cc01000003e9","2250d5bdaffd37d804d5111443622d20ff0a00000000000000ffffffffffffffffffffffff",3.49,,0.30,17,20.26,12.89,100529.00,10.00,0,0,0,0,,,-1.00,-1.00,-1.00,-1.00,-1.00,-1.00
2022-12-27T14:09:23Z,"0002cc01000003e9","2250d5bf13fd37d304d11114436223211b0e00000000000000ffffffffffffffffffffffff",3.49,,0.30,17,20.26,12.93,100491.00,14.00,0,0,0,0,,,-1.00,-1.00,-1.00,-1.00,-1.00,-1.00
2022-12-27T14:15:19Z,"0002cc01000003e9","2250d5c077fd37d804de111443622421220a00000000000000ffffffffffffffffffffffff",3.49,,0.30,17,20.26,12.94,100494.00,10.00,0,0,0,0,,,-1.00,-1.00,-1.00,-1.00,-1.00,-1.00
2022-12-27T14:21:15Z,"0002cc01000003e9","2250d5c1dbfd37d304d5111443622121450b80000000000000ffffffffffffffffffffffff",3.49,,0.30,17,20.26,13.00,100480.00,23.00,0,0,0,0,,,-1.00,-1.00,-1.00,-1.00,-1.00,-1.00
2022-12-27T14:27:11Z,"0002cc01000003e9","2250d5c33ffd37d804d511143e622021680b00000000000000ffffffffffffffffffffffff",3.49,,0.30,17,20.24,13.05,100478.00,11.00,0,0,0,0,,,-1.00,-1.00,-1.00,-1.00,-1.00,-1.00
2022-12-27T14:33:07Z,"0002cc01000003e9","2250d5c4a3fd37d804d511143e6221217d0d00000000000000ffffffffffffffffffffffff",3.49,,0.30,17,20.24,13.08,100480.00,26.00,0,0,0,0,,,-1.00,-1.00,-1.00,-1.00,-1.00,-1.00
2022-12-27T14:39:03Z,"0002cc01000003e9","2250d5c607fd37d804c911143e6220218b0e00000000000000ffffffffffffffffffffffff",3.49,,0.30,17,20.24,13.10,100478.00,28.00,0,0,0,0,,,-1.00,-1.00,-1.00,-1.00,-1.00,-1.00
2022-12-27T14:44:59Z,"0002cc01000003e9","2250d5c76bfd37d804d111143b622021a00d00000000000000ffffffffffffffffffffffff",3.49,,0.30,17,20.23,13.13,100476.00,13.00,0,0,0,0,,,-1.00,-1.00,-1.00,-1.00,-1.00,-1.00
2022-12-27T14:50:56Z,"0002cc01000003e9","2250d5c8d0fd37d804d511143b622621aef000000000000000ffffffffffffffffffffffff",3.49,,0.30,17,20.23,13.16,100501.00,0.00,0,0,0,0,,,-1.00,-1.00,-1.00,-1.00,-1.00,-1.00
2022-12-27T14:56:52Z,"0002cc01000003e9","2250d5ca34fd37d804d511143b622221ae0980000000000000ffffffffffffffffffffffff",3.49,,0.30,17,20.23,13.16,100486.00,19.00,0,0,0,0,,,-1.00,-1.00,-1.00,-1.00,-1.00,-1.00
2022-12-27T15:02:48Z,"0002cc01000003e9","2250d5cb98fd37d804d5111439621c21c3f000000000000000ffffffffffffffffffffffff",3.49,,0.30,17,20.22,13.19,100462.00,0.00,0,0,0,0,,,-1.00,-1.00,-1.00,-1.00,-1.00,-1.00
2022-12-27T15:08:44Z,"0002cc01000003e9","2250d5ccfcfd37d304da11143b621d21ed0c00000000000000ffffffffffffffffffffffff",3.49,,0.30,17,20.23,13.25,100466.00,48.00,0,0,0,0,,,-1.00,-1.00,-1.00,-1.00,-1.00,-1.00
2022-12-27T15:14:40Z,"0002cc01000003e9","2250d5ce60fd37d804d1111439621722100f00000000000000ffffffffffffffffffffffff",3.49,,0.30,17,20.22,13.31,100443.00,30.00,0,0,0,0,,,-1.00,-1.00,-1.00,-1.00,-1.00,-1.00
2022-12-27T15:20:36Z,"0002cc01000003e9","2250d5cfc4fd37d804d5111434621522330e00000000000000ffffffffffffffffffffffff",3.49,,0.30,17,20.20,13.36,100435.00,14.00,0,0,0,0,,,-1.00,-1.00,-1.00,-1.00,-1.00,-1.00
2022-12-27T15:26:32Z,"0002cc01000003e9","2250d5d128fd37d804d5111434621a224f0b00000000000000ffffffffffffffffffffffff",3.49,,0.30,17,20.20,13.40,100455.00,11.00,0,0,0,0,,,-1.00,-1.00,-1.00,-1.00,-1.00,-1.00
2022-12-27T15:32:28Z,"0002cc01000003e9","2250d5d28cfd37d804d1111436622022560d00000000000000ffffffffffffffffffffffff",3.49,,0.30,17,20.21,13.41,100477.00,13.00,0,0,0,0,,,-1.00,-1.00,-1.00,-1.00,-1.00,-1.00
2022-12-27T15:38:24Z,"0002cc01000003e9","2250d5d3f0fd37d804d5111434621a224f0a00000000000000ffffffffffffffffffffffff",3.49,,0.30,17,20.20,13.40,100455.00,20.00,0,0,0,0,,,-1.00,-1.00,-1.00,-1.00,-1.00,-1.00
2022-12-27T15:44:20Z,"0002cc01000003e9","2250d5d554fd37d804d5111436621d224ff000000000000000ffffffffffffffffffffffff",3.49,,0.30,17,20.21,13.40,100464.00,0.00,0,0,0,0,,,-1.00,-1.00,-1.00,-1.00,-1.00,-1.00
2022-12-27T15:50:16Z,"0002cc01000003e9","2250d5d6b8fd37d804d5111436621922640a80000000000000ffffffffffffffffffffffff",3.49,,0.30,17,20.21,13.43,100448.00,21.00,0,0,0,0,,,-1.00,-1.00,-1.00,-1.00,-1.00,-1.00
2022-12-27T15:56:12Z,"0002cc01000003e9","2250d5d81cfd37d804d1111439621722790980000000000000ffffffffffffffffffffffff",3.49,,0.30,17,20.22,13.47,100442.00,19.00,0,0,0,0,,,-1.00,-1.00,-1.00,-1.00,-1.00,-1.00
2022-12-27T16:02:08Z,"0002cc01000003e9","2250d5d980fd37d804d5111436621222960980000000000000ffffffffffffffffffffffff",3.49,,0.30,17,20.21,13.51,100422.00,19.00,0,0,0,0,,,-1.00,-1.00,-1.00,-1.00,-1.00,-1.00
2022-12-27T16:08:05Z,"0002cc01000003e9","2250d5dae5fd37d804d5111439621a229df000000000000000ffffffffffffffffffffffff",3.49,,0.30,17,20.22,13.52,100455.00,0.00,0,0,0,0,,,-1.00,-1.00,-1.00,-1.00,-1.00,-1.00
2022-12-27T16:14:01Z,"0002cc01000003e9","2250d5dc49fd37d304d5111439621222a40e00000000000000ffffffffffffffffffffffff",3.49,,0.30,17,20.22,13.53,100422.00,7.00,0,0,0,0,,,-1.00,-1.00,-1.00,-1.00,-1.00,-1.00
2022-12-27T16:19:57Z,"0002cc01000003e9","2250d5ddadfd37d804d5111439621122b2f000000000000000ffffffffffffffffffffffff",3.49,,0.30,17,20.22,13.55,100419.00,0.00,0,0,0,0,,,-1.00,-1.00,-1.00,-1.00,-1.00,-1.00
2022-12-27T16:25:53Z,"0002cc01000003e9","2250d5df11fd37e004de111439620f22ab0c00000000000000ffffffffffffffffffffffff",3.49,,0.30,17,20.22,13.54,100411.00,24.00,0,0,0,0,,,-1.00,-1.00,-1.00,-1.00,-1.00,-1.00
2022-12-27T16:31:49Z,"0002cc01000003e9","2250d5e075fd37d804d511143b620f22880f00000000000000ffffffffffffffffffffffff",3.49,,0.30,17,20.23,13.49,100408.00,30.00,0,0,0,0,,,-1.00,-1.00,-1.00,-1.00,-1.00,-1.00
2022-12-27T16:37:45Z,"0002cc01000003e9","2250d5e1d9fd37d804d511143b620b228f0800000000000000ffffffffffffffffffffffff",3.49,,0.30,17,20.23,13.50,100392.00,16.00,0,0,0,0,,,-1.00,-1.00,-1.00,-1.00,-1.00,-1.00
2022-12-27T16:43:41Z,"0002cc01000003e9","2250d5e33dfd37d804d511143e620b228f0d80000000000000ffffffffffffffffffffffff",3.49,,0.30,17,20.24,13.50,100393.00,27.00,0,0,0,0,,,-1.00,-1.00,-1.00,-1.00,-1.00,-1.00
2022-12-27T16:49:37Z,"0002cc01000003e9","2250d5e4a1fd37d804d511143e620722960900000000000000ffffffffffffffffffffffff",3.49,,0.30,17,20.24,13.51,100379.00,36.00,0,0,0,0,,,-1.00,-1.00,-1.00,-1.00,-1.00,-1.00
2022-12-27T16:55:33Z,"0002cc01000003e9","2250d5e605fd37e004d5111441620222a40e00000000000000ffffffffffffffffffffffff",3.49,,0.30,17,20.25,13.53,100358.00,7.00,0,0,0,0,,,-1.00,-1.00,-1.00,-1.00,-1.00,-1.00
2022-12-27T17:01:29Z,"0002cc01000003e9","2250d5e769fd37cf04d5111443620022ac0940000000000000ffffffffffffffffffffffff",3.49,,0.30,17,20.26,13.54,100349.00,37.00,0,0,0,0,,,-1.00,-1.00,-1.00,-1.00,-1.00,-1.00
2022-12-27T17:07:25Z,"0002cc01000003e9","2250d5e8cdfd37d804d511144361fb22ba0800000000000000ffffffffffffffffffffffff",3.49,,0.30,17,20.26,13.57,100331.00,32.00,0,0,0,0,,,-1.00,-1.00,-1.00,-1.00,-1.00,-1.00
2022-12-27T17:13:21Z,"0002cc01000003e9","2250d5ea31fd37d304c511144361fb22d60b00000000000000ffffffffffffffffffffffff",3.49,,0.30,17,20.26,13.61,100330.00,44.00,0,0,0,0,,,-1.00,-1.00,-1.00,-1.00,-1.00,-1.00
2022-12-27T17:19:17Z,"0002cc01000003e9","2250d5eb95fd37d804d511144361fb22f90e80000000000000ffffffffffffffffffffffff",3.49,,0.30,17,20.26,13.66,100330.00,29.00,0,0,0,0,,,-1.00,-1.00,-1.00,-1.00,-1.00,-1.00
2022-12-27T17:25:13Z,"0002cc01000003e9","2250d5ecf9fd37cf04d511144361f7230809c0000000000000ffffffffffffffffffffffff",3.49,,0.30,17,20.26,13.68,100314.00,39.00,0,0,0,0,,,-1.00,-1.00,-1.00,-1.00,-1.00,-1.00
2022-12-27T17:31:10Z,"0002cc01000003e9","2250d5ee5efd37d804d511144361f423230a00000000000000ffffffffffffffffffffffff",3.49,,0.30,17,20.26,13.73,100300.00,10.00,0,0,0,0,,,-1.00,-1.00,-1.00,-1.00,-1.00,-1.00
2022-12-27T17:37:06Z,"0002cc01000003e9","2250d5efc2fd37d804d511144361ef232b0e00000000000000ffffffffffffffffffffffff",3.49,,0.30,17,20.26,13.74,100283.00,28.00,0,0,0,0,,,-1.00,-1.00,-1.00,-1.00,-1.00,-1.00
2022-12-27T17:43:02Z,"0002cc01000003e9","2250d5f126fd37d804d511144661ee23470b00000000000000ffffffffffffffffffffffff",3.49,,0.30,17,20.27,13.78,100278.00,22.00,0,0,0,0,,,-1.00,-1.00,-1.00,-1.00,-1.00,-1.00
2022-12-27T17:48:58Z,"0002cc01000003e9","2250d5f28afd37d804d111144161ed240b0d40000000000000ffffffffffffffffffffffff",3.49,,0.30,17,20.25,14.08,100275.00,212.00,0,0,0,0,,,-1.00,-1.00,-1.00,-1.00,-1.00,-1.00
2022-12-27T17:54:54Z,"0002cc01000003e9","2250d5f3eefd37d804d111146461e9286d0f80000000000000ffffffffffffffffffffffff",3.49,,0.30,17,20.39,15.79,100258.00,248.00,0,0,0,0,,,-1.00,-1.00,-1.00,-1.00,-1.00,-1.00
2022-12-27T18:00:50Z,"0002cc01000003e9","2250d5f552fd37d804d511148b61e5266008a0000000000000ffffffffffffffffffffffff",3.49,,0.30,17,20.54,14.99,100240.00,276.00,0,0,0,0,,,-1.00,-1.00,-1.00,-1.00,-1.00,-1.00
2022-12-27T18:06:46Z,"0002cc01000003e9","2250d5f6b6fd37d804c91114af61e125bb0bf0000000000000ffffffffffffffffffffffff",3.49,,0.30,17,20.68,14.74,100225.00,191.00,0,0,0,0,,,-1.00,-1.00,-1.00,-1.00,-1.00,-1.00
2022-12-27T18:12:42Z,"0002cc01000003e9","2250d5f81afd37d804c91114cd61de257e0f60000000000000ffffffffffffffffffffffff",3.49,,0.30,17,20.80,14.65,100215.00,246.00,0,0,0,0,,,-1.00,-1.00,-1.00,-1.00,-1.00,-1.00
2022-12-27T18:18:38Z,"0002cc01000003e9","2250d5f97efd37dc04c91114ef61dc25800818000000000000ffffffffffffffffffffffff",3.49,,0.30,17,20.93,14.65,100206.00,259.00,0,0,0,0,,,-1.00,-1.00,-1.00,-1.00,-1.00,-1.00
2022-12-27T18:24:34Z,"0002cc01000003e9","2250d5fae2fd37cf04c911151061d9257609b8000000000000ffffffffffffffffffffffff",3.49,,0.30,17,21.06,14.63,100195.00,311.00,0,0,0,0,,,-1.00,-1.00,-1.00,-1.00,-1.00,-1.00
2022-12-27T18:30:30Z,"0002cc01000003e9","2250d5fc46fd37cf04c911152761d4258d0970000000000000ffffffffffffffffffffffff",3.49,,0.30,17,21.15,14.67,100175.00,302.00,0,0,0,0,,,-1.00,-1.00,-1.00,-1.00,-1.00,-1.00
2022-12-27T18:36:26Z,"0002cc01000003e9","2250d5fdaafd37cf04c911153961d026ef09e8000000000000ffffffffffffffffffffffff",3.49,,0.30,17,21.22,15.21,100157.00,317.00,0,0,0,0,,,-1.00,-1.00,-1.00,-1.00,-1.00,-1.00
2022-12-27T18:42:22Z,"0002cc01000003e9","2250d5ff0efd37d804c511154b61c925b30a58000000000000ffffffffffffffffffffffff",3.49,,0.30,17,21.29,14.73,100129.00,331.00,0,0,0,0,,,-1.00,-1.00,-1.00,-1.00,-1.00,-1.00
2022-12-27T18:48:19Z,"0002cc01000003e9","2250d60073fd37cf04c911155061c525500e58000000000000ffffffffffffffffffffffff",3.49,,0.30,17,21.31,14.58,100115.00,459.00,0,0,0,0,,,-1.00,-1.00,-1.00,-1.00,-1.00,-1.00
2022-12-27T18:54:15Z,"0002cc01000003e9","2250d601d7fd37cf04c911154161c025eb0f60000000000000ffffffffffffffffffffffff",3.49,,0.30,17,21.25,14.81,100094.00,492.00,0,0,0,0,,,-1.00,-1.00,-1.00,-1.00,-1.00,-1.00
2022-12-27T19:00:11Z,"0002cc01000003e9","2250d6033bfd37c704c511154161be2b5e0df8000000000000ffffffffffffffffffffffff",3.49,,0.30,17,21.25,16.94,100084.00,447.00,0,0,0,0,,,-1.00,-1.00,-1.00,-1.00,-1.00,-1.00
2022-12-27T19:06:07Z,"0002cc01000003e9","2250d6049ffd37cf04c911155561b927700fd0000000000000ffffffffffffffffffffffff",3.49,,0.30,17,21.33,15.41,100066.00,253.00,0,0,0,0,,,-1.00,-1.00,-1.00,-1.00,-1.00,-1.00
2022-12-27T19:12:03Z,"0002cc01000003e9","2250d60603fd37cf04c911155861b426170a88000000000000ffffffffffffffffffffffff",3.49,,0.30,17,21.34,14.88,100044.00,337.00,0,0,0,0,,,-1.00,-1.00,-1.00,-1.00,-1.00,-1.00
2022-12-27T19:17:59Z,"0002cc01000003e9","2250d60767fd37dc04c911151d61b027f80c00000000000000ffffffffffffffffffffffff",3.49,,0.30,17,21.11,15.61,100030.00,6.00,0,0,0,0,,,-1.00,-1.00,-1.00,-1.00,-1.00,-1.00
2022-12-27T19:23:55Z,"0002cc01000003e9","2250d608cbfd37cf04c911150661ab265d0900000000000000ffffffffffffffffffffffff",3.49,,0.30,17,21.02,14.99,100011.00,18.00,0,0,0,0,,,-1.00,-1.00,-1.00,-1.00,-1.00,-1.00
2022-12-27T19:29:51Z,"0002cc01000003e9","2250d60a2ffd37cf04c91114fb61a725eb0900000000000000ffffffffffffffffffffffff",3.49,,0.30,17,20.98,14.81,99992.00,9.00,0,0,0,0,,,-1.00,-1.00,-1.00,-1.00,-1.00,-1.00
2022-12-27T19:35:47Z,"0002cc01000003e9","2250d60b93fd37d804d11114ef61a325ce0c00000000000000ffffffffffffffffffffffff",3.49,,0.30,17,20.93,14.77,99978.00,6.00,0,0,0,0,,,-1.00,-1.00,-1.00,-1.00,-1.00,-1.00
2022-12-27T19:41:43Z,"0002cc01000003e9","2250d60cf7fd37c704c91114e2619f25c60a80000000000000ffffffffffffffffffffffff",3.49,,0.30,17,20.88,14.76,99961.00,21.00,0,0,0,0,,,-1.00,-1.00,-1.00,-1.00,-1.00,-1.00
2022-12-27T19:47:39Z,"0002cc01000003e9","2250d60e5bfd37d804d51114d2619c25cc0f00000000000000ffffffffffffffffffffffff",3.49,,0.30,17,20.82,14.76,99950.00,15.00,0,0,0,0,,,-1.00,-1.00,-1.00,-1.00,-1.00,-1.00
2022-12-27T19:53:35Z,"0002cc01000003e9","2250d60fbffd37dc04d11114c8619c25d2f000000000000000ffffffffffffffffffffffff",3.49,,0.30,17,20.78,14.77,99950.00,0.00,0,0,0,0,,,-1.00,-1.00,-1.00,-1.00,-1.00,-1.00
2022-12-27T19:59:32Z,"0002cc01000003e9","2250d61124fd37d804c91114c1619825d90800000000000000ffffffffffffffffffffffff",3.49,,0.30,17,20.75,14.78,99932.00,2.00,0,0,0,0,,,-1.00,-1.00,-1.00,-1.00,-1.00,-1.00
2022-12-27T20:05:28Z,"0002cc01000003e9","2250d61288fd37d804c91114b9619825e6f000000000000000ffffffffffffffffffffffff",3.49,,0.30,17,20.72,14.80,99934.00,0.00,0,0,0,0,,,-1.00,-1.00,-1.00,-1.00,-1.00,-1.00
2022-12-27T20:11:24Z,"0002cc01000003e9","2250d613ecfd37d804c91114b4619625f40900000000000000ffffffffffffffffffffffff",3.49,,0.30,17,20.70,14.83,99924.00,9.00,0,0,0,0,,,-1.00,-1.00,-1.00,-1.00,-1.00,-1.00
2022-12-27T20:17:20Z,"0002cc01000003e9","2250d61550fd37cf04d51114af619125faf000000000000000ffffffffffffffffffffffff",3.49,,0.30,17,20.68,14.83,99907.00,0.00,0,0,0,0,,,-1.00,-1.00,-1.00,-1.00,-1.00,-1.00
2022-12-27T20:23:16Z,"0002cc01000003e9","2250d616b4fd37d804d11114a9618e2608f000000000000000ffffffffffffffffffffffff",3.49,,0.30,17,20.66,14.86,99895.00,0.00,0,0,0,0,,,-1.00,-1.00,-1.00,-1.00,-1.00,-1.00
2022-12-27T20:29:12Z,"0002cc01000003e9","2250d61818fd37c704c91114a9618b260f0b00000000000000ffffffffffffffffffffffff",3.49,,0.30,17,20.66,14.87,99880.00,11.00,0,0,0,0,,,-1.00,-1.00,-1.00,-1.00,-1.00,-1.00
2022-12-27T20:35:08Z,"0002cc01000003e9","2250d6197cfd37d804d11114a4618926160800000000000000ffffffffffffffffffffffff",3.49,,0.30,17,20.64,14.88,99874.00,2.00,0,0,0,0,,,-1.00,-1.00,-1.00,-1.00,-1.00,-1.00
2022-12-27T20:41:04Z,"0002cc01000003e9","2250d61ae0fd37d304c51114a46189261d0c00000000000000ffffffffffffffffffffffff",3.49,,0.30,17,20.64,14.89,99875.00,48.00,0,0,0,0,,,-1.00,-1.00,-1.00,-1.00,-1.00,-1.00
2022-12-27T20:47:00Z,"0002cc01000003e9","2250d61c44fd37cf04d51114a46187262b08c0000000000000ffffffffffffffffffffffff",3.49,,0.30,17,20.64,14.91,99864.00,35.00,0,0,0,0,,,-1.00,-1.00,-1.00,-1.00,-1.00,-1.00
2022-12-27T20:52:56Z,"0002cc01000003e9","2250d61da8fd37cf04c91114a261862638f000000000000000ffffffffffffffffffffffff",3.49,,0.30,17,20.63,14.93,99860.00,0.00,0,0,0,0,,,-1.00,-1.00,-1.00,-1.00,-1.00,-1.00
2022-12-27T20:58:52Z,"0002cc01000003e9","2250d61f0cfd37d804d51114a26186264d0a00000000000000ffffffffffffffffffffffff",3.49,,0.30,17,20.63,14.96,99862.00,10.00,0,0,0,0,,,-1.00,-1.00,-1.00,-1.00,-1.00,-1.00
2022-12-27T21:04:48Z,"0002cc01000003e9","2250d62070fd37d804d51114a261862654f000000000000000ffffffffffffffffffffffff",3.49,,0.30,17,20.63,14.97,99863.00,0.00,0,0,0,0,,,-1.00,-1.00,-1.00,-1.00,-1.00,-1.00
2022-12-27T21:10:45Z,"0002cc01000003e9","2250d621d5fd37cf04c91114a2618526620c00000000000000ffffffffffffffffffffffff",3.49,,0.30,17,20.63,14.99,99856.00,6.00,0,0,0,0,,,-1.00,-1.00,-1.00,-1.00,-1.00,-1.00
2022-12-27T21:16:41Z,"0002cc01000003e9","2250d62339fd37d804d51114a261852670f000000000000000ffffffffffffffffffffffff",3.49,,0.30,17,20.63,15.02,99859.00,0.00,0,0,0,0,,,-1.00,-1.00,-1.00,-1.00,-1.00,-1.00
2022-12-27T21:22:36Z,"0002cc01000003e9","2250d6249cfd37cf04c91114a2618026780b00000000000000ffffffffffffffffffffffff",3.49,,0.30,17,20.63,15.03,99839.00,11.00,0,0,0,0,,,-1.00,-1.00,-1.00,-1.00,-1.00,-1.00
2022-12-27T21:28:33Z,"0002cc01000003e9","2250d62601fd37d804c91114a2617d267f0c00000000000000ffffffffffffffffffffffff",3.49,,0.30,17,20.63,15.04,99824.00,3.00,0,0,0,0,,,-1.00,-1.00,-1.00,-1.00,-1.00,-1.00
2022-12-27T21:34:29Z,"0002cc01000003e9","2250d62765fd37cf04d51114a4617c268df000000000000000ffffffffffffffffffffffff",3.49,,0.30,17,20.64,15.06,99822.00,0.00,0,0,0,0,,,-1.00,-1.00,-1.00,-1.00,-1.00,-1.00
2022-12-27T21:40:25Z,"0002cc01000003e9","2250d628c9fd37cf04c91114a7617926940e00000000000000ffffffffffffffffffffffff",3.49,,0.30,17,20.65,15.07,99808.00,14.00,0,0,0,0,,,-1.00,-1.00,-1.00,-1.00,-1.00,-1.00
2022-12-27T21:46:21Z,"0002cc01000003e9","2250d62a2dfd37cf04d11114a96175269b0e00000000000000ffffffffffffffffffffffff",3.49,,0.30,17,20.66,15.08,99795.00,14.00,0,0,0,0,,,-1.00,-1.00,-1.00,-1.00,-1.00,-1.00
2022-12-27T21:52:17Z,"0002cc01000003e9","2250d62b91fd37d804c91114ac617426a30d00000000000000ffffffffffffffffffffffff",3.49,,0.30,17,20.67,15.09,99790.00,13.00,0,0,0,0,,,-1.00,-1.00,-1.00,-1.00,-1.00,-1.00
2022-12-27T21:58:13Z,"0002cc01000003e9","2250d62cf5fd37cf04d11114af617326b10800000000000000ffffffffffffffffffffffff",3.49,,0.30,17,20.68,15.11,99787.00,4.00,0,0,0,0,,,-1.00,-1.00,-1.00,-1.00,-1.00,-1.00
2022-12-27T22:04:09Z,"0002cc01000003e9","2250d62e59fd37d804d11114b4617126b90800000000000000ffffffffffffffffffffffff",3.49,,0.30,17,20.70,15.13,99776.00,8.00,0,0,0,0,,,-1.00,-1.00,-1.00,-1.00,-1.00,-1.00
2022-12-27T22:10:05Z,"0002cc01000003e9","2250d62fbdfd37c704c91114b9617126c80f80000000000000ffffffffffffffffffffffff",3.49,,0.30,17,20.72,15.15,99777.00,31.00,0,0,0,0,,,-1.00,-1.00,-1.00,-1.00,-1.00,-1.00
2022-12-27T22:16:01Z,"0002cc01000003e9","2250d63121fd37cf04d11114be617126d6f000000000000000ffffffffffffffffffffffff",3.49,,0.30,17,20.74,15.17,99778.00,0.00,0,0,0,0,,,-1.00,-1.00,-1.00,-1.00,-1.00,-1.00
2022-12-27T22:21:57Z,"0002cc01000003e9","2250d63285fd37cf04d51114c1616f26dd0800000000000000ffffffffffffffffffffffff",3.49,,0.30,17,20.75,15.18,99770.00,1.00,0,0,0,0,,,-1.00,-1.00,-1.00,-1.00,-1.00,-1.00
2022-12-27T22:27:53Z,"0002cc01000003e9","2250d633e9fd37cf04c91114c6616c26e5f000000000000000ffffffffffffffffffffffff",3.49,,0.30,17,20.77,15.19,99757.00,0.00,0,0,0,0,,,-1.00,-1.00,-1.00,-1.00,-1.00,-1.00
2022-12-27T22:33:49Z,"0002cc01000003e9","2250d6354dfd37cf04c91114cb616d26f30b80000000000000ffffffffffffffffffffffff",3.49,,0.30,17,20.79,15.21,99761.00,23.00,0,0,0,0,,,-1.00,-1.00,-1.00,-1.00,-1.00,-1.00
2022-12-27T22:39:45Z,"0002cc01000003e9","2250d636b1fd37cb04d11114d0616f27090800000000000000ffffffffffffffffffffffff",3.49,,0.30,17,20.81,15.25,99769.00,16.00,0,0,0,0,,,-1.00,-1.00,-1.00,-1.00,-1.00,-1.00
2022-12-27T22:45:42Z,"0002cc01000003e9","2250d63816fd37d804c91114d5616b2718f000000000000000ffffffffffffffffffffffff",3.49,,0.30,17,20.83,15.27,99754.00,0.00,0,0,0,0,,,-1.00,-1.00,-1.00,-1.00,-1.00,-1.00
2022-12-27T22:51:38Z,"0002cc01000003e9","2250d6397afd37cf04d51114da6167272df000000000000000ffffffffffffffffffffffff",3.49,,0.30,17,20.85,15.30,99736.00,0.00,0,0,0,0,,,-1.00,-1.00,-1.00,-1.00,-1.00,-1.00
2022-12-27T22:57:34Z,"0002cc01000003e9","2250d63adefd37c704c91114e26163273b0800000000000000ffffffffffffffffffffffff",3.49,,0.30,17,20.88,15.33,99722.00,2.00,0,0,0,0,,,-1.00,-1.00,-1.00,-1.00,-1.00,-1.00
2022-12-27T23:03:30Z,"0002cc01000003e9","2250d63c42fd37d804c91114e46162274a0900000000000000ffffffffffffffffffffffff",3.49,,0.30,17,20.89,15.35,99718.00,9.00,0,0,0,0,,,-1.00,-1.00,-1.00,-1.00,-1.00,-1.00
2022-12-27T23:09:26Z,"0002cc01000003e9","2250d63da6fd37cf04d11114e7615e27660a00000000000000ffffffffffffffffffffffff",3.49,,0.30,17,20.90,15.39,99702.00,5.00,0,0,0,0,,,-1.00,-1.00,-1.00,-1.00,-1.00,-1.00
2022-12-27T23:15:22Z,"0002cc01000003e9","2250d63f0afd37c704c91114ec615b278af000000000000000ffffffffffffffffffffffff",3.49,,0.30,17,20.92,15.45,99690.00,0.00,0,0,0,0,,,-1.00,-1.00,-1.00,-1.00,-1.00,-1.00
2022-12-27T23:21:18Z,"0002cc01000003e9","2250d6406efd37cf04c11114ef615a27b50900000000000000ffffffffffffffffffffffff",3.49,,0.30,17,20.93,15.51,99686.00,18.00,0,0,0,0,,,-1.00,-1.00,-1.00,-1.00,-1.00,-1.00
2022-12-27T23:27:14Z,"0002cc01000003e9","2250d641d2fd37cf04cd1114f4615827ca0d00000000000000ffffffffffffffffffffffff",3.49,,0.30,17,20.95,15.54,99679.00,26.00,0,0,0,0,,,-1.00,-1.00,-1.00,-1.00,-1.00,-1.00
2022-12-27T23:33:10Z,"0002cc01000003e9","2250d64336fd37c704c91114f6615627df0e00000000000000ffffffffffffffffffffffff",3.49,,0.30,17,20.96,15.58,99670.00,7.00,0,0,0,0,,,-1.00,-1.00,-1.00,-1.00,-1.00,-1.00
2022-12-27T23:39:06Z,"0002cc01000003e9","2250d6449afd37cf04c91114fb615827ee0a00000000000000ffffffffffffffffffffffff",3.49,,0.30,17,20.98,15.60,99679.00,10.00,0,0,0,0,,,-1.00,-1.00,-1.00,-1.00,-1.00,-1.00
2022-12-27T23:45:02Z,"0002cc01000003e9","2250d645fefd37c704c91114fe615927eff000000000000000ffffffffffffffffffffffff",3.49,,0.30,17,20.99,15.60,99681.00,0.00,0,0,0,0,,,-1.00,-1.00,-1.00,-1.00,-1.00,-1.00
2022-12-27T23:50:58Z,"0002cc01000003e9","2250d64762fd37cf04c9111501615627f60c00000000000000ffffffffffffffffffffffff",3.49,,0.30,17,21.00,15.61,99669.00,12.00,0,0,0,0,,,-1.00,-1.00,-1.00,-1.00,-1.00,-1.00
2022-12-27T23:56:54Z,"0002cc01000003e9","2250d648c6fd37d804c9111506615327fd0b00000000000000ffffffffffffffffffffffff",3.49,,0.30,17,21.02,15.62,99656.00,11.00,0,0,0,0,,,-1.00,-1.00,-1.00,-1.00,-1.00,-1.00
