Time,DevEUI,Raw,Vbat,Vsystem,Vbus,BootCount,T,RH,P,Light,P[0].delta,P[0].total,P[1].delta,P[1].total,Act[7],Act[6],Act[5],Act[4],Act[3],Act[2],Act[1],Act[0]
2022-12-05T00:03:46Z,"0002cc01000003e9","2250b7f7e2fd3a21052311148361aa2c6c0b00000000000000ffffffffffffffffffffffff",3.63,,0.32,17,20.51,17.35,100007.00,11.00,0,0,0,0,,,-1.00,-1.00,-1.00,-1.00,-1.00,-113962.16
2022-12-05T00:09:43Z,"0002cc01000003e9","2250b7f947fd3a2e051f11148361ae2c7a0d00000000000000ffffffffffffffffffffffff",3.64,,0.32,17,20.51,17.37,100021.00,13.00,0,0,0,0,,,-1.00,-1.00,-1.00,-1.00,-1.00,-1.00
2022-12-05T00:15:39Z,"0002cc01000003e9","2250b7faabfd3a2e052311148361ad2c9df000000000000000ffffffffffffffffffffffff",3.64,,0.32,17,20.51,17.43,100019.00,0.00,0,0,0,0,,,-1.00,-1.00,-1.00,-1.00,-1.00,-113959.13
2022-12-05T00:21:35Z,"0002cc01000003e9","2250b7fc0ffd3a21052311148861a92ccf0e00000000000000ffffffffffffffffffffffff",3.63,,0.32,17,20.53,17.50,100001.00,28.00,0,0,0,0,,,-1.00,-1.00,-1.00,-1.00,-1.00,-1.00
2022-12-05T00:27:31Z,"0002cc01000003e9","2250b7fd73fd3a2e052311148b61a42d32f000000000000000ffffffffffffffffffffffff",3.64,,0.32,17,20.54,17.65,99981.00,0.00,0,0,0,0,,,-1.00,-1.00,-1.00,-1.00,-1.00,-1.00
2022-12-05T00:33:27Z,"0002cc01000003e9","2250b7fed7fd3a2e052311148b61a42d78f000000000000000ffffffffffffffffffffffff",3.64,,0.32,17,20.54,17.76,99983.00,0.00,0,0,0,0,,,-1.00,-1.00,-1.00,-1.00,-1.00,-1.00
2022-12-05T00:39:23Z,"0002cc01000003e9","2250b8003bfd3a2e052311148b61a32db00e00000000000000ffffffffffffffffffffffff",3.64,,0.32,17,20.54,17.85,99978.00,14.00,0,0,0,0,,,-1.00,-1.00,-1.00,-1.00,-1.00,-1.00
2022-12-05T00:45:19Z,"0002cc01000003e9","2250b8019ffd3a21051711148b61a22dc5f000000000000000ffffffffffffffffffffffff",3.63,,0.32,17,20.54,17.88,99975.00,0.00,0,0,0,0,,,-1.00,-1.00,-1.00,-1.00,-1.00,-1.00
2022-12-05T00:51:15Z,"0002cc01000003e9","2250b80303fd3a2e052311148b61a42dc5f000000000000000ffffffffffffffffffffffff",3.64,,0.32,17,20.54,17.88,99980.00,0.00,0,0,0,0,,,-1.00,-1.00,-1.00,-1.00,-1.00,-113962.16
2022-12-05T00:57:11Z,"0002cc01000003e9","2250b80467fd3a2e051711148861a22dc5f000000000000000ffffffffffffffffffffffff",3.64,,0.32,17,20.53,17.88,99975.00,0.00,0,0,0,0,,,-1.00,-1.00,-1.00,-1.00,-1.00,-113950.06
2022-12-05T01:03:07Z,"0002cc01000003e9","2250b805cbfd3a2e052311148b61a32dc50800000000000000ffffffffffffffffffffffff",3.64,,0.32,17,20.54,17.88,99976.00,2.00,0,0,0,0,,,-1.00,-1.00,-1.00,-1.00,-1.00,-1.00
2022-12-05T01:09:03Z,"0002cc01000003e9","2250b8072ffd3a2e052311148b61a02dbef000000000000000ffffffffffffffffffffffff",3.64,,0.32,17,20.54,17.87,99965.00,0.00,0,0,0,0,,,-1.00,-1.00,-1.00,-1.00,-1.00,-1.00
2022-12-05T01:14:59Z,"0002cc01000003e9","2250b80893fd3a2e0517111488619d2db7f000000000000000ffffffffffffffffffffffff",3.64,,0.32,17,20.53,17.86,99952.00,0.00,0,0,0,0,,,-1.00,-1.00,-1.00,-1.00,-1.00,-1.00
2022-12-05T01:20:55Z,"0002cc01000003e9","2250b809f7fd3a21051711148b619b2db0f000000000000000ffffffffffffffffffffffff",3.63,,0.32,17,20.54,17.85,99944.00,0.00,0,0,0,0,,,-1.00,-1.00,-1.00,-1.00,-1.00,-1.00
2022-12-05T01:26:51Z,"0002cc01000003e9","2250b80b5bfd3a2e052311148b619b2dbef000000000000000ffffffffffffffffffffffff",3.64,,0.32,17,20.54,17.87,99946.00,0.00,0,0,0,0,,,-1.00,-1.00,-1.00,-1.00,-1.00,-1.00
2022-12-05T01:32:48Z,"0002cc01000003e9","2250b80cc0fd3a21052311148b619c2dc50800000000000000ffffffffffffffffffffffff",3.63,,0.32,17,20.54,17.88,99950.00,2.00,0,0,0,0,,,-1.00,-1.00,-1.00,-1.00,-1.00,-1.00
2022-12-05T01:38:44Z,"0002cc01000003e9","2250b80e24fd3a2e051711148b61982dc50900000000000000ffffffffffffffffffffffff",3.64,,0.32,17,20.54,17.88,99933.00,18.00,0,0,0,0,,,-1.00,-1.00,-1.00,-1.00,-1.00,-113968.20
2022-12-05T01:44:40Z,"0002cc01000003e9","2250b80f88fd3a2e052311148b61992dccf000000000000000ffffffffffffffffffffffff",3.64,,0.32,17,20.54,17.89,99937.00,0.00,0,0,0,0,,,-1.00,-1.00,-1.00,-1.00,-1.00,-113959.13
2022-12-05T01:50:36Z,"0002cc01000003e9","2250b810ecfd3a2e051711148861972de10a00000000000000ffffffffffffffffffffffff",3.64,,0.32,17,20.53,17.92,99931.00,5.00,0,0,0,0,,,-1.00,-1.00,-1.00,-1.00,-1.00,-1.00
2022-12-05T01:56:32Z,"0002cc01000003e9","2250b81250fd3a29052311148861982de80a80000000000000ffffffffffffffffffffffff",3.63,,0.32,17,20.53,17.93,99935.00,21.00,0,0,0,0,,,-1.00,-1.00,-1.00,-1.00,-1.00,-113953.10
2022-12-05T02:02:28Z,"0002cc01000003e9","2250b813b4fd3a2e051f11148861972def0e00000000000000ffffffffffffffffffffffff",3.64,,0.32,17,20.53,17.94,99928.00,14.00,0,0,0,0,,,-1.00,-1.00,-1.00,-1.00,-1.00,-114631.32
2022-12-05T02:08:24Z,"0002cc01000003e9","2250b81518fd3a21052311148861942e04f000000000000000ffffffffffffffffffffffff",3.63,,0.32,17,20.53,17.98,99916.00,0.00,0,0,0,0,,,-1.00,-1.00,-1.00,-1.00,-1.00,-113294.81
2022-12-05T02:14:20Z,"0002cc01000003e9","2250b8167cfd3a2e051f11148861902e0bf000000000000000ffffffffffffffffffffffff",3.64,,0.32,17,20.53,17.99,99903.00,0.00,0,0,0,0,,,-1.00,-1.00,-1.00,-1.00,-1.00,-1.00
2022-12-05T02:20:16Z,"0002cc01000003e9","2250b817e0fd3a2e051711148661922e120b00000000000000ffffffffffffffffffffffff",3.64,,0.32,17,20.52,18.00,99909.00,11.00,0,0,0,0,,,-1.00,-1.00,-1.00,-1.00,-1.00,-113279.87
2022-12-05T02:26:12Z,"0002cc01000003e9","2250b81944fd3a2e0517111483618d2e2e0c00000000000000ffffffffffffffffffffffff",3.64,,0.32,17,20.51,18.04,99889.00,6.00,0,0,0,0,,,-1.00,-1.00,-1.00,-1.00,-1.00,-1.00
2022-12-05T02:32:08Z,"0002cc01000003e9","2250b81aa8fd3a2e0523111486618e2e350e00000000000000ffffffffffffffffffffffff",3.64,,0.32,17,20.52,18.05,99892.00,7.00,0,0,0,0,,,-1.00,-1.00,-1.00,-1.00,-1.00,-1.00
2022-12-05T02:38:04Z,"0002cc01000003e9","2250b81c0cfd3a2e0523111483618e2e4a0c00000000000000ffffffffffffffffffffffff",3.64,,0.32,17,20.51,18.08,99894.00,6.00,0,0,0,0,,,-1.00,-1.00,-1.00,-1.00,-1.00,-1.00
2022-12-05T02:44:00Z,"0002cc01000003e9","2250b81d70fd3a250523111481618c2e5ff000000000000000ffffffffffffffffffffffff",3.63,,0.32,17,20.50,18.11,99886.00,0.00,0,0,0,0,,,-1.00,-1.00,-1.00,-1.00,-1.00,-1.00
2022-12-05T02:49:56Z,"0002cc01000003e9","2250b81ed4fd3a2e052311148161892e660a00000000000000ffffffffffffffffffffffff",3.64,,0.32,17,20.50,18.12,99875.00,20.00,0,0,0,0,,,-1.00,-1.00,-1.00,-1.00,-1.00,-113288.84
2022-12-05T02:55:52Z,"0002cc01000003e9","2250b82038fd3a2e051711147e61882e82f000000000000000ffffffffffffffffffffffff",3.64,,0.32,17,20.49,18.17,99871.00,0.00,0,0,0,0,,,-1.00,-1.00,-1.00,-1.00,-1.00,-1.00
2022-12-05T03:01:48Z,"0002cc01000003e9","2250b8219cfd3a21051711147961872e9df000000000000000ffffffffffffffffffffffff",3.63,,0.32,17,20.47,18.21,99865.00,0.00,0,0,0,0,,,-1.00,-1.00,-1.00,-1.00,-1.00,-1.00
2022-12-05T03:07:44Z,"0002cc01000003e9","2250b82300fd3a2e052311147461882eb20b00000000000000ffffffffffffffffffffffff",3.64,,0.32,17,20.45,18.24,99869.00,11.00,0,0,0,0,,,-1.00,-1.00,-1.00,-1.00,-1.00,-113291.82
2022-12-05T03:13:41Z,"0002cc01000003e9","2250b82465fd3a21052311147161882ec7f000000000000000ffffffffffffffffffffffff",3.63,,0.32,17,20.44,18.27,99869.00,0.00,0,0,0,0,,,-1.00,-1.00,-1.00,-1.00,-1.00,-1.00
2022-12-05T03:19:37Z,"0002cc01000003e9","2250b825c9fd3a2e052311146f61842ee20800000000000000ffffffffffffffffffffffff",3.64,,0.32,17,20.43,18.31,99853.00,16.00,0,0,0,0,,,-1.00,-1.00,-1.00,-1.00,-1.00,-113962.16
2022-12-05T03:25:32Z,"0002cc01000003e9","2250b8272cfd3a25051711146c61812ef7f000000000000000ffffffffffffffffffffffff",3.63,,0.32,17,20.42,18.35,99842.00,0.00,0,0,0,0,,,-1.00,-1.00,-1.00,-1.00,-1.00,-113968.20
2022-12-05T03:31:29Z,"0002cc01000003e9","2250b82891fd3a2e0523111469617f2f05f000000000000000ffffffffffffffffffffffff",3.64,,0.32,17,20.41,18.37,99834.00,0.00,0,0,0,0,,,-1.00,-1.00,-1.00,-1.00,-1.00,-1.00
2022-12-05T03:37:25Z,"0002cc01000003e9","2250b829f5fd3a2e0523111469617d2f130b00000000000000ffffffffffffffffffffffff",3.64,,0.32,17,20.41,18.39,99826.00,22.00,0,0,0,0,,,-1.00,-1.00,-1.00,-1.00,-1.00,-1.00
2022-12-05T03:43:21Z,"0002cc01000003e9","2250b82b59fd3a2e052311146761792f200800000000000000ffffffffffffffffffffffff",3.64,,0.32,17,20.40,18.41,99811.00,16.00,0,0,0,0,,,-1.00,-1.00,-1.00,-1.00,-1.00,-1.00
2022-12-05T03:49:17Z,"0002cc01000003e9","2250b82cbdfd3a25051711146461762f270b00000000000000ffffffffffffffffffffffff",3.63,,0.32,17,20.39,18.42,99797.00,11.00,0,0,0,0,,,-1.00,-1.00,-1.00,-1.00,-1.00,-1.00
2022-12-05T03:55:13Z,"0002cc01000003e9","2250b82e21fd3a2e052311146461742f27f000000000000000ffffffffffffffffffffffff",3.64,,0.32,17,20.39,18.42,99790.00,0.00,0,0,0,0,,,-1.00,-1.00,-1.00,-1.00,-1.00,-1.00
2022-12-05T04:01:09Z,"0002cc01000003e9","2250b82f85fd3a21051711146461722f19f000000000000000ffffffffffffffffffffffff",3.63,,0.32,17,20.39,18.40,99783.00,0.00,0,0,0,0,,,-1.00,-1.00,-1.00,-1.00,-1.00,-113959.13
2022-12-05T04:07:05Z,"0002cc01000003e9","2250b830e9fd3a2e052311146461712f120a00000000000000ffffffffffffffffffffffff",3.64,,0.32,17,20.39,18.39,99777.00,10.00,0,0,0,0,,,-1.00,-1.00,-1.00,-1.00,-1.00,-113953.09
2022-12-05T04:13:01Z,"0002cc01000003e9","2250b8324dfd3a2e0523111462616f2f12f000000000000000ffffffffffffffffffffffff",3.64,,0.32,17,20.38,18.39,99768.00,0.00,0,0,0,0,,,-1.00,-1.00,-1.00,-1.00,-1.00,-113953.09
2022-12-05T04:18:57Z,"0002cc01000003e9","2250b833b1fd3a210523111462616d2f120b00000000000000ffffffffffffffffffffffff",3.63,,0.32,17,20.38,18.39,99762.00,11.00,0,0,0,0,,,-1.00,-1.00,-1.00,-1.00,-1.00,-1.00
2022-12-05T04:24:53Z,"0002cc01000003e9","2250b83515fd3a2e051711145f616a2f12f000000000000000ffffffffffffffffffffffff",3.64,,0.32,17,20.37,18.39,99750.00,0.00,0,0,0,0,,,-1.00,-1.00,-1.00,-1.00,-1.00,-1.00
2022-12-05T04:30:49Z,"0002cc01000003e9","2250b83679fd3a25052311145d61642f200c00000000000000ffffffffffffffffffffffff",3.63,,0.32,17,20.36,18.41,99725.00,6.00,0,0,0,0,,,-1.00,-1.00,-1.00,-1.00,-1.00,-113953.09
2022-12-05T04:36:45Z,"0002cc01000003e9","2250b837ddfd3a2e052c11145a61612f190880000000000000ffffffffffffffffffffffff",3.64,,0.32,17,20.35,18.40,99713.00,17.00,0,0,0,0,,,-1.00,-1.00,-1.00,-1.00,-1.00,-113962.17
2022-12-05T04:42:41Z,"0002cc01000003e9","2250b83941fd3a2e0517111458615d2f180800000000000000ffffffffffffffffffffffff",3.64,,0.32,17,20.34,18.40,99699.00,16.00,0,0,0,0,,,-1.00,-1.00,-1.00,-1.00,-1.00,-113962.16
2022-12-05T04:48:37Z,"0002cc01000003e9","2250b83aa5fd3a2e0517111455615a2f110800000000000000ffffffffffffffffffffffff",3.64,,0.32,17,20.33,18.39,99686.00,16.00,0,0,0,0,,,-1.00,-1.00,-1.00,-1.00,-1.00,-113959.15
2022-12-05T04:54:33Z,"0002cc01000003e9","2250b83c09fd3a210517111452615a2f17f000000000000000ffffffffffffffffffffffff",3.63,,0.32,17,20.32,18.40,99685.00,0.00,0,0,0,0,,,-1.00,-1.00,-1.00,-1.00,-1.00,-113959.13
2022-12-05T05:00:29Z,"0002cc01000003e9","2250b83d6dfd3a2e051711145061572f260800000000000000ffffffffffffffffffffffff",3.64,,0.32,17,20.31,18.42,99674.00,2.00,0,0,0,0,,,-1.00,-1.00,-1.00,-1.00,-1.00,-1.00
2022-12-05T05:06:25Z,"0002cc01000003e9","2250b83ed1fd3a2e051711144d61552f25f000000000000000ffffffffffffffffffffffff",3.64,,0.32,17,20.30,18.42,99667.00,0.00,0,0,0,0,,,-1.00,-1.00,-1.00,-1.00,-1.00,-113956.13
2022-12-05T05:12:22Z,"0002cc01000003e9","2250b84036fd3a2e051711144d61522f17f000000000000000ffffffffffffffffffffffff",3.64,,0.32,17,20.30,18.39,99655.00,0.00,0,0,0,0,,,-1.00,-1.00,-1.00,-1.00,-1.00,-113953.09
2022-12-05T05:18:18Z,"0002cc01000003e9","2250b8419afd3a2e051711144b61522f17f000000000000000ffffffffffffffffffffffff",3.64,,0.32,17,20.29,18.39,99654.00,0.00,0,0,0,0,,,-1.00,-1.00,-1.00,-1.00,-1.00,-113965.20
2022-12-05T05:24:14Z,"0002cc01000003e9","2250b842fefd3a25052311144861532f2c0800000000000000ffffffffffffffffffffffff",3.63,,0.32,17,20.28,18.43,99656.00,2.00,0,0,0,0,,,-1.00,-1.00,-1.00,-1.00,-1.00,-113959.13
2022-12-05T05:30:10Z,"0002cc01000003e9","2250b84462fd3a2e051711144861532f39f000000000000000ffffffffffffffffffffffff",3.64,,0.32,17,20.28,18.45,99659.00,0.00,0,0,0,0,,,-1.00,-1.00,-1.00,-1.00,-1.00,-1.00
2022-12-05T05:36:06Z,"0002cc01000003e9","2250b845c6fd3a21051711144861542f41f000000000000000ffffffffffffffffffffffff",3.63,,0.32,17,20.28,18.46,99661.00,0.00,0,0,0,0,,,-1.00,-1.00,-1.00,-1.00,-1.00,-113962.17
2022-12-05T05:42:02Z,"0002cc01000003e9","2250b8472afd3a2e052311144b61522f41f000000000000000ffffffffffffffffffffffff",3.64,,0.32,17,20.29,18.46,99654.00,0.00,0,0,0,0,,,-1.00,-1.00,-1.00,-1.00,-1.00,-113947.04
2022-12-05T05:47:58Z,"0002cc01000003e9","2250b8488efd3a25051711144b61512f560900000000000000ffffffffffffffffffffffff",3.63,,0.32,17,20.29,18.49,99650.00,9.00,0,0,0,0,,,-1.00,-1.00,-1.00,-1.00,-1.00,-1.00
2022-12-05T05:53:54Z,"0002cc01000003e9","2250b849f2fd3a21052311144b614e2f56f000000000000000ffffffffffffffffffffffff",3.63,,0.32,17,20.29,18.49,99636.00,0.00,0,0,0,0,,,-1.00,-1.00,-1.00,-1.00,-1.00,-1.00
2022-12-05T05:59:50Z,"0002cc01000003e9","2250b84b56fd3a21051f11144b614c2f5d0c80000000000000ffffffffffffffffffffffff",3.63,,0.32,17,20.29,18.50,99631.00,25.00,0,0,0,0,,,-1.00,-1.00,-1.00,-1.00,-1.00,-1.00
2022-12-05T06:05:46Z,"0002cc01000003e9","2250b84cbafd3a19051711144b61502f6b0d00000000000000ffffffffffffffffffffffff",3.63,,0.32,17,20.29,18.52,99644.00,26.00,0,0,0,0,,,-1.00,-1.00,-1.00,-1.00,-1.00,-1.00
2022-12-05T06:11:42Z,"0002cc01000003e9","2250b84e1efd3a25052311144b614e2f80f000000000000000ffffffffffffffffffffffff",3.63,,0.32,17,20.29,18.56,99636.00,0.00,0,0,0,0,,,-1.00,-1.00,-1.00,-1.00,-1.00,-113959.13
2022-12-05T06:17:38Z,"0002cc01000003e9","2250b84f82fd3a250517111448614f2f950800000000000000ffffffffffffffffffffffff",3.63,,0.32,17,20.28,18.59,99642.00,4.00,0,0,0,0,,,-1.00,-1.00,-1.00,-1.00,-1.00,-1.00
2022-12-05T06:23:34Z,"0002cc01000003e9","2250b850e6fd3a1d0523111448614b2faa0f00000000000000ffffffffffffffffffffffff",3.63,,0.32,17,20.28,18.62,99626.00,15.00,0,0,0,0,,,-1.00,-1.00,-1.00,-1.00,-1.00,-1.00
2022-12-05T06:29:30Z,"0002cc01000003e9","2250b8524afd3a250517111448614d2fbff000000000000000ffffffffffffffffffffffff",3.63,,0.32,17,20.28,18.65,99632.00,0.00,0,0,0,0,,,-1.00,-1.00,-1.00,-1.00,-1.00,-1.00
2022-12-05T06:35:26Z,"0002cc01000003e9","2250b853aefd3a2e0517111446614d2fdbf000000000000000ffffffffffffffffffffffff",3.64,,0.32,17,20.27,18.69,99633.00,0.00,0,0,0,0,,,-1.00,-1.00,-1.00,-1.00,-1.00,-1.00
2022-12-05T06:41:22Z,"0002cc01000003e9","2250b85512fd3a2e0523111446614a2ffe0c00000000000000ffffffffffffffffffffffff",3.64,,0.32,17,20.27,18.75,99621.00,6.00,0,0,0,0,,,-1.00,-1.00,-1.00,-1.00,-1.00,-1.00
2022-12-05T06:47:18Z,"0002cc01000003e9","2250b85676fd3a2505231114486147301bf000000000000000ffffffffffffffffffffffff",3.63,,0.32,17,20.28,18.79,99610.00,0.00,0,0,0,0,,,-1.00,-1.00,-1.00,-1.00,-1.00,-113965.18
2022-12-05T06:53:14Z,"0002cc01000003e9","2250b857dafd3a1d051f1114466144302ff000000000000000ffffffffffffffffffffffff",3.63,,0.32,17,20.27,18.82,99596.00,0.00,0,0,0,0,,,-1.00,-1.00,-1.00,-1.00,-1.00,-113968.20
2022-12-05T06:59:10Z,"0002cc01000003e9","2250b8593efd3a2105171114436141303df000000000000000ffffffffffffffffffffffff",3.63,,0.32,17,20.26,18.84,99585.00,0.00,0,0,0,0,,,-1.00,-1.00,-1.00,-1.00,-1.00,-1.00
2022-12-05T07:05:07Z,"0002cc01000003e9","2250b85aa3fd3a2e0517111443614130590800000000000000ffffffffffffffffffffffff",3.64,,0.32,17,20.26,18.89,99585.00,2.00,0,0,0,0,,,-1.00,-1.00,-1.00,-1.00,-1.00,-1.00
2022-12-05T07:11:03Z,"0002cc01000003e9","2250b85c07fd3a250523111441613f30670800000000000000ffffffffffffffffffffffff",3.63,,0.32,17,20.25,18.91,99576.00,4.00,0,0,0,0,,,-1.00,-1.00,-1.00,-1.00,-1.00,-1.00
2022-12-05T07:16:59Z,"0002cc01000003e9","2250b85d6bfd3a250517111441613e307cf000000000000000ffffffffffffffffffffffff",3.63,,0.32,17,20.25,18.94,99572.00,0.00,0,0,0,0,,,-1.00,-1.00,-1.00,-1.00,-1.00,-1.00
2022-12-05T07:22:55Z,"0002cc01000003e9","2250b85ecffd3a25052311143e614030910d00000000000000ffffffffffffffffffffffff",3.63,,0.32,17,20.24,18.97,99583.00,26.00,0,0,0,0,,,-1.00,-1.00,-1.00,-1.00,-1.00,-1.00
2022-12-05T07:28:51Z,"0002cc01000003e9","2250b86033fd3a2e052311143b613a30a60a00000000000000ffffffffffffffffffffffff",3.64,,0.32,17,20.23,19.00,99559.00,5.00,0,0,0,0,,,-1.00,-1.00,-1.00,-1.00,-1.00,-113303.77
2022-12-05T07:34:47Z,"0002cc01000003e9","2250b86197fd3a250523111439613830ad0800000000000000ffffffffffffffffffffffff",3.63,,0.32,17,20.22,19.01,99550.00,4.00,0,0,0,0,,,-1.00,-1.00,-1.00,-1.00,-1.00,-1.00
2022-12-05T07:40:43Z,"0002cc01000003e9","2250b862fbfd3a250523111439613830c20b00000000000000ffffffffffffffffffffffff",3.63,,0.32,17,20.22,19.05,99549.00,22.00,0,0,0,0,,,-1.00,-1.00,-1.00,-1.00,-1.00,-1.00
2022-12-05T07:46:39Z,"0002cc01000003e9","2250b8645ffd3a250523111439613730dd0800000000000000ffffffffffffffffffffffff",3.63,,0.32,17,20.22,19.09,99546.00,4.00,0,0,0,0,,,-1.00,-1.00,-1.00,-1.00,-1.00,-113291.82
2022-12-05T07:52:35Z,"0002cc01000003e9","2250b865c3fd3a250523111436613931070800000000000000ffffffffffffffffffffffff",3.63,,0.32,17,20.21,19.15,99552.00,16.00,0,0,0,0,,,-1.00,-1.00,-1.00,-1.00,-1.00,-1.00
2022-12-05T07:58:31Z,"0002cc01000003e9","2250b86727fd3a25051f111439613a310f0c00000000000000ffffffffffffffffffffffff",3.63,,0.32,17,20.22,19.16,99557.00,24.00,0,0,0,0,,,-1.00,-1.00,-1.00,-1.00,-1.00,-113962.17
2022-12-05T08:04:27Z,"0002cc01000003e9","2250b8688bfd3a210517111436613c31320800000000000000ffffffffffffffffffffffff",3.63,,0.32,17,20.21,19.22,99567.00,2.00,0,0,0,0,,,-1.00,-1.00,-1.00,-1.00,-1.00,-113282.84
2022-12-05T08:10:23Z,"0002cc01000003e9","2250b869effd3a2505231114346139313f0800000000000000ffffffffffffffffffffffff",3.63,,0.32,17,20.20,19.24,99555.00,4.00,0,0,0,0,,,-1.00,-1.00,-1.00,-1.00,-1.00,-1.00
2022-12-05T08:16:19Z,"0002cc01000003e9","2250b86b53fd3a250517111431613731620800000000000000ffffffffffffffffffffffff",3.63,,0.32,17,20.19,19.29,99544.00,1.00,0,0,0,0,,,-1.00,-1.00,-1.00,-1.00,-1.00,-113962.16
2022-12-05T08:22:15Z,"0002cc01000003e9","2250b86cb7fd3a25052311142f613531770900000000000000ffffffffffffffffffffffff",3.63,,0.32,17,20.18,19.32,99536.00,9.00,0,0,0,0,,,-1.00,-1.00,-1.00,-1.00,-1.00,-113965.18
2022-12-05T08:28:11Z,"0002cc01000003e9","2250b86e1bfd3a25052311142f61323186f000000000000000ffffffffffffffffffffffff",3.63,,0.32,17,20.18,19.34,99525.00,0.00,0,0,0,0,,,-1.00,-1.00,-1.00,-1.00,-1.00,-1.00
2022-12-05T08:34:07Z,"0002cc01000003e9","2250b86f7ffd3a2e0523111431613331a10a00000000000000ffffffffffffffffffffffff",3.64,,0.32,17,20.19,19.39,99529.00,10.00,0,0,0,0,,,-1.00,-1.00,-1.00,-1.00,-1.00,-1.00
2022-12-05T08:40:03Z,"0002cc01000003e9","2250b870e3fd3a1d052311142f613231c4f000000000000000ffffffffffffffffffffffff",3.63,,0.32,17,20.18,19.44,99525.00,0.00,0,0,0,0,,,-1.00,-1.00,-1.00,-1.00,-1.00,-113956.11
2022-12-05T08:45:59Z,"0002cc01000003e9","2250b87247fd3a25051711142f613331e7f000000000000000ffffffffffffffffffffffff",3.63,,0.32,17,20.18,19.49,99528.00,0.00,0,0,0,0,,,-1.00,-1.00,-1.00,-1.00,-1.00,-1.00
2022-12-05T08:51:56Z,"0002cc01000003e9","2250b873acfd3a29051711142f613031fd0d00000000000000ffffffffffffffffffffffff",3.63,,0.32,17,20.18,19.53,99518.00,13.00,0,0,0,0,,,-1.00,-1.00,-1.00,-1.00,-1.00,-1.00
2022-12-05T08:57:52Z,"0002cc01000003e9","2250b87510fd3a25051711142f613532200a00000000000000ffffffffffffffffffffffff",3.63,,0.32,17,20.18,19.58,99539.00,5.00,0,0,0,0,,,-1.00,-1.00,-1.00,-1.00,-1.00,-113959.13
2022-12-05T09:03:48Z,"0002cc01000003e9","2250b87674fd3a2e052311142c6133323b0f00000000000000ffffffffffffffffffffffff",3.64,,0.32,17,20.17,19.62,99529.00,15.00,0,0,0,0,,,-1.00,-1.00,-1.00,-1.00,-1.00,-113962.16
2022-12-05T09:09:44Z,"0002cc01000003e9","2250b877d8fd3a25051711142c61313257f000000000000000ffffffffffffffffffffffff",3.63,,0.32,17,20.17,19.67,99520.00,0.00,0,0,0,0,,,-1.00,-1.00,-1.00,-1.00,-1.00,-1.00
2022-12-05T09:15:40Z,"0002cc01000003e9","2250b8793cfd3a250523111429612c327b0e00000000000000ffffffffffffffffffffffff",3.63,,0.32,17,20.16,19.72,99501.00,7.00,0,0,0,0,,,-1.00,-1.00,-1.00,-1.00,-1.00,-1.00
2022-12-05T09:21:36Z,"0002cc01000003e9","2250b87aa0fd3a250523111429612632b20d00000000000000ffffffffffffffffffffffff",3.63,,0.32,17,20.16,19.80,99479.00,13.00,0,0,0,0,,,-1.00,-1.00,-1.00,-1.00,-1.00,-1.00
2022-12-05T09:27:32Z,"0002cc01000003e9","2250b87c04fd3a250523111427612232cff000000000000000ffffffffffffffffffffffff",3.63,,0.32,17,20.15,19.85,99463.00,0.00,0,0,0,0,,,-1.00,-1.00,-1.00,-1.00,-1.00,-1.00
2022-12-05T09:33:28Z,"0002cc01000003e9","2250b87d68fd3a25051f111427611d32ea0800000000000000ffffffffffffffffffffffff",3.63,,0.32,17,20.15,19.89,99441.00,4.00,0,0,0,0,,,-1.00,-1.00,-1.00,-1.00,-1.00,-1.00
2022-12-05T09:39:24Z,"0002cc01000003e9","2250b87eccfd3a250523111427611932fff000000000000000ffffffffffffffffffffffff",3.63,,0.32,17,20.15,19.92,99427.00,0.00,0,0,0,0,,,-1.00,-1.00,-1.00,-1.00,-1.00,-113959.13
2022-12-05T09:45:20Z,"0002cc01000003e9","2250b88030fd3a2e05231114296115331c0800000000000000ffffffffffffffffffffffff",3.64,,0.32,17,20.16,19.96,99408.00,16.00,0,0,0,0,,,-1.00,-1.00,-1.00,-1.00,-1.00,-113965.18
2022-12-05T09:51:16Z,"0002cc01000003e9","2250b88194fd3a210523111427610e333f0800000000000000ffffffffffffffffffffffff",3.63,,0.32,17,20.15,20.02,99383.00,8.00,0,0,0,0,,,-1.00,-1.00,-1.00,-1.00,-1.00,-113965.18
2022-12-05T09:57:12Z,"0002cc01000003e9","2250b882f8fd3a25051f111427610f33700800000000000000ffffffffffffffffffffffff",3.63,,0.32,17,20.15,20.09,99386.00,1.00,0,0,0,0,,,-1.00,-1.00,-1.00,-1.00,-1.00,-1.00
2022-12-05T10:03:08Z,"0002cc01000003e9","2250b8845cfd3a250523111424610c33850800000000000000ffffffffffffffffffffffff",3.63,,0.32,17,20.14,20.12,99372.00,16.00,0,0,0,0,,,-1.00,-1.00,-1.00,-1.00,-1.00,-1.00
2022-12-05T10:09:04Z,"0002cc01000003e9","2250b885c0fd3a250523111427610b33a10900000000000000ffffffffffffffffffffffff",3.63,,0.32,17,20.15,20.17,99369.00,18.00,0,0,0,0,,,-1.00,-1.00,-1.00,-1.00,-1.00,-1.00
2022-12-05T10:15:00Z,"0002cc01000003e9","2250b88724fd3a25051f111427610833bd0900000000000000ffffffffffffffffffffffff",3.63,,0.32,17,20.15,20.21,99357.00,9.00,0,0,0,0,,,-1.00,-1.00,-1.00,-1.00,-1.00,-1.00
2022-12-05T10:20:56Z,"0002cc01000003e9","2250b88888fd3a250523111427610733e7f000000000000000ffffffffffffffffffffffff",3.63,,0.32,17,20.15,20.27,99353.00,0.00,0,0,0,0,,,-1.00,-1.00,-1.00,-1.00,-1.00,-113959.13
2022-12-05T10:26:52Z,"0002cc01000003e9","2250b889ecfd3a250523111424610a3403f000000000000000ffffffffffffffffffffffff",3.63,,0.32,17,20.14,20.32,99366.00,0.00,0,0,0,0,,,-1.00,-1.00,-1.00,-1.00,-1.00,-1.00
2022-12-05T10:32:48Z,"0002cc01000003e9","2250b88b50fd3a25051711142761063418f000000000000000ffffffffffffffffffffffff",3.63,,0.32,17,20.15,20.35,99348.00,0.00,0,0,0,0,,,-1.00,-1.00,-1.00,-1.00,-1.00,-1.00
2022-12-05T10:38:44Z,"0002cc01000003e9","2250b88cb4fd3a110523111427610634420880000000000000ffffffffffffffffffffffff",3.63,,0.32,17,20.15,20.41,99349.00,17.00,0,0,0,0,,,-1.00,-1.00,-1.00,-1.00,-1.00,-1.00
2022-12-05T10:44:40Z,"0002cc01000003e9","2250b88e18fd3a2e05231114276105345708c0000000000000ffffffffffffffffffffffff",3.64,,0.32,17,20.15,20.45,99347.00,35.00,0,0,0,0,,,-1.00,-1.00,-1.00,-1.00,-1.00,-1.00
2022-12-05T10:50:37Z,"0002cc01000003e9","2250b88f7dfd3a250523111424610234890b00000000000000ffffffffffffffffffffffff",3.63,,0.32,17,20.14,20.52,99335.00,11.00,0,0,0,0,,,-1.00,-1.00,-1.00,-1.00,-1.00,-1.00
2022-12-05T10:56:33Z,"0002cc01000003e9","2250b890e1fd3a250523111424610034ac0a00000000000000ffffffffffffffffffffffff",3.63,,0.32,17,20.14,20.58,99325.00,10.00,0,0,0,0,,,-1.00,-1.00,-1.00,-1.00,-1.00,-113288.82
2022-12-05T11:02:29Z,"0002cc01000003e9","2250b89245fd3a25052c11142460fd34c7f000000000000000ffffffffffffffffffffffff",3.63,,0.32,17,20.14,20.62,99313.00,0.00,0,0,0,0,,,-1.00,-1.00,-1.00,-1.00,-1.00,-1.00
2022-12-05T11:08:25Z,"0002cc01000003e9","2250b893a9fd3a25051711142760fd34e4f000000000000000ffffffffffffffffffffffff",3.63,,0.32,17,20.15,20.66,99314.00,0.00,0,0,0,0,,,-1.00,-1.00,-1.00,-1.00,-1.00,-1.00
2022-12-05T11:14:21Z,"0002cc01000003e9","2250b8950dfd3a2e051711142760fe3507f000000000000000ffffffffffffffffffffffff",3.64,,0.32,17,20.15,20.71,99319.00,0.00,0,0,0,0,,,-1.00,-1.00,-1.00,-1.00,-1.00,-113965.18
2022-12-05T11:20:17Z,"0002cc01000003e9","2250b89671fd3a2505231114276101351c0800000000000000ffffffffffffffffffffffff",3.63,,0.32,17,20.15,20.75,99329.00,8.00,0,0,0,0,,,-1.00,-1.00,-1.00,-1.00,-1.00,-113959.13
2022-12-05T11:26:13Z,"0002cc01000003e9","2250b897d5fd3a2505171114246101353f0b00000000000000ffffffffffffffffffffffff",3.63,,0.32,17,20.14,20.80,99328.00,11.00,0,0,0,0,,,-1.00,-1.00,-1.00,-1.00,-1.00,-1.00
2022-12-05T11:32:09Z,"0002cc01000003e9","2250b89939fd3a1d051f111427610435540b00000000000000ffffffffffffffffffffffff",3.63,,0.32,17,20.15,20.83,99340.00,22.00,0,0,0,0,,,-1.00,-1.00,-1.00,-1.00,-1.00,-1.00
2022-12-05T11:38:05Z,"0002cc01000003e9","2250b89a9dfd3a25052311142f60ff356af000000000000000ffffffffffffffffffffffff",3.63,,0.32,17,20.18,20.87,99321.00,0.00,0,0,0,0,,,-1.00,-1.00,-1.00,-1.00,-1.00,-113965.18
2022-12-05T11:44:01Z,"0002cc01000003e9","2250b89c01fd3a1d051711143b610235650800000000000000ffffffffffffffffffffffff",3.63,,0.32,17,20.23,20.86,99333.00,1.00,0,0,0,0,,,-1.00,-1.00,-1.00,-1.00,-1.00,-1.00
2022-12-05T11:49:57Z,"0002cc01000003e9","2250b89d65fd3a2e0523111446610235740880000000000000ffffffffffffffffffffffff",3.64,,0.32,17,20.27,20.88,99334.00,17.00,0,0,0,0,,,-1.00,-1.00,-1.00,-1.00,-1.00,-1.00
2022-12-05T11:55:53Z,"0002cc01000003e9","2250b89ec9fd3a25052311144d60fb3567f000000000000000ffffffffffffffffffffffff",3.63,,0.32,17,20.30,20.86,99305.00,0.00,0,0,0,0,,,-1.00,-1.00,-1.00,-1.00,-1.00,-1.00
2022-12-05T12:01:49Z,"0002cc01000003e9","2250b8a02dfd3a1d051f11145560fc356f0b00000000000000ffffffffffffffffffffffff",3.63,,0.32,17,20.33,20.87,99311.00,11.00,0,0,0,0,,,-1.00,-1.00,-1.00,-1.00,-1.00,-113968.20
2022-12-05T12:07:45Z,"0002cc01000003e9","2250b8a191fd3a25051711145f60fa35770800000000000000ffffffffffffffffffffffff",3.63,,0.32,17,20.37,20.89,99302.00,4.00,0,0,0,0,,,-1.00,-1.00,-1.00,-1.00,-1.00,-1.00
2022-12-05T12:13:41Z,"0002cc01000003e9","2250b8a2f5fd3a1d052311146460f53569f000000000000000ffffffffffffffffffffffff",3.63,,0.32,17,20.39,20.86,99281.00,0.00,0,0,0,0,,,-1.00,-1.00,-1.00,-1.00,-1.00,-1.00
2022-12-05T12:19:37Z,"0002cc01000003e9","2250b8a459fd3a25052311146960f2355c0a00000000000000ffffffffffffffffffffffff",3.63,,0.32,17,20.41,20.84,99270.00,5.00,0,0,0,0,,,-1.00,-1.00,-1.00,-1.00,-1.00,-1.00
2022-12-05T12:25:34Z,"0002cc01000003e9","2250b8a5befd3a25051711146c60f4355c0a00000000000000ffffffffffffffffffffffff",3.63,,0.32,17,20.42,20.84,99279.00,5.00,0,0,0,0,,,-1.00,-1.00,-1.00,-1.00,-1.00,-1.00
2022-12-05T12:31:29Z,"0002cc01000003e9","2250b8a721fd3a25051711146960f73540f000000000000000ffffffffffffffffffffffff",3.63,,0.32,17,20.41,20.80,99288.00,0.00,0,0,0,0,,,-1.00,-1.00,-1.00,-1.00,-1.00,-113959.13
2022-12-05T12:37:26Z,"0002cc01000003e9","2250b8a886fd3a1d052311146760f83555f000000000000000ffffffffffffffffffffffff",3.63,,0.32,17,20.40,20.83,99292.00,0.00,0,0,0,0,,,-1.00,-1.00,-1.00,-1.00,-1.00,-1.00
2022-12-05T12:43:22Z,"0002cc01000003e9","2250b8a9eafd3a25051711146260f53569f000000000000000ffffffffffffffffffffffff",3.63,,0.32,17,20.38,20.86,99283.00,0.00,0,0,0,0,,,-1.00,-1.00,-1.00,-1.00,-1.00,-113953.10
2022-12-05T12:49:18Z,"0002cc01000003e9","2250b8ab4efd3a25052311146260f7357f0c00000000000000ffffffffffffffffffffffff",3.63,,0.32,17,20.38,20.90,99289.00,6.00,0,0,0,0,,,-1.00,-1.00,-1.00,-1.00,-1.00,-113956.11
2022-12-05T12:55:14Z,"0002cc01000003e9","2250b8acb2fd3a25051711145f60f8359a0c00000000000000ffffffffffffffffffffffff",3.63,,0.32,17,20.37,20.94,99294.00,24.00,0,0,0,0,,,-1.00,-1.00,-1.00,-1.00,-1.00,-1.00
2022-12-05T13:01:10Z,"0002cc01000003e9","2250b8ae16fd3a1d052311145f60f535af0a80000000000000ffffffffffffffffffffffff",3.63,,0.32,17,20.37,20.97,99283.00,21.00,0,0,0,0,,,-1.00,-1.00,-1.00,-1.00,-1.00,-1.00
2022-12-05T13:07:06Z,"0002cc01000003e9","2250b8af7afd3a25051711145d60f535d20e00000000000000ffffffffffffffffffffffff",3.63,,0.32,17,20.36,21.02,99283.00,14.00,0,0,0,0,,,-1.00,-1.00,-1.00,-1.00,-1.00,-1.00
2022-12-05T13:13:02Z,"0002cc01000003e9","2250b8b0defd3a25052311145d60f735f60800000000000000ffffffffffffffffffffffff",3.63,,0.32,17,20.36,21.08,99291.00,4.00,0,0,0,0,,,-1.00,-1.00,-1.00,-1.00,-1.00,-1.00
2022-12-05T13:18:58Z,"0002cc01000003e9","2250b8b242fd3a1d051f11145f60f63619f000000000000000ffffffffffffffffffffffff",3.63,,0.32,17,20.37,21.13,99287.00,0.00,0,0,0,0,,,-1.00,-1.00,-1.00,-1.00,-1.00,-1.00
2022-12-05T13:24:54Z,"0002cc01000003e9","2250b8b3a6fd3a25051711145f60f6363cf000000000000000ffffffffffffffffffffffff",3.63,,0.32,17,20.37,21.19,99284.00,0.00,0,0,0,0,,,-1.00,-1.00,-1.00,-1.00,-1.00,-1.00
2022-12-05T13:30:50Z,"0002cc01000003e9","2250b8b50afd3a25051711146260f1364a0d00000000000000ffffffffffffffffffffffff",3.63,,0.32,17,20.38,21.21,99266.00,13.00,0,0,0,0,,,-1.00,-1.00,-1.00,-1.00,-1.00,-1.00
2022-12-05T13:36:46Z,"0002cc01000003e9","2250b8b66efd3a1d052311146260f3365f0c00000000000000ffffffffffffffffffffffff",3.63,,0.32,17,20.38,21.24,99272.00,12.00,0,0,0,0,,,-1.00,-1.00,-1.00,-1.00,-1.00,-1.00
2022-12-05T13:42:42Z,"0002cc01000003e9","2250b8b7d2fd3a25051711146460f436820e00000000000000ffffffffffffffffffffffff",3.63,,0.32,17,20.39,21.29,99276.00,14.00,0,0,0,0,,,-1.00,-1.00,-1.00,-1.00,-1.00,-1.00
2022-12-05T13:48:38Z,"0002cc01000003e9","2250b8b936fd3a19051711146460f336b4f000000000000000ffffffffffffffffffffffff",3.63,,0.32,17,20.39,21.37,99274.00,0.00,0,0,0,0,,,-1.00,-1.00,-1.00,-1.00,-1.00,-1.00
2022-12-05T13:54:34Z,"0002cc01000003e9","2250b8ba9afd3a1d052311146760f436de0a00000000000000ffffffffffffffffffffffff",3.63,,0.32,17,20.40,21.43,99279.00,5.00,0,0,0,0,,,-1.00,-1.00,-1.00,-1.00,-1.00,-113953.09
2022-12-05T14:00:30Z,"0002cc01000003e9","2250b8bbfefd3a25051711146460f236f30800000000000000ffffffffffffffffffffffff",3.63,,0.32,17,20.39,21.46,99268.00,16.00,0,0,0,0,,,-1.00,-1.00,-1.00,-1.00,-1.00,-113962.16
2022-12-05T14:06:26Z,"0002cc01000003e9","2250b8bd62fd3a25052311146460f1372b0e00000000000000ffffffffffffffffffffffff",3.63,,0.32,17,20.39,21.55,99264.00,14.00,0,0,0,0,,,-1.00,-1.00,-1.00,-1.00,-1.00,-1.00
2022-12-05T14:12:22Z,"0002cc01000003e9","2250b8bec6fd3a25052311146760f1375d0e00000000000000ffffffffffffffffffffffff",3.63,,0.32,17,20.40,21.63,99265.00,7.00,0,0,0,0,,,-1.00,-1.00,-1.00,-1.00,-1.00,-1.00
2022-12-05T14:18:18Z,"0002cc01000003e9","2250b8c02afd3a1d051711146960ef37800c00000000000000ffffffffffffffffffffffff",3.63,,0.32,17,20.41,21.68,99257.00,12.00,0,0,0,0,,,-1.00,-1.00,-1.00,-1.00,-1.00,-1.00
2022-12-05T14:24:14Z,"0002cc01000003e9","2250b8c18efd3a25052311146960ea37a30980000000000000ffffffffffffffffffffffff",3.63,,0.32,17,20.41,21.73,99239.00,19.00,0,0,0,0,,,-1.00,-1.00,-1.00,-1.00,-1.00,-1.00
2022-12-05T14:30:11Z,"0002cc01000003e9","2250b8c2f3fd3a1d051711146c60eb37bff000000000000000ffffffffffffffffffffffff",3.63,,0.32,17,20.42,21.78,99240.00,0.00,0,0,0,0,,,-1.00,-1.00,-1.00,-1.00,-1.00,-1.00
2022-12-05T14:36:07Z,"0002cc01000003e9","2250b8c457fd3a21051711146c60eb37f10800000000000000ffffffffffffffffffffffff",3.63,,0.32,17,20.42,21.85,99240.00,16.00,0,0,0,0,,,-1.00,-1.00,-1.00,-1.00,-1.00,-113956.11
2022-12-05T14:42:03Z,"0002cc01000003e9","2250b8c5bbfd3a25051711146f60ea381b0900000000000000ffffffffffffffffffffffff",3.63,,0.32,17,20.43,21.92,99237.00,9.00,0,0,0,0,,,-1.00,-1.00,-1.00,-1.00,-1.00,-113965.18
2022-12-05T14:47:59Z,"0002cc01000003e9","2250b8c71ffd3a1d051711147160e9384d0c00000000000000ffffffffffffffffffffffff",3.63,,0.32,17,20.44,21.99,99233.00,6.00,0,0,0,0,,,-1.00,-1.00,-1.00,-1.00,-1.00,-113959.15
2022-12-05T14:53:55Z,"0002cc01000003e9","2250b8c883fd3a25051f11147460e83893f000000000000000ffffffffffffffffffffffff",3.63,,0.32,17,20.45,22.10,99228.00,0.00,0,0,0,0,,,-1.00,-1.00,-1.00,-1.00,-1.00,-1.00
2022-12-05T14:59:51Z,"0002cc01000003e9","2250b8c9e7fd3a1d051711147460e838c40c80000000000000ffffffffffffffffffffffff",3.63,,0.32,17,20.45,22.17,99229.00,25.00,0,0,0,0,,,-1.00,-1.00,-1.00,-1.00,-1.00,-1.00
2022-12-05T15:05:47Z,"0002cc01000003e9","2250b8cb4bfd3a25051711147160eb38fc0d00000000000000ffffffffffffffffffffffff",3.63,,0.32,17,20.44,22.26,99241.00,26.00,0,0,0,0,,,-1.00,-1.00,-1.00,-1.00,-1.00,-113956.13
2022-12-05T15:11:43Z,"0002cc01000003e9","2250b8ccaffd3a25051f11147460f13934f000000000000000ffffffffffffffffffffffff",3.63,,0.32,17,20.45,22.35,99265.00,0.00,0,0,0,0,,,-1.00,-1.00,-1.00,-1.00,-1.00,-1.00
2022-12-05T15:17:39Z,"0002cc01000003e9","2250b8ce13fd3a25051711147460f2397bf000000000000000ffffffffffffffffffffffff",3.63,,0.32,17,20.45,22.45,99268.00,0.00,0,0,0,0,,,-1.00,-1.00,-1.00,-1.00,-1.00,-1.00
2022-12-05T15:23:35Z,"0002cc01000003e9","2250b8cf77fd3a25051711147660f539c90800000000000000ffffffffffffffffffffffff",3.63,,0.32,17,20.46,22.57,99283.00,8.00,0,0,0,0,,,-1.00,-1.00,-1.00,-1.00,-1.00,-113291.82
2022-12-05T15:29:31Z,"0002cc01000003e9","2250b8d0dbfd3a25051711147660f63a320880000000000000ffffffffffffffffffffffff",3.63,,0.32,17,20.46,22.73,99286.00,17.00,0,0,0,0,,,-1.00,-1.00,-1.00,-1.00,-1.00,-1.00
2022-12-05T15:35:27Z,"0002cc01000003e9","2250b8d23ffd3a25052311147960f33a8d0e00000000000000ffffffffffffffffffffffff",3.63,,0.32,17,20.47,22.87,99273.00,7.00,0,0,0,0,,,-1.00,-1.00,-1.00,-1.00,-1.00,-113956.13
2022-12-05T15:41:23Z,"0002cc01000003e9","2250b8d3a3fd3a15051711147960f43ae80980000000000000ffffffffffffffffffffffff",3.63,,0.32,17,20.47,23.01,99278.00,19.00,0,0,0,0,,,-1.00,-1.00,-1.00,-1.00,-1.00,-113291.82
2022-12-05T15:47:19Z,"0002cc01000003e9","2250b8d507fd3a1d051711147660f13b4b0c80000000000000ffffffffffffffffffffffff",3.63,,0.32,17,20.46,23.16,99265.00,25.00,0,0,0,0,,,-1.00,-1.00,-1.00,-1.00,-1.00,-1.00
2022-12-05T15:53:15Z,"0002cc01000003e9","2250b8d66bfd3a25051711147960f23b8bf000000000000000ffffffffffffffffffffffff",3.63,,0.32,17,20.47,23.26,99268.00,0.00,0,0,0,0,,,-1.00,-1.00,-1.00,-1.00,-1.00,-113950.06
2022-12-05T15:59:11Z,"0002cc01000003e9","2250b8d7cffd3a25051711147b60ef3bc20ac0000000000000ffffffffffffffffffffffff",3.63,,0.32,17,20.48,23.34,99258.00,43.00,0,0,0,0,,,-1.00,-1.00,-1.00,-1.00,-1.00,-1.00
2022-12-05T16:05:07Z,"0002cc01000003e9","2250b8d933fd3a25051711147e60ed3bf40e20000000000000ffffffffffffffffffffffff",3.63,,0.32,17,20.49,23.42,99251.00,226.00,0,0,0,0,,,-1.00,-1.00,-1.00,-1.00,-1.00,-1.00
2022-12-05T16:11:03Z,"0002cc01000003e9","2250b8da97fd3a25051711148d60f03c440828000000000000ffffffffffffffffffffffff",3.63,,0.32,17,20.55,23.54,99260.00,261.00,0,0,0,0,,,-1.00,-1.00,-1.00,-1.00,-1.00,-1.00
2022-12-05T16:16:59Z,"0002cc01000003e9","2250b8dbfbfd3a25051711149f60ee3c4d08b8000000000000ffffffffffffffffffffffff",3.63,,0.32,17,20.62,23.55,99253.00,279.00,0,0,0,0,,,-1.00,-1.00,-1.00,-1.00,-1.00,-114634.37
2022-12-05T16:22:55Z,"0002cc01000003e9","2250b8dd5ffd3a2505171114af60ee3c3a0850000000000000ffffffffffffffffffffffff",3.63,,0.32,17,20.68,23.53,99254.00,266.00,0,0,0,0,,,-1.00,-1.00,-1.00,-1.00,-1.00,-1.00
2022-12-05T16:28:52Z,"0002cc01000003e9","2250b8dec4fd3a25051f1114a260eb3ea90970000000000000ffffffffffffffffffffffff",3.63,,0.32,17,20.63,24.48,99243.00,151.00,0,0,0,0,,,-1.00,-1.00,-1.00,-1.00,-1.00,-1.00
2022-12-05T16:34:48Z,"0002cc01000003e9","2250b8e028fd3a1d051711147e60e83f070bb0000000000000ffffffffffffffffffffffff",3.63,,0.32,17,20.49,24.62,99228.00,187.00,0,0,0,0,,,-1.00,-1.00,-1.00,-1.00,-1.00,-1.00
2022-12-05T16:40:44Z,"0002cc01000003e9","2250b8e18cfd3a25052311147b60eb3f060b80000000000000ffffffffffffffffffffffff",3.63,,0.32,17,20.48,24.62,99243.00,184.00,0,0,0,0,,,-1.00,-1.00,-1.00,-1.00,-1.00,-114640.48
2022-12-05T16:46:40Z,"0002cc01000003e9","2250b8e2f0fd3a1d051711148360eb3ef20cd0000000000000ffffffffffffffffffffffff",3.63,,0.32,17,20.51,24.59,99240.00,205.00,0,0,0,0,,,-1.00,-1.00,-1.00,-1.00,-1.00,-1.00
2022-12-05T16:52:36Z,"0002cc01000003e9","2250b8e454fd3a25051711148d60ea3ed00a80000000000000ffffffffffffffffffffffff",3.63,,0.32,17,20.55,24.54,99238.00,168.00,0,0,0,0,,,-1.00,-1.00,-1.00,-1.00,-1.00,-113956.11
2022-12-05T16:58:32Z,"0002cc01000003e9","2250b8e5b8fd3a25052311149560e83e920a40000000000000ffffffffffffffffffffffff",3.63,,0.32,17,20.58,24.44,99229.00,164.00,0,0,0,0,,,-1.00,-1.00,-1.00,-1.00,-1.00,-1.00
2022-12-05T17:04:28Z,"0002cc01000003e9","2250b8e71cfd3a1d051711149d60e83e8c0aa0000000000000ffffffffffffffffffffffff",3.63,,0.32,17,20.61,24.43,99229.00,170.00,0,0,0,0,,,-1.00,-1.00,-1.00,-1.00,-1.00,-1.00
2022-12-05T17:10:24Z,"0002cc01000003e9","2250b8e880fd3a1d05231114a260e63e7f09d0000000000000ffffffffffffffffffffffff",3.63,,0.32,17,20.63,24.41,99222.00,157.00,0,0,0,0,,,-1.00,-1.00,-1.00,-1.00,-1.00,-114631.30
2022-12-05T17:16:20Z,"0002cc01000003e9","2250b8e9e4fd3a2505171114a960e53eaa0ae0000000000000ffffffffffffffffffffffff",3.63,,0.32,17,20.66,24.48,99219.00,174.00,0,0,0,0,,,-1.00,-1.00,-1.00,-1.00,-1.00,-113965.18
2022-12-05T17:22:16Z,"0002cc01000003e9","2250b8eb48fd3a2505171114af60e43eff08b0000000000000ffffffffffffffffffffffff",3.63,,0.32,17,20.68,24.61,99214.00,139.00,0,0,0,0,,,-1.00,-1.00,-1.00,-1.00,-1.00,-1.00
2022-12-05T17:28:12Z,"0002cc01000003e9","2250b8ecacfd3a1d05171114b660e73f380b00000000000000ffffffffffffffffffffffff",3.63,,0.32,17,20.71,24.70,99226.00,176.00,0,0,0,0,,,-1.00,-1.00,-1.00,-1.00,-1.00,-114619.07
2022-12-05T17:34:08Z,"0002cc01000003e9","2250b8ee10fd3a1d05171114bb60e83f4e0bf0000000000000ffffffffffffffffffffffff",3.63,,0.32,17,20.73,24.73,99229.00,191.00,0,0,0,0,,,-1.00,-1.00,-1.00,-1.00,-1.00,-1.00
2022-12-05T17:40:04Z,"0002cc01000003e9","2250b8ef74fd3a2505171114c160e43f560af0000000000000ffffffffffffffffffffffff",3.63,,0.32,17,20.75,24.74,99214.00,175.00,0,0,0,0,,,-1.00,-1.00,-1.00,-1.00,-1.00,-1.00
2022-12-05T17:46:00Z,"0002cc01000003e9","2250b8f0d8fd3a1d05171114c860e33f570c40000000000000ffffffffffffffffffffffff",3.63,,0.32,17,20.78,24.74,99208.00,196.00,0,0,0,0,,,-1.00,-1.00,-1.00,-1.00,-1.00,-1.00
2022-12-05T17:51:56Z,"0002cc01000003e9","2250b8f23cfd3a2505171114cb60e13f970a80000000000000ffffffffffffffffffffffff",3.63,,0.32,17,20.79,24.84,99203.00,168.00,0,0,0,0,,,-1.00,-1.00,-1.00,-1.00,-1.00,-113953.09
2022-12-05T17:57:52Z,"0002cc01000003e9","2250b8f3a0fd3a2505171114d060dd3fd70b10000000000000ffffffffffffffffffffffff",3.63,,0.32,17,20.81,24.94,99186.00,177.00,0,0,0,0,,,-1.00,-1.00,-1.00,-1.00,-1.00,-114628.24
2022-12-05T18:03:48Z,"0002cc01000003e9","2250b8f504fd3a1d05171114d560dc400f0b00000000000000ffffffffffffffffffffffff",3.63,,0.32,17,20.83,25.02,99183.00,176.00,0,0,0,0,,,-1.00,-1.00,-1.00,-1.00,-1.00,-113959.13
2022-12-05T18:09:44Z,"0002cc01000003e9","2250b8f668fd3a25051f1114da60d9406b0a80000000000000ffffffffffffffffffffffff",3.63,,0.32,17,20.85,25.16,99171.00,168.00,0,0,0,0,,,-1.00,-1.00,-1.00,-1.00,-1.00,-1.00
2022-12-05T18:15:40Z,"0002cc01000003e9","2250b8f7ccfd3a2505171114df60d740c00b70000000000000ffffffffffffffffffffffff",3.63,,0.32,17,20.87,25.29,99163.00,183.00,0,0,0,0,,,-1.00,-1.00,-1.00,-1.00,-1.00,-1.00
2022-12-05T18:21:37Z,"0002cc01000003e9","2250b8f931fd3a2505171114e460d6410709c0000000000000ffffffffffffffffffffffff",3.63,,0.32,17,20.89,25.40,99158.00,156.00,0,0,0,0,,,-1.00,-1.00,-1.00,-1.00,-1.00,-1.00
2022-12-05T18:27:33Z,"0002cc01000003e9","2250b8fa95fd3a2505171114e760d4415508f0000000000000ffffffffffffffffffffffff",3.63,,0.32,17,20.90,25.52,99149.00,143.00,0,0,0,0,,,-1.00,-1.00,-1.00,-1.00,-1.00,-114631.30
2022-12-05T18:33:29Z,"0002cc01000003e9","2250b8fbf9fd3a1905171114e960cf41950a50000000000000ffffffffffffffffffffffff",3.63,,0.32,17,20.91,25.62,99128.00,165.00,0,0,0,0,,,-1.00,-1.00,-1.00,-1.00,-1.00,-113962.16
2022-12-05T18:39:25Z,"0002cc01000003e9","2250b8fd5dfd3a2505171114ef60cc41c00aa0000000000000ffffffffffffffffffffffff",3.63,,0.32,17,20.93,25.68,99118.00,170.00,0,0,0,0,,,-1.00,-1.00,-1.00,-1.00,-1.00,-1.00
2022-12-05T18:45:21Z,"0002cc01000003e9","2250b8fec1fd3a2505171114f460ca41e40b40000000000000ffffffffffffffffffffffff",3.63,,0.32,17,20.95,25.74,99110.00,180.00,0,0,0,0,,,-1.00,-1.00,-1.00,-1.00,-1.00,-1.00
2022-12-05T18:51:17Z,"0002cc01000003e9","2250b90025fd3a2505171114f960c741ba0bc0000000000000ffffffffffffffffffffffff",3.63,,0.32,17,20.97,25.67,99097.00,188.00,0,0,0,0,,,-1.00,-1.00,-1.00,-1.00,-1.00,-113950.06
2022-12-05T18:57:13Z,"0002cc01000003e9","2250b90189fd3a1d05171114fb60c541a60a50000000000000ffffffffffffffffffffffff",3.63,,0.32,17,20.98,25.64,99089.00,165.00,0,0,0,0,,,-1.00,-1.00,-1.00,-1.00,-1.00,-1.00
2022-12-05T19:03:09Z,"0002cc01000003e9","2250b902edfd3a25051711150160c2418a0b20000000000000ffffffffffffffffffffffff",3.63,,0.32,17,21.00,25.60,99079.00,178.00,0,0,0,0,,,-1.00,-1.00,-1.00,-1.00,-1.00,-1.00
2022-12-05T19:09:05Z,"0002cc01000003e9","2250b90451fd3a1d051711150360bf418b0a00000000000000ffffffffffffffffffffffff",3.63,,0.32,17,21.01,25.60,99067.00,160.00,0,0,0,0,,,-1.00,-1.00,-1.00,-1.00,-1.00,-1.00
2022-12-05T19:15:01Z,"0002cc01000003e9","2250b905b5fd3a25051711150860b9416f09d0000000000000ffffffffffffffffffffffff",3.63,,0.32,17,21.03,25.56,99042.00,157.00,0,0,0,0,,,-1.00,-1.00,-1.00,-1.00,-1.00,-1.00
2022-12-05T19:20:57Z,"0002cc01000003e9","2250b90719fd3a1d051711153b60b7426d19d4000000000000ffffffffffffffc4ffffffff",3.63,,0.32,17,21.23,25.95,99035.00,629.00,0,0,0,0,,,-1.00,-1.00,-0.97,-1.00,-1.00,-113959.13
2022-12-05T19:26:53Z,"0002cc01000003e9","2250b9087dfd3a1d051711156260b241a61a28000000000000ffffffffffffffffffffffff",3.63,,0.32,17,21.38,25.64,99015.00,650.00,0,0,0,0,,,-1.00,-1.00,-1.00,-1.00,-1.00,-1.00
2022-12-05T19:32:49Z,"0002cc01000003e9","2250b909e1fd3a15050f11157b60ac41871994000000000000ffffffffffffffffffffffff",3.63,,0.32,17,21.48,25.60,98991.00,613.00,0,0,0,0,,,-1.00,-1.00,-1.00,-1.00,-1.00,-113953.09
2022-12-05T19:38:45Z,"0002cc01000003e9","2250b90b45fd3a1d050f11158860a740fc1b10000000000000ffffffffffffffffffffffff",3.63,,0.32,17,21.53,25.38,98971.00,708.00,0,0,0,0,,,-1.00,-1.00,-1.00,-1.00,-1.00,-1.00
2022-12-05T19:44:41Z,"0002cc01000003e9","2250b90ca9fd3a25051711158860a0410a1bb0000000000000ffffffffffffffffffffffff",3.63,,0.32,17,21.53,25.41,98943.00,748.00,0,0,0,0,,,-1.00,-1.00,-1.00,-1.00,-1.00,-1.00
2022-12-05T19:50:37Z,"0002cc01000003e9","2250b90e0dfd3a25051711158b609c412e1b3c000000000000ffffffffffffffffffffffff",3.63,,0.32,17,21.54,25.46,98925.00,719.00,0,0,0,0,,,-1.00,-1.00,-1.00,-1.00,-1.00,-114637.42
2022-12-05T19:56:33Z,"0002cc01000003e9","2250b90f71fd3a1d051711158d609d41431b24000000000000ffffffffffffffffffffffff",3.63,,0.32,17,21.55,25.49,98929.00,713.00,0,0,0,0,,,-1.00,-1.00,-1.00,-1.00,-1.00,-113962.16
2022-12-05T20:02:29Z,"0002cc01000003e9","2250b910d5fd3a1d050f11158d609e414a1b68000000000000ffffffffffffffffffffffff",3.63,,0.32,17,21.55,25.50,98935.00,730.00,0,0,0,0,,,-1.00,-1.00,-1.00,-1.00,-1.00,-1.00
2022-12-05T20:08:25Z,"0002cc01000003e9","2250b91239fd3a1d051711158d60a041591b68000000000000ffffffffffffffffffffffff",3.63,,0.32,17,21.55,25.53,98942.00,730.00,0,0,0,0,,,-1.00,-1.00,-1.00,-1.00,-1.00,-1.00
2022-12-05T20:14:21Z,"0002cc01000003e9","2250b9139dfd3a25050f11159060a341831b6c000000000000ffffffffffffffffffffffff",3.63,,0.32,17,21.56,25.59,98953.00,731.00,0,0,0,0,,,-1.00,-1.00,-1.00,-1.00,-1.00,-113950.06
2022-12-05T20:20:17Z,"0002cc01000003e9","2250b91501fd3a15050f11159260a641c21b28000000000000ffffffffffffffffffffffff",3.63,,0.32,17,21.57,25.69,98967.00,714.00,0,0,0,0,,,-1.00,-1.00,-1.00,-1.00,-1.00,-1.00
2022-12-05T20:26:14Z,"0002cc01000003e9","2250b91666fd3a1d051711159260a541ca1be0000000000000ffffffffffffffffffffffff",3.63,,0.32,17,21.57,25.70,98960.00,760.00,0,0,0,0,,,-1.00,-1.00,-1.00,-1.00,-1.00,-1.00
2022-12-05T20:32:10Z,"0002cc01000003e9","2250b917cafd3a1d050f11159860a242021b9c000000000000ffffffffffffffffffffffff",3.63,,0.32,17,21.59,25.79,98949.00,743.00,0,0,0,0,,,-1.00,-1.00,-1.00,-1.00,-1.00,-1.00
2022-12-05T20:38:06Z,"0002cc01000003e9","2250b9192efd3a1d050f11159860a042261b60000000000000ffffffffffffffffffffffff",3.63,,0.32,17,21.59,25.84,98940.00,728.00,0,0,0,0,,,-1.00,-1.00,-1.00,-1.00,-1.00,-114634.38
2022-12-05T20:44:02Z,"0002cc01000003e9","2250b91a92fd3a25051711159a609e42571b98000000000000ffffffffffffffffffffffff",3.63,,0.32,17,21.60,25.92,98935.00,742.00,0,0,0,0,,,-1.00,-1.00,-1.00,-1.00,-1.00,-113950.06
2022-12-05T20:49:58Z,"0002cc01000003e9","2250b91bf6fd3a25051711159f609e42891b04000000000000ffffffffffffffffffffffff",3.63,,0.32,17,21.62,25.99,98932.00,705.00,0,0,0,0,,,-1.00,-1.00,-1.00,-1.00,-1.00,-1.00
2022-12-05T20:55:54Z,"0002cc01000003e9","2250b91d5afd3a25050f1115a2609b42bb1b04000000000000ffffffffffffffffffffffff",3.63,,0.32,17,21.63,26.07,98922.00,705.00,0,0,0,0,,,-1.00,-1.00,-1.00,-1.00,-1.00,-1.00
2022-12-05T21:01:50Z,"0002cc01000003e9","2250b91ebefd3a1d05171115ac609e42e71aec000000000000ffffffffffffffffffffffff",3.63,,0.32,17,21.67,26.13,98934.00,699.00,0,0,0,0,,,-1.00,-1.00,-1.00,-1.00,-1.00,-1.00
2022-12-05T21:07:46Z,"0002cc01000003e9","2250b92022fd3a1d050f1115af609c42e71b3c000000000000ffffffffffffffffffffffff",3.63,,0.32,17,21.68,26.13,98924.00,719.00,0,0,0,0,,,-1.00,-1.00,-1.00,-1.00,-1.00,-114643.55
2022-12-05T21:13:42Z,"0002cc01000003e9","2250b92186fd3a1d05171115a4609943481ab4000000000000ffffffffffffffffffffffff",3.63,,0.32,17,21.64,26.28,98915.00,685.00,0,0,0,0,,,-1.00,-1.00,-1.00,-1.00,-1.00,-113959.13
2022-12-05T21:19:38Z,"0002cc01000003e9","2250b922eafd3a1d050f11159f609743721aec000000000000ffffffffffffffffffffffff",3.63,,0.32,17,21.62,26.35,98907.00,699.00,0,0,0,0,,,-1.00,-1.00,-1.00,-1.00,-1.00,-1.00
2022-12-05T21:25:34Z,"0002cc01000003e9","2250b9244efd3a1d05171115a26097439d1ae8000000000000ffffffffffffffffffffffff",3.63,,0.32,17,21.63,26.41,98905.00,698.00,0,0,0,0,,,-1.00,-1.00,-1.00,-1.00,-1.00,-1.00
2022-12-05T21:31:30Z,"0002cc01000003e9","2250b925b2fd3a1d050f1115a7609643c019e8000000000000ffffffffffffffffffffffff",3.63,,0.32,17,21.65,26.47,98900.00,634.00,0,0,0,0,,,-1.00,-1.00,-1.00,-1.00,-1.00,-113965.18
2022-12-05T21:37:26Z,"0002cc01000003e9","2250b92716fd3a1505171115b9609a43c31998000000000000ffffffffffffffffffffffff",3.63,,0.32,17,21.72,26.47,98917.00,614.00,0,0,0,0,,,-1.00,-1.00,-1.00,-1.00,-1.00,-1.00
2022-12-05T21:43:22Z,"0002cc01000003e9","2250b9287afd3a15050f1115c6609c43d31958000000000000ffffffffffffffffffffffff",3.63,,0.32,17,21.77,26.49,98927.00,598.00,0,0,0,0,,,-1.00,-1.00,-1.00,-1.00,-1.00,-1.00
2022-12-05T21:49:18Z,"0002cc01000003e9","2250b929defd3a15050f1115c6609944041964000000000000ffffffffffffffffffffffff",3.63,,0.32,17,21.77,26.57,98913.00,601.00,0,0,0,0,,,-1.00,-1.00,-1.00,-1.00,-1.00,-1.00
2022-12-05T21:55:14Z,"0002cc01000003e9","2250b92b42fd3a15050f1115c16099446d1910000000000000ffffffffffffffffffffffff",3.63,,0.32,17,21.75,26.73,98915.00,580.00,0,0,0,0,,,-1.00,-1.00,-1.00,-1.00,-1.00,-1.00
2022-12-05T22:01:10Z,"0002cc01000003e9","2250b92ca6fd3a1d05171115be6099448f195c000000000000ffffffffffffffffffffffff",3.63,,0.32,17,21.74,26.78,98913.00,599.00,0,0,0,0,,,-1.00,-1.00,-1.00,-1.00,-1.00,-1.00
2022-12-05T22:07:06Z,"0002cc01000003e9","2250b92e0afd3a1d050f1115bb609a44dd18d4000000000000ffffffffffffffffffffffff",3.63,,0.32,17,21.73,26.90,98919.00,565.00,0,0,0,0,,,-1.00,-1.00,-1.00,-1.00,-1.00,-1.00
2022-12-05T22:13:02Z,"0002cc01000003e9","2250b92f6efd3a25050f1115be609744eb18d8000000000000ffffffffffffffffffffffff",3.63,,0.32,17,21.74,26.92,98906.00,566.00,0,0,0,0,,,-1.00,-1.00,-1.00,-1.00,-1.00,-113959.13
2022-12-05T22:18:58Z,"0002cc01000003e9","2250b930d2fd3a1505171115be6095457e190c000000000000ffffffffffffffffffffffff",3.63,,0.32,17,21.74,27.15,98898.00,579.00,0,0,0,0,,,-1.00,-1.00,-1.00,-1.00,-1.00,-1.00
2022-12-05T22:24:55Z,"0002cc01000003e9","2250b93237fd3a1d050f1115bb609245b61874000000000000ffffffffffffffffffffffff",3.63,,0.32,17,21.73,27.23,98887.00,541.00,0,0,0,0,,,-1.00,-1.00,-1.00,-1.00,-1.00,-1.00
2022-12-05T22:30:50Z,"0002cc01000003e9","2250b9339afd3a1d05171115bb609046041884000000000000ffffffffffffffffffffffff",3.63,,0.32,17,21.73,27.35,98879.00,545.00,0,0,0,0,,,-1.00,-1.00,-1.00,-1.00,-1.00,-113940.99
2022-12-05T22:36:47Z,"0002cc01000003e9","2250b934fffd3a1d05171115b9608e462d187c000000000000ffffffffffffffffffffffff",3.63,,0.32,17,21.72,27.41,98871.00,543.00,0,0,0,0,,,-1.00,-1.00,-1.00,-1.00,-1.00,-1.00
2022-12-05T22:42:43Z,"0002cc01000003e9","2250b93663fd3a1d050f1115b9608f469718a8000000000000ffffffffffffffffffffffff",3.63,,0.32,17,21.72,27.58,98873.00,554.00,0,0,0,0,,,-1.00,-1.00,-1.00,-1.00,-1.00,-1.00
2022-12-05T22:48:39Z,"0002cc01000003e9","2250b937c7fd3a1d05171115b6608e46eb1878000000000000ffffffffffffffffffffffff",3.63,,0.32,17,21.71,27.70,98871.00,542.00,0,0,0,0,,,-1.00,-1.00,-1.00,-1.00,-1.00,-1.00
2022-12-05T22:54:35Z,"0002cc01000003e9","2250b9392bfd3a15050f1115b4609347141894000000000000ffffffffffffffffffffffff",3.63,,0.32,17,21.70,27.77,98889.00,549.00,0,0,0,0,,,-1.00,-1.00,-1.00,-1.00,-1.00,-113953.09
2022-12-05T23:00:31Z,"0002cc01000003e9","2250b93a8ffd3a1d050f1115b4609447f61884000000000000ffffffffffffffffffffffff",3.63,,0.32,17,21.70,28.11,98894.00,545.00,0,0,0,0,,,-1.00,-1.00,-1.00,-1.00,-1.00,-1.00
2022-12-05T23:06:27Z,"0002cc01000003e9","2250b93bf3fd3a1d050f1115be6097484b1818000000000000ffffffffffffffffffffffff",3.63,,0.32,17,21.74,28.24,98906.00,518.00,0,0,0,0,,,-1.00,-1.00,-1.00,-1.00,-1.00,-1.00
2022-12-05T23:12:23Z,"0002cc01000003e9","2250b93d57fd3a15050f1115c8609849b418a8000000000000ffffffffffffffffffffffff",3.63,,0.32,17,21.78,28.79,98909.00,554.00,0,0,0,0,,,-1.00,-1.00,-1.00,-1.00,-1.00,-1.00
2022-12-05T23:18:19Z,"0002cc01000003e9","2250b93ebbfd3a1d050f1115cd609b49130fd8000000000000ffffffffffffffffffffffff",3.63,,0.32,17,21.80,28.54,98923.00,507.00,0,0,0,0,,,-1.00,-1.00,-1.00,-1.00,-1.00,-1.00
2022-12-05T23:24:15Z,"0002cc01000003e9","2250b9401ffd3a1d050f1115d0609a49051808000000000000ffffffffffffffffffffffff",3.63,,0.32,17,21.81,28.52,98919.00,514.00,0,0,0,0,,,-1.00,-1.00,-1.00,-1.00,-1.00,-1.00
2022-12-05T23:30:11Z,"0002cc01000003e9","2250b94183fd3a1505171115cd609948d41870000000000000ffffffffffffffffffffffff",3.63,,0.32,17,21.80,28.45,98912.00,540.00,0,0,0,0,,,-1.00,-1.00,-1.00,-1.00,-1.00,-113956.11
2022-12-05T23:36:07Z,"0002cc01000003e9","2250b942e7fd3a1505171115cb609a48f018ac000000000000ffffffffffffffffffffffff",3.63,,0.32,17,21.79,28.49,98917.00,555.00,0,0,0,0,,,-1.00,-1.00,-1.00,-1.00,-1.00,-1.00
2022-12-05T23:42:03Z,"0002cc01000003e9","2250b9444bfd3a1d050f1115c6609a490b1800000000000000ffffffffffffffffffffffff",3.63,,0.32,17,21.77,28.53,98917.00,512.00,0,0,0,0,,,-1.00,-1.00,-1.00,-1.00,-1.00,-1.00
2022-12-05T23:47:59Z,"0002cc01000003e9","2250b945affd3a1d050f1115c3609d49511838000000000000ffffffffffffffffffffffff",3.63,,0.32,17,21.76,28.64,98931.00,526.00,0,0,0,0,,,-1.00,-1.00,-1.00,-1.00,-1.00,-1.00
2022-12-05T23:53:55Z,"0002cc01000003e9","2250b94713fd3a15050f1115c1609c492d1840000000000000ffffffffffffffffffffffff",3.63,,0.32,17,21.75,28.58,98924.00,528.00,0,0,0,0,,,-1.00,-1.00,-1.00,-1.00,-1.00,-1.00
2022-12-05T23:59:51Z,"0002cc01000003e9","2250b94877fd3a1d05171115c1609c495e1898000000000000ffffffffffffffffffffffff",3.63,,0.32,17,21.75,28.66,98926.00,550.00,0,0,0,0,,,-1.00,-1.00,-1.00,-1.00,-1.00,-114646.60
