Time,DevEUI,Raw,Vbat,Vsystem,Vbus,BootCount,T,RH,P,Light,P[0].delta,P[0].total,P[1].delta,P[1].total,Act[7],Act[6],Act[5],Act[4],Act[3],Act[2],Act[1],Act[0]
2022-12-12T00:05:52Z,"0002cc01000003e9","2250c132e0fd39b7050f11144b61e3429d0800000000000000ffffffffffffffffffffffff",3.61,,0.32,17,20.29,26.02,100234.00,1.00,0,0,0,0,,,-1.00,-1.00,-1.00,-1.00,-1.00,-1.00
2022-12-12T00:11:48Z,"0002cc01000003e9","2250c13444fd39aa051711144b61e442880a00000000000000ffffffffffffffffffffffff",3.60,,0.32,17,20.29,25.99,100237.00,5.00,0,0,0,0,,,-1.00,-1.00,-1.00,-1.00,-1.00,-116012.26
2022-12-12T00:17:45Z,"0002cc01000003e9","2250c135a9fd39b7050f11144b61e54280f000000000000000ffffffffffffffffffffffff",3.61,,0.32,17,20.29,25.98,100243.00,0.00,0,0,0,0,,,-1.00,-1.00,-1.00,-1.00,-1.00,-1.00
2022-12-12T00:23:41Z,"0002cc01000003e9","2250c1370dfd39a6050f11144861e94287f000000000000000ffffffffffffffffffffffff",3.60,,0.32,17,20.28,25.99,100258.00,0.00,0,0,0,0,,,-1.00,-1.00,-1.00,-1.00,-1.00,-114631.30
2022-12-12T00:29:37Z,"0002cc01000003e9","2250c13871fd39b7050f11144861e742870a00000000000000ffffffffffffffffffffffff",3.61,,0.32,17,20.28,25.99,100249.00,20.00,0,0,0,0,,,-1.00,-1.00,-1.00,-1.00,-1.00,-114634.37
2022-12-12T00:35:33Z,"0002cc01000003e9","2250c139d5fd39b7050f11144861e8428e0a00000000000000ffffffffffffffffffffffff",3.61,,0.32,17,20.28,26.00,100254.00,10.00,0,0,0,0,,,-1.00,-1.00,-1.00,-1.00,-1.00,-1.00
2022-12-12T00:41:29Z,"0002cc01000003e9","2250c13b39fd39b7050f11144d61ea4288f000000000000000ffffffffffffffffffffffff",3.61,,0.32,17,20.30,25.99,100260.00,0.00,0,0,0,0,,,-1.00,-1.00,-1.00,-1.00,-1.00,-1.00
2022-12-12T00:47:25Z,"0002cc01000003e9","2250c13c9dfd39b7050f11144d61e942880c00000000000000ffffffffffffffffffffffff",3.61,,0.32,17,20.30,25.99,100256.00,3.00,0,0,0,0,,,-1.00,-1.00,-1.00,-1.00,-1.00,-1.00
2022-12-12T00:53:21Z,"0002cc01000003e9","2250c13e01fd39aa050f11144861e94272f000000000000000ffffffffffffffffffffffff",3.60,,0.32,17,20.28,25.96,100257.00,0.00,0,0,0,0,,,-1.00,-1.00,-1.00,-1.00,-1.00,-1.00
2022-12-12T00:59:17Z,"0002cc01000003e9","2250c13f65fd39b7050f11144861e9425d0800000000000000ffffffffffffffffffffffff",3.61,,0.32,17,20.28,25.92,100257.00,4.00,0,0,0,0,,,-1.00,-1.00,-1.00,-1.00,-1.00,-1.00
2022-12-12T01:05:13Z,"0002cc01000003e9","2250c140c9fd39b7050f11144861e942560800000000000000ffffffffffffffffffffffff",3.61,,0.32,17,20.28,25.91,100259.00,2.00,0,0,0,0,,,-1.00,-1.00,-1.00,-1.00,-1.00,-1.00
2022-12-12T01:11:09Z,"0002cc01000003e9","2250c1422dfd39b7050f11144361ed42470b00000000000000ffffffffffffffffffffffff",3.61,,0.32,17,20.26,25.89,100272.00,11.00,0,0,0,0,,,-1.00,-1.00,-1.00,-1.00,-1.00,-1.00
2022-12-12T01:17:05Z,"0002cc01000003e9","2250c14391fd39aa050f11144361ed4247f000000000000000ffffffffffffffffffffffff",3.60,,0.32,17,20.26,25.89,100275.00,0.00,0,0,0,0,,,-1.00,-1.00,-1.00,-1.00,-1.00,-1.00
2022-12-12T01:23:01Z,"0002cc01000003e9","2250c144f5fd39b7050f11144161f1424ef000000000000000ffffffffffffffffffffffff",3.61,,0.32,17,20.25,25.90,100288.00,0.00,0,0,0,0,,,-1.00,-1.00,-1.00,-1.00,-1.00,-114631.30
2022-12-12T01:28:57Z,"0002cc01000003e9","2250c14659fd39b7050f11144661f04240f000000000000000ffffffffffffffffffffffff",3.61,,0.32,17,20.27,25.88,100286.00,0.00,0,0,0,0,,,-1.00,-1.00,-1.00,-1.00,-1.00,-114634.37
2022-12-12T01:34:53Z,"0002cc01000003e9","2250c147bdfd39b7050f11144661f342560c80000000000000ffffffffffffffffffffffff",3.61,,0.32,17,20.27,25.91,100298.00,25.00,0,0,0,0,,,-1.00,-1.00,-1.00,-1.00,-1.00,-1.00
2022-12-12T01:40:49Z,"0002cc01000003e9","2250c14921fd39b7050f11144861f242560e00000000000000ffffffffffffffffffffffff",3.61,,0.32,17,20.28,25.91,100293.00,7.00,0,0,0,0,,,-1.00,-1.00,-1.00,-1.00,-1.00,-114631.30
2022-12-12T01:46:45Z,"0002cc01000003e9","2250c14a85fd39aa050f11144861f3425df000000000000000ffffffffffffffffffffffff",3.60,,0.32,17,20.28,25.92,100298.00,0.00,0,0,0,0,,,-1.00,-1.00,-1.00,-1.00,-1.00,-114631.29
2022-12-12T01:52:41Z,"0002cc01000003e9","2250c14be9fd39b7050f11144b61f54250f000000000000000ffffffffffffffffffffffff",3.61,,0.32,17,20.29,25.90,100305.00,0.00,0,0,0,0,,,-1.00,-1.00,-1.00,-1.00,-1.00,-114634.37
2022-12-12T01:58:37Z,"0002cc01000003e9","2250c14d4dfd39af050f11144b61f54257f000000000000000ffffffffffffffffffffffff",3.61,,0.32,17,20.29,25.91,100304.00,0.00,0,0,0,0,,,-1.00,-1.00,-1.00,-1.00,-1.00,-114612.94
2022-12-12T02:04:33Z,"0002cc01000003e9","2250c14eb1fd39b7050f11144b61f542490800000000000000ffffffffffffffffffffffff",3.61,,0.32,17,20.29,25.89,100306.00,2.00,0,0,0,0,,,-1.00,-1.00,-1.00,-1.00,-1.00,-1.00
2022-12-12T02:10:29Z,"0002cc01000003e9","2250c15015fd39b7050f11144b61f442420b80000000000000ffffffffffffffffffffffff",3.61,,0.32,17,20.29,25.88,100301.00,23.00,0,0,0,0,,,-1.00,-1.00,-1.00,-1.00,-1.00,-1.00
2022-12-12T02:16:25Z,"0002cc01000003e9","2250c15179fd39b7050f11144861f3424f0c00000000000000ffffffffffffffffffffffff",3.61,,0.32,17,20.28,25.90,100299.00,12.00,0,0,0,0,,,-1.00,-1.00,-1.00,-1.00,-1.00,-1.00
2022-12-12T02:22:21Z,"0002cc01000003e9","2250c152ddfd39b7050f11144861f842640c00000000000000ffffffffffffffffffffffff",3.61,,0.32,17,20.28,25.93,100318.00,12.00,0,0,0,0,,,-1.00,-1.00,-1.00,-1.00,-1.00,-1.00
2022-12-12T02:28:18Z,"0002cc01000003e9","2250c15442fd39b7050f11144b61f94265f000000000000000ffffffffffffffffffffffff",3.61,,0.32,17,20.29,25.94,100322.00,0.00,0,0,0,0,,,-1.00,-1.00,-1.00,-1.00,-1.00,-1.00
2022-12-12T02:34:14Z,"0002cc01000003e9","2250c155a6fd39af050f11144b61f9425ef000000000000000ffffffffffffffffffffffff",3.61,,0.32,17,20.29,25.92,100321.00,0.00,0,0,0,0,,,-1.00,-1.00,-1.00,-1.00,-1.00,-114637.42
2022-12-12T02:40:10Z,"0002cc01000003e9","2250c1570afd39b7050f11144661f94256f000000000000000ffffffffffffffffffffffff",3.61,,0.32,17,20.27,25.91,100321.00,0.00,0,0,0,0,,,-1.00,-1.00,-1.00,-1.00,-1.00,-114631.30
2022-12-12T02:46:06Z,"0002cc01000003e9","2250c1586efd39a6050f11144361f6424ef000000000000000ffffffffffffffffffffffff",3.60,,0.32,17,20.26,25.90,100311.00,0.00,0,0,0,0,,,-1.00,-1.00,-1.00,-1.00,-1.00,-1.00
2022-12-12T02:52:02Z,"0002cc01000003e9","2250c159d2fd39b7050f11143e61f84247f000000000000000ffffffffffffffffffffffff",3.61,,0.32,17,20.24,25.89,100318.00,0.00,0,0,0,0,,,-1.00,-1.00,-1.00,-1.00,-1.00,-114640.48
2022-12-12T02:57:58Z,"0002cc01000003e9","2250c15b36fd39b3050f11143b61f84240f000000000000000ffffffffffffffffffffffff",3.61,,0.32,17,20.23,25.88,100316.00,0.00,0,0,0,0,,,-1.00,-1.00,-1.00,-1.00,-1.00,-114637.41
2022-12-12T03:03:54Z,"0002cc01000003e9","2250c15c9afd39b7050f11143b61fa4238f000000000000000ffffffffffffffffffffffff",3.61,,0.32,17,20.23,25.87,100326.00,0.00,0,0,0,0,,,-1.00,-1.00,-1.00,-1.00,-1.00,-1.00
2022-12-12T03:09:50Z,"0002cc01000003e9","2250c15dfefd39b7050f11143961f842150800000000000000ffffffffffffffffffffffff",3.61,,0.32,17,20.22,25.81,100318.00,2.00,0,0,0,0,,,-1.00,-1.00,-1.00,-1.00,-1.00,-1.00
2022-12-12T03:15:46Z,"0002cc01000003e9","2250c15f62fd39b7050f11143661fa4214f000000000000000ffffffffffffffffffffffff",3.61,,0.32,17,20.21,25.81,100324.00,0.00,0,0,0,0,,,-1.00,-1.00,-1.00,-1.00,-1.00,-1.00
2022-12-12T03:21:42Z,"0002cc01000003e9","2250c160c6fd39b7050f11142f61fc42220800000000000000ffffffffffffffffffffffff",3.61,,0.32,17,20.18,25.83,100333.00,4.00,0,0,0,0,,,-1.00,-1.00,-1.00,-1.00,-1.00,-1.00
2022-12-12T03:27:38Z,"0002cc01000003e9","2250c1622afd39af050f11142c61fb4228f000000000000000ffffffffffffffffffffffff",3.61,,0.32,17,20.17,25.84,100330.00,0.00,0,0,0,0,,,-1.00,-1.00,-1.00,-1.00,-1.00,-1.00
2022-12-12T03:33:34Z,"0002cc01000003e9","2250c1638efd39b7051f11142961fb4236f000000000000000ffffffffffffffffffffffff",3.61,,0.32,17,20.16,25.86,100328.00,0.00,0,0,0,0,,,-1.00,-1.00,-1.00,-1.00,-1.00,-114622.13
2022-12-12T03:39:30Z,"0002cc01000003e9","2250c164f2fd39a6050f11142961fc4244f000000000000000ffffffffffffffffffffffff",3.60,,0.32,17,20.16,25.88,100335.00,0.00,0,0,0,0,,,-1.00,-1.00,-1.00,-1.00,-1.00,-114640.48
2022-12-12T03:45:26Z,"0002cc01000003e9","2250c16656fd39a6050f11142761fc4235f000000000000000ffffffffffffffffffffffff",3.60,,0.32,17,20.15,25.86,100332.00,0.00,0,0,0,0,,,-1.00,-1.00,-1.00,-1.00,-1.00,-115314.54
2022-12-12T03:51:22Z,"0002cc01000003e9","2250c167bafd39b7050f11142461fa422ef000000000000000ffffffffffffffffffffffff",3.61,,0.32,17,20.14,25.85,100325.00,0.00,0,0,0,0,,,-1.00,-1.00,-1.00,-1.00,-1.00,-114637.42
2022-12-12T03:57:18Z,"0002cc01000003e9","2250c1691efd39b7050f11142761fc4227f000000000000000ffffffffffffffffffffffff",3.61,,0.32,17,20.15,25.84,100334.00,0.00,0,0,0,0,,,-1.00,-1.00,-1.00,-1.00,-1.00,-114631.29
2022-12-12T04:03:14Z,"0002cc01000003e9","2250c16a82fd39aa050f11142761fb422e0d00000000000000ffffffffffffffffffffffff",3.60,,0.32,17,20.15,25.85,100331.00,13.00,0,0,0,0,,,-1.00,-1.00,-1.00,-1.00,-1.00,-1.00
2022-12-12T04:09:10Z,"0002cc01000003e9","2250c16be6fd39af050f11142761fd4212f000000000000000ffffffffffffffffffffffff",3.61,,0.32,17,20.15,25.81,100337.00,0.00,0,0,0,0,,,-1.00,-1.00,-1.00,-1.00,-1.00,-1.00
2022-12-12T04:15:06Z,"0002cc01000003e9","2250c16d4afd39af050f11142261fc4211f000000000000000ffffffffffffffffffffffff",3.61,,0.32,17,20.13,25.81,100335.00,0.00,0,0,0,0,,,-1.00,-1.00,-1.00,-1.00,-1.00,-1.00
2022-12-12T04:21:02Z,"0002cc01000003e9","2250c16eaefd39a6050f11141a61fc4217f000000000000000ffffffffffffffffffffffff",3.60,,0.32,17,20.10,25.82,100333.00,0.00,0,0,0,0,,,-1.00,-1.00,-1.00,-1.00,-1.00,-1.00
2022-12-12T04:26:58Z,"0002cc01000003e9","2250c17012fd39b3050f11141861fe421ef000000000000000ffffffffffffffffffffffff",3.61,,0.32,17,20.09,25.83,100340.00,0.00,0,0,0,0,,,-1.00,-1.00,-1.00,-1.00,-1.00,-1.00
2022-12-12T04:32:54Z,"0002cc01000003e9","2250c17176fd39aa050f11141561ff421d0d00000000000000ffffffffffffffffffffffff",3.60,,0.32,17,20.08,25.83,100345.00,13.00,0,0,0,0,,,-1.00,-1.00,-1.00,-1.00,-1.00,-1.00
2022-12-12T04:38:51Z,"0002cc01000003e9","2250c172dbfd39af051711141061fe422bf000000000000000ffffffffffffffffffffffff",3.61,,0.32,17,20.06,25.85,100343.00,0.00,0,0,0,0,,,-1.00,-1.00,-1.00,-1.00,-1.00,-1.00
2022-12-12T04:44:47Z,"0002cc01000003e9","2250c1743ffd39af050f11141061ff422bf000000000000000ffffffffffffffffffffffff",3.61,,0.32,17,20.06,25.85,100345.00,0.00,0,0,0,0,,,-1.00,-1.00,-1.00,-1.00,-1.00,-1.00
2022-12-12T04:50:43Z,"0002cc01000003e9","2250c175a3fd39af050f1114106200420ef000000000000000ffffffffffffffffffffffff",3.61,,0.32,17,20.06,25.80,100351.00,0.00,0,0,0,0,,,-1.00,-1.00,-1.00,-1.00,-1.00,-114640.48
2022-12-12T04:56:39Z,"0002cc01000003e9","2250c17707fd39af050f11140d620142000800000000000000ffffffffffffffffffffffff",3.61,,0.32,17,20.05,25.78,100354.00,4.00,0,0,0,0,,,-1.00,-1.00,-1.00,-1.00,-1.00,-115314.54
2022-12-12T05:02:35Z,"0002cc01000003e9","2250c1786bfd39af050f11140d61ff4207f000000000000000ffffffffffffffffffffffff",3.61,,0.32,17,20.05,25.79,100345.00,0.00,0,0,0,0,,,-1.00,-1.00,-1.00,-1.00,-1.00,-114619.07
2022-12-12T05:08:31Z,"0002cc01000003e9","2250c179cffd39a6050f11140b620042070800000000000000ffffffffffffffffffffffff",3.60,,0.32,17,20.04,25.79,100349.00,2.00,0,0,0,0,,,-1.00,-1.00,-1.00,-1.00,-1.00,-1.00
2022-12-12T05:14:27Z,"0002cc01000003e9","2250c17b33fd39a2050f1114086201420e0c00000000000000ffffffffffffffffffffffff",3.60,,0.32,17,20.03,25.80,100355.00,3.00,0,0,0,0,,,-1.00,-1.00,-1.00,-1.00,-1.00,-114628.23
2022-12-12T05:20:23Z,"0002cc01000003e9","2250c17c97fd39af050f11140b620342230800000000000000ffffffffffffffffffffffff",3.61,,0.32,17,20.04,25.83,100360.00,1.00,0,0,0,0,,,-1.00,-1.00,-1.00,-1.00,-1.00,-1.00
2022-12-12T05:26:19Z,"0002cc01000003e9","2250c17dfbfd39a6050f11140b620442380c00000000000000ffffffffffffffffffffffff",3.60,,0.32,17,20.04,25.87,100367.00,6.00,0,0,0,0,,,-1.00,-1.00,-1.00,-1.00,-1.00,-1.00
2022-12-12T05:32:15Z,"0002cc01000003e9","2250c17f5ffd39b7050f11140b6205424d0980000000000000ffffffffffffffffffffffff",3.61,,0.32,17,20.04,25.90,100368.00,19.00,0,0,0,0,,,-1.00,-1.00,-1.00,-1.00,-1.00,-1.00
2022-12-12T05:38:11Z,"0002cc01000003e9","2250c180c3fd39af050f11140b6205425bf000000000000000ffffffffffffffffffffffff",3.61,,0.32,17,20.04,25.92,100368.00,0.00,0,0,0,0,,,-1.00,-1.00,-1.00,-1.00,-1.00,-1.00
2022-12-12T05:44:07Z,"0002cc01000003e9","2250c18227fd39af050f111408620542690e00000000000000ffffffffffffffffffffffff",3.61,,0.32,17,20.03,25.94,100370.00,14.00,0,0,0,0,,,-1.00,-1.00,-1.00,-1.00,-1.00,-1.00
2022-12-12T05:50:03Z,"0002cc01000003e9","2250c1838bfd39af050f11140662054284f000000000000000ffffffffffffffffffffffff",3.61,,0.32,17,20.02,25.98,100371.00,0.00,0,0,0,0,,,-1.00,-1.00,-1.00,-1.00,-1.00,-1.00
2022-12-12T05:55:59Z,"0002cc01000003e9","2250c184effd39af050f11140362054284f000000000000000ffffffffffffffffffffffff",3.61,,0.32,17,20.01,25.98,100371.00,0.00,0,0,0,0,,,-1.00,-1.00,-1.00,-1.00,-1.00,-1.00
2022-12-12T06:01:55Z,"0002cc01000003e9","2250c18653fd39aa050f111403620342760800000000000000ffffffffffffffffffffffff",3.60,,0.32,17,20.01,25.96,100361.00,4.00,0,0,0,0,,,-1.00,-1.00,-1.00,-1.00,-1.00,-114622.13
2022-12-12T06:07:51Z,"0002cc01000003e9","2250c187b7fd39a6050f1113fe62024260f000000000000000ffffffffffffffffffffffff",3.60,,0.32,17,19.99,25.93,100356.00,0.00,0,0,0,0,,,-1.00,-1.00,-1.00,-1.00,-1.00,-114622.13
2022-12-12T06:13:47Z,"0002cc01000003e9","2250c1891bfd39af050f1113fe62034244f000000000000000ffffffffffffffffffffffff",3.61,,0.32,17,19.99,25.89,100361.00,0.00,0,0,0,0,,,-1.00,-1.00,-1.00,-1.00,-1.00,-115308.34
2022-12-12T06:19:43Z,"0002cc01000003e9","2250c18a7ffd39af050f1113fe62014229f000000000000000ffffffffffffffffffffffff",3.61,,0.32,17,19.99,25.84,100354.00,0.00,0,0,0,0,,,-1.00,-1.00,-1.00,-1.00,-1.00,-114631.30
2022-12-12T06:25:39Z,"0002cc01000003e9","2250c18be3fd39af050f1113fe61ff41fef000000000000000ffffffffffffffffffffffff",3.61,,0.32,17,19.99,25.78,100346.00,0.00,0,0,0,0,,,-1.00,-1.00,-1.00,-1.00,-1.00,-114631.29
2022-12-12T06:31:35Z,"0002cc01000003e9","2250c18d47fd39a6050f1113fe620041dbf000000000000000ffffffffffffffffffffffff",3.60,,0.32,17,19.99,25.72,100350.00,0.00,0,0,0,0,,,-1.00,-1.00,-1.00,-1.00,-1.00,-1.00
2022-12-12T06:37:31Z,"0002cc01000003e9","2250c18eabfd39a6050f1113fb620041a2f000000000000000ffffffffffffffffffffffff",3.60,,0.32,17,19.98,25.64,100349.00,0.00,0,0,0,0,,,-1.00,-1.00,-1.00,-1.00,-1.00,-1.00
2022-12-12T06:43:28Z,"0002cc01000003e9","2250c19010fd39af050f1113fe62024187f000000000000000ffffffffffffffffffffffff",3.61,,0.32,17,19.99,25.60,100358.00,0.00,0,0,0,0,,,-1.00,-1.00,-1.00,-1.00,-1.00,-1.00
2022-12-12T06:49:24Z,"0002cc01000003e9","2250c19174fd39a6050f1113fb6207415df000000000000000ffffffffffffffffffffffff",3.60,,0.32,17,19.98,25.53,100376.00,0.00,0,0,0,0,,,-1.00,-1.00,-1.00,-1.00,-1.00,-1.00
2022-12-12T06:55:20Z,"0002cc01000003e9","2250c192d8fd39af050f1113f662064163f000000000000000ffffffffffffffffffffffff",3.61,,0.32,17,19.96,25.54,100375.00,0.00,0,0,0,0,,,-1.00,-1.00,-1.00,-1.00,-1.00,-1.00
2022-12-12T07:01:16Z,"0002cc01000003e9","2250c1943cfd39a6050f1113f462064170f000000000000000ffffffffffffffffffffffff",3.60,,0.32,17,19.95,25.56,100372.00,0.00,0,0,0,0,,,-1.00,-1.00,-1.00,-1.00,-1.00,-1.00
2022-12-12T07:07:12Z,"0002cc01000003e9","2250c195a0fd39a6050f1113f16204415b0a00000000000000ffffffffffffffffffffffff",3.60,,0.32,17,19.94,25.53,100366.00,5.00,0,0,0,0,,,-1.00,-1.00,-1.00,-1.00,-1.00,-1.00
2022-12-12T07:13:08Z,"0002cc01000003e9","2250c19704fd39af050f1113ec62034161f000000000000000ffffffffffffffffffffffff",3.61,,0.32,17,19.92,25.54,100360.00,0.00,0,0,0,0,,,-1.00,-1.00,-1.00,-1.00,-1.00,-114622.13
2022-12-12T07:19:04Z,"0002cc01000003e9","2250c19868fd39a6050f1113e962014176f000000000000000ffffffffffffffffffffffff",3.60,,0.32,17,19.91,25.57,100353.00,0.00,0,0,0,0,,,-1.00,-1.00,-1.00,-1.00,-1.00,-114631.30
2022-12-12T07:25:00Z,"0002cc01000003e9","2250c199ccfd39af050f1113e96200417d0800000000000000ffffffffffffffffffffffff",3.61,,0.32,17,19.91,25.58,100350.00,8.00,0,0,0,0,,,-1.00,-1.00,-1.00,-1.00,-1.00,-115311.44
2022-12-12T07:30:56Z,"0002cc01000003e9","2250c19b30fd39af050f1113e7620041840a00000000000000ffffffffffffffffffffffff",3.61,,0.32,17,19.90,25.59,100350.00,10.00,0,0,0,0,,,-1.00,-1.00,-1.00,-1.00,-1.00,-114631.30
2022-12-12T07:36:52Z,"0002cc01000003e9","2250c19c94fd39af050f1113e961fb4192f000000000000000ffffffffffffffffffffffff",3.61,,0.32,17,19.91,25.61,100331.00,0.00,0,0,0,0,,,-1.00,-1.00,-1.00,-1.00,-1.00,-115308.34
2022-12-12T07:42:48Z,"0002cc01000003e9","2250c19df8fd39af050f1113ec61f941990800000000000000ffffffffffffffffffffffff",3.61,,0.32,17,19.92,25.62,100322.00,8.00,0,0,0,0,,,-1.00,-1.00,-1.00,-1.00,-1.00,-114631.30
2022-12-12T07:48:44Z,"0002cc01000003e9","2250c19f5cfd39a2050f1113ec61f941a70e80000000000000ffffffffffffffffffffffff",3.60,,0.32,17,19.92,25.65,100321.00,29.00,0,0,0,0,,,-1.00,-1.00,-1.00,-1.00,-1.00,-114634.37
2022-12-12T07:54:40Z,"0002cc01000003e9","2250c1a0c0fd39af050f1113ef61fa41b6f000000000000000ffffffffffffffffffffffff",3.61,,0.32,17,19.93,25.67,100326.00,0.00,0,0,0,0,,,-1.00,-1.00,-1.00,-1.00,-1.00,-114628.23
2022-12-12T08:00:36Z,"0002cc01000003e9","2250c1a224fd39b7050f1113ef61f941b60c00000000000000ffffffffffffffffffffffff",3.61,,0.32,17,19.93,25.67,100322.00,6.00,0,0,0,0,,,-1.00,-1.00,-1.00,-1.00,-1.00,-1.00
2022-12-12T08:06:32Z,"0002cc01000003e9","2250c1a388fd39af05171113ec61f641caf000000000000000ffffffffffffffffffffffff",3.61,,0.32,17,19.92,25.70,100311.00,0.00,0,0,0,0,,,-1.00,-1.00,-1.00,-1.00,-1.00,-114619.05
2022-12-12T08:12:28Z,"0002cc01000003e9","2250c1a4ecfd39af050f1113e961f741d80e00000000000000ffffffffffffffffffffffff",3.61,,0.32,17,19.91,25.72,100313.00,7.00,0,0,0,0,,,-1.00,-1.00,-1.00,-1.00,-1.00,-1.00
2022-12-12T08:18:24Z,"0002cc01000003e9","2250c1a650fd39a6050f1113e961f941dff000000000000000ffffffffffffffffffffffff",3.60,,0.32,17,19.91,25.73,100322.00,0.00,0,0,0,0,,,-1.00,-1.00,-1.00,-1.00,-1.00,-1.00
2022-12-12T08:24:20Z,"0002cc01000003e9","2250c1a7b4fd39a6050f1113e961fb41edf000000000000000ffffffffffffffffffffffff",3.60,,0.32,17,19.91,25.75,100328.00,0.00,0,0,0,0,,,-1.00,-1.00,-1.00,-1.00,-1.00,-1.00
2022-12-12T08:30:16Z,"0002cc01000003e9","2250c1a918fd39af050f1113e761fd41e60a00000000000000ffffffffffffffffffffffff",3.61,,0.32,17,19.90,25.74,100338.00,10.00,0,0,0,0,,,-1.00,-1.00,-1.00,-1.00,-1.00,-1.00
2022-12-12T08:36:13Z,"0002cc01000003e9","2250c1aa7dfd39a6050f1113e961ff41f4f000000000000000ffffffffffffffffffffffff",3.60,,0.32,17,19.91,25.76,100344.00,0.00,0,0,0,0,,,-1.00,-1.00,-1.00,-1.00,-1.00,-1.00
2022-12-12T08:42:08Z,"0002cc01000003e9","2250c1abe0fd39af050f1113e961fe41ed0e00000000000000ffffffffffffffffffffffff",3.61,,0.32,17,19.91,25.75,100341.00,7.00,0,0,0,0,,,-1.00,-1.00,-1.00,-1.00,-1.00,-114628.24
2022-12-12T08:48:05Z,"0002cc01000003e9","2250c1ad45fd39a6050f1113e761fd41edf000000000000000ffffffffffffffffffffffff",3.60,,0.32,17,19.90,25.75,100336.00,0.00,0,0,0,0,,,-1.00,-1.00,-1.00,-1.00,-1.00,-1.00
2022-12-12T08:54:01Z,"0002cc01000003e9","2250c1aea9fd39af050f1113e261fd42010a00000000000000ffffffffffffffffffffffff",3.61,,0.32,17,19.88,25.78,100338.00,10.00,0,0,0,0,,,-1.00,-1.00,-1.00,-1.00,-1.00,-1.00
2022-12-12T08:59:57Z,"0002cc01000003e9","2250c1b00dfd39af050f1113df61fb421d0a80000000000000ffffffffffffffffffffffff",3.61,,0.32,17,19.87,25.83,100331.00,21.00,0,0,0,0,,,-1.00,-1.00,-1.00,-1.00,-1.00,-114634.37
2022-12-12T09:05:53Z,"0002cc01000003e9","2250c1b171fd39af050f1113df61fd421d0c00000000000000ffffffffffffffffffffffff",3.61,,0.32,17,19.87,25.83,100336.00,24.00,0,0,0,0,,,-1.00,-1.00,-1.00,-1.00,-1.00,-115311.44
2022-12-12T09:11:49Z,"0002cc01000003e9","2250c1b2d5fd39af050f1113e261fe42160800000000000000ffffffffffffffffffffffff",3.61,,0.32,17,19.88,25.82,100343.00,8.00,0,0,0,0,,,-1.00,-1.00,-1.00,-1.00,-1.00,-114622.13
2022-12-12T09:17:45Z,"0002cc01000003e9","2250c1b439fd39af050f1113e462014201f000000000000000ffffffffffffffffffffffff",3.61,,0.32,17,19.89,25.78,100354.00,0.00,0,0,0,0,,,-1.00,-1.00,-1.00,-1.00,-1.00,-114634.37
2022-12-12T09:23:41Z,"0002cc01000003e9","2250c1b59dfd39af050f1113e461ff4201f000000000000000ffffffffffffffffffffffff",3.61,,0.32,17,19.89,25.78,100344.00,0.00,0,0,0,0,,,-1.00,-1.00,-1.00,-1.00,-1.00,-115311.44
2022-12-12T09:29:37Z,"0002cc01000003e9","2250c1b701fd39af050f1113e461fc42010800000000000000ffffffffffffffffffffffff",3.61,,0.32,17,19.89,25.78,100333.00,1.00,0,0,0,0,,,-1.00,-1.00,-1.00,-1.00,-1.00,-114631.30
2022-12-12T09:35:33Z,"0002cc01000003e9","2250c1b865fd39af050f1113e461fb41fb0e00000000000000ffffffffffffffffffffffff",3.61,,0.32,17,19.89,25.77,100328.00,7.00,0,0,0,0,,,-1.00,-1.00,-1.00,-1.00,-1.00,-114640.47
2022-12-12T09:41:29Z,"0002cc01000003e9","2250c1b9c9fd39af050f1113e261f741e5f000000000000000ffffffffffffffffffffffff",3.61,,0.32,17,19.88,25.74,100314.00,0.00,0,0,0,0,,,-1.00,-1.00,-1.00,-1.00,-1.00,-1.00
2022-12-12T09:47:25Z,"0002cc01000003e9","2250c1bb2dfd39aa050f1113e261f841d0f000000000000000ffffffffffffffffffffffff",3.60,,0.32,17,19.88,25.71,100318.00,0.00,0,0,0,0,,,-1.00,-1.00,-1.00,-1.00,-1.00,-114625.19
2022-12-12T09:53:21Z,"0002cc01000003e9","2250c1bc91fd39af050f1113df61f941cf0c00000000000000ffffffffffffffffffffffff",3.61,,0.32,17,19.87,25.71,100321.00,3.00,0,0,0,0,,,-1.00,-1.00,-1.00,-1.00,-1.00,-1.00
2022-12-12T09:59:17Z,"0002cc01000003e9","2250c1bdf5fd39a6050f1113da61fb41c8f000000000000000ffffffffffffffffffffffff",3.60,,0.32,17,19.85,25.70,100328.00,0.00,0,0,0,0,,,-1.00,-1.00,-1.00,-1.00,-1.00,-1.00
2022-12-12T10:05:13Z,"0002cc01000003e9","2250c1bf59fd39a6050f1113da61fd41ac0800000000000000ffffffffffffffffffffffff",3.60,,0.32,17,19.85,25.65,100337.00,8.00,0,0,0,0,,,-1.00,-1.00,-1.00,-1.00,-1.00,-1.00
2022-12-12T10:11:09Z,"0002cc01000003e9","2250c1c0bdfd39af050f1113da6200419ef000000000000000ffffffffffffffffffffffff",3.61,,0.32,17,19.85,25.63,100348.00,0.00,0,0,0,0,,,-1.00,-1.00,-1.00,-1.00,-1.00,-114625.19
2022-12-12T10:17:05Z,"0002cc01000003e9","2250c1c221fd39a6050f1113d861ff41820900000000000000ffffffffffffffffffffffff",3.60,,0.32,17,19.84,25.59,100345.00,9.00,0,0,0,0,,,-1.00,-1.00,-1.00,-1.00,-1.00,-1.00
2022-12-12T10:23:01Z,"0002cc01000003e9","2250c1c385fd39a6050f1113d562014188f000000000000000ffffffffffffffffffffffff",3.60,,0.32,17,19.83,25.60,100354.00,0.00,0,0,0,0,,,-1.00,-1.00,-1.00,-1.00,-1.00,-114631.30
2022-12-12T10:28:58Z,"0002cc01000003e9","2250c1c4eafd39af050f1113d262004180f000000000000000ffffffffffffffffffffffff",3.61,,0.32,17,19.82,25.59,100351.00,0.00,0,0,0,0,,,-1.00,-1.00,-1.00,-1.00,-1.00,-114628.24
2022-12-12T10:34:53Z,"0002cc01000003e9","2250c1c64dfd39a6050f1113d0620341800800000000000000ffffffffffffffffffffffff",3.60,,0.32,17,19.81,25.59,100361.00,2.00,0,0,0,0,,,-1.00,-1.00,-1.00,-1.00,-1.00,-114628.23
2022-12-12T10:40:50Z,"0002cc01000003e9","2250c1c7b2fd39a6050f1113d0620341800b80000000000000ffffffffffffffffffffffff",3.60,,0.32,17,19.81,25.59,100361.00,23.00,0,0,0,0,,,-1.00,-1.00,-1.00,-1.00,-1.00,-1.00
2022-12-12T10:46:46Z,"0002cc01000003e9","2250c1c916fd39af050f1113d062044179f000000000000000ffffffffffffffffffffffff",3.61,,0.32,17,19.81,25.58,100367.00,0.00,0,0,0,0,,,-1.00,-1.00,-1.00,-1.00,-1.00,-1.00
2022-12-12T10:52:42Z,"0002cc01000003e9","2250c1ca7afd399e050f1113d26203416cf000000000000000ffffffffffffffffffffffff",3.60,,0.32,17,19.82,25.56,100360.00,0.00,0,0,0,0,,,-1.00,-1.00,-1.00,-1.00,-1.00,-1.00
2022-12-12T10:58:38Z,"0002cc01000003e9","2250c1cbdefd39a6050f1113d562054165f000000000000000ffffffffffffffffffffffff",3.60,,0.32,17,19.83,25.54,100369.00,0.00,0,0,0,0,,,-1.00,-1.00,-1.00,-1.00,-1.00,-1.00
2022-12-12T11:04:34Z,"0002cc01000003e9","2250c1cd42fd39a6050f1113d86204415e0b80000000000000ffffffffffffffffffffffff",3.60,,0.32,17,19.84,25.53,100364.00,23.00,0,0,0,0,,,-1.00,-1.00,-1.00,-1.00,-1.00,-1.00
2022-12-12T11:10:30Z,"0002cc01000003e9","2250c1cea6fd39aa050f1113d8620541500c00000000000000ffffffffffffffffffffffff",3.60,,0.32,17,19.84,25.51,100369.00,24.00,0,0,0,0,,,-1.00,-1.00,-1.00,-1.00,-1.00,-114628.24
2022-12-12T11:16:26Z,"0002cc01000003e9","2250c1d00afd39a6050f1113d8620541420900000000000000ffffffffffffffffffffffff",3.60,,0.32,17,19.84,25.49,100369.00,9.00,0,0,0,0,,,-1.00,-1.00,-1.00,-1.00,-1.00,-115308.34
2022-12-12T11:22:22Z,"0002cc01000003e9","2250c1d16efd39af050f1113d86205411f0800000000000000ffffffffffffffffffffffff",3.61,,0.32,17,19.84,25.44,100368.00,2.00,0,0,0,0,,,-1.00,-1.00,-1.00,-1.00,-1.00,-114637.42
2022-12-12T11:28:18Z,"0002cc01000003e9","2250c1d2d2fd39a6050f1113d56204411f0c00000000000000ffffffffffffffffffffffff",3.60,,0.32,17,19.83,25.44,100366.00,3.00,0,0,0,0,,,-1.00,-1.00,-1.00,-1.00,-1.00,-114634.37
2022-12-12T11:34:14Z,"0002cc01000003e9","2250c1d436fd39af050f1113da6204413b0900000000000000ffffffffffffffffffffffff",3.61,,0.32,17,19.85,25.48,100366.00,9.00,0,0,0,0,,,-1.00,-1.00,-1.00,-1.00,-1.00,-1.00
2022-12-12T11:40:10Z,"0002cc01000003e9","2250c1d59afd39a6050f1113e9620441300e00000000000000ffffffffffffffffffffffff",3.60,,0.32,17,19.91,25.46,100366.00,14.00,0,0,0,0,,,-1.00,-1.00,-1.00,-1.00,-1.00,-1.00
2022-12-12T11:46:06Z,"0002cc01000003e9","2250c1d6fefd39a6050f1113fb62024109f000000000000000ffffffffffffffffffffffff",3.60,,0.32,17,19.98,25.40,100356.00,0.00,0,0,0,0,,,-1.00,-1.00,-1.00,-1.00,-1.00,-1.00
2022-12-12T11:52:02Z,"0002cc01000003e9","2250c1d862fd39a6050f11140b61ff40ee0e00000000000000ffffffffffffffffffffffff",3.60,,0.32,17,20.04,25.36,100344.00,7.00,0,0,0,0,,,-1.00,-1.00,-1.00,-1.00,-1.00,-1.00
2022-12-12T11:57:58Z,"0002cc01000003e9","2250c1d9c6fd399e050f11141861fe40e2f000000000000000ffffffffffffffffffffffff",3.60,,0.32,17,20.09,25.35,100342.00,0.00,0,0,0,0,,,-1.00,-1.00,-1.00,-1.00,-1.00,-1.00
2022-12-12T12:03:54Z,"0002cc01000003e9","2250c1db2afd399e050f11142761ff40c20d00000000000000ffffffffffffffffffffffff",3.60,,0.32,17,20.15,25.30,100344.00,13.00,0,0,0,0,,,-1.00,-1.00,-1.00,-1.00,-1.00,-114631.30
2022-12-12T12:09:50Z,"0002cc01000003e9","2250c1dc8efd39a6050f111431620140a00800000000000000ffffffffffffffffffffffff",3.60,,0.32,17,20.19,25.24,100352.00,8.00,0,0,0,0,,,-1.00,-1.00,-1.00,-1.00,-1.00,-1.00
2022-12-12T12:15:47Z,"0002cc01000003e9","2250c1ddf3fd39a6050f11143e6202407e0800000000000000ffffffffffffffffffffffff",3.60,,0.32,17,20.24,25.19,100359.00,4.00,0,0,0,0,,,-1.00,-1.00,-1.00,-1.00,-1.00,-1.00
2022-12-12T12:21:42Z,"0002cc01000003e9","2250c1df56fd39a6050f111443620040720800000000000000ffffffffffffffffffffffff",3.60,,0.32,17,20.26,25.17,100351.00,8.00,0,0,0,0,,,-1.00,-1.00,-1.00,-1.00,-1.00,-114631.30
2022-12-12T12:27:38Z,"0002cc01000003e9","2250c1e0bafd39a6050f11144661fd4047f000000000000000ffffffffffffffffffffffff",3.60,,0.32,17,20.27,25.11,100339.00,0.00,0,0,0,0,,,-1.00,-1.00,-1.00,-1.00,-1.00,-1.00
2022-12-12T12:33:35Z,"0002cc01000003e9","2250c1e21ffd399e050f11143b61fe4031f000000000000000ffffffffffffffffffffffff",3.60,,0.32,17,20.23,25.08,100342.00,0.00,0,0,0,0,,,-1.00,-1.00,-1.00,-1.00,-1.00,-1.00
2022-12-12T12:39:31Z,"0002cc01000003e9","2250c1e383fd39a6050f111436620040460800000000000000ffffffffffffffffffffffff",3.60,,0.32,17,20.21,25.11,100348.00,1.00,0,0,0,0,,,-1.00,-1.00,-1.00,-1.00,-1.00,-114625.19
2022-12-12T12:45:27Z,"0002cc01000003e9","2250c1e4e7fd39af050f11143161fe4029f000000000000000ffffffffffffffffffffffff",3.61,,0.32,17,20.19,25.06,100342.00,0.00,0,0,0,0,,,-1.00,-1.00,-1.00,-1.00,-1.00,-114625.17
2022-12-12T12:51:23Z,"0002cc01000003e9","2250c1e64bfd399e050f1114296202402f0b00000000000000ffffffffffffffffffffffff",3.60,,0.32,17,20.16,25.07,100359.00,22.00,0,0,0,0,,,-1.00,-1.00,-1.00,-1.00,-1.00,-1.00
2022-12-12T12:57:19Z,"0002cc01000003e9","2250c1e7affd39a6050f11142462054044f000000000000000ffffffffffffffffffffffff",3.60,,0.32,17,20.14,25.10,100370.00,0.00,0,0,0,0,,,-1.00,-1.00,-1.00,-1.00,-1.00,-1.00
2022-12-12T13:03:15Z,"0002cc01000003e9","2250c1e913fd39a6050f1114246204404af000000000000000ffffffffffffffffffffffff",3.60,,0.32,17,20.14,25.11,100367.00,0.00,0,0,0,0,,,-1.00,-1.00,-1.00,-1.00,-1.00,-1.00
2022-12-12T13:09:11Z,"0002cc01000003e9","2250c1ea77fd39a6050f111424620340510840000000000000ffffffffffffffffffffffff",3.60,,0.32,17,20.14,25.12,100362.00,33.00,0,0,0,0,,,-1.00,-1.00,-1.00,-1.00,-1.00,-114631.32
2022-12-12T13:15:07Z,"0002cc01000003e9","2250c1ebdbfd39a6050f1114246200405ff000000000000000ffffffffffffffffffffffff",3.60,,0.32,17,20.14,25.15,100351.00,0.00,0,0,0,0,,,-1.00,-1.00,-1.00,-1.00,-1.00,-114619.05
2022-12-12T13:21:03Z,"0002cc01000003e9","2250c1ed3ffd39a6050f11142261fe403cf000000000000000ffffffffffffffffffffffff",3.60,,0.32,17,20.13,25.09,100341.00,0.00,0,0,0,0,,,-1.00,-1.00,-1.00,-1.00,-1.00,-1.00
2022-12-12T13:26:59Z,"0002cc01000003e9","2250c1eea3fd39a6050f11142261ff402ef000000000000000ffffffffffffffffffffffff",3.60,,0.32,17,20.13,25.07,100346.00,0.00,0,0,0,0,,,-1.00,-1.00,-1.00,-1.00,-1.00,-1.00
2022-12-12T13:32:55Z,"0002cc01000003e9","2250c1f007fd39af050f11141f61ff4035f000000000000000ffffffffffffffffffffffff",3.61,,0.32,17,20.12,25.08,100344.00,0.00,0,0,0,0,,,-1.00,-1.00,-1.00,-1.00,-1.00,-1.00
2022-12-12T13:38:51Z,"0002cc01000003e9","2250c1f16bfd39a6050f11141f61fe4035f000000000000000ffffffffffffffffffffffff",3.60,,0.32,17,20.12,25.08,100340.00,0.00,0,0,0,0,,,-1.00,-1.00,-1.00,-1.00,-1.00,-1.00
2022-12-12T13:44:47Z,"0002cc01000003e9","2250c1f2cffd39a6050f11142261fd402ef000000000000000ffffffffffffffffffffffff",3.60,,0.32,17,20.13,25.07,100336.00,0.00,0,0,0,0,,,-1.00,-1.00,-1.00,-1.00,-1.00,-1.00
2022-12-12T13:50:43Z,"0002cc01000003e9","2250c1f433fd399e050f11142261fc40270c00000000000000ffffffffffffffffffffffff",3.60,,0.32,17,20.13,25.06,100335.00,3.00,0,0,0,0,,,-1.00,-1.00,-1.00,-1.00,-1.00,-1.00
2022-12-12T13:56:39Z,"0002cc01000003e9","2250c1f597fd39a6050f11142461fe4012f000000000000000ffffffffffffffffffffffff",3.60,,0.32,17,20.14,25.03,100342.00,0.00,0,0,0,0,,,-1.00,-1.00,-1.00,-1.00,-1.00,-1.00
2022-12-12T14:02:35Z,"0002cc01000003e9","2250c1f6fbfd39a6050f11142461ff40190980000000000000ffffffffffffffffffffffff",3.60,,0.32,17,20.14,25.04,100345.00,19.00,0,0,0,0,,,-1.00,-1.00,-1.00,-1.00,-1.00,-1.00
2022-12-12T14:08:31Z,"0002cc01000003e9","2250c1f85ffd399e050f11142761fe40200e00000000000000ffffffffffffffffffffffff",3.60,,0.32,17,20.15,25.05,100341.00,28.00,0,0,0,0,,,-1.00,-1.00,-1.00,-1.00,-1.00,-1.00
2022-12-12T14:14:28Z,"0002cc01000003e9","2250c1f9c4fd39a6050f11142761fe40360e00000000000000ffffffffffffffffffffffff",3.60,,0.32,17,20.15,25.08,100343.00,7.00,0,0,0,0,,,-1.00,-1.00,-1.00,-1.00,-1.00,-1.00
2022-12-12T14:20:24Z,"0002cc01000003e9","2250c1fb28fd39a6050f111427620240440800000000000000ffffffffffffffffffffffff",3.60,,0.32,17,20.15,25.10,100356.00,4.00,0,0,0,0,,,-1.00,-1.00,-1.00,-1.00,-1.00,-114622.13
2022-12-12T14:26:20Z,"0002cc01000003e9","2250c1fc8cfd399e050f1114296203402f0a00000000000000ffffffffffffffffffffffff",3.60,,0.32,17,20.16,25.07,100363.00,20.00,0,0,0,0,,,-1.00,-1.00,-1.00,-1.00,-1.00,-114637.41
2022-12-12T14:32:16Z,"0002cc01000003e9","2250c1fdf0fd39a6050f11142962034019f000000000000000ffffffffffffffffffffffff",3.60,,0.32,17,20.16,25.04,100361.00,0.00,0,0,0,0,,,-1.00,-1.00,-1.00,-1.00,-1.00,-1.00
2022-12-12T14:38:12Z,"0002cc01000003e9","2250c1ff54fd39a6050f11142962044005f000000000000000ffffffffffffffffffffffff",3.60,,0.32,17,20.16,25.01,100367.00,0.00,0,0,0,0,,,-1.00,-1.00,-1.00,-1.00,-1.00,-1.00
2022-12-12T14:44:08Z,"0002cc01000003e9","2250c200b8fd399e050f111429620340050c00000000000000ffffffffffffffffffffffff",3.60,,0.32,17,20.16,25.01,100360.00,12.00,0,0,0,0,,,-1.00,-1.00,-1.00,-1.00,-1.00,-114619.05
2022-12-12T14:50:04Z,"0002cc01000003e9","2250c2021cfd39a6050f111429620640120e00000000000000ffffffffffffffffffffffff",3.60,,0.32,17,20.16,25.03,100375.00,14.00,0,0,0,0,,,-1.00,-1.00,-1.00,-1.00,-1.00,-1.00
2022-12-12T14:56:00Z,"0002cc01000003e9","2250c20380fd39a6050f111427620540190800000000000000ffffffffffffffffffffffff",3.60,,0.32,17,20.15,25.04,100370.00,4.00,0,0,0,0,,,-1.00,-1.00,-1.00,-1.00,-1.00,-1.00
2022-12-12T15:01:56Z,"0002cc01000003e9","2250c204e4fd399e050f11142762064012f000000000000000ffffffffffffffffffffffff",3.60,,0.32,17,20.15,25.03,100373.00,0.00,0,0,0,0,,,-1.00,-1.00,-1.00,-1.00,-1.00,-1.00
2022-12-12T15:07:52Z,"0002cc01000003e9","2250c20648fd399e050f11142762064019f000000000000000ffffffffffffffffffffffff",3.60,,0.32,17,20.15,25.04,100374.00,0.00,0,0,0,0,,,-1.00,-1.00,-1.00,-1.00,-1.00,-1.00
2022-12-12T15:13:48Z,"0002cc01000003e9","2250c207acfd39a6050f1114276209402ef000000000000000ffffffffffffffffffffffff",3.60,,0.32,17,20.15,25.07,100387.00,0.00,0,0,0,0,,,-1.00,-1.00,-1.00,-1.00,-1.00,-1.00
2022-12-12T15:19:44Z,"0002cc01000003e9","2250c20910fd399e050f111429620840360f00000000000000ffffffffffffffffffffffff",3.60,,0.32,17,20.16,25.08,100383.00,15.00,0,0,0,0,,,-1.00,-1.00,-1.00,-1.00,-1.00,-114628.24
2022-12-12T15:25:40Z,"0002cc01000003e9","2250c20a74fd39a6050f11142c620b402f0800000000000000ffffffffffffffffffffffff",3.60,,0.32,17,20.17,25.07,100393.00,4.00,0,0,0,0,,,-1.00,-1.00,-1.00,-1.00,-1.00,-115311.44
2022-12-12T15:31:36Z,"0002cc01000003e9","2250c20bd8fd399a050f111434620d40290c30000000000000ffffffffffffffffffffffff",3.60,,0.32,17,20.20,25.06,100402.00,390.00,0,0,0,0,,,-1.00,-1.00,-1.00,-1.00,-1.00,-114631.30
2022-12-12T15:37:32Z,"0002cc01000003e9","2250c20d3cfd39a2050f111446620c3ff40d50000000000000ffffffffffffffffffffffff",3.60,,0.32,17,20.27,24.98,100396.00,426.00,0,0,0,0,,,-1.00,-1.00,-1.00,-1.00,-1.00,-114637.42
2022-12-12T15:43:28Z,"0002cc01000003e9","2250c20ea0fd3996050f111458620e40c20ea8000000000000ffffffffffffffffffffffff",3.60,,0.32,17,20.34,25.30,100404.00,469.00,0,0,0,0,,,-1.00,-1.00,-1.00,-1.00,-1.00,-116005.96
2022-12-12T15:49:24Z,"0002cc01000003e9","2250c21004fd39a60503111467620f40370f80000000000000ffffffffffffffffffffffff",3.60,,0.31,17,20.40,25.08,100408.00,496.00,0,0,0,0,,,-1.00,-1.00,-1.00,-1.00,-1.00,-1.00
2022-12-12T15:55:20Z,"0002cc01000003e9","2250c21168fd39a6050f111471620d40010f30000000000000ffffffffffffffffffffffff",3.60,,0.32,17,20.44,25.00,100401.00,486.00,0,0,0,0,,,-1.00,-1.00,-1.00,-1.00,-1.00,-1.00
2022-12-12T16:01:16Z,"0002cc01000003e9","2250c212ccfd39a2050f111479620e3ff40df8000000000000ffffffffffffffffffffffff",3.60,,0.32,17,20.47,24.98,100406.00,447.00,0,0,0,0,,,-1.00,-1.00,-1.00,-1.00,-1.00,-1.00
2022-12-12T16:07:12Z,"0002cc01000003e9","2250c21430fd39a6050f111483621041540e98000000000000ffffffffffffffffffffffff",3.60,,0.32,17,20.51,25.52,100415.00,467.00,0,0,0,0,,,-1.00,-1.00,-1.00,-1.00,-1.00,-114628.23
2022-12-12T16:13:09Z,"0002cc01000003e9","2250c21595fd39a6050311148b6210406e0e38000000000000ffffffffffffffffffffffff",3.60,,0.31,17,20.54,25.17,100413.00,455.00,0,0,0,0,,,-1.00,-1.00,-1.00,-1.00,-1.00,-1.00
2022-12-12T16:19:04Z,"0002cc01000003e9","2250c216f8fd39a6050f11149062103ffe0f08000000000000ffffffffffffffffffffffff",3.60,,0.32,17,20.56,25.00,100415.00,481.00,0,0,0,0,,,-1.00,-1.00,-1.00,-1.00,-1.00,-114625.17
2022-12-12T16:25:01Z,"0002cc01000003e9","2250c2185dfd39a6050f1114c162133ffe0f28000000000000ffffffffffffffffffffffff",3.60,,0.32,17,20.75,25.00,100425.00,485.00,0,0,0,0,,,-1.00,-1.00,-1.00,-1.00,-1.00,-1.00
2022-12-12T16:30:57Z,"0002cc01000003e9","2250c219c1fd39a205031114c8621540380ef8000000000000ffffffffffffffffffffffff",3.60,,0.31,17,20.78,25.09,100434.00,479.00,0,0,0,0,,,-1.00,-1.00,-1.00,-1.00,-1.00,-1.00
2022-12-12T16:36:53Z,"0002cc01000003e9","2250c21b25fd39a605031114d0621340400f08000000000000ffffffffffffffffffffffff",3.60,,0.31,17,20.81,25.10,100424.00,481.00,0,0,0,0,,,-1.00,-1.00,-1.00,-1.00,-1.00,-1.00
2022-12-12T16:42:49Z,"0002cc01000003e9","2250c21c89fd39a2050f1114d5621040470f80000000000000ffffffffffffffffffffffff",3.60,,0.32,17,20.83,25.11,100414.00,496.00,0,0,0,0,,,-1.00,-1.00,-1.00,-1.00,-1.00,-115320.73
2022-12-12T16:48:45Z,"0002cc01000003e9","2250c21dedfd3996050f1114dd6210401e0ee8000000000000ffffffffffffffffffffffff",3.60,,0.32,17,20.86,25.05,100415.00,477.00,0,0,0,0,,,-1.00,-1.00,-1.00,-1.00,-1.00,-1.00
2022-12-12T16:54:41Z,"0002cc01000003e9","2250c21f51fd39a605031114dd62103fd10e10000000000000ffffffffffffffffffffffff",3.60,,0.31,17,20.86,24.93,100414.00,450.00,0,0,0,0,,,-1.00,-1.00,-1.00,-1.00,-1.00,-1.00
2022-12-12T17:00:37Z,"0002cc01000003e9","2250c220b5fd39a205031114df620e3fb60e88000000000000ffffffffffffffffffffffff",3.60,,0.31,17,20.87,24.89,100404.00,465.00,0,0,0,0,,,-1.00,-1.00,-1.00,-1.00,-1.00,-1.00
2022-12-12T17:06:33Z,"0002cc01000003e9","2250c22219fd39a2050f1114df620b3fae0e78000000000000ffffffffffffffffffffffff",3.60,,0.32,17,20.87,24.88,100393.00,463.00,0,0,0,0,,,-1.00,-1.00,-1.00,-1.00,-1.00,-114628.23
2022-12-12T17:12:29Z,"0002cc01000003e9","2250c2237dfd39a605031114e7620b40120eb0000000000000ffffffffffffffffffffffff",3.60,,0.31,17,20.90,25.03,100392.00,470.00,0,0,0,0,,,-1.00,-1.00,-1.00,-1.00,-1.00,-1.00
2022-12-12T17:18:25Z,"0002cc01000003e9","2250c224e1fd39a205031114ec62083fd40e20000000000000ffffffffffffffffffffffff",3.60,,0.31,17,20.92,24.93,100382.00,452.00,0,0,0,0,,,-1.00,-1.00,-1.00,-1.00,-1.00,-114628.23
2022-12-12T17:24:21Z,"0002cc01000003e9","2250c22645fd39a605031114ec62063f940e78000000000000ffffffffffffffffffffffff",3.60,,0.31,17,20.92,24.84,100374.00,463.00,0,0,0,0,,,-1.00,-1.00,-1.00,-1.00,-1.00,-1.00
2022-12-12T17:30:17Z,"0002cc01000003e9","2250c227a9fd39a605031114f6620240690ea0000000000000ffffffffffffffffffffffff",3.60,,0.31,17,20.96,25.16,100358.00,468.00,0,0,0,0,,,-1.00,-1.00,-1.00,-1.00,-1.00,-114637.42
2022-12-12T17:36:13Z,"0002cc01000003e9","2250c2290dfd399e050311150861ff402c0e70000000000000ffffffffffffffffffffffff",3.60,,0.31,17,21.03,25.07,100346.00,462.00,0,0,0,0,,,-1.00,-1.00,-1.00,-1.00,-1.00,-1.00
2022-12-12T17:42:09Z,"0002cc01000003e9","2250c22a71fd39a6050311150d61fe3f990f08000000000000ffffffffffffffffffffffff",3.60,,0.31,17,21.05,24.84,100342.00,481.00,0,0,0,0,,,-1.00,-1.00,-1.00,-1.00,-1.00,-1.00
2022-12-12T17:48:05Z,"0002cc01000003e9","2250c22bd5fd3996050311150b61fb3fb50ea8000000000000ffffffffffffffffffffffff",3.60,,0.31,17,21.04,24.89,100329.00,469.00,0,0,0,0,,,-1.00,-1.00,-1.00,-1.00,-1.00,-1.00
2022-12-12T17:54:01Z,"0002cc01000003e9","2250c22d39fd399e050311150861fa3f8a0ef0000000000000ffffffffffffffffffffffff",3.60,,0.31,17,21.03,24.82,100325.00,478.00,0,0,0,0,,,-1.00,-1.00,-1.00,-1.00,-1.00,-1.00
2022-12-12T17:59:57Z,"0002cc01000003e9","2250c22e9dfd39a2050f11150b61f83fdf0f28000000000000ffffffffffffffffffffffff",3.60,,0.32,17,21.04,24.95,100316.00,485.00,0,0,0,0,,,-1.00,-1.00,-1.00,-1.00,-1.00,-1.00
2022-12-12T18:05:53Z,"0002cc01000003e9","2250c23001fd39a2050311151a61f440040e70000000000000ffffffffffffffffffffffff",3.60,,0.31,17,21.10,25.01,100303.00,462.00,0,0,0,0,,,-1.00,-1.00,-1.00,-1.00,-1.00,-1.00
2022-12-12T18:11:49Z,"0002cc01000003e9","2250c23165fd39a2050311151d61f13fc60ee0000000000000ffffffffffffffffffffffff",3.60,,0.31,17,21.11,24.91,100288.00,476.00,0,0,0,0,,,-1.00,-1.00,-1.00,-1.00,-1.00,-1.00
2022-12-12T18:17:46Z,"0002cc01000003e9","2250c232cafd39a2050311151d61ec3fa20f20000000000000ffffffffffffffffffffffff",3.60,,0.31,17,21.11,24.86,100269.00,484.00,0,0,0,0,,,-1.00,-1.00,-1.00,-1.00,-1.00,-1.00
2022-12-12T18:23:42Z,"0002cc01000003e9","2250c2342efd39a2050311151d61eb3fb70e58000000000000ffffffffffffffffffffffff",3.60,,0.31,17,21.11,24.89,100265.00,459.00,0,0,0,0,,,-1.00,-1.00,-1.00,-1.00,-1.00,-1.00
2022-12-12T18:29:38Z,"0002cc01000003e9","2250c23592fd39a6050711151a61e93fd40ea0000000000000ffffffffffffffffffffffff",3.60,,0.31,17,21.10,24.93,100259.00,468.00,0,0,0,0,,,-1.00,-1.00,-1.00,-1.00,-1.00,-1.00
2022-12-12T18:35:34Z,"0002cc01000003e9","2250c236f6fd39a2050311151d61e93ffd0eb8000000000000ffffffffffffffffffffffff",3.60,,0.31,17,21.11,25.00,100257.00,471.00,0,0,0,0,,,-1.00,-1.00,-1.00,-1.00,-1.00,-1.00
2022-12-12T18:41:30Z,"0002cc01000003e9","2250c2385afd3996050311151f61ea3ff00ff0000000000000ffffffffffffffffffffffff",3.60,,0.31,17,21.12,24.98,100263.00,510.00,0,0,0,0,,,-1.00,-1.00,-1.00,-1.00,-1.00,-1.00
2022-12-12T18:47:26Z,"0002cc01000003e9","2250c239befd39a2050f11151f61e5400d0ec0000000000000ffffffffffffffffffffffff",3.60,,0.32,17,21.12,25.02,100240.00,472.00,0,0,0,0,,,-1.00,-1.00,-1.00,-1.00,-1.00,-1.00
2022-12-12T18:53:22Z,"0002cc01000003e9","2250c23b22fd39a2050311152461e440060f18000000000000ffffffffffffffffffffffff",3.60,,0.31,17,21.14,25.01,100236.00,483.00,0,0,0,0,,,-1.00,-1.00,-1.00,-1.00,-1.00,-1.00
2022-12-12T18:59:18Z,"0002cc01000003e9","2250c23c86fd3996050311152761e13fe30f78000000000000ffffffffffffffffffffffff",3.60,,0.31,17,21.15,24.96,100224.00,495.00,0,0,0,0,,,-1.00,-1.00,-1.00,-1.00,-1.00,-1.00
2022-12-12T19:05:14Z,"0002cc01000003e9","2250c23deafd39a2050311152761de3fdc0ea8000000000000ffffffffffffffffffffffff",3.60,,0.31,17,21.15,24.95,100214.00,469.00,0,0,0,0,,,-1.00,-1.00,-1.00,-1.00,-1.00,-1.00
2022-12-12T19:11:10Z,"0002cc01000003e9","2250c23f4efd39a6050311152c61da3fdd0ef8000000000000ffffffffffffffffffffffff",3.60,,0.31,17,21.17,24.95,100197.00,479.00,0,0,0,0,,,-1.00,-1.00,-1.00,-1.00,-1.00,-1.00
2022-12-12T19:17:06Z,"0002cc01000003e9","2250c240b2fd39a2050711152761d73fd50eb8000000000000ffffffffffffffffffffffff",3.60,,0.31,17,21.15,24.93,100186.00,471.00,0,0,0,0,,,-1.00,-1.00,-1.00,-1.00,-1.00,-1.00
2022-12-12T19:23:02Z,"0002cc01000003e9","2250c24216fd3996050311152961d23ff10e60000000000000ffffffffffffffffffffffff",3.60,,0.31,17,21.16,24.98,100164.00,460.00,0,0,0,0,,,-1.00,-1.00,-1.00,-1.00,-1.00,-1.00
2022-12-12T19:28:58Z,"0002cc01000003e9","2250c2437afd39a2050311152c61d2401c0f38000000000000ffffffffffffffffffffffff",3.60,,0.31,17,21.17,25.04,100166.00,487.00,0,0,0,0,,,-1.00,-1.00,-1.00,-1.00,-1.00,-1.00
2022-12-12T19:34:54Z,"0002cc01000003e9","2250c244defd399e050311152f61d640380ef8000000000000ffffffffffffffffffffffff",3.60,,0.31,17,21.18,25.09,100181.00,479.00,0,0,0,0,,,-1.00,-1.00,-1.00,-1.00,-1.00,-1.00
2022-12-12T19:40:51Z,"0002cc01000003e9","2250c24643fd3996050311154161d540570f30000000000000ffffffffffffffffffffffff",3.60,,0.31,17,21.25,25.13,100179.00,486.00,0,0,0,0,,,-1.00,-1.00,-1.00,-1.00,-1.00,-1.00
2022-12-12T19:46:47Z,"0002cc01000003e9","2250c247a7fd39a2050311154861d1403c0e48000000000000ffffffffffffffffffffffff",3.60,,0.31,17,21.28,25.09,100163.00,457.00,0,0,0,0,,,-1.00,-1.00,-1.00,-1.00,-1.00,-114631.29
2022-12-12T19:52:43Z,"0002cc01000003e9","2250c2490bfd39a2050311154d61d03fe10f08000000000000ffffffffffffffffffffffff",3.60,,0.31,17,21.30,24.95,100156.00,481.00,0,0,0,0,,,-1.00,-1.00,-1.00,-1.00,-1.00,-1.00
2022-12-12T19:58:39Z,"0002cc01000003e9","2250c24a6ffd3996050311154661cd3faf0ea8000000000000ffffffffffffffffffffffff",3.60,,0.31,17,21.27,24.88,100147.00,469.00,0,0,0,0,,,-1.00,-1.00,-1.00,-1.00,-1.00,-114628.23
2022-12-12T20:04:35Z,"0002cc01000003e9","2250c24bd3fd39a2050f11154661cb3fee0f08000000000000ffffffffffffffffffffffff",3.60,,0.32,17,21.27,24.97,100137.00,481.00,0,0,0,0,,,-1.00,-1.00,-1.00,-1.00,-1.00,-1.00
2022-12-12T20:10:31Z,"0002cc01000003e9","2250c24d37fd39a2050f11155261ca400d0f80000000000000ffffffffffffffffffffffff",3.60,,0.32,17,21.32,25.02,100133.00,496.00,0,0,0,0,,,-1.00,-1.00,-1.00,-1.00,-1.00,-1.00
2022-12-12T20:16:27Z,"0002cc01000003e9","2250c24e9bfd39a2050311155861cc3fdc0f70000000000000ffffffffffffffffffffffff",3.60,,0.31,17,21.34,24.95,100140.00,494.00,0,0,0,0,,,-1.00,-1.00,-1.00,-1.00,-1.00,-1.00
2022-12-12T20:22:23Z,"0002cc01000003e9","2250c24ffffd39a2050311155861cc3fdc0ea0000000000000ffffffffffffffffffffffff",3.60,,0.31,17,21.34,24.95,100140.00,468.00,0,0,0,0,,,-1.00,-1.00,-1.00,-1.00,-1.00,-1.00
2022-12-12T20:28:19Z,"0002cc01000003e9","2250c25163fd39a2050f11155d61ce3fc70f18000000000000ffffffffffffffffffffffff",3.60,,0.32,17,21.36,24.91,100150.00,483.00,0,0,0,0,,,-1.00,-1.00,-1.00,-1.00,-1.00,-1.00
2022-12-12T20:34:15Z,"0002cc01000003e9","2250c252c7fd39a204fa11156461d23fb40f70000000000000ffffffffffffffffffffffff",3.60,,0.31,17,21.39,24.88,100167.00,494.00,0,0,0,0,,,-1.00,-1.00,-1.00,-1.00,-1.00,-1.00
2022-12-12T20:40:11Z,"0002cc01000003e9","2250c2542bfd39a2050311156c61d03f920f20000000000000ffffffffffffffffffffffff",3.60,,0.31,17,21.42,24.83,100156.00,484.00,0,0,0,0,,,-1.00,-1.00,-1.00,-1.00,-1.00,-1.00
2022-12-12T20:46:07Z,"0002cc01000003e9","2250c2558ffd39a2050311156961cc3f441800000000000000ffffffffffffffffffffffff",3.60,,0.31,17,21.41,24.71,100142.00,512.00,0,0,0,0,,,-1.00,-1.00,-1.00,-1.00,-1.00,-1.00
2022-12-12T20:52:03Z,"0002cc01000003e9","2250c256f3fd39a2050311156461cb3f0b0e80000000000000ffffffffffffffffffffffff",3.60,,0.31,17,21.39,24.63,100139.00,464.00,0,0,0,0,,,-1.00,-1.00,-1.00,-1.00,-1.00,-1.00
2022-12-12T20:57:59Z,"0002cc01000003e9","2250c25857fd39a204fa11155d61cc3efc0f40000000000000ffffffffffffffffffffffff",3.60,,0.31,17,21.36,24.60,100142.00,488.00,0,0,0,0,,,-1.00,-1.00,-1.00,-1.00,-1.00,-1.00
2022-12-12T21:03:55Z,"0002cc01000003e9","2250c259bbfd398e050311155a61cb3f100f10000000000000ffffffffffffffffffffffff",3.60,,0.31,17,21.35,24.63,100137.00,482.00,0,0,0,0,,,-1.00,-1.00,-1.00,-1.00,-1.00,-1.00
2022-12-12T21:09:51Z,"0002cc01000003e9","2250c25b1ffd39a2050f11155861c93f2c0f28000000000000ffffffffffffffffffffffff",3.60,,0.32,17,21.34,24.68,100130.00,485.00,0,0,0,0,,,-1.00,-1.00,-1.00,-1.00,-1.00,-1.00
2022-12-12T21:15:47Z,"0002cc01000003e9","2250c25c83fd39a2050311155561ca3f090e68000000000000ffffffffffffffffffffffff",3.60,,0.31,17,21.33,24.62,100135.00,461.00,0,0,0,0,,,-1.00,-1.00,-1.00,-1.00,-1.00,-1.00
2022-12-12T21:21:43Z,"0002cc01000003e9","2250c25de7fd39a2050311155061ca3f010ec0000000000000ffffffffffffffffffffffff",3.60,,0.31,17,21.31,24.61,100132.00,472.00,0,0,0,0,,,-1.00,-1.00,-1.00,-1.00,-1.00,-1.00
2022-12-12T21:27:39Z,"0002cc01000003e9","2250c25f4bfd39a2050311155061ca3efa0f38000000000000ffffffffffffffffffffffff",3.60,,0.31,17,21.31,24.60,100132.00,487.00,0,0,0,0,,,-1.00,-1.00,-1.00,-1.00,-1.00,-1.00
2022-12-12T21:33:35Z,"0002cc01000003e9","2250c260affd39a2050311155061c73f010e60000000000000ffffffffffffffffffffffff",3.60,,0.31,17,21.31,24.61,100121.00,460.00,0,0,0,0,,,-1.00,-1.00,-1.00,-1.00,-1.00,-1.00
2022-12-12T21:39:31Z,"0002cc01000003e9","2250c26213fd39a2050311155261c73f080f90000000000000ffffffffffffffffffffffff",3.60,,0.31,17,21.32,24.62,100121.00,498.00,0,0,0,0,,,-1.00,-1.00,-1.00,-1.00,-1.00,-1.00
2022-12-12T21:45:27Z,"0002cc01000003e9","2250c26377fd3996050311155061c53f080ea8000000000000ffffffffffffffffffffffff",3.60,,0.31,17,21.31,24.62,100115.00,469.00,0,0,0,0,,,-1.00,-1.00,-1.00,-1.00,-1.00,-1.00
2022-12-12T21:51:24Z,"0002cc01000003e9","2250c264dcfd39a2050311154b61c63f150ea8000000000000ffffffffffffffffffffffff",3.60,,0.31,17,21.29,24.64,100117.00,469.00,0,0,0,0,,,-1.00,-1.00,-1.00,-1.00,-1.00,-1.00
2022-12-12T21:57:20Z,"0002cc01000003e9","2250c26640fd3992050311154861c53f2a0ef0000000000000ffffffffffffffffffffffff",3.60,,0.31,17,21.28,24.67,100114.00,478.00,0,0,0,0,,,-1.00,-1.00,-1.00,-1.00,-1.00,-1.00
2022-12-12T22:03:16Z,"0002cc01000003e9","2250c267a4fd39a2050311154861c33f3f0eb8000000000000ffffffffffffffffffffffff",3.60,,0.31,17,21.28,24.71,100106.00,471.00,0,0,0,0,,,-1.00,-1.00,-1.00,-1.00,-1.00,-1.00
2022-12-12T22:09:12Z,"0002cc01000003e9","2250c26908fd39a2050311154d61c43f700e10000000000000ffffffffffffffffffffffff",3.60,,0.31,17,21.30,24.78,100108.00,450.00,0,0,0,0,,,-1.00,-1.00,-1.00,-1.00,-1.00,-1.00
2022-12-12T22:15:08Z,"0002cc01000003e9","2250c26a6cfd39a2050711154d61c33f9b0e88000000000000ffffffffffffffffffffffff",3.60,,0.31,17,21.30,24.85,100104.00,465.00,0,0,0,0,,,-1.00,-1.00,-1.00,-1.00,-1.00,-1.00
2022-12-12T22:21:04Z,"0002cc01000003e9","2250c26bd0fd39a2050311155261c53fa30fd8000000000000ffffffffffffffffffffffff",3.60,,0.31,17,21.32,24.86,100113.00,507.00,0,0,0,0,,,-1.00,-1.00,-1.00,-1.00,-1.00,-1.00
2022-12-12T22:27:00Z,"0002cc01000003e9","2250c26d34fd3996050311155861c540c40ee0000000000000ffffffffffffffffffffffff",3.60,,0.31,17,21.34,25.30,100113.00,476.00,0,0,0,0,,,-1.00,-1.00,-1.00,-1.00,-1.00,-1.00
2022-12-12T22:32:56Z,"0002cc01000003e9","2250c26e98fd39a2050311156c61c4419a0ef8000000000000ffffffffffffffffffffffff",3.60,,0.31,17,21.42,25.63,100108.00,479.00,0,0,0,0,,,-1.00,-1.00,-1.00,-1.00,-1.00,-1.00
2022-12-12T22:38:52Z,"0002cc01000003e9","2250c26ffcfd399a050f11158661c540ee0ef8000000000000ffffffffffffffffffffffff",3.60,,0.32,17,21.52,25.36,100112.00,479.00,0,0,0,0,,,-1.00,-1.00,-1.00,-1.00,-1.00,-1.00
2022-12-12T22:44:48Z,"0002cc01000003e9","2250c27160fd39a204fa11159261c4406a0e90000000000000ffffffffffffffffffffffff",3.60,,0.31,17,21.57,25.16,100111.00,466.00,0,0,0,0,,,-1.00,-1.00,-1.00,-1.00,-1.00,-1.00
2022-12-12T22:50:44Z,"0002cc01000003e9","2250c272c4fd3996050311159861c440b10eb8000000000000ffffffffffffffffffffffff",3.60,,0.31,17,21.59,25.27,100109.00,471.00,0,0,0,0,,,-1.00,-1.00,-1.00,-1.00,-1.00,-1.00
2022-12-12T22:56:40Z,"0002cc01000003e9","2250c27428fd399e050311159a61c140870eb0000000000000ffffffffffffffffffffffff",3.60,,0.31,17,21.60,25.21,100097.00,470.00,0,0,0,0,,,-1.00,-1.00,-1.00,-1.00,-1.00,-1.00
2022-12-12T23:02:36Z,"0002cc01000003e9","2250c2758cfd3992050311159d61c0403a0ee0000000000000ffffffffffffffffffffffff",3.60,,0.31,17,21.61,25.09,100095.00,476.00,0,0,0,0,,,-1.00,-1.00,-1.00,-1.00,-1.00,-1.00
2022-12-12T23:08:32Z,"0002cc01000003e9","2250c276f0fd399a05031115a261c0406d0e08000000000000ffffffffffffffffffffffff",3.60,,0.31,17,21.63,25.17,100095.00,449.00,0,0,0,0,,,-1.00,-1.00,-1.00,-1.00,-1.00,-1.00
2022-12-12T23:14:28Z,"0002cc01000003e9","2250c27854fd39a205071115a961c140660f58000000000000ffffffffffffffffffffffff",3.60,,0.31,17,21.66,25.16,100096.00,491.00,0,0,0,0,,,-1.00,-1.00,-1.00,-1.00,-1.00,-1.00
2022-12-12T23:20:24Z,"0002cc01000003e9","2250c279b8fd399a05071115b161c1407d0e48000000000000ffffffffffffffffffffffff",3.60,,0.31,17,21.69,25.19,100099.00,457.00,0,0,0,0,,,-1.00,-1.00,-1.00,-1.00,-1.00,-1.00
2022-12-12T23:26:20Z,"0002cc01000003e9","2250c27b1cfd399a04fa1115b961c0404d0e30000000000000ffffffffffffffffffffffff",3.60,,0.31,17,21.72,25.12,100094.00,454.00,0,0,0,0,,,-1.00,-1.00,-1.00,-1.00,-1.00,-1.00
2022-12-12T23:32:16Z,"0002cc01000003e9","2250c27c80fd399a05071115c361bd40400e30000000000000ffffffffffffffffffffffff",3.60,,0.31,17,21.76,25.10,100080.00,454.00,0,0,0,0,,,-1.00,-1.00,-1.00,-1.00,-1.00,-1.00
2022-12-12T23:38:12Z,"0002cc01000003e9","2250c27de4fd399a05031115c161be400e0ee0000000000000ffffffffffffffffffffffff",3.60,,0.31,17,21.75,25.02,100084.00,476.00,0,0,0,0,,,-1.00,-1.00,-1.00,-1.00,-1.00,-1.00
2022-12-12T23:44:08Z,"0002cc01000003e9","2250c27f48fd399205031115b961be3fd40ee8000000000000ffffffffffffffffffffffff",3.60,,0.31,17,21.72,24.93,100087.00,477.00,0,0,0,0,,,-1.00,-1.00,-1.00,-1.00,-1.00,-1.00
2022-12-12T23:50:04Z,"0002cc01000003e9","2250c280acfd399205031115b461bf3fc60ec0000000000000ffffffffffffffffffffffff",3.60,,0.31,17,21.70,24.91,100089.00,472.00,0,0,0,0,,,-1.00,-1.00,-1.00,-1.00,-1.00,-1.00
2022-12-12T23:56:00Z,"0002cc01000003e9","2250c28210fd399a05031115b161bf3fcd0e00000000000000ffffffffffffffffffffffff",3.60,,0.31,17,21.69,24.92,100089.00,448.00,0,0,0,0,,,-1.00,-1.00,-1.00,-1.00,-1.00,-1.00
