Time,DevEUI,Raw,Vbat,Vsystem,Vbus,BootCount,T,RH,P,Light,P[0].delta,P[0].total,P[1].delta,P[1].total,Act[7],Act[6],Act[5],Act[4],Act[3],Act[2],Act[1],Act[0]
2022-12-09T00:05:51Z,"0002cc01000003e9","2250bd3e5ffd39ec050f1114bb61dc61a2f000000000000000ffffffffffffffffffffffff",3.62,,0.32,17,20.73,38.14,100206.00,0.00,0,0,0,0,,,-1.00,-1.00,-1.00,-1.00,-1.00,-1.00
2022-12-09T00:11:47Z,"0002cc01000003e9","2250bd3fc3fd39f8050f1114bb61e061b70800000000000000ffffffffffffffffffffffff",3.62,,0.32,17,20.73,38.17,100221.00,4.00,0,0,0,0,,,-1.00,-1.00,-1.00,-1.00,-1.00,-116005.98
2022-12-09T00:17:43Z,"0002cc01000003e9","2250bd4127fd39f805171114bb61de61b7f000000000000000ffffffffffffffffffffffff",3.62,,0.32,17,20.73,38.17,100214.00,0.00,0,0,0,0,,,-1.00,-1.00,-1.00,-1.00,-1.00,-114625.17
2022-12-09T00:23:39Z,"0002cc01000003e9","2250bd428bfd39f8051f1114bb61dc61c40800000000000000ffffffffffffffffffffffff",3.62,,0.32,17,20.73,38.19,100206.00,1.00,0,0,0,0,,,-1.00,-1.00,-1.00,-1.00,-1.00,-1.00
2022-12-09T00:29:35Z,"0002cc01000003e9","2250bd43effd39f8051f1114b961dd61d20800000000000000ffffffffffffffffffffffff",3.62,,0.32,17,20.72,38.21,100211.00,2.00,0,0,0,0,,,-1.00,-1.00,-1.00,-1.00,-1.00,-1.00
2022-12-09T00:35:31Z,"0002cc01000003e9","2250bd4553fd39f805171114bb61db61e80800000000000000ffffffffffffffffffffffff",3.62,,0.32,17,20.73,38.25,100203.00,4.00,0,0,0,0,,,-1.00,-1.00,-1.00,-1.00,-1.00,-1.00
2022-12-09T00:41:27Z,"0002cc01000003e9","2250bd46b7fd39ec050f1114bb61dd61fc0c00000000000000ffffffffffffffffffffffff",3.62,,0.32,17,20.73,38.28,100208.00,12.00,0,0,0,0,,,-1.00,-1.00,-1.00,-1.00,-1.00,-114637.44
2022-12-09T00:47:23Z,"0002cc01000003e9","2250bd481bfd39f8050f1114b961db61fc0d00000000000000ffffffffffffffffffffffff",3.62,,0.32,17,20.72,38.28,100200.00,13.00,0,0,0,0,,,-1.00,-1.00,-1.00,-1.00,-1.00,-1.00
2022-12-09T00:53:19Z,"0002cc01000003e9","2250bd497ffd39ec050f1114bb61db62200cb8000000000000ffffffffffffffffffffffff",3.62,,0.32,17,20.73,38.33,100203.00,407.00,0,0,0,0,,,-1.00,-1.00,-1.00,-1.00,-1.00,-1.00
2022-12-09T00:59:15Z,"0002cc01000003e9","2250bd4ae3fd39f8051f1114c661da620d0800000000000000ffffffffffffffffffffffff",3.62,,0.32,17,20.77,38.30,100197.00,2.00,0,0,0,0,,,-1.00,-1.00,-1.00,-1.00,-1.00,-1.00
2022-12-09T01:05:11Z,"0002cc01000003e9","2250bd4c47fd39ec050f1114c861db61f80800000000000000ffffffffffffffffffffffff",3.62,,0.32,17,20.78,38.27,100202.00,1.00,0,0,0,0,,,-1.00,-1.00,-1.00,-1.00,-1.00,-114628.24
2022-12-09T01:11:07Z,"0002cc01000003e9","2250bd4dabfd39f8050f1114c661de61f1f000000000000000ffffffffffffffffffffffff",3.62,,0.32,17,20.77,38.26,100213.00,0.00,0,0,0,0,,,-1.00,-1.00,-1.00,-1.00,-1.00,-1.00
2022-12-09T01:17:03Z,"0002cc01000003e9","2250bd4f0ffd39ec050f1114c161da61f70e00000000000000ffffffffffffffffffffffff",3.62,,0.32,17,20.75,38.27,100198.00,14.00,0,0,0,0,,,-1.00,-1.00,-1.00,-1.00,-1.00,-1.00
2022-12-09T01:22:59Z,"0002cc01000003e9","2250bd5073fd39f4050f1114be61dd6219f000000000000000ffffffffffffffffffffffff",3.62,,0.32,17,20.74,38.32,100210.00,0.00,0,0,0,0,,,-1.00,-1.00,-1.00,-1.00,-1.00,-1.00
2022-12-09T01:28:55Z,"0002cc01000003e9","2250bd51d7fd39f4050f1114bb61dc623cf000000000000000ffffffffffffffffffffffff",3.62,,0.32,17,20.73,38.37,100205.00,0.00,0,0,0,0,,,-1.00,-1.00,-1.00,-1.00,-1.00,-1.00
2022-12-09T01:34:51Z,"0002cc01000003e9","2250bd533bfd39f805171114b961d762340c00000000000000ffffffffffffffffffffffff",3.62,,0.32,17,20.72,38.36,100185.00,6.00,0,0,0,0,,,-1.00,-1.00,-1.00,-1.00,-1.00,-114631.29
2022-12-09T01:40:47Z,"0002cc01000003e9","2250bd549ffd39f8050f1114b961d762490c80000000000000ffffffffffffffffffffffff",3.62,,0.32,17,20.72,38.39,100185.00,25.00,0,0,0,0,,,-1.00,-1.00,-1.00,-1.00,-1.00,-1.00
2022-12-09T01:46:43Z,"0002cc01000003e9","2250bd5603fd39f805171114b661d66241f000000000000000ffffffffffffffffffffffff",3.62,,0.32,17,20.71,38.38,100181.00,0.00,0,0,0,0,,,-1.00,-1.00,-1.00,-1.00,-1.00,-1.00
2022-12-09T01:52:39Z,"0002cc01000003e9","2250bd5767fd39f805171114bb61d4622ef000000000000000ffffffffffffffffffffffff",3.62,,0.32,17,20.73,38.35,100172.00,0.00,0,0,0,0,,,-1.00,-1.00,-1.00,-1.00,-1.00,-1.00
2022-12-09T01:58:35Z,"0002cc01000003e9","2250bd58cbfd39f0050f1114bb61d362350c00000000000000ffffffffffffffffffffffff",3.62,,0.32,17,20.73,38.36,100169.00,6.00,0,0,0,0,,,-1.00,-1.00,-1.00,-1.00,-1.00,-1.00
2022-12-09T02:04:31Z,"0002cc01000003e9","2250bd5a2ffd39e8050f1114be61d262430880000000000000ffffffffffffffffffffffff",3.62,,0.32,17,20.74,38.38,100167.00,17.00,0,0,0,0,,,-1.00,-1.00,-1.00,-1.00,-1.00,-1.00
2022-12-09T02:10:28Z,"0002cc01000003e9","2250bd5b94fd39f8050f1114bb61d562580800000000000000ffffffffffffffffffffffff",3.62,,0.32,17,20.73,38.42,100177.00,1.00,0,0,0,0,,,-1.00,-1.00,-1.00,-1.00,-1.00,-1.00
2022-12-09T02:16:24Z,"0002cc01000003e9","2250bd5cf8fd39f805171114be61d4625e0880000000000000ffffffffffffffffffffffff",3.62,,0.32,17,20.74,38.43,100172.00,17.00,0,0,0,0,,,-1.00,-1.00,-1.00,-1.00,-1.00,-1.00
2022-12-09T02:22:19Z,"0002cc01000003e9","2250bd5e5bfd39f8050f1114bb61d0625e0c00000000000000ffffffffffffffffffffffff",3.62,,0.32,17,20.73,38.43,100156.00,3.00,0,0,0,0,,,-1.00,-1.00,-1.00,-1.00,-1.00,-1.00
2022-12-09T02:28:16Z,"0002cc01000003e9","2250bd5fc0fd39ec05171114be61ce62890800000000000000ffffffffffffffffffffffff",3.62,,0.32,17,20.74,38.49,100151.00,4.00,0,0,0,0,,,-1.00,-1.00,-1.00,-1.00,-1.00,-1.00
2022-12-09T02:34:12Z,"0002cc01000003e9","2250bd6124fd39ec050f1114bb61d1629e0800000000000000ffffffffffffffffffffffff",3.62,,0.32,17,20.73,38.52,100163.00,16.00,0,0,0,0,,,-1.00,-1.00,-1.00,-1.00,-1.00,-1.00
2022-12-09T02:40:08Z,"0002cc01000003e9","2250bd6288fd39ec05171114b961d062ab0d00000000000000ffffffffffffffffffffffff",3.62,,0.32,17,20.72,38.54,100159.00,26.00,0,0,0,0,,,-1.00,-1.00,-1.00,-1.00,-1.00,-1.00
2022-12-09T02:46:04Z,"0002cc01000003e9","2250bd63ecfd39f8050f1114b661d062e90c00000000000000ffffffffffffffffffffffff",3.62,,0.32,17,20.71,38.64,100157.00,6.00,0,0,0,0,,,-1.00,-1.00,-1.00,-1.00,-1.00,-1.00
2022-12-09T02:52:00Z,"0002cc01000003e9","2250bd6550fd39f8050f1114b461cc63050900000000000000ffffffffffffffffffffffff",3.62,,0.32,17,20.70,38.68,100141.00,9.00,0,0,0,0,,,-1.00,-1.00,-1.00,-1.00,-1.00,-1.00
2022-12-09T02:57:56Z,"0002cc01000003e9","2250bd66b4fd39ec05171114b461ce62fd0e00000000000000ffffffffffffffffffffffff",3.62,,0.32,17,20.70,38.67,100148.00,14.00,0,0,0,0,,,-1.00,-1.00,-1.00,-1.00,-1.00,-1.00
2022-12-09T03:03:52Z,"0002cc01000003e9","2250bd6818fd39f8050f1114b461cf62ef0900000000000000ffffffffffffffffffffffff",3.62,,0.32,17,20.70,38.65,100153.00,18.00,0,0,0,0,,,-1.00,-1.00,-1.00,-1.00,-1.00,-1.00
2022-12-09T03:09:48Z,"0002cc01000003e9","2250bd697cfd39ec05171114b461ce62f00c80000000000000ffffffffffffffffffffffff",3.62,,0.32,17,20.70,38.65,100148.00,25.00,0,0,0,0,,,-1.00,-1.00,-1.00,-1.00,-1.00,-1.00
2022-12-09T03:15:44Z,"0002cc01000003e9","2250bd6ae0fd39e4050f1114b461cc62eff000000000000000ffffffffffffffffffffffff",3.62,,0.32,17,20.70,38.65,100143.00,0.00,0,0,0,0,,,-1.00,-1.00,-1.00,-1.00,-1.00,-1.00
2022-12-09T03:21:40Z,"0002cc01000003e9","2250bd6c44fd39f8050f1114b461cc63040a00000000000000ffffffffffffffffffffffff",3.62,,0.32,17,20.70,38.68,100141.00,10.00,0,0,0,0,,,-1.00,-1.00,-1.00,-1.00,-1.00,-1.00
2022-12-09T03:27:36Z,"0002cc01000003e9","2250bd6da8fd39ec050f1114b161ca63190800000000000000ffffffffffffffffffffffff",3.62,,0.32,17,20.69,38.71,100134.00,2.00,0,0,0,0,,,-1.00,-1.00,-1.00,-1.00,-1.00,-1.00
2022-12-09T03:33:32Z,"0002cc01000003e9","2250bd6f0cfd39ec050f1114af61c863260800000000000000ffffffffffffffffffffffff",3.62,,0.32,17,20.68,38.73,100126.00,1.00,0,0,0,0,,,-1.00,-1.00,-1.00,-1.00,-1.00,-114631.30
2022-12-09T03:39:28Z,"0002cc01000003e9","2250bd7070fd39f805171114b161c863350800000000000000ffffffffffffffffffffffff",3.62,,0.32,17,20.69,38.75,100124.00,16.00,0,0,0,0,,,-1.00,-1.00,-1.00,-1.00,-1.00,-1.00
2022-12-09T03:45:24Z,"0002cc01000003e9","2250bd71d4fd39ec050f1114af61c763570a00000000000000ffffffffffffffffffffffff",3.62,,0.32,17,20.68,38.81,100122.00,10.00,0,0,0,0,,,-1.00,-1.00,-1.00,-1.00,-1.00,-1.00
2022-12-09T03:51:20Z,"0002cc01000003e9","2250bd7338fd39f005171114ac61c6636bf000000000000000ffffffffffffffffffffffff",3.62,,0.32,17,20.67,38.84,100118.00,0.00,0,0,0,0,,,-1.00,-1.00,-1.00,-1.00,-1.00,-1.00
2022-12-09T03:57:16Z,"0002cc01000003e9","2250bd749cfd39ec050f1114a961c563a3f000000000000000ffffffffffffffffffffffff",3.62,,0.32,17,20.66,38.92,100113.00,0.00,0,0,0,0,,,-1.00,-1.00,-1.00,-1.00,-1.00,-1.00
2022-12-09T04:03:12Z,"0002cc01000003e9","2250bd7600fd39ec050f1114a961c563ccf000000000000000ffffffffffffffffffffffff",3.62,,0.32,17,20.66,38.98,100115.00,0.00,0,0,0,0,,,-1.00,-1.00,-1.00,-1.00,-1.00,-1.00
2022-12-09T04:09:08Z,"0002cc01000003e9","2250bd7764fd39f805171114a761c563ef0800000000000000ffffffffffffffffffffffff",3.62,,0.32,17,20.65,39.04,100113.00,8.00,0,0,0,0,,,-1.00,-1.00,-1.00,-1.00,-1.00,-1.00
2022-12-09T04:15:04Z,"0002cc01000003e9","2250bd78c8fd39f0050f1114a461c3640af000000000000000ffffffffffffffffffffffff",3.62,,0.32,17,20.64,39.08,100106.00,0.00,0,0,0,0,,,-1.00,-1.00,-1.00,-1.00,-1.00,-1.00
2022-12-09T04:21:00Z,"0002cc01000003e9","2250bd7a2cfd39f8050f1114a261c26426f000000000000000ffffffffffffffffffffffff",3.62,,0.32,17,20.63,39.12,100101.00,0.00,0,0,0,0,,,-1.00,-1.00,-1.00,-1.00,-1.00,-1.00
2022-12-09T04:26:56Z,"0002cc01000003e9","2250bd7b90fd39f005171114a261c164420800000000000000ffffffffffffffffffffffff",3.62,,0.32,17,20.63,39.16,100097.00,4.00,0,0,0,0,,,-1.00,-1.00,-1.00,-1.00,-1.00,-1.00
2022-12-09T04:32:52Z,"0002cc01000003e9","2250bd7cf4fd39f0050f1114a261bd64570800000000000000ffffffffffffffffffffffff",3.62,,0.32,17,20.63,39.20,100081.00,8.00,0,0,0,0,,,-1.00,-1.00,-1.00,-1.00,-1.00,-1.00
2022-12-09T04:38:48Z,"0002cc01000003e9","2250bd7e58fd39ec05171114a261bd64570a00000000000000ffffffffffffffffffffffff",3.62,,0.32,17,20.63,39.20,100080.00,10.00,0,0,0,0,,,-1.00,-1.00,-1.00,-1.00,-1.00,-1.00
2022-12-09T04:44:45Z,"0002cc01000003e9","2250bd7fbdfd39ec050f1114a261bf64570a00000000000000ffffffffffffffffffffffff",3.62,,0.32,17,20.63,39.20,100089.00,5.00,0,0,0,0,,,-1.00,-1.00,-1.00,-1.00,-1.00,-1.00
2022-12-09T04:50:41Z,"0002cc01000003e9","2250bd8121fd39ec051711149f61bb64570a00000000000000ffffffffffffffffffffffff",3.62,,0.32,17,20.62,39.20,100073.00,10.00,0,0,0,0,,,-1.00,-1.00,-1.00,-1.00,-1.00,-1.00
2022-12-09T04:56:37Z,"0002cc01000003e9","2250bd8285fd39f0050f11149f61bb646b0a00000000000000ffffffffffffffffffffffff",3.62,,0.32,17,20.62,39.23,100072.00,10.00,0,0,0,0,,,-1.00,-1.00,-1.00,-1.00,-1.00,-1.00
2022-12-09T05:02:33Z,"0002cc01000003e9","2250bd83e9fd39e8050f11149d61ba64870f00000000000000ffffffffffffffffffffffff",3.62,,0.32,17,20.61,39.27,100069.00,15.00,0,0,0,0,,,-1.00,-1.00,-1.00,-1.00,-1.00,-1.00
2022-12-09T05:08:29Z,"0002cc01000003e9","2250bd854dfd39f0050f11149a61b964940980000000000000ffffffffffffffffffffffff",3.62,,0.32,17,20.60,39.29,100067.00,19.00,0,0,0,0,,,-1.00,-1.00,-1.00,-1.00,-1.00,-1.00
2022-12-09T05:14:25Z,"0002cc01000003e9","2250bd86b1fd39f0050f11149861b864930d00000000000000ffffffffffffffffffffffff",3.62,,0.32,17,20.59,39.29,100060.00,13.00,0,0,0,0,,,-1.00,-1.00,-1.00,-1.00,-1.00,-1.00
2022-12-09T05:20:21Z,"0002cc01000003e9","2250bd8815fd39f8051711149861b464b00c00000000000000ffffffffffffffffffffffff",3.62,,0.32,17,20.59,39.33,100047.00,3.00,0,0,0,0,,,-1.00,-1.00,-1.00,-1.00,-1.00,-1.00
2022-12-09T05:26:17Z,"0002cc01000003e9","2250bd8979fd39f0050f11149a61b5649c0c00000000000000ffffffffffffffffffffffff",3.62,,0.32,17,20.60,39.30,100051.00,6.00,0,0,0,0,,,-1.00,-1.00,-1.00,-1.00,-1.00,-1.00
2022-12-09T05:32:13Z,"0002cc01000003e9","2250bd8addfd39e8051711149d61b6649cf000000000000000ffffffffffffffffffffffff",3.62,,0.32,17,20.61,39.30,100053.00,0.00,0,0,0,0,,,-1.00,-1.00,-1.00,-1.00,-1.00,-1.00
2022-12-09T05:38:09Z,"0002cc01000003e9","2250bd8c41fd39e8051711149a61b564a9f000000000000000ffffffffffffffffffffffff",3.62,,0.32,17,20.60,39.32,100051.00,0.00,0,0,0,0,,,-1.00,-1.00,-1.00,-1.00,-1.00,-1.00
2022-12-09T05:44:05Z,"0002cc01000003e9","2250bd8da5fd39ec050f11149861b364d3f000000000000000ffffffffffffffffffffffff",3.62,,0.32,17,20.59,39.38,100042.00,0.00,0,0,0,0,,,-1.00,-1.00,-1.00,-1.00,-1.00,-1.00
2022-12-09T05:50:01Z,"0002cc01000003e9","2250bd8f09fd39f0050f11149561b064e0f000000000000000ffffffffffffffffffffffff",3.62,,0.32,17,20.58,39.41,100031.00,0.00,0,0,0,0,,,-1.00,-1.00,-1.00,-1.00,-1.00,-1.00
2022-12-09T05:55:57Z,"0002cc01000003e9","2250bd906dfd39ec051711149561ad64f50a00000000000000ffffffffffffffffffffffff",3.62,,0.32,17,20.58,39.44,100016.00,10.00,0,0,0,0,,,-1.00,-1.00,-1.00,-1.00,-1.00,-1.00
2022-12-09T06:01:53Z,"0002cc01000003e9","2250bd91d1fd39f8051711149561aa6503f000000000000000ffffffffffffffffffffffff",3.62,,0.32,17,20.58,39.46,100006.00,0.00,0,0,0,0,,,-1.00,-1.00,-1.00,-1.00,-1.00,-1.00
2022-12-09T06:07:49Z,"0002cc01000003e9","2250bd9335fd39f0051711149561a9650af000000000000000ffffffffffffffffffffffff",3.62,,0.32,17,20.58,39.47,100002.00,0.00,0,0,0,0,,,-1.00,-1.00,-1.00,-1.00,-1.00,-1.00
2022-12-09T06:13:45Z,"0002cc01000003e9","2250bd9499fd39e8051711149561a965330e00000000000000ffffffffffffffffffffffff",3.62,,0.32,17,20.58,39.53,100001.00,7.00,0,0,0,0,,,-1.00,-1.00,-1.00,-1.00,-1.00,-1.00
2022-12-09T06:19:41Z,"0002cc01000003e9","2250bd95fdfd39f0051711149261a665480a00000000000000ffffffffffffffffffffffff",3.62,,0.32,17,20.57,39.56,99988.00,10.00,0,0,0,0,,,-1.00,-1.00,-1.00,-1.00,-1.00,-1.00
2022-12-09T06:25:37Z,"0002cc01000003e9","2250bd9761fd39f8050f11149261a5655cf000000000000000ffffffffffffffffffffffff",3.62,,0.32,17,20.57,39.59,99985.00,0.00,0,0,0,0,,,-1.00,-1.00,-1.00,-1.00,-1.00,-1.00
2022-12-09T06:31:33Z,"0002cc01000003e9","2250bd98c5fd39f0051711149061a3656af000000000000000ffffffffffffffffffffffff",3.62,,0.32,17,20.56,39.62,99979.00,0.00,0,0,0,0,,,-1.00,-1.00,-1.00,-1.00,-1.00,-1.00
2022-12-09T06:37:29Z,"0002cc01000003e9","2250bd9a29fd39f8051711148d61a2658df000000000000000ffffffffffffffffffffffff",3.62,,0.32,17,20.55,39.67,99972.00,0.00,0,0,0,0,,,-1.00,-1.00,-1.00,-1.00,-1.00,-1.00
2022-12-09T06:43:25Z,"0002cc01000003e9","2250bd9b8dfd39ec050f11148d61a065a20800000000000000ffffffffffffffffffffffff",3.62,,0.32,17,20.55,39.70,99966.00,8.00,0,0,0,0,,,-1.00,-1.00,-1.00,-1.00,-1.00,-1.00
2022-12-09T06:49:21Z,"0002cc01000003e9","2250bd9cf1fd39ec051711148b619e65af0e00000000000000ffffffffffffffffffffffff",3.62,,0.32,17,20.54,39.72,99956.00,7.00,0,0,0,0,,,-1.00,-1.00,-1.00,-1.00,-1.00,-1.00
2022-12-09T06:55:17Z,"0002cc01000003e9","2250bd9e55fd39f0051f111488619f65bcf000000000000000ffffffffffffffffffffffff",3.62,,0.32,17,20.53,39.74,99961.00,0.00,0,0,0,0,,,-1.00,-1.00,-1.00,-1.00,-1.00,-1.00
2022-12-09T07:01:13Z,"0002cc01000003e9","2250bd9fb9fd39f0050f111488619d65ee0800000000000000ffffffffffffffffffffffff",3.62,,0.32,17,20.53,39.82,99954.00,16.00,0,0,0,0,,,-1.00,-1.00,-1.00,-1.00,-1.00,-1.00
2022-12-09T07:07:10Z,"0002cc01000003e9","2250bda11efd39e80517111486619e66090f00000000000000ffffffffffffffffffffffff",3.62,,0.32,17,20.52,39.86,99958.00,15.00,0,0,0,0,,,-1.00,-1.00,-1.00,-1.00,-1.00,-1.00
2022-12-09T07:13:06Z,"0002cc01000003e9","2250bda282fd39e8051711148861a26625f000000000000000ffffffffffffffffffffffff",3.62,,0.32,17,20.53,39.90,99975.00,0.00,0,0,0,0,,,-1.00,-1.00,-1.00,-1.00,-1.00,-1.00
2022-12-09T07:19:02Z,"0002cc01000003e9","2250bda3e6fd39f0051711148661a1665d0c00000000000000ffffffffffffffffffffffff",3.62,,0.32,17,20.52,39.99,99971.00,6.00,0,0,0,0,,,-1.00,-1.00,-1.00,-1.00,-1.00,-1.00
2022-12-09T07:24:58Z,"0002cc01000003e9","2250bda54afd39e8050f111486619966870b00000000000000ffffffffffffffffffffffff",3.62,,0.32,17,20.52,40.05,99938.00,11.00,0,0,0,0,,,-1.00,-1.00,-1.00,-1.00,-1.00,-1.00
2022-12-09T07:30:54Z,"0002cc01000003e9","2250bda6aefd39f005171114866192668e0800000000000000ffffffffffffffffffffffff",3.62,,0.32,17,20.52,40.06,99911.00,8.00,0,0,0,0,,,-1.00,-1.00,-1.00,-1.00,-1.00,-1.00
2022-12-09T07:36:50Z,"0002cc01000003e9","2250bda812fd39e80523111483618b66b7f000000000000000ffffffffffffffffffffffff",3.62,,0.32,17,20.51,40.12,99881.00,0.00,0,0,0,0,,,-1.00,-1.00,-1.00,-1.00,-1.00,-1.00
2022-12-09T07:42:46Z,"0002cc01000003e9","2250bda976fd39f00517111481618866cbf000000000000000ffffffffffffffffffffffff",3.62,,0.32,17,20.50,40.15,99870.00,0.00,0,0,0,0,,,-1.00,-1.00,-1.00,-1.00,-1.00,-1.00
2022-12-09T07:48:42Z,"0002cc01000003e9","2250bdaadafd39e80517111483618566ccf000000000000000ffffffffffffffffffffffff",3.62,,0.32,17,20.51,40.16,99858.00,0.00,0,0,0,0,,,-1.00,-1.00,-1.00,-1.00,-1.00,-1.00
2022-12-09T07:54:38Z,"0002cc01000003e9","2250bdac3efd39e80517111483618766f50840000000000000ffffffffffffffffffffffff",3.62,,0.32,17,20.51,40.22,99866.00,33.00,0,0,0,0,,,-1.00,-1.00,-1.00,-1.00,-1.00,-1.00
2022-12-09T08:00:34Z,"0002cc01000003e9","2250bdada2fd39e40517111481618b670af000000000000000ffffffffffffffffffffffff",3.62,,0.32,17,20.50,40.25,99883.00,0.00,0,0,0,0,,,-1.00,-1.00,-1.00,-1.00,-1.00,-1.00
2022-12-09T08:06:30Z,"0002cc01000003e9","2250bdaf06fd39e8051711147e619167250d00000000000000ffffffffffffffffffffffff",3.62,,0.32,17,20.49,40.29,99907.00,13.00,0,0,0,0,,,-1.00,-1.00,-1.00,-1.00,-1.00,-1.00
2022-12-09T08:12:26Z,"0002cc01000003e9","2250bdb06afd39e8051711147e6194675d0a00000000000000ffffffffffffffffffffffff",3.62,,0.32,17,20.49,40.38,99919.00,5.00,0,0,0,0,,,-1.00,-1.00,-1.00,-1.00,-1.00,-1.00
2022-12-09T08:18:22Z,"0002cc01000003e9","2250bdb1cefd39f0051711147b61986787f000000000000000ffffffffffffffffffffffff",3.62,,0.32,17,20.48,40.44,99933.00,0.00,0,0,0,0,,,-1.00,-1.00,-1.00,-1.00,-1.00,-1.00
2022-12-09T08:24:18Z,"0002cc01000003e9","2250bdb332fd39e8050f11147e619467a30c00000000000000ffffffffffffffffffffffff",3.62,,0.32,17,20.49,40.48,99919.00,12.00,0,0,0,0,,,-1.00,-1.00,-1.00,-1.00,-1.00,-1.00
2022-12-09T08:30:14Z,"0002cc01000003e9","2250bdb496fd39f80517111479618e67b70c00000000000000ffffffffffffffffffffffff",3.62,,0.32,17,20.47,40.51,99895.00,3.00,0,0,0,0,,,-1.00,-1.00,-1.00,-1.00,-1.00,-1.00
2022-12-09T08:36:10Z,"0002cc01000003e9","2250bdb5fafd39f00517111479618967cc0c00000000000000ffffffffffffffffffffffff",3.62,,0.32,17,20.47,40.55,99875.00,12.00,0,0,0,0,,,-1.00,-1.00,-1.00,-1.00,-1.00,-1.00
2022-12-09T08:42:06Z,"0002cc01000003e9","2250bdb75efd39e8050f111474618967ee0f00000000000000ffffffffffffffffffffffff",3.62,,0.32,17,20.45,40.60,99874.00,15.00,0,0,0,0,,,-1.00,-1.00,-1.00,-1.00,-1.00,-1.00
2022-12-09T08:48:02Z,"0002cc01000003e9","2250bdb8c2fd39e80517111474618c68100d00000000000000ffffffffffffffffffffffff",3.62,,0.32,17,20.45,40.65,99884.00,13.00,0,0,0,0,,,-1.00,-1.00,-1.00,-1.00,-1.00,-1.00
2022-12-09T08:53:58Z,"0002cc01000003e9","2250bdba26fd39f0050f111471618b682cf000000000000000ffffffffffffffffffffffff",3.62,,0.32,17,20.44,40.69,99880.00,0.00,0,0,0,0,,,-1.00,-1.00,-1.00,-1.00,-1.00,-1.00
2022-12-09T08:59:54Z,"0002cc01000003e9","2250bdbb8afd39f0050f111471618e68560c00000000000000ffffffffffffffffffffffff",3.62,,0.32,17,20.44,40.76,99892.00,24.00,0,0,0,0,,,-1.00,-1.00,-1.00,-1.00,-1.00,-1.00
2022-12-09T09:05:50Z,"0002cc01000003e9","2250bdbceefd39ec050f111471618968800a00000000000000ffffffffffffffffffffffff",3.62,,0.32,17,20.44,40.82,99875.00,5.00,0,0,0,0,,,-1.00,-1.00,-1.00,-1.00,-1.00,-1.00
2022-12-09T09:11:46Z,"0002cc01000003e9","2250bdbe52fd39f0051711146f618b6887f000000000000000ffffffffffffffffffffffff",3.62,,0.32,17,20.43,40.83,99881.00,0.00,0,0,0,0,,,-1.00,-1.00,-1.00,-1.00,-1.00,-1.00
2022-12-09T09:17:42Z,"0002cc01000003e9","2250bdbfb6fd39e80517111471619968a3f000000000000000ffffffffffffffffffffffff",3.62,,0.32,17,20.44,40.87,99936.00,0.00,0,0,0,0,,,-1.00,-1.00,-1.00,-1.00,-1.00,-1.00
2022-12-09T09:23:38Z,"0002cc01000003e9","2250bdc11afd39f0050f11146f618c68a90800000000000000ffffffffffffffffffffffff",3.62,,0.32,17,20.43,40.88,99885.00,32.00,0,0,0,0,,,-1.00,-1.00,-1.00,-1.00,-1.00,-1.00
2022-12-09T09:29:34Z,"0002cc01000003e9","2250bdc27efd39e8050f111471618668b10800000000000000ffffffffffffffffffffffff",3.62,,0.32,17,20.44,40.90,99863.00,1.00,0,0,0,0,,,-1.00,-1.00,-1.00,-1.00,-1.00,-1.00
2022-12-09T09:35:31Z,"0002cc01000003e9","2250bdc3e3fd39f00517111471618c68e90c00000000000000ffffffffffffffffffffffff",3.62,,0.32,17,20.44,40.98,99886.00,12.00,0,0,0,0,,,-1.00,-1.00,-1.00,-1.00,-1.00,-1.00
2022-12-09T09:41:27Z,"0002cc01000003e9","2250bdc547fd39f00517111471618968fe0880000000000000ffffffffffffffffffffffff",3.62,,0.32,17,20.44,41.01,99872.00,17.00,0,0,0,0,,,-1.00,-1.00,-1.00,-1.00,-1.00,-1.00
2022-12-09T09:47:23Z,"0002cc01000003e9","2250bdc6abfd39f00517111476618968f1f000000000000000ffffffffffffffffffffffff",3.62,,0.32,17,20.46,40.99,99873.00,0.00,0,0,0,0,,,-1.00,-1.00,-1.00,-1.00,-1.00,-1.00
2022-12-09T09:53:19Z,"0002cc01000003e9","2250bdc80ffd39f00517111476618768dc0a00000000000000ffffffffffffffffffffffff",3.62,,0.32,17,20.46,40.96,99867.00,5.00,0,0,0,0,,,-1.00,-1.00,-1.00,-1.00,-1.00,-1.00
2022-12-09T09:59:15Z,"0002cc01000003e9","2250bdc973fd39f00517111474618868f1f000000000000000ffffffffffffffffffffffff",3.62,,0.32,17,20.45,40.99,99871.00,0.00,0,0,0,0,,,-1.00,-1.00,-1.00,-1.00,-1.00,-1.00
2022-12-09T10:05:11Z,"0002cc01000003e9","2250bdcad7fd39f00517111474618868f1f000000000000000ffffffffffffffffffffffff",3.62,,0.32,17,20.45,40.99,99870.00,0.00,0,0,0,0,,,-1.00,-1.00,-1.00,-1.00,-1.00,-1.00
2022-12-09T10:11:07Z,"0002cc01000003e9","2250bdcc3bfd39f0050f111474618568fe0e00000000000000ffffffffffffffffffffffff",3.62,,0.32,17,20.45,41.01,99858.00,14.00,0,0,0,0,,,-1.00,-1.00,-1.00,-1.00,-1.00,-1.00
2022-12-09T10:17:03Z,"0002cc01000003e9","2250bdcd9ffd39e8050f11147461836921f000000000000000ffffffffffffffffffffffff",3.62,,0.32,17,20.45,41.07,99848.00,0.00,0,0,0,0,,,-1.00,-1.00,-1.00,-1.00,-1.00,-1.00
2022-12-09T10:22:59Z,"0002cc01000003e9","2250bdcf03fd39f00517111471618069430c80000000000000ffffffffffffffffffffffff",3.62,,0.32,17,20.44,41.12,99838.00,25.00,0,0,0,0,,,-1.00,-1.00,-1.00,-1.00,-1.00,-1.00
2022-12-09T10:28:55Z,"0002cc01000003e9","2250bdd067fd39e80517111471617d6959f000000000000000ffffffffffffffffffffffff",3.62,,0.32,17,20.44,41.15,99827.00,0.00,0,0,0,0,,,-1.00,-1.00,-1.00,-1.00,-1.00,-1.00
2022-12-09T10:34:51Z,"0002cc01000003e9","2250bdd1cbfd39f0051f111474617d6975f000000000000000ffffffffffffffffffffffff",3.62,,0.32,17,20.45,41.19,99824.00,0.00,0,0,0,0,,,-1.00,-1.00,-1.00,-1.00,-1.00,-1.00
2022-12-09T10:40:47Z,"0002cc01000003e9","2250bdd32ffd39ec050f111474617d69ad0800000000000000ffffffffffffffffffffffff",3.62,,0.32,17,20.45,41.28,99827.00,8.00,0,0,0,0,,,-1.00,-1.00,-1.00,-1.00,-1.00,-1.00
2022-12-09T10:46:43Z,"0002cc01000003e9","2250bdd493fd39f00517111474617769ddf000000000000000ffffffffffffffffffffffff",3.62,,0.32,17,20.45,41.35,99803.00,0.00,0,0,0,0,,,-1.00,-1.00,-1.00,-1.00,-1.00,-1.00
2022-12-09T10:52:39Z,"0002cc01000003e9","2250bdd5f7fd39f00517111471617369eb0900000000000000ffffffffffffffffffffffff",3.62,,0.32,17,20.44,41.38,99787.00,9.00,0,0,0,0,,,-1.00,-1.00,-1.00,-1.00,-1.00,-1.00
2022-12-09T10:58:35Z,"0002cc01000003e9","2250bdd75bfd39f0050f11147461746a15f000000000000000ffffffffffffffffffffffff",3.62,,0.32,17,20.45,41.44,99790.00,0.00,0,0,0,0,,,-1.00,-1.00,-1.00,-1.00,-1.00,-1.00
2022-12-09T11:04:31Z,"0002cc01000003e9","2250bdd8bffd39e8050f11147461726a2a0b00000000000000ffffffffffffffffffffffff",3.62,,0.32,17,20.45,41.47,99781.00,11.00,0,0,0,0,,,-1.00,-1.00,-1.00,-1.00,-1.00,-1.00
2022-12-09T11:10:27Z,"0002cc01000003e9","2250bdda23fd39e8050f11147161756a460800000000000000ffffffffffffffffffffffff",3.62,,0.32,17,20.44,41.51,99792.00,1.00,0,0,0,0,,,-1.00,-1.00,-1.00,-1.00,-1.00,-1.00
2022-12-09T11:16:23Z,"0002cc01000003e9","2250bddb87fd39f0050f11147461766a4d0e00000000000000ffffffffffffffffffffffff",3.62,,0.32,17,20.45,41.52,99799.00,7.00,0,0,0,0,,,-1.00,-1.00,-1.00,-1.00,-1.00,-1.00
2022-12-09T11:22:19Z,"0002cc01000003e9","2250bddcebfd39e8051711147161756a690c00000000000000ffffffffffffffffffffffff",3.62,,0.32,17,20.44,41.57,99793.00,3.00,0,0,0,0,,,-1.00,-1.00,-1.00,-1.00,-1.00,-1.00
2022-12-09T11:28:15Z,"0002cc01000003e9","2250bdde4ffd39e8050f11147161756a7e0880000000000000ffffffffffffffffffffffff",3.62,,0.32,17,20.44,41.60,99792.00,17.00,0,0,0,0,,,-1.00,-1.00,-1.00,-1.00,-1.00,-1.00
2022-12-09T11:34:11Z,"0002cc01000003e9","2250bddfb3fd39f0051711147961766a630f00000000000000ffffffffffffffffffffffff",3.62,,0.32,17,20.47,41.56,99799.00,15.00,0,0,0,0,,,-1.00,-1.00,-1.00,-1.00,-1.00,-1.00
2022-12-09T11:40:07Z,"0002cc01000003e9","2250bde117fd39f0051711148861786a3df000000000000000ffffffffffffffffffffffff",3.62,,0.32,17,20.53,41.50,99806.00,0.00,0,0,0,0,,,-1.00,-1.00,-1.00,-1.00,-1.00,-1.00
2022-12-09T11:46:04Z,"0002cc01000003e9","2250bde27cfd39e8051711149a61766a1ef000000000000000ffffffffffffffffffffffff",3.62,,0.32,17,20.60,41.45,99799.00,0.00,0,0,0,0,,,-1.00,-1.00,-1.00,-1.00,-1.00,-1.00
2022-12-09T11:51:59Z,"0002cc01000003e9","2250bde3dffd39f005171114a461766a1a0800000000000000ffffffffffffffffffffffff",3.62,,0.32,17,20.64,41.45,99796.00,16.00,0,0,0,0,,,-1.00,-1.00,-1.00,-1.00,-1.00,-1.00
2022-12-09T11:57:55Z,"0002cc01000003e9","2250bde543fd39ec05171114af61756a230c80000000000000ffffffffffffffffffffffff",3.62,,0.32,17,20.68,41.46,99795.00,25.00,0,0,0,0,,,-1.00,-1.00,-1.00,-1.00,-1.00,-1.00
2022-12-09T12:03:52Z,"0002cc01000003e9","2250bde6a8fd39f0050f1114b161766a240800000000000000ffffffffffffffffffffffff",3.62,,0.32,17,20.69,41.46,99799.00,4.00,0,0,0,0,,,-1.00,-1.00,-1.00,-1.00,-1.00,-1.00
2022-12-09T12:09:48Z,"0002cc01000003e9","2250bde80cfd39f0050f1114ac61776a2af000000000000000ffffffffffffffffffffffff",3.62,,0.32,17,20.67,41.47,99802.00,0.00,0,0,0,0,,,-1.00,-1.00,-1.00,-1.00,-1.00,-1.00
2022-12-09T12:15:44Z,"0002cc01000003e9","2250bde970fd39f0051f1114af61776a54f000000000000000ffffffffffffffffffffffff",3.62,,0.32,17,20.68,41.54,99800.00,0.00,0,0,0,0,,,-1.00,-1.00,-1.00,-1.00,-1.00,-1.00
2022-12-09T12:21:40Z,"0002cc01000003e9","2250bdead4fd39e8051f1114ac61776a7ef000000000000000ffffffffffffffffffffffff",3.62,,0.32,17,20.67,41.60,99803.00,0.00,0,0,0,0,,,-1.00,-1.00,-1.00,-1.00,-1.00,-1.00
2022-12-09T12:27:36Z,"0002cc01000003e9","2250bdec38fd39f0050f1114ac61766a990c00000000000000ffffffffffffffffffffffff",3.62,,0.32,17,20.67,41.64,99798.00,12.00,0,0,0,0,,,-1.00,-1.00,-1.00,-1.00,-1.00,-1.00
2022-12-09T12:33:32Z,"0002cc01000003e9","2250bded9cfd39f0050f1114a761786adf0800000000000000ffffffffffffffffffffffff",3.62,,0.32,17,20.65,41.75,99807.00,8.00,0,0,0,0,,,-1.00,-1.00,-1.00,-1.00,-1.00,-1.00
2022-12-09T12:39:28Z,"0002cc01000003e9","2250bdef00fd39ec050f1114a4617a6b1d0b00000000000000ffffffffffffffffffffffff",3.62,,0.32,17,20.64,41.84,99813.00,11.00,0,0,0,0,,,-1.00,-1.00,-1.00,-1.00,-1.00,-1.00
2022-12-09T12:45:24Z,"0002cc01000003e9","2250bdf064fd39f005171114a2617c6b770d00000000000000ffffffffffffffffffffffff",3.62,,0.32,17,20.63,41.98,99821.00,26.00,0,0,0,0,,,-1.00,-1.00,-1.00,-1.00,-1.00,-1.00
2022-12-09T12:51:20Z,"0002cc01000003e9","2250bdf1c8fd39ec05171114a2617d6b8cf000000000000000ffffffffffffffffffffffff",3.62,,0.32,17,20.63,42.01,99826.00,0.00,0,0,0,0,,,-1.00,-1.00,-1.00,-1.00,-1.00,-1.00
2022-12-09T12:57:16Z,"0002cc01000003e9","2250bdf32cfd39f005171114a2617c6bbcf000000000000000ffffffffffffffffffffffff",3.62,,0.32,17,20.63,42.08,99822.00,0.00,0,0,0,0,,,-1.00,-1.00,-1.00,-1.00,-1.00,-1.00
2022-12-09T13:03:12Z,"0002cc01000003e9","2250bdf490fd39f0050f1114a2617d6c11f000000000000000ffffffffffffffffffffffff",3.62,,0.32,17,20.63,42.21,99827.00,0.00,0,0,0,0,,,-1.00,-1.00,-1.00,-1.00,-1.00,-1.00
2022-12-09T13:09:08Z,"0002cc01000003e9","2250bdf5f4fd39f0050f1114a4617c6c330e00000000000000ffffffffffffffffffffffff",3.62,,0.32,17,20.64,42.27,99823.00,28.00,0,0,0,0,,,-1.00,-1.00,-1.00,-1.00,-1.00,-1.00
2022-12-09T13:15:04Z,"0002cc01000003e9","2250bdf758fd39e8050f1114a4617d6c5e0e00000000000000ffffffffffffffffffffffff",3.62,,0.32,17,20.64,42.33,99827.00,14.00,0,0,0,0,,,-1.00,-1.00,-1.00,-1.00,-1.00,-1.00
2022-12-09T13:21:00Z,"0002cc01000003e9","2250bdf8bcfd39f005171114a4617d6cb10e00000000000000ffffffffffffffffffffffff",3.62,,0.32,17,20.64,42.46,99825.00,14.00,0,0,0,0,,,-1.00,-1.00,-1.00,-1.00,-1.00,-1.00
2022-12-09T13:26:56Z,"0002cc01000003e9","2250bdfa20fd39f005171114a2617d6ccd0b00000000000000ffffffffffffffffffffffff",3.62,,0.32,17,20.63,42.50,99827.00,22.00,0,0,0,0,,,-1.00,-1.00,-1.00,-1.00,-1.00,-1.00
2022-12-09T13:32:52Z,"0002cc01000003e9","2250bdfb84fd39e0050f1114a2617e6cf70800000000000000ffffffffffffffffffffffff",3.62,,0.32,17,20.63,42.56,99828.00,8.00,0,0,0,0,,,-1.00,-1.00,-1.00,-1.00,-1.00,-1.00
2022-12-09T13:38:48Z,"0002cc01000003e9","2250bdfce8fd39e8050f1114a2617d6d05f000000000000000ffffffffffffffffffffffff",3.62,,0.32,17,20.63,42.59,99824.00,0.00,0,0,0,0,,,-1.00,-1.00,-1.00,-1.00,-1.00,-1.00
2022-12-09T13:44:44Z,"0002cc01000003e9","2250bdfe4cfd39e8050f1114a2617d6d3c0800000000000000ffffffffffffffffffffffff",3.62,,0.32,17,20.63,42.67,99826.00,1.00,0,0,0,0,,,-1.00,-1.00,-1.00,-1.00,-1.00,-1.00
2022-12-09T13:50:40Z,"0002cc01000003e9","2250bdffb0fd39f0050f1114a461806d750f00000000000000ffffffffffffffffffffffff",3.62,,0.32,17,20.64,42.76,99838.00,30.00,0,0,0,0,,,-1.00,-1.00,-1.00,-1.00,-1.00,-1.00
2022-12-09T13:56:36Z,"0002cc01000003e9","2250be0114fd39e8050f1114a2617c6d7b0c00000000000000ffffffffffffffffffffffff",3.62,,0.32,17,20.63,42.77,99820.00,6.00,0,0,0,0,,,-1.00,-1.00,-1.00,-1.00,-1.00,-1.00
2022-12-09T14:02:32Z,"0002cc01000003e9","2250be0278fd39ec05171114a2617c6d890a00000000000000ffffffffffffffffffffffff",3.62,,0.32,17,20.63,42.79,99822.00,20.00,0,0,0,0,,,-1.00,-1.00,-1.00,-1.00,-1.00,-1.00
2022-12-09T14:08:28Z,"0002cc01000003e9","2250be03dcfd39f005171114a4617c6d980b00000000000000ffffffffffffffffffffffff",3.62,,0.32,17,20.64,42.81,99823.00,22.00,0,0,0,0,,,-1.00,-1.00,-1.00,-1.00,-1.00,-1.00
2022-12-09T14:14:24Z,"0002cc01000003e9","2250be0540fd39e805171114a4617c6dc10f00000000000000ffffffffffffffffffffffff",3.62,,0.32,17,20.64,42.87,99821.00,15.00,0,0,0,0,,,-1.00,-1.00,-1.00,-1.00,-1.00,-1.00
2022-12-09T14:20:20Z,"0002cc01000003e9","2250be06a4fd39e0050f1114a4617c6dec0d00000000000000ffffffffffffffffffffffff",3.62,,0.32,17,20.64,42.94,99820.00,13.00,0,0,0,0,,,-1.00,-1.00,-1.00,-1.00,-1.00,-1.00
2022-12-09T14:26:17Z,"0002cc01000003e9","2250be0809fd39e8050f1114a2617b6e0e0c00000000000000ffffffffffffffffffffffff",3.62,,0.32,17,20.63,42.99,99816.00,24.00,0,0,0,0,,,-1.00,-1.00,-1.00,-1.00,-1.00,-1.00
2022-12-09T14:32:13Z,"0002cc01000003e9","2250be096dfd39ec05171114a7617c6e160900000000000000ffffffffffffffffffffffff",3.62,,0.32,17,20.65,43.00,99822.00,72.00,0,0,0,0,,,-1.00,-1.00,-1.00,-1.00,-1.00,-1.00
2022-12-09T14:38:09Z,"0002cc01000003e9","2250be0ad1fd39ec050f1114ac617c6e170860000000000000ffffffffffffffffffffffff",3.62,,0.32,17,20.67,43.00,99822.00,67.00,0,0,0,0,,,-1.00,-1.00,-1.00,-1.00,-1.00,-114637.41
2022-12-09T14:44:05Z,"0002cc01000003e9","2250be0c35fd39ec050f1114af617f6e500a80000000000000ffffffffffffffffffffffff",3.62,,0.32,17,20.68,43.09,99834.00,42.00,0,0,0,0,,,-1.00,-1.00,-1.00,-1.00,-1.00,-1.00
2022-12-09T14:50:01Z,"0002cc01000003e9","2250be0d99fd39e805171114b161806e4a0a20000000000000ffffffffffffffffffffffff",3.62,,0.32,17,20.69,43.08,99837.00,81.00,0,0,0,0,,,-1.00,-1.00,-1.00,-1.00,-1.00,-1.00
2022-12-09T14:55:57Z,"0002cc01000003e9","2250be0efdfd39e805171114b1617f6e650c80000000000000ffffffffffffffffffffffff",3.62,,0.32,17,20.69,43.12,99833.00,100.00,0,0,0,0,,,-1.00,-1.00,-1.00,-1.00,-1.00,-114637.41
2022-12-09T15:01:53Z,"0002cc01000003e9","2250be1061fd39e005171114b161806e650800000000000000ffffffffffffffffffffffff",3.62,,0.32,17,20.69,43.12,99838.00,64.00,0,0,0,0,,,-1.00,-1.00,-1.00,-1.00,-1.00,-1.00
2022-12-09T15:07:49Z,"0002cc01000003e9","2250be11c5fd39e0050f1114b461826e820f40000000000000ffffffffffffffffffffffff",3.62,,0.32,17,20.70,43.17,99846.00,61.00,0,0,0,0,,,-1.00,-1.00,-1.00,-1.00,-1.00,-114643.53
2022-12-09T15:13:45Z,"0002cc01000003e9","2250be1329fd39ec050f1114b461836e7b0940000000000000ffffffffffffffffffffffff",3.62,,0.32,17,20.70,43.16,99848.00,37.00,0,0,0,0,,,-1.00,-1.00,-1.00,-1.00,-1.00,-1.00
2022-12-09T15:19:41Z,"0002cc01000003e9","2250be148dfd39e8050f1114b461836e8a09c0000000000000ffffffffffffffffffffffff",3.62,,0.32,17,20.70,43.18,99851.00,39.00,0,0,0,0,,,-1.00,-1.00,-1.00,-1.00,-1.00,-1.00
2022-12-09T15:25:37Z,"0002cc01000003e9","2250be15f1fd39ec05171114b661856ec10c40000000000000ffffffffffffffffffffffff",3.62,,0.32,17,20.71,43.26,99856.00,49.00,0,0,0,0,,,-1.00,-1.00,-1.00,-1.00,-1.00,-1.00
2022-12-09T15:31:33Z,"0002cc01000003e9","2250be1755fd39f0050f1114b961856f010880000000000000ffffffffffffffffffffffff",3.62,,0.32,17,20.72,43.36,99859.00,34.00,0,0,0,0,,,-1.00,-1.00,-1.00,-1.00,-1.00,-1.00
2022-12-09T15:37:29Z,"0002cc01000003e9","2250be18b9fd39ec050f1114be61836f0a0f00000000000000ffffffffffffffffffffffff",3.62,,0.32,17,20.74,43.38,99849.00,30.00,0,0,0,0,,,-1.00,-1.00,-1.00,-1.00,-1.00,-1.00
2022-12-09T15:43:25Z,"0002cc01000003e9","2250be1a1dfd39ec050f1114c161846efc0880000000000000ffffffffffffffffffffffff",3.62,,0.32,17,20.75,43.35,99852.00,34.00,0,0,0,0,,,-1.00,-1.00,-1.00,-1.00,-1.00,-1.00
2022-12-09T15:49:21Z,"0002cc01000003e9","2250be1b81fd39e0050f1114c361836e800980000000000000ffffffffffffffffffffffff",3.62,,0.32,17,20.76,43.16,99851.00,76.00,0,0,0,0,,,-1.00,-1.00,-1.00,-1.00,-1.00,-1.00
2022-12-09T15:55:17Z,"0002cc01000003e9","2250be1ce5fd39e0050f1114c361836e170900000000000000ffffffffffffffffffffffff",3.62,,0.32,17,20.76,43.00,99851.00,18.00,0,0,0,0,,,-1.00,-1.00,-1.00,-1.00,-1.00,-1.00
2022-12-09T16:01:13Z,"0002cc01000003e9","2250be1e49fd39f0050f1114c361836d920c40000000000000ffffffffffffffffffffffff",3.62,,0.32,17,20.76,42.80,99851.00,49.00,0,0,0,0,,,-1.00,-1.00,-1.00,-1.00,-1.00,-1.00
2022-12-09T16:07:09Z,"0002cc01000003e9","2250be1fadfd39ec05171114c361876cea0bc0000000000000ffffffffffffffffffffffff",3.62,,0.32,17,20.76,42.54,99865.00,47.00,0,0,0,0,,,-1.00,-1.00,-1.00,-1.00,-1.00,-1.00
2022-12-09T16:13:05Z,"0002cc01000003e9","2250be2111fd39ec050f1114c161866c110880000000000000ffffffffffffffffffffffff",3.62,,0.32,17,20.75,42.21,99863.00,68.00,0,0,0,0,,,-1.00,-1.00,-1.00,-1.00,-1.00,-1.00
2022-12-09T16:19:01Z,"0002cc01000003e9","2250be2275fd39e0050f1114be61876b690900000000000000ffffffffffffffffffffffff",3.62,,0.32,17,20.74,41.96,99866.00,36.00,0,0,0,0,,,-1.00,-1.00,-1.00,-1.00,-1.00,-1.00
2022-12-09T16:24:58Z,"0002cc01000003e9","2250be23dafd39e8050f1114be61886b1b0b80000000000000ffffffffffffffffffffffff",3.62,,0.32,17,20.74,41.84,99871.00,46.00,0,0,0,0,,,-1.00,-1.00,-1.00,-1.00,-1.00,-1.00
2022-12-09T16:30:54Z,"0002cc01000003e9","2250be253efd39ec05171114cb61876a8c0f48000000000000ffffffffffffffffffffffff",3.62,,0.32,17,20.79,41.62,99865.00,489.00,0,0,0,0,,,-1.00,-1.00,-1.00,-1.00,-1.00,-114622.11
2022-12-09T16:36:50Z,"0002cc01000003e9","2250be26a2fd39ec05171114dd618769d31800000000000000ffffffffffffffffffffffff",3.62,,0.32,17,20.86,41.34,99866.00,512.00,0,0,0,0,,,-1.00,-1.00,-1.00,-1.00,-1.00,-1.00
2022-12-09T16:42:46Z,"0002cc01000003e9","2250be2806fd39e8050f1114e4618969891820000000000000ffffffffffffffffffffffff",3.62,,0.32,17,20.89,41.22,99872.00,520.00,0,0,0,0,,,-1.00,-1.00,-1.00,-1.00,-1.00,-114625.17
2022-12-09T16:48:42Z,"0002cc01000003e9","2250be296afd39e005171114f1618a68740fe0000000000000ffffffffffffffffffffffff",3.62,,0.32,17,20.94,40.80,99878.00,508.00,0,0,0,0,,,-1.00,-1.00,-1.00,-1.00,-1.00,-1.00
2022-12-09T16:54:38Z,"0002cc01000003e9","2250be2acefd39ec050f1114fb618a676c0f18000000000000ffffffffffffffffffffffff",3.62,,0.32,17,20.98,40.40,99877.00,483.00,0,0,0,0,,,-1.00,-1.00,-1.00,-1.00,-1.00,-114646.59
2022-12-09T17:00:34Z,"0002cc01000003e9","2250be2c32fd39e0050f111506618b66180f78000000000000ffffffffffffffffffffffff",3.62,,0.32,17,21.02,39.88,99881.00,495.00,0,0,0,0,,,-1.00,-1.00,-1.00,-1.00,-1.00,-1.00
2022-12-09T17:06:30Z,"0002cc01000003e9","2250be2d96fd39e0050f111506618a654e0f08000000000000ffffffffffffffffffffffff",3.62,,0.32,17,21.02,39.57,99876.00,481.00,0,0,0,0,,,-1.00,-1.00,-1.00,-1.00,-1.00,-1.00
2022-12-09T17:12:26Z,"0002cc01000003e9","2250be2efafd39e0050f11150b618964840f18000000000000ffffffffffffffffffffffff",3.62,,0.32,17,21.04,39.26,99874.00,483.00,0,0,0,0,,,-1.00,-1.00,-1.00,-1.00,-1.00,-1.00
2022-12-09T17:18:22Z,"0002cc01000003e9","2250be305efd39ec050f111508618963950ef8000000000000ffffffffffffffffffffffff",3.62,,0.32,17,21.03,38.90,99872.00,479.00,0,0,0,0,,,-1.00,-1.00,-1.00,-1.00,-1.00,-1.00
2022-12-09T17:24:18Z,"0002cc01000003e9","2250be31c2fd39ec050f111506618963870f80000000000000ffffffffffffffffffffffff",3.62,,0.32,17,21.02,38.88,99874.00,496.00,0,0,0,0,,,-1.00,-1.00,-1.00,-1.00,-1.00,-1.00
2022-12-09T17:30:14Z,"0002cc01000003e9","2250be3326fd39ec050f111508618a63170fd0000000000000ffffffffffffffffffffffff",3.62,,0.32,17,21.03,38.71,99876.00,506.00,0,0,0,0,,,-1.00,-1.00,-1.00,-1.00,-1.00,-1.00
2022-12-09T17:36:10Z,"0002cc01000003e9","2250be348afd39e0050f11150d618862bd0fd0000000000000ffffffffffffffffffffffff",3.62,,0.32,17,21.05,38.57,99869.00,506.00,0,0,0,0,,,-1.00,-1.00,-1.00,-1.00,-1.00,-115311.44
2022-12-09T17:42:06Z,"0002cc01000003e9","2250be35eefd39e0050f1115156182616f0ef8000000000000ffffffffffffffffffffffff",3.62,,0.32,17,21.08,38.06,99847.00,479.00,0,0,0,0,,,-1.00,-1.00,-1.00,-1.00,-1.00,-1.00
2022-12-09T17:48:02Z,"0002cc01000003e9","2250be3752fd39e0051f111518618360740f40000000000000ffffffffffffffffffffffff",3.62,,0.32,17,21.09,37.68,99848.00,488.00,0,0,0,0,,,-1.00,-1.00,-1.00,-1.00,-1.00,-1.00
2022-12-09T17:53:58Z,"0002cc01000003e9","2250be38b6fd39ec050f11151f617e5f7a0f48000000000000ffffffffffffffffffffffff",3.62,,0.32,17,21.12,37.30,99828.00,489.00,0,0,0,0,,,-1.00,-1.00,-1.00,-1.00,-1.00,-1.00
2022-12-09T17:59:54Z,"0002cc01000003e9","2250be3a1afd39ec0517111524617c5e6a18d0000000000000ffffffffffffffffffffffff",3.62,,0.32,17,21.14,36.88,99821.00,564.00,0,0,0,0,,,-1.00,-1.00,-1.00,-1.00,-1.00,-1.00
2022-12-09T18:05:50Z,"0002cc01000003e9","2250be3b7efd39ec050f111522617b5e151854000000000000ffffffffffffffffffffffff",3.62,,0.32,17,21.13,36.75,99818.00,533.00,0,0,0,0,,,-1.00,-1.00,-1.00,-1.00,-1.00,-1.00
2022-12-09T18:11:46Z,"0002cc01000003e9","2250be3ce2fd39ec050f11152461775ce21848000000000000ffffffffffffffffffffffff",3.62,,0.32,17,21.14,36.28,99802.00,530.00,0,0,0,0,,,-1.00,-1.00,-1.00,-1.00,-1.00,-1.00
2022-12-09T18:17:42Z,"0002cc01000003e9","2250be3e46fd39ec050f11152961795c721824000000000000ffffffffffffffffffffffff",3.62,,0.32,17,21.16,36.11,99808.00,521.00,0,0,0,0,,,-1.00,-1.00,-1.00,-1.00,-1.00,-115311.44
2022-12-09T18:23:38Z,"0002cc01000003e9","2250be3faafd39ec050f11153161775b940fa0000000000000ffffffffffffffffffffffff",3.62,,0.32,17,21.19,35.77,99803.00,500.00,0,0,0,0,,,-1.00,-1.00,-1.00,-1.00,-1.00,-114625.17
2022-12-09T18:29:34Z,"0002cc01000003e9","2250be410efd39ec050f11153461785a6e1800000000000000ffffffffffffffffffffffff",3.62,,0.32,17,21.20,35.33,99806.00,512.00,0,0,0,0,,,-1.00,-1.00,-1.00,-1.00,-1.00,-1.00
2022-12-09T18:35:30Z,"0002cc01000003e9","2250be4272fd39e0050f11153961795b170f38000000000000ffffffffffffffffffffffff",3.62,,0.32,17,21.22,35.58,99810.00,487.00,0,0,0,0,,,-1.00,-1.00,-1.00,-1.00,-1.00,-1.00
2022-12-09T18:41:26Z,"0002cc01000003e9","2250be43d6fd39f0050f11153b617b5b110ea8000000000000ffffffffffffffffffffffff",3.62,,0.32,17,21.23,35.57,99817.00,469.00,0,0,0,0,,,-1.00,-1.00,-1.00,-1.00,-1.00,-1.00
2022-12-09T18:47:22Z,"0002cc01000003e9","2250be453afd39ec050f111541617a5a930fe8000000000000ffffffffffffffffffffffff",3.62,,0.32,17,21.25,35.38,99815.00,509.00,0,0,0,0,,,-1.00,-1.00,-1.00,-1.00,-1.00,-1.00
2022-12-09T18:53:19Z,"0002cc01000003e9","2250be469ffd39ec050f111546617959c90f38000000000000ffffffffffffffffffffffff",3.62,,0.32,17,21.27,35.07,99810.00,487.00,0,0,0,0,,,-1.00,-1.00,-1.00,-1.00,-1.00,-1.00
2022-12-09T18:59:15Z,"0002cc01000003e9","2250be4803fd39ec050f11154b617a58ea1834000000000000ffffffffffffffffffffffff",3.62,,0.32,17,21.29,34.73,99814.00,525.00,0,0,0,0,,,-1.00,-1.00,-1.00,-1.00,-1.00,-114625.17
2022-12-09T19:05:11Z,"0002cc01000003e9","2250be4967fd39ec050f111550617a57d30f28000000000000ffffffffffffffffffffffff",3.62,,0.32,17,21.31,34.31,99812.00,485.00,0,0,0,0,,,-1.00,-1.00,-1.00,-1.00,-1.00,-1.00
2022-12-09T19:11:07Z,"0002cc01000003e9","2250be4acbfd39ec0517111552617957400fb8000000000000ffffffffffffffffffffffff",3.62,,0.32,17,21.32,34.08,99808.00,503.00,0,0,0,0,,,-1.00,-1.00,-1.00,-1.00,-1.00,-114628.24
2022-12-09T19:17:03Z,"0002cc01000003e9","2250be4c2ffd39e0050f111558617956141818000000000000ffffffffffffffffffffffff",3.62,,0.32,17,21.34,33.62,99809.00,518.00,0,0,0,0,,,-1.00,-1.00,-1.00,-1.00,-1.00,-1.00
2022-12-09T19:22:59Z,"0002cc01000003e9","2250be4d93fd39e0050f111558617b551e18c4000000000000ffffffffffffffffffffffff",3.62,,0.32,17,21.34,33.25,99816.00,561.00,0,0,0,0,,,-1.00,-1.00,-1.00,-1.00,-1.00,-1.00
2022-12-09T19:28:55Z,"0002cc01000003e9","2250be4ef7fd39e00517111555617c541a18c0000000000000ffffffffffffffffffffffff",3.62,,0.32,17,21.33,32.85,99821.00,560.00,0,0,0,0,,,-1.00,-1.00,-1.00,-1.00,-1.00,-1.00
2022-12-09T19:34:51Z,"0002cc01000003e9","2250be505bfd39ec050f11155a617a53b81880000000000000ffffffffffffffffffffffff",3.62,,0.32,17,21.35,32.70,99813.00,544.00,0,0,0,0,,,-1.00,-1.00,-1.00,-1.00,-1.00,-115305.25
2022-12-09T19:40:47Z,"0002cc01000003e9","2250be51bffd39ec050f11155f617a51c71840000000000000ffffffffffffffffffffffff",3.62,,0.32,17,21.37,31.95,99814.00,528.00,0,0,0,0,,,-1.00,-1.00,-1.00,-1.00,-1.00,-1.00
2022-12-09T19:46:43Z,"0002cc01000003e9","2250be5323fd39e0050f111567617b51831938000000000000ffffffffffffffffffffffff",3.62,,0.32,17,21.40,31.84,99818.00,590.00,0,0,0,0,,,-1.00,-1.00,-1.00,-1.00,-1.00,-1.00
2022-12-09T19:52:39Z,"0002cc01000003e9","2250be5487fd39ec050f111569617d510c1878000000000000ffffffffffffffffffffffff",3.62,,0.32,17,21.41,31.66,99824.00,542.00,0,0,0,0,,,-1.00,-1.00,-1.00,-1.00,-1.00,-1.00
2022-12-09T19:58:35Z,"0002cc01000003e9","2250be55ebfd39e0050f11156c617b51221960000000000000ffffffffffffffffffffffff",3.62,,0.32,17,21.42,31.69,99817.00,600.00,0,0,0,0,,,-1.00,-1.00,-1.00,-1.00,-1.00,-1.00
2022-12-09T20:04:31Z,"0002cc01000003e9","2250be574ffd39e0050f111571617d4fd21a1c000000000000ffffffffffffffffffffffff",3.62,,0.32,17,21.44,31.18,99827.00,647.00,0,0,0,0,,,-1.00,-1.00,-1.00,-1.00,-1.00,-1.00
2022-12-09T20:10:27Z,"0002cc01000003e9","2250be58b3fd39e0050f111571617f502c1a28000000000000ffffffffffffffffffffffff",3.62,,0.32,17,21.44,31.32,99835.00,650.00,0,0,0,0,,,-1.00,-1.00,-1.00,-1.00,-1.00,-1.00
2022-12-09T20:16:23Z,"0002cc01000003e9","2250be5a17fd39e0050f11157e618550fb1970000000000000ffffffffffffffffffffffff",3.62,,0.32,17,21.49,31.63,99858.00,604.00,0,0,0,0,,,-1.00,-1.00,-1.00,-1.00,-1.00,-1.00
2022-12-09T20:22:19Z,"0002cc01000003e9","2250be5b7bfd39ec050f11158b6186521c1990000000000000ffffffffffffffffffffffff",3.62,,0.32,17,21.54,32.08,99863.00,612.00,0,0,0,0,,,-1.00,-1.00,-1.00,-1.00,-1.00,-1.00
2022-12-09T20:28:15Z,"0002cc01000003e9","2250be5cdffd39e8050f1115926189513d0ec8000000000000ffffffffffffffffffffffff",3.62,,0.32,17,21.57,31.73,99872.00,473.00,0,0,0,0,,,-1.00,-1.00,-1.00,-1.00,-1.00,-1.00
2022-12-09T20:34:12Z,"0002cc01000003e9","2250be5e44fd39e0050f11158d6189513c19e0000000000000ffffffffffffffffffffffff",3.62,,0.32,17,21.55,31.73,99875.00,632.00,0,0,0,0,,,-1.00,-1.00,-1.00,-1.00,-1.00,-1.00
2022-12-09T20:40:07Z,"0002cc01000003e9","2250be5fa7fd39e8050f11158d618b50be1a18000000000000ffffffffffffffffffffffff",3.62,,0.32,17,21.55,31.54,99882.00,646.00,0,0,0,0,,,-1.00,-1.00,-1.00,-1.00,-1.00,-1.00
2022-12-09T20:46:04Z,"0002cc01000003e9","2250be610cfd39ec050f111595618e50a41a94000000000000ffffffffffffffffffffffff",3.62,,0.32,17,21.58,31.50,99895.00,677.00,0,0,0,0,,,-1.00,-1.00,-1.00,-1.00,-1.00,-1.00
2022-12-09T20:52:00Z,"0002cc01000003e9","2250be6270fd39ec050f11159a618f501f19d0000000000000ffffffffffffffffffffffff",3.62,,0.32,17,21.60,31.30,99896.00,628.00,0,0,0,0,,,-1.00,-1.00,-1.00,-1.00,-1.00,-1.00
2022-12-09T20:57:56Z,"0002cc01000003e9","2250be63d4fd39e0050f1115a4618f504b1924000000000000ffffffffffffffffffffffff",3.62,,0.32,17,21.64,31.37,99897.00,585.00,0,0,0,0,,,-1.00,-1.00,-1.00,-1.00,-1.00,-1.00
2022-12-09T21:03:52Z,"0002cc01000003e9","2250be6538fd39e4050f1115af61924fe418ec000000000000ffffffffffffffffffffffff",3.62,,0.32,17,21.68,31.21,99911.00,571.00,0,0,0,0,,,-1.00,-1.00,-1.00,-1.00,-1.00,-1.00
2022-12-09T21:09:48Z,"0002cc01000003e9","2250be669cfd39e005031115b961924f9819a8000000000000ffffffffffffffffffffffff",3.62,,0.31,17,21.72,31.09,99909.00,618.00,0,0,0,0,,,-1.00,-1.00,-1.00,-1.00,-1.00,-1.00
2022-12-09T21:15:44Z,"0002cc01000003e9","2250be6800fd39ec050f1115bb61934f2f19e4000000000000ffffffffffffffffffffffff",3.62,,0.32,17,21.73,30.93,99915.00,633.00,0,0,0,0,,,-1.00,-1.00,-1.00,-1.00,-1.00,-1.00
2022-12-09T21:21:40Z,"0002cc01000003e9","2250be6964fd39e0050f1115be61984ea41958000000000000ffffffffffffffffffffffff",3.62,,0.32,17,21.74,30.72,99933.00,598.00,0,0,0,0,,,-1.00,-1.00,-1.00,-1.00,-1.00,-1.00
2022-12-09T21:27:36Z,"0002cc01000003e9","2250be6ac8fd39e0050f1115be61994e7218cc000000000000ffffffffffffffffffffffff",3.62,,0.32,17,21.74,30.64,99938.00,563.00,0,0,0,0,,,-1.00,-1.00,-1.00,-1.00,-1.00,-1.00
2022-12-09T21:33:32Z,"0002cc01000003e9","2250be6c2cfd39ec050f1115c1619b4dd118fc000000000000ffffffffffffffffffffffff",3.62,,0.32,17,21.75,30.40,99944.00,575.00,0,0,0,0,,,-1.00,-1.00,-1.00,-1.00,-1.00,-1.00
2022-12-09T21:39:28Z,"0002cc01000003e9","2250be6d90fd39ec050f1115c1619e4cbf0f90000000000000ffffffffffffffffffffffff",3.62,,0.32,17,21.75,29.98,99959.00,498.00,0,0,0,0,,,-1.00,-1.00,-1.00,-1.00,-1.00,-1.00
2022-12-09T21:45:24Z,"0002cc01000003e9","2250be6ef4fd39e005031115bb619d4cb00ee0000000000000ffffffffffffffffffffffff",3.62,,0.31,17,21.73,29.96,99955.00,476.00,0,0,0,0,,,-1.00,-1.00,-1.00,-1.00,-1.00,-1.00
2022-12-09T21:51:20Z,"0002cc01000003e9","2250be7058fd39ec05031115b961a14c000e58000000000000ffffffffffffffffffffffff",3.62,,0.31,17,21.72,29.69,99971.00,459.00,0,0,0,0,,,-1.00,-1.00,-1.00,-1.00,-1.00,-1.00
2022-12-09T21:57:16Z,"0002cc01000003e9","2250be71bcfd39e4050f1115b661a34bc00dc8000000000000ffffffffffffffffffffffff",3.62,,0.32,17,21.71,29.59,99979.00,441.00,0,0,0,0,,,-1.00,-1.00,-1.00,-1.00,-1.00,-1.00
2022-12-09T22:03:12Z,"0002cc01000003e9","2250be7320fd39dc050f1115b661a54b6c0dc8000000000000ffffffffffffffffffffffff",3.62,,0.32,17,21.71,29.46,99985.00,441.00,0,0,0,0,,,-1.00,-1.00,-1.00,-1.00,-1.00,-1.00
2022-12-09T22:09:08Z,"0002cc01000003e9","2250be7484fd39ec050f1115b461a64b170df0000000000000ffffffffffffffffffffffff",3.62,,0.32,17,21.70,29.33,99989.00,446.00,0,0,0,0,,,-1.00,-1.00,-1.00,-1.00,-1.00,-1.00
2022-12-09T22:15:04Z,"0002cc01000003e9","2250be75e8fd39ec05171115b461a94aad0d78000000000000ffffffffffffffffffffffff",3.62,,0.32,17,21.70,29.17,100000.00,431.00,0,0,0,0,,,-1.00,-1.00,-1.00,-1.00,-1.00,-1.00
2022-12-09T22:21:00Z,"0002cc01000003e9","2250be774cfd39dc050f1115ac61a84a970d18000000000000ffffffffffffffffffffffff",3.62,,0.32,17,21.67,29.14,99999.00,419.00,0,0,0,0,,,-1.00,-1.00,-1.00,-1.00,-1.00,-1.00
2022-12-09T22:26:56Z,"0002cc01000003e9","2250be78b0fd39e4050f1115ac61ab4a7b0d70000000000000ffffffffffffffffffffffff",3.62,,0.32,17,21.67,29.09,100008.00,430.00,0,0,0,0,,,-1.00,-1.00,-1.00,-1.00,-1.00,-1.00
2022-12-09T22:32:53Z,"0002cc01000003e9","2250be7a15fd39ec050f1115a961ac4a340dd0000000000000ffffffffffffffffffffffff",3.62,,0.32,17,21.66,28.99,100015.00,442.00,0,0,0,0,,,-1.00,-1.00,-1.00,-1.00,-1.00,-1.00
2022-12-09T22:38:49Z,"0002cc01000003e9","2250be7b79fd39ec050f1115a961ae49d20dd0000000000000ffffffffffffffffffffffff",3.62,,0.32,17,21.66,28.84,100021.00,442.00,0,0,0,0,,,-1.00,-1.00,-1.00,-1.00,-1.00,-1.00
2022-12-09T22:44:45Z,"0002cc01000003e9","2250be7cddfd39e4050f1115a961b349c40e00000000000000ffffffffffffffffffffffff",3.62,,0.32,17,21.66,28.82,100043.00,448.00,0,0,0,0,,,-1.00,-1.00,-1.00,-1.00,-1.00,-1.00
2022-12-09T22:50:41Z,"0002cc01000003e9","2250be7e41fd39e4050f1115a761b749450da0000000000000ffffffffffffffffffffffff",3.62,,0.32,17,21.65,28.62,100057.00,436.00,0,0,0,0,,,-1.00,-1.00,-1.00,-1.00,-1.00,-1.00
2022-12-09T22:56:37Z,"0002cc01000003e9","2250be7fa5fd39e4050f1115b161b74a2f0b20000000000000ffffffffffffffffffffffff",3.62,,0.32,17,21.69,28.98,100056.00,356.00,0,0,0,0,,,-1.00,-1.00,-1.00,-1.00,-1.00,-1.00
2022-12-09T23:02:33Z,"0002cc01000003e9","2250be8109fd39ec050f1115cd61b849360c38000000000000ffffffffffffffffffffffff",3.62,,0.32,17,21.80,28.60,100063.00,391.00,0,0,0,0,,,-1.00,-1.00,-1.00,-1.00,-1.00,-1.00
2022-12-09T23:08:29Z,"0002cc01000003e9","2250be826dfd39ec050f1115c661bd49520cf8000000000000ffffffffffffffffffffffff",3.62,,0.32,17,21.77,28.64,100081.00,415.00,0,0,0,0,,,-1.00,-1.00,-1.00,-1.00,-1.00,-1.00
2022-12-09T23:14:25Z,"0002cc01000003e9","2250be83d1fd39ec050f1115be61be48ae0cd8000000000000ffffffffffffffffffffffff",3.62,,0.32,17,21.74,28.39,100086.00,411.00,0,0,0,0,,,-1.00,-1.00,-1.00,-1.00,-1.00,-1.00
2022-12-09T23:20:21Z,"0002cc01000003e9","2250be8535fd39ec050f1115be61bf48b50ce0000000000000ffffffffffffffffffffffff",3.62,,0.32,17,21.74,28.40,100088.00,412.00,0,0,0,0,,,-1.00,-1.00,-1.00,-1.00,-1.00,-1.00
2022-12-09T23:26:17Z,"0002cc01000003e9","2250be8699fd39e4050f1115c161c148c40cd8000000000000ffffffffffffffffffffffff",3.62,,0.32,17,21.75,28.42,100099.00,411.00,0,0,0,0,,,-1.00,-1.00,-1.00,-1.00,-1.00,-1.00
2022-12-09T23:32:13Z,"0002cc01000003e9","2250be87fdfd39e4050f1115be61c648670d20000000000000ffffffffffffffffffffffff",3.62,,0.32,17,21.74,28.28,100117.00,420.00,0,0,0,0,,,-1.00,-1.00,-1.00,-1.00,-1.00,-1.00
2022-12-09T23:38:09Z,"0002cc01000003e9","2250be8961fd39e4050f1115bb61c4486e0ce8000000000000ffffffffffffffffffffffff",3.62,,0.32,17,21.73,28.29,100109.00,413.00,0,0,0,0,,,-1.00,-1.00,-1.00,-1.00,-1.00,-1.00
2022-12-09T23:44:05Z,"0002cc01000003e9","2250be8ac5fd39dc050f1115b961c648750ce0000000000000ffffffffffffffffffffffff",3.62,,0.32,17,21.72,28.30,100118.00,412.00,0,0,0,0,,,-1.00,-1.00,-1.00,-1.00,-1.00,-1.00
2022-12-09T23:50:01Z,"0002cc01000003e9","2250be8c29fd39e0050f1115af61c9486d0cf0000000000000ffffffffffffffffffffffff",3.62,,0.32,17,21.68,28.29,100128.00,414.00,0,0,0,0,,,-1.00,-1.00,-1.00,-1.00,-1.00,-1.00
2022-12-09T23:55:57Z,"0002cc01000003e9","2250be8d8dfd39e4050f1115af61ca48820cf0000000000000ffffffffffffffffffffffff",3.62,,0.32,17,21.68,28.32,100135.00,414.00,0,0,0,0,,,-1.00,-1.00,-1.00,-1.00,-1.00,-1.00
