Time,DevEUI,Raw,Vbat,Vsystem,Vbus,BootCount,T,RH,P,Light,P[0].delta,P[0].total,P[1].delta,P[1].total,Act[7],Act[6],Act[5],Act[4],Act[3],Act[2],Act[1],Act[0]
2022-12-07T00:01:51Z,"0002cc01000003e9","2250ba9a6ffd3a05050f1115ac612561900ea8000000000000ffffffffffffffffffffffff",3.63,,0.32,17,21.67,38.11,99475.00,469.00,0,0,0,0,,,-1.00,-1.00,-1.00,-1.00,-1.00,-1.00
2022-12-07T00:07:47Z,"0002cc01000003e9","2250ba9bd3fd3a1105171115af612661a60db8000000000000ffffffffffffffffffffffff",3.63,,0.32,17,21.68,38.14,99478.00,439.00,0,0,0,0,,,-1.00,-1.00,-1.00,-1.00,-1.00,-1.00
2022-12-07T00:13:43Z,"0002cc01000003e9","2250ba9d37fd3a11050f1115af612761bb0dc8000000000000ffffffffffffffffffffffff",3.63,,0.32,17,21.68,38.18,99481.00,441.00,0,0,0,0,,,-1.00,-1.00,-1.00,-1.00,-1.00,-1.00
2022-12-07T00:19:39Z,"0002cc01000003e9","2250ba9e9bfd3a11050f1115b1612a61ae0e68000000000000ffffffffffffffffffffffff",3.63,,0.32,17,21.69,38.16,99495.00,461.00,0,0,0,0,,,-1.00,-1.00,-1.00,-1.00,-1.00,-1.00
2022-12-07T00:25:35Z,"0002cc01000003e9","2250ba9ffffd3a09050f1115a4612b61cd0c00000000000000ffffffffffffffffffffffff",3.63,,0.32,17,21.64,38.20,99498.00,6.00,0,0,0,0,,,-1.00,-1.00,-1.00,-1.00,-1.00,-1.00
2022-12-07T00:31:31Z,"0002cc01000003e9","2250baa163fd3a11050f111590612a621e0a00000000000000ffffffffffffffffffffffff",3.63,,0.32,17,21.56,38.33,99494.00,5.00,0,0,0,0,,,-1.00,-1.00,-1.00,-1.00,-1.00,-1.00
2022-12-07T00:37:27Z,"0002cc01000003e9","2250baa2c7fd3a110517111583612b62440800000000000000ffffffffffffffffffffffff",3.63,,0.32,17,21.51,38.39,99498.00,4.00,0,0,0,0,,,-1.00,-1.00,-1.00,-1.00,-1.00,-1.00
2022-12-07T00:43:23Z,"0002cc01000003e9","2250baa42bfd3a11050f111574612c625e0800000000000000ffffffffffffffffffffffff",3.63,,0.32,17,21.45,38.42,99503.00,16.00,0,0,0,0,,,-1.00,-1.00,-1.00,-1.00,-1.00,-1.00
2022-12-07T00:49:19Z,"0002cc01000003e9","2250baa58ffd3a09050f111569612e6285f000000000000000ffffffffffffffffffffffff",3.63,,0.32,17,21.41,38.48,99509.00,0.00,0,0,0,0,,,-1.00,-1.00,-1.00,-1.00,-1.00,-1.00
2022-12-07T00:55:15Z,"0002cc01000003e9","2250baa6f3fd3a11050f11155d612e62cf0b00000000000000ffffffffffffffffffffffff",3.63,,0.32,17,21.36,38.60,99511.00,11.00,0,0,0,0,,,-1.00,-1.00,-1.00,-1.00,-1.00,-1.00
2022-12-07T01:01:11Z,"0002cc01000003e9","2250baa857fd3a1105171115556130631a0800000000000000ffffffffffffffffffffffff",3.63,,0.32,17,21.33,38.71,99517.00,2.00,0,0,0,0,,,-1.00,-1.00,-1.00,-1.00,-1.00,-1.00
2022-12-07T01:07:07Z,"0002cc01000003e9","2250baa9bbfd3a11051711154d612f632e0c00000000000000ffffffffffffffffffffffff",3.63,,0.32,17,21.30,38.74,99513.00,6.00,0,0,0,0,,,-1.00,-1.00,-1.00,-1.00,-1.00,-1.00
2022-12-07T01:13:03Z,"0002cc01000003e9","2250baab1ffd3a11050f111546612f635d0a00000000000000ffffffffffffffffffffffff",3.63,,0.32,17,21.27,38.81,99515.00,10.00,0,0,0,0,,,-1.00,-1.00,-1.00,-1.00,-1.00,-1.00
2022-12-07T01:19:00Z,"0002cc01000003e9","2250baac84fd3a0d051711153b61326393f000000000000000ffffffffffffffffffffffff",3.63,,0.32,17,21.23,38.90,99524.00,0.00,0,0,0,0,,,-1.00,-1.00,-1.00,-1.00,-1.00,-1.00
2022-12-07T01:24:56Z,"0002cc01000003e9","2250baade8fd3a110517111536613363caf000000000000000ffffffffffffffffffffffff",3.63,,0.32,17,21.21,38.98,99528.00,0.00,0,0,0,0,,,-1.00,-1.00,-1.00,-1.00,-1.00,-1.00
2022-12-07T01:30:52Z,"0002cc01000003e9","2250baaf4cfd3a0d050f1115346134640ef000000000000000ffffffffffffffffffffffff",3.63,,0.32,17,21.20,39.08,99535.00,0.00,0,0,0,0,,,-1.00,-1.00,-1.00,-1.00,-1.00,-1.00
2022-12-07T01:36:48Z,"0002cc01000003e9","2250bab0b0fd3a0d051f11152c613464290800000000000000ffffffffffffffffffffffff",3.63,,0.32,17,21.17,39.13,99533.00,4.00,0,0,0,0,,,-1.00,-1.00,-1.00,-1.00,-1.00,-1.00
2022-12-07T01:42:44Z,"0002cc01000003e9","2250bab214fd3a09050f111529613464600800000000000000ffffffffffffffffffffffff",3.63,,0.32,17,21.16,39.21,99532.00,1.00,0,0,0,0,,,-1.00,-1.00,-1.00,-1.00,-1.00,-1.00
2022-12-07T01:48:40Z,"0002cc01000003e9","2250bab378fd3a1105171115246132646e0a00000000000000ffffffffffffffffffffffff",3.63,,0.32,17,21.14,39.23,99527.00,5.00,0,0,0,0,,,-1.00,-1.00,-1.00,-1.00,-1.00,-1.00
2022-12-07T01:54:36Z,"0002cc01000003e9","2250bab4dcfd3a110517111524613664820800000000000000ffffffffffffffffffffffff",3.63,,0.32,17,21.14,39.26,99542.00,1.00,0,0,0,0,,,-1.00,-1.00,-1.00,-1.00,-1.00,-1.00
2022-12-07T02:00:32Z,"0002cc01000003e9","2250bab640fd3a11050f111522613664a50b00000000000000ffffffffffffffffffffffff",3.63,,0.32,17,21.13,39.31,99543.00,22.00,0,0,0,0,,,-1.00,-1.00,-1.00,-1.00,-1.00,-1.00
2022-12-07T02:06:28Z,"0002cc01000003e9","2250bab7a4fd3a11050f11151f613764b90a00000000000000ffffffffffffffffffffffff",3.63,,0.32,17,21.12,39.35,99544.00,10.00,0,0,0,0,,,-1.00,-1.00,-1.00,-1.00,-1.00,-1.00
2022-12-07T02:12:24Z,"0002cc01000003e9","2250bab908fd3a09050f11151a613a64dbf000000000000000ffffffffffffffffffffffff",3.63,,0.32,17,21.10,39.40,99559.00,0.00,0,0,0,0,,,-1.00,-1.00,-1.00,-1.00,-1.00,-1.00
2022-12-07T02:18:20Z,"0002cc01000003e9","2250baba6cfd3a19050f111515613d650b0c80000000000000ffffffffffffffffffffffff",3.63,,0.32,17,21.08,39.47,99571.00,25.00,0,0,0,0,,,-1.00,-1.00,-1.00,-1.00,-1.00,-1.00
2022-12-07T02:24:16Z,"0002cc01000003e9","2250babbd0fd3a11050f111515613f6527f000000000000000ffffffffffffffffffffffff",3.63,,0.32,17,21.08,39.51,99576.00,0.00,0,0,0,0,,,-1.00,-1.00,-1.00,-1.00,-1.00,-1.00
2022-12-07T02:30:12Z,"0002cc01000003e9","2250babd34fd3a110517111512614165340c00000000000000ffffffffffffffffffffffff",3.63,,0.32,17,21.07,39.53,99585.00,24.00,0,0,0,0,,,-1.00,-1.00,-1.00,-1.00,-1.00,-1.00
2022-12-07T02:36:08Z,"0002cc01000003e9","2250babe98fd3a11050f1115106143653a0e00000000000000ffffffffffffffffffffffff",3.63,,0.32,17,21.06,39.54,99594.00,14.00,0,0,0,0,,,-1.00,-1.00,-1.00,-1.00,-1.00,-1.00
2022-12-07T02:42:04Z,"0002cc01000003e9","2250babffcfd3a11051711150d614665410f00000000000000ffffffffffffffffffffffff",3.63,,0.32,17,21.05,39.55,99607.00,15.00,0,0,0,0,,,-1.00,-1.00,-1.00,-1.00,-1.00,-1.00
2022-12-07T02:48:00Z,"0002cc01000003e9","2250bac160fd3a11051711150b614765560c00000000000000ffffffffffffffffffffffff",3.63,,0.32,17,21.04,39.58,99610.00,12.00,0,0,0,0,,,-1.00,-1.00,-1.00,-1.00,-1.00,-1.00
2022-12-07T02:53:56Z,"0002cc01000003e9","2250bac2c4fd3a110517111508614b6563f000000000000000ffffffffffffffffffffffff",3.63,,0.32,17,21.03,39.61,99625.00,0.00,0,0,0,0,,,-1.00,-1.00,-1.00,-1.00,-1.00,-1.00
2022-12-07T02:59:52Z,"0002cc01000003e9","2250bac428fd3a11050f1115066150654ef000000000000000ffffffffffffffffffffffff",3.63,,0.32,17,21.02,39.57,99644.00,0.00,0,0,0,0,,,-1.00,-1.00,-1.00,-1.00,-1.00,-1.00
2022-12-07T03:05:48Z,"0002cc01000003e9","2250bac58cfd3a0d05171115036151654c0800000000000000ffffffffffffffffffffffff",3.63,,0.32,17,21.01,39.57,99649.00,1.00,0,0,0,0,,,-1.00,-1.00,-1.00,-1.00,-1.00,-1.00
2022-12-07T03:11:44Z,"0002cc01000003e9","2250bac6f0fd3a110517111501615365450800000000000000ffffffffffffffffffffffff",3.63,,0.32,17,21.00,39.56,99657.00,1.00,0,0,0,0,,,-1.00,-1.00,-1.00,-1.00,-1.00,-1.00
2022-12-07T03:17:40Z,"0002cc01000003e9","2250bac854fd3a0905171114fe615365530b00000000000000ffffffffffffffffffffffff",3.63,,0.32,17,20.99,39.58,99656.00,11.00,0,0,0,0,,,-1.00,-1.00,-1.00,-1.00,-1.00,-1.00
2022-12-07T03:23:36Z,"0002cc01000003e9","2250bac9b8fd3a0d05171114fb6155657cf000000000000000ffffffffffffffffffffffff",3.63,,0.32,17,20.98,39.64,99667.00,0.00,0,0,0,0,,,-1.00,-1.00,-1.00,-1.00,-1.00,-1.00
2022-12-07T03:29:32Z,"0002cc01000003e9","2250bacb1cfd3a1105171114f96159658af000000000000000ffffffffffffffffffffffff",3.63,,0.32,17,20.97,39.66,99680.00,0.00,0,0,0,0,,,-1.00,-1.00,-1.00,-1.00,-1.00,-1.00
2022-12-07T03:35:29Z,"0002cc01000003e9","2250bacc81fd3a11051f1114f9615865900880000000000000ffffffffffffffffffffffff",3.63,,0.32,17,20.97,39.67,99677.00,17.00,0,0,0,0,,,-1.00,-1.00,-1.00,-1.00,-1.00,-1.00
2022-12-07T03:41:24Z,"0002cc01000003e9","2250bacde4fd3a1105171114f6615765890c00000000000000ffffffffffffffffffffffff",3.63,,0.32,17,20.96,39.66,99675.00,3.00,0,0,0,0,,,-1.00,-1.00,-1.00,-1.00,-1.00,-1.00
2022-12-07T03:47:21Z,"0002cc01000003e9","2250bacf49fd3a1105171114f46157659d0a80000000000000ffffffffffffffffffffffff",3.63,,0.32,17,20.95,39.69,99674.00,21.00,0,0,0,0,,,-1.00,-1.00,-1.00,-1.00,-1.00,-1.00
2022-12-07T03:53:17Z,"0002cc01000003e9","2250bad0adfd3a1105171114f1615865b20f00000000000000ffffffffffffffffffffffff",3.63,,0.32,17,20.94,39.72,99676.00,15.00,0,0,0,0,,,-1.00,-1.00,-1.00,-1.00,-1.00,-114634.37
2022-12-07T03:59:13Z,"0002cc01000003e9","2250bad211fd3a0905171114ef615965d4f000000000000000ffffffffffffffffffffffff",3.63,,0.32,17,20.93,39.78,99682.00,0.00,0,0,0,0,,,-1.00,-1.00,-1.00,-1.00,-1.00,-1.00
2022-12-07T04:05:09Z,"0002cc01000003e9","2250bad375fd3a1105171114ec615965e2f000000000000000ffffffffffffffffffffffff",3.63,,0.32,17,20.92,39.80,99682.00,0.00,0,0,0,0,,,-1.00,-1.00,-1.00,-1.00,-1.00,-1.00
2022-12-07T04:11:05Z,"0002cc01000003e9","2250bad4d9fd3a1105171114ef615866130800000000000000ffffffffffffffffffffffff",3.63,,0.32,17,20.93,39.87,99679.00,1.00,0,0,0,0,,,-1.00,-1.00,-1.00,-1.00,-1.00,-1.00
2022-12-07T04:17:01Z,"0002cc01000003e9","2250bad63dfd3a11050f1114ec615c66050800000000000000ffffffffffffffffffffffff",3.63,,0.32,17,20.92,39.85,99692.00,1.00,0,0,0,0,,,-1.00,-1.00,-1.00,-1.00,-1.00,-1.00
2022-12-07T04:22:57Z,"0002cc01000003e9","2250bad7a1fd3a0905171114ef615e6619f000000000000000ffffffffffffffffffffffff",3.63,,0.32,17,20.93,39.88,99700.00,0.00,0,0,0,0,,,-1.00,-1.00,-1.00,-1.00,-1.00,-1.00
2022-12-07T04:28:53Z,"0002cc01000003e9","2250bad905fd3a0105171114ec615f6619f000000000000000ffffffffffffffffffffffff",3.62,,0.32,17,20.92,39.88,99705.00,0.00,0,0,0,0,,,-1.00,-1.00,-1.00,-1.00,-1.00,-1.00
2022-12-07T04:34:49Z,"0002cc01000003e9","2250bada69fd3a0905171114e76162662d0900000000000000ffffffffffffffffffffffff",3.63,,0.32,17,20.90,39.91,99718.00,9.00,0,0,0,0,,,-1.00,-1.00,-1.00,-1.00,-1.00,-1.00
2022-12-07T04:40:45Z,"0002cc01000003e9","2250badbcdfd3a11050f1114e76164660a0800000000000000ffffffffffffffffffffffff",3.63,,0.32,17,20.90,39.86,99727.00,4.00,0,0,0,0,,,-1.00,-1.00,-1.00,-1.00,-1.00,-1.00
2022-12-07T04:46:41Z,"0002cc01000003e9","2250badd31fd3a11050f1114e46166662cf000000000000000ffffffffffffffffffffffff",3.63,,0.32,17,20.89,39.91,99735.00,0.00,0,0,0,0,,,-1.00,-1.00,-1.00,-1.00,-1.00,-1.00
2022-12-07T04:52:37Z,"0002cc01000003e9","2250bade95fd3a0905171114e26168665d0800000000000000ffffffffffffffffffffffff",3.63,,0.32,17,20.88,39.99,99740.00,4.00,0,0,0,0,,,-1.00,-1.00,-1.00,-1.00,-1.00,-1.00
2022-12-07T04:58:33Z,"0002cc01000003e9","2250badff9fd3a1105231114df616c665c0d00000000000000ffffffffffffffffffffffff",3.63,,0.32,17,20.87,39.99,99758.00,13.00,0,0,0,0,,,-1.00,-1.00,-1.00,-1.00,-1.00,-1.00
2022-12-07T05:04:29Z,"0002cc01000003e9","2250bae15dfd3a0905171114dd616d66550a80000000000000ffffffffffffffffffffffff",3.63,,0.32,17,20.86,39.97,99761.00,21.00,0,0,0,0,,,-1.00,-1.00,-1.00,-1.00,-1.00,-1.00
2022-12-07T05:10:25Z,"0002cc01000003e9","2250bae2c1fd3a1105171114da616d6662f000000000000000ffffffffffffffffffffffff",3.63,,0.32,17,20.85,39.99,99761.00,0.00,0,0,0,0,,,-1.00,-1.00,-1.00,-1.00,-1.00,-1.00
2022-12-07T05:16:21Z,"0002cc01000003e9","2250bae425fd3a0905171114d8616d668c0900000000000000ffffffffffffffffffffffff",3.63,,0.32,17,20.84,40.06,99760.00,9.00,0,0,0,0,,,-1.00,-1.00,-1.00,-1.00,-1.00,-1.00
2022-12-07T05:22:17Z,"0002cc01000003e9","2250bae589fd3a1105171114d5616c66840f00000000000000ffffffffffffffffffffffff",3.63,,0.32,17,20.83,40.05,99756.00,15.00,0,0,0,0,,,-1.00,-1.00,-1.00,-1.00,-1.00,-1.00
2022-12-07T05:28:13Z,"0002cc01000003e9","2250bae6edfd3a11050f1114d5616d667d0b00000000000000ffffffffffffffffffffffff",3.63,,0.32,17,20.83,40.04,99760.00,22.00,0,0,0,0,,,-1.00,-1.00,-1.00,-1.00,-1.00,-1.00
2022-12-07T05:34:09Z,"0002cc01000003e9","2250bae851fd3a0905171114d5616e668bf000000000000000ffffffffffffffffffffffff",3.63,,0.32,17,20.83,40.06,99767.00,0.00,0,0,0,0,,,-1.00,-1.00,-1.00,-1.00,-1.00,-1.00
2022-12-07T05:40:05Z,"0002cc01000003e9","2250bae9b5fd3a1105171114d5616e6667f000000000000000ffffffffffffffffffffffff",3.63,,0.32,17,20.83,40.00,99766.00,0.00,0,0,0,0,,,-1.00,-1.00,-1.00,-1.00,-1.00,-1.00
2022-12-07T05:46:02Z,"0002cc01000003e9","2250baeb1afd3a0d050f1114d561726675f000000000000000ffffffffffffffffffffffff",3.63,,0.32,17,20.83,40.02,99783.00,0.00,0,0,0,0,,,-1.00,-1.00,-1.00,-1.00,-1.00,-1.00
2022-12-07T05:51:58Z,"0002cc01000003e9","2250baec7efd3a1105171114d0617466830d00000000000000ffffffffffffffffffffffff",3.63,,0.32,17,20.81,40.04,99791.00,13.00,0,0,0,0,,,-1.00,-1.00,-1.00,-1.00,-1.00,-1.00
2022-12-07T05:57:54Z,"0002cc01000003e9","2250baede2fd3a0905171114cd61736674f000000000000000ffffffffffffffffffffffff",3.63,,0.32,17,20.80,40.02,99784.00,0.00,0,0,0,0,,,-1.00,-1.00,-1.00,-1.00,-1.00,-1.00
2022-12-07T06:03:50Z,"0002cc01000003e9","2250baef46fd3a0905171114cb6175666d0d00000000000000ffffffffffffffffffffffff",3.63,,0.32,17,20.79,40.01,99792.00,13.00,0,0,0,0,,,-1.00,-1.00,-1.00,-1.00,-1.00,-1.00
2022-12-07T06:09:46Z,"0002cc01000003e9","2250baf0aafd3a0d05171114cb6175665f0b00000000000000ffffffffffffffffffffffff",3.63,,0.32,17,20.79,39.99,99792.00,22.00,0,0,0,0,,,-1.00,-1.00,-1.00,-1.00,-1.00,-1.00
2022-12-07T06:15:42Z,"0002cc01000003e9","2250baf20efd3a09051f1114c8617666570800000000000000ffffffffffffffffffffffff",3.63,,0.32,17,20.78,39.98,99799.00,4.00,0,0,0,0,,,-1.00,-1.00,-1.00,-1.00,-1.00,-1.00
2022-12-07T06:21:38Z,"0002cc01000003e9","2250baf372fd3a0d050f1114c3617666330e00000000000000ffffffffffffffffffffffff",3.63,,0.32,17,20.76,39.92,99799.00,7.00,0,0,0,0,,,-1.00,-1.00,-1.00,-1.00,-1.00,-1.00
2022-12-07T06:27:34Z,"0002cc01000003e9","2250baf4d6fd3a1105171114c36178661ef000000000000000ffffffffffffffffffffffff",3.63,,0.32,17,20.76,39.89,99806.00,0.00,0,0,0,0,,,-1.00,-1.00,-1.00,-1.00,-1.00,-1.00
2022-12-07T06:33:30Z,"0002cc01000003e9","2250baf63afd3a0d05171114c1617b65fa0e00000000000000ffffffffffffffffffffffff",3.63,,0.32,17,20.75,39.84,99819.00,28.00,0,0,0,0,,,-1.00,-1.00,-1.00,-1.00,-1.00,-1.00
2022-12-07T06:39:26Z,"0002cc01000003e9","2250baf79efd3a1105171114c1617c65d1f000000000000000ffffffffffffffffffffffff",3.63,,0.32,17,20.75,39.77,99823.00,0.00,0,0,0,0,,,-1.00,-1.00,-1.00,-1.00,-1.00,-1.00
2022-12-07T06:45:22Z,"0002cc01000003e9","2250baf902fd3a0d05171114c1617f65a0f000000000000000ffffffffffffffffffffffff",3.63,,0.32,17,20.75,39.70,99834.00,0.00,0,0,0,0,,,-1.00,-1.00,-1.00,-1.00,-1.00,-1.00
2022-12-07T06:51:18Z,"0002cc01000003e9","2250bafa66fd3a1105171114be6180658af000000000000000ffffffffffffffffffffffff",3.63,,0.32,17,20.74,39.67,99839.00,0.00,0,0,0,0,,,-1.00,-1.00,-1.00,-1.00,-1.00,-1.00
2022-12-07T06:57:14Z,"0002cc01000003e9","2250bafbcafd3a1105171114be61806567f000000000000000ffffffffffffffffffffffff",3.63,,0.32,17,20.74,39.61,99837.00,0.00,0,0,0,0,,,-1.00,-1.00,-1.00,-1.00,-1.00,-1.00
2022-12-07T07:03:10Z,"0002cc01000003e9","2250bafd2efd3a1105171114be617e653df000000000000000ffffffffffffffffffffffff",3.63,,0.32,17,20.74,39.55,99830.00,0.00,0,0,0,0,,,-1.00,-1.00,-1.00,-1.00,-1.00,-1.00
2022-12-07T07:09:06Z,"0002cc01000003e9","2250bafe92fd3a1105171114be618065360880000000000000ffffffffffffffffffffffff",3.63,,0.32,17,20.74,39.54,99839.00,17.00,0,0,0,0,,,-1.00,-1.00,-1.00,-1.00,-1.00,-1.00
2022-12-07T07:15:02Z,"0002cc01000003e9","2250bafff6fd3a0d05171114be618265360d00000000000000ffffffffffffffffffffffff",3.63,,0.32,17,20.74,39.54,99847.00,13.00,0,0,0,0,,,-1.00,-1.00,-1.00,-1.00,-1.00,-1.00
2022-12-07T07:20:58Z,"0002cc01000003e9","2250bb015afd3a1105171114bb61846528f000000000000000ffffffffffffffffffffffff",3.63,,0.32,17,20.73,39.51,99853.00,0.00,0,0,0,0,,,-1.00,-1.00,-1.00,-1.00,-1.00,-1.00
2022-12-07T07:26:54Z,"0002cc01000003e9","2250bb02befd3a0505171114b961846519f000000000000000ffffffffffffffffffffffff",3.63,,0.32,17,20.72,39.49,99855.00,0.00,0,0,0,0,,,-1.00,-1.00,-1.00,-1.00,-1.00,-1.00
2022-12-07T07:32:50Z,"0002cc01000003e9","2250bb0422fd3a1105171114b6618565120a00000000000000ffffffffffffffffffffffff",3.63,,0.32,17,20.71,39.48,99857.00,10.00,0,0,0,0,,,-1.00,-1.00,-1.00,-1.00,-1.00,-1.00
2022-12-07T07:38:46Z,"0002cc01000003e9","2250bb0586fd3a1105171114b6618365180800000000000000ffffffffffffffffffffffff",3.63,,0.32,17,20.71,39.49,99850.00,2.00,0,0,0,0,,,-1.00,-1.00,-1.00,-1.00,-1.00,-1.00
2022-12-07T07:44:42Z,"0002cc01000003e9","2250bb06eafd3a0d05171114b4618365180c00000000000000ffffffffffffffffffffffff",3.63,,0.32,17,20.70,39.49,99848.00,12.00,0,0,0,0,,,-1.00,-1.00,-1.00,-1.00,-1.00,-1.00
2022-12-07T07:50:39Z,"0002cc01000003e9","2250bb084ffd3a1105171114b4618465170800000000000000ffffffffffffffffffffffff",3.63,,0.32,17,20.70,39.49,99854.00,1.00,0,0,0,0,,,-1.00,-1.00,-1.00,-1.00,-1.00,-1.00
2022-12-07T07:56:35Z,"0002cc01000003e9","2250bb09b3fd3a0d051f1114b1618665020a00000000000000ffffffffffffffffffffffff",3.63,,0.32,17,20.69,39.46,99860.00,5.00,0,0,0,0,,,-1.00,-1.00,-1.00,-1.00,-1.00,-1.00
2022-12-07T08:02:30Z,"0002cc01000003e9","2250bb0b16fd3a0905171114af618764e6f000000000000000ffffffffffffffffffffffff",3.63,,0.32,17,20.68,39.41,99867.00,0.00,0,0,0,0,,,-1.00,-1.00,-1.00,-1.00,-1.00,-1.00
2022-12-07T08:08:27Z,"0002cc01000003e9","2250bb0c7bfd3a1105171114af618a64c30a00000000000000ffffffffffffffffffffffff",3.63,,0.32,17,20.68,39.36,99878.00,10.00,0,0,0,0,,,-1.00,-1.00,-1.00,-1.00,-1.00,-1.00
2022-12-07T08:14:23Z,"0002cc01000003e9","2250bb0ddffd3a1105171114af618a64ae0e00000000000000ffffffffffffffffffffffff",3.63,,0.32,17,20.68,39.33,99878.00,14.00,0,0,0,0,,,-1.00,-1.00,-1.00,-1.00,-1.00,-1.00
2022-12-07T08:20:19Z,"0002cc01000003e9","2250bb0f43fd3a0d05171114ac618d64a0f000000000000000ffffffffffffffffffffffff",3.63,,0.32,17,20.67,39.31,99889.00,0.00,0,0,0,0,,,-1.00,-1.00,-1.00,-1.00,-1.00,-1.00
2022-12-07T08:26:15Z,"0002cc01000003e9","2250bb10a7fd3a0d05171114ac618f6491f000000000000000ffffffffffffffffffffffff",3.63,,0.32,17,20.67,39.28,99896.00,0.00,0,0,0,0,,,-1.00,-1.00,-1.00,-1.00,-1.00,-1.00
2022-12-07T08:32:11Z,"0002cc01000003e9","2250bb120bfd3a0105171114ac619264910e00000000000000ffffffffffffffffffffffff",3.62,,0.32,17,20.67,39.28,99909.00,7.00,0,0,0,0,,,-1.00,-1.00,-1.00,-1.00,-1.00,-1.00
2022-12-07T08:38:07Z,"0002cc01000003e9","2250bb136ffd3a0d05171114a9619364970b80000000000000ffffffffffffffffffffffff",3.63,,0.32,17,20.66,39.29,99912.00,23.00,0,0,0,0,,,-1.00,-1.00,-1.00,-1.00,-1.00,-1.00
2022-12-07T08:44:03Z,"0002cc01000003e9","2250bb14d3fd3a0d05171114a761956497f000000000000000ffffffffffffffffffffffff",3.63,,0.32,17,20.65,39.29,99920.00,0.00,0,0,0,0,,,-1.00,-1.00,-1.00,-1.00,-1.00,-1.00
2022-12-07T08:49:59Z,"0002cc01000003e9","2250bb1637fd3a0905171114a4619464890e00000000000000ffffffffffffffffffffffff",3.63,,0.32,17,20.64,39.27,99919.00,7.00,0,0,0,0,,,-1.00,-1.00,-1.00,-1.00,-1.00,-1.00
2022-12-07T08:55:55Z,"0002cc01000003e9","2250bb179bfd3a0d05171114a46196647a0a00000000000000ffffffffffffffffffffffff",3.63,,0.32,17,20.64,39.25,99927.00,20.00,0,0,0,0,,,-1.00,-1.00,-1.00,-1.00,-1.00,-1.00
2022-12-07T09:01:51Z,"0002cc01000003e9","2250bb18fffd3a0d05171114a2619864730d00000000000000ffffffffffffffffffffffff",3.63,,0.32,17,20.63,39.24,99935.00,13.00,0,0,0,0,,,-1.00,-1.00,-1.00,-1.00,-1.00,-1.00
2022-12-07T09:07:47Z,"0002cc01000003e9","2250bb1a63fd3a0d05171114a2619a64650c00000000000000ffffffffffffffffffffffff",3.63,,0.32,17,20.63,39.22,99943.00,12.00,0,0,0,0,,,-1.00,-1.00,-1.00,-1.00,-1.00,-1.00
2022-12-07T09:13:43Z,"0002cc01000003e9","2250bb1bc7fd3a11051711149f619b645e0800000000000000ffffffffffffffffffffffff",3.63,,0.32,17,20.62,39.21,99947.00,16.00,0,0,0,0,,,-1.00,-1.00,-1.00,-1.00,-1.00,-1.00
2022-12-07T09:19:39Z,"0002cc01000003e9","2250bb1d2bfd3a0d051711149f619d64560800000000000000ffffffffffffffffffffffff",3.63,,0.32,17,20.62,39.19,99955.00,4.00,0,0,0,0,,,-1.00,-1.00,-1.00,-1.00,-1.00,-1.00
2022-12-07T09:25:35Z,"0002cc01000003e9","2250bb1e8ffd3a0d051711149a619d64710d00000000000000ffffffffffffffffffffffff",3.63,,0.32,17,20.60,39.24,99955.00,13.00,0,0,0,0,,,-1.00,-1.00,-1.00,-1.00,-1.00,-1.00
2022-12-07T09:31:31Z,"0002cc01000003e9","2250bb1ff3fd3a0d050f111495619e6485f000000000000000ffffffffffffffffffffffff",3.63,,0.32,17,20.58,39.27,99958.00,0.00,0,0,0,0,,,-1.00,-1.00,-1.00,-1.00,-1.00,-1.00
2022-12-07T09:37:27Z,"0002cc01000003e9","2250bb2157fd3a110517111495619f649a0c00000000000000ffffffffffffffffffffffff",3.63,,0.32,17,20.58,39.30,99960.00,12.00,0,0,0,0,,,-1.00,-1.00,-1.00,-1.00,-1.00,-1.00
2022-12-07T09:43:23Z,"0002cc01000003e9","2250bb22bbfd3a11051711149261a064a70b00000000000000ffffffffffffffffffffffff",3.63,,0.32,17,20.57,39.32,99964.00,11.00,0,0,0,0,,,-1.00,-1.00,-1.00,-1.00,-1.00,-1.00
2022-12-07T09:49:19Z,"0002cc01000003e9","2250bb241ffd3a01051711149261a164bc0800000000000000ffffffffffffffffffffffff",3.62,,0.32,17,20.57,39.35,99969.00,8.00,0,0,0,0,,,-1.00,-1.00,-1.00,-1.00,-1.00,-1.00
2022-12-07T09:55:15Z,"0002cc01000003e9","2250bb2583fd3a11051f11149261a364d20d80000000000000ffffffffffffffffffffffff",3.63,,0.32,17,20.57,39.38,99976.00,27.00,0,0,0,0,,,-1.00,-1.00,-1.00,-1.00,-1.00,-1.00
2022-12-07T10:01:12Z,"0002cc01000003e9","2250bb26e8fd3a09051711149061a764ec0c00000000000000ffffffffffffffffffffffff",3.63,,0.32,17,20.56,39.42,99993.00,6.00,0,0,0,0,,,-1.00,-1.00,-1.00,-1.00,-1.00,-1.00
2022-12-07T10:07:08Z,"0002cc01000003e9","2250bb284cfd3a01051711149061aa6509f000000000000000ffffffffffffffffffffffff",3.62,,0.32,17,20.56,39.47,100005.00,0.00,0,0,0,0,,,-1.00,-1.00,-1.00,-1.00,-1.00,-1.00
2022-12-07T10:13:04Z,"0002cc01000003e9","2250bb29b0fd3a0d050f11149061ac65020900000000000000ffffffffffffffffffffffff",3.63,,0.32,17,20.56,39.46,100014.00,9.00,0,0,0,0,,,-1.00,-1.00,-1.00,-1.00,-1.00,-1.00
2022-12-07T10:19:00Z,"0002cc01000003e9","2250bb2b14fd3a0d051711149061ac65020800000000000000ffffffffffffffffffffffff",3.63,,0.32,17,20.56,39.46,100013.00,4.00,0,0,0,0,,,-1.00,-1.00,-1.00,-1.00,-1.00,-1.00
2022-12-07T10:24:56Z,"0002cc01000003e9","2250bb2c78fd3a09051711149061ac6502f000000000000000ffffffffffffffffffffffff",3.63,,0.32,17,20.56,39.46,100015.00,0.00,0,0,0,0,,,-1.00,-1.00,-1.00,-1.00,-1.00,-1.00
2022-12-07T10:30:52Z,"0002cc01000003e9","2250bb2ddcfd3a01051711148d61ae65010c00000000000000ffffffffffffffffffffffff",3.62,,0.32,17,20.55,39.46,100021.00,3.00,0,0,0,0,,,-1.00,-1.00,-1.00,-1.00,-1.00,-1.00
2022-12-07T10:36:48Z,"0002cc01000003e9","2250bb2f40fd3a0d051711148b61b064f30800000000000000ffffffffffffffffffffffff",3.63,,0.32,17,20.54,39.43,100030.00,4.00,0,0,0,0,,,-1.00,-1.00,-1.00,-1.00,-1.00,-1.00
2022-12-07T10:42:44Z,"0002cc01000003e9","2250bb30a4fd3a0d051711148b61b264e50800000000000000ffffffffffffffffffffffff",3.63,,0.32,17,20.54,39.41,100038.00,8.00,0,0,0,0,,,-1.00,-1.00,-1.00,-1.00,-1.00,-1.00
2022-12-07T10:48:40Z,"0002cc01000003e9","2250bb3208fd3a0d051711148861b264d70800000000000000ffffffffffffffffffffffff",3.63,,0.32,17,20.53,39.39,100039.00,1.00,0,0,0,0,,,-1.00,-1.00,-1.00,-1.00,-1.00,-1.00
2022-12-07T10:54:36Z,"0002cc01000003e9","2250bb336cfd3a0d051711148661b564cef000000000000000ffffffffffffffffffffffff",3.63,,0.32,17,20.52,39.38,100048.00,0.00,0,0,0,0,,,-1.00,-1.00,-1.00,-1.00,-1.00,-1.00
2022-12-07T11:00:32Z,"0002cc01000003e9","2250bb34d0fd3a09050f11148661b764b90f00000000000000ffffffffffffffffffffffff",3.63,,0.32,17,20.52,39.35,100057.00,15.00,0,0,0,0,,,-1.00,-1.00,-1.00,-1.00,-1.00,-1.00
2022-12-07T11:06:28Z,"0002cc01000003e9","2250bb3634fd3a01051711148661b5649ef000000000000000ffffffffffffffffffffffff",3.62,,0.32,17,20.52,39.30,100051.00,0.00,0,0,0,0,,,-1.00,-1.00,-1.00,-1.00,-1.00,-1.00
2022-12-07T11:12:24Z,"0002cc01000003e9","2250bb3798fd3a0d051711148661b764820b00000000000000ffffffffffffffffffffffff",3.63,,0.32,17,20.52,39.26,100056.00,11.00,0,0,0,0,,,-1.00,-1.00,-1.00,-1.00,-1.00,-1.00
2022-12-07T11:18:20Z,"0002cc01000003e9","2250bb38fcfd3a09051711148661b464730c00000000000000ffffffffffffffffffffffff",3.63,,0.32,17,20.52,39.24,100046.00,6.00,0,0,0,0,,,-1.00,-1.00,-1.00,-1.00,-1.00,-1.00
2022-12-07T11:24:16Z,"0002cc01000003e9","2250bb3a60fd3a0d051711148861b564660980000000000000ffffffffffffffffffffffff",3.63,,0.32,17,20.53,39.22,100051.00,19.00,0,0,0,0,,,-1.00,-1.00,-1.00,-1.00,-1.00,-1.00
2022-12-07T11:30:12Z,"0002cc01000003e9","2250bb3bc4fd3a0d051711148661b664580d00000000000000ffffffffffffffffffffffff",3.63,,0.32,17,20.52,39.20,100053.00,13.00,0,0,0,0,,,-1.00,-1.00,-1.00,-1.00,-1.00,-1.00
2022-12-07T11:36:08Z,"0002cc01000003e9","2250bb3d28fd3a0d051711149061b664450800000000000000ffffffffffffffffffffffff",3.63,,0.32,17,20.56,39.17,100054.00,8.00,0,0,0,0,,,-1.00,-1.00,-1.00,-1.00,-1.00,-1.00
2022-12-07T11:42:04Z,"0002cc01000003e9","2250bb3e8cfd3a01051711149f61b664100e00000000000000ffffffffffffffffffffffff",3.62,,0.32,17,20.62,39.09,100053.00,14.00,0,0,0,0,,,-1.00,-1.00,-1.00,-1.00,-1.00,-1.00
2022-12-07T11:48:00Z,"0002cc01000003e9","2250bb3ff0fd3a0d05171114ac61b563cdf000000000000000ffffffffffffffffffffffff",3.63,,0.32,17,20.67,38.99,100051.00,0.00,0,0,0,0,,,-1.00,-1.00,-1.00,-1.00,-1.00,-1.00
2022-12-07T11:53:56Z,"0002cc01000003e9","2250bb4154fd3a0d05171114b661b4639e08c0000000000000ffffffffffffffffffffffff",3.63,,0.32,17,20.71,38.91,100047.00,35.00,0,0,0,0,,,-1.00,-1.00,-1.00,-1.00,-1.00,-1.00
2022-12-07T11:59:53Z,"0002cc01000003e9","2250bb42b9fd3a0105171114be61b7637ef000000000000000ffffffffffffffffffffffff",3.62,,0.32,17,20.74,38.86,100056.00,0.00,0,0,0,0,,,-1.00,-1.00,-1.00,-1.00,-1.00,-1.00
2022-12-07T12:05:49Z,"0002cc01000003e9","2250bb441dfd3a0105171114bb61ba6369f000000000000000ffffffffffffffffffffffff",3.62,,0.32,17,20.73,38.83,100070.00,0.00,0,0,0,0,,,-1.00,-1.00,-1.00,-1.00,-1.00,-1.00
2022-12-07T12:11:45Z,"0002cc01000003e9","2250bb4581fd3a0d05171114bb61bc637d0800000000000000ffffffffffffffffffffffff",3.63,,0.32,17,20.73,38.86,100077.00,2.00,0,0,0,0,,,-1.00,-1.00,-1.00,-1.00,-1.00,-1.00
2022-12-07T12:17:40Z,"0002cc01000003e9","2250bb46e4fd3a0d05171114b961bd6359f000000000000000ffffffffffffffffffffffff",3.63,,0.32,17,20.72,38.81,100082.00,0.00,0,0,0,0,,,-1.00,-1.00,-1.00,-1.00,-1.00,-1.00
2022-12-07T12:23:37Z,"0002cc01000003e9","2250bb4849fd3a0d050f1114bb61be63370980000000000000ffffffffffffffffffffffff",3.63,,0.32,17,20.73,38.76,100085.00,19.00,0,0,0,0,,,-1.00,-1.00,-1.00,-1.00,-1.00,-1.00
2022-12-07T12:29:33Z,"0002cc01000003e9","2250bb49adfd3a0d05171114bb61c06300f000000000000000ffffffffffffffffffffffff",3.63,,0.32,17,20.73,38.67,100092.00,0.00,0,0,0,0,,,-1.00,-1.00,-1.00,-1.00,-1.00,-1.00
2022-12-07T12:35:29Z,"0002cc01000003e9","2250bb4b11fd3a0105171114b661c462f00d00000000000000ffffffffffffffffffffffff",3.62,,0.32,17,20.71,38.65,100108.00,26.00,0,0,0,0,,,-1.00,-1.00,-1.00,-1.00,-1.00,-1.00
2022-12-07T12:41:25Z,"0002cc01000003e9","2250bb4c75fd3a0d05171114b461c762e20800000000000000ffffffffffffffffffffffff",3.63,,0.32,17,20.70,38.63,100120.00,4.00,0,0,0,0,,,-1.00,-1.00,-1.00,-1.00,-1.00,-1.00
2022-12-07T12:47:21Z,"0002cc01000003e9","2250bb4dd9fd3a01050f1114b161cc62e80880000000000000ffffffffffffffffffffffff",3.62,,0.32,17,20.69,38.64,100142.00,17.00,0,0,0,0,,,-1.00,-1.00,-1.00,-1.00,-1.00,-1.00
2022-12-07T12:53:17Z,"0002cc01000003e9","2250bb4f3dfd3a0d050f1114b161cd62eff000000000000000ffffffffffffffffffffffff",3.63,,0.32,17,20.69,38.65,100144.00,0.00,0,0,0,0,,,-1.00,-1.00,-1.00,-1.00,-1.00,-1.00
2022-12-07T12:59:13Z,"0002cc01000003e9","2250bb50a1fd3a0d05171114b161cc62e10a00000000000000ffffffffffffffffffffffff",3.63,,0.32,17,20.69,38.63,100140.00,20.00,0,0,0,0,,,-1.00,-1.00,-1.00,-1.00,-1.00,-1.00
2022-12-07T13:05:09Z,"0002cc01000003e9","2250bb5205fd3a0d05171114b161cc62daf000000000000000ffffffffffffffffffffffff",3.63,,0.32,17,20.69,38.61,100143.00,0.00,0,0,0,0,,,-1.00,-1.00,-1.00,-1.00,-1.00,-1.00
2022-12-07T13:11:05Z,"0002cc01000003e9","2250bb5369fd3a0d05171114b161d362e10b00000000000000ffffffffffffffffffffffff",3.63,,0.32,17,20.69,38.63,100168.00,11.00,0,0,0,0,,,-1.00,-1.00,-1.00,-1.00,-1.00,-114628.24
2022-12-07T13:17:01Z,"0002cc01000003e9","2250bb54cdfd3a0d05171114b161d762be0c00000000000000ffffffffffffffffffffffff",3.63,,0.32,17,20.69,38.57,100184.00,6.00,0,0,0,0,,,-1.00,-1.00,-1.00,-1.00,-1.00,-1.00
2022-12-07T13:22:57Z,"0002cc01000003e9","2250bb5631fd3a0105171114af61db6271f000000000000000ffffffffffffffffffffffff",3.62,,0.32,17,20.68,38.45,100203.00,0.00,0,0,0,0,,,-1.00,-1.00,-1.00,-1.00,-1.00,-1.00
2022-12-07T13:28:53Z,"0002cc01000003e9","2250bb5795fd3a0d05171114b161d9622bf000000000000000ffffffffffffffffffffffff",3.63,,0.32,17,20.69,38.35,100192.00,0.00,0,0,0,0,,,-1.00,-1.00,-1.00,-1.00,-1.00,-1.00
2022-12-07T13:34:49Z,"0002cc01000003e9","2250bb58f9fd3a0d05171114b161da61def000000000000000ffffffffffffffffffffffff",3.63,,0.32,17,20.69,38.23,100196.00,0.00,0,0,0,0,,,-1.00,-1.00,-1.00,-1.00,-1.00,-1.00
2022-12-07T13:40:45Z,"0002cc01000003e9","2250bb5a5dfd3a0105171114b161dd61d0f000000000000000ffffffffffffffffffffffff",3.62,,0.32,17,20.69,38.21,100211.00,0.00,0,0,0,0,,,-1.00,-1.00,-1.00,-1.00,-1.00,-1.00
2022-12-07T13:46:41Z,"0002cc01000003e9","2250bb5bc1fd3a0d05171114b461e361b50880000000000000ffffffffffffffffffffffff",3.63,,0.32,17,20.70,38.17,100233.00,17.00,0,0,0,0,,,-1.00,-1.00,-1.00,-1.00,-1.00,-1.00
2022-12-07T13:52:37Z,"0002cc01000003e9","2250bb5d25fd3a0d05171114b661e961840880000000000000ffffffffffffffffffffffff",3.63,,0.32,17,20.71,38.09,100256.00,17.00,0,0,0,0,,,-1.00,-1.00,-1.00,-1.00,-1.00,-1.00
2022-12-07T13:58:33Z,"0002cc01000003e9","2250bb5e89fd3a0105171114b661e961450d00000000000000ffffffffffffffffffffffff",3.62,,0.32,17,20.71,38.00,100259.00,26.00,0,0,0,0,,,-1.00,-1.00,-1.00,-1.00,-1.00,-1.00
2022-12-07T14:04:30Z,"0002cc01000003e9","2250bb5feefd3a0105171114b461ea611b0800000000000000ffffffffffffffffffffffff",3.62,,0.32,17,20.70,37.93,100263.00,2.00,0,0,0,0,,,-1.00,-1.00,-1.00,-1.00,-1.00,-1.00
2022-12-07T14:10:26Z,"0002cc01000003e9","2250bb6152fd3a0105171114b461ed60ff0800000000000000ffffffffffffffffffffffff",3.62,,0.32,17,20.70,37.89,100272.00,1.00,0,0,0,0,,,-1.00,-1.00,-1.00,-1.00,-1.00,-114640.50
2022-12-07T14:16:21Z,"0002cc01000003e9","2250bb62b5fd3a0d05171114b161f160dbf000000000000000ffffffffffffffffffffffff",3.63,,0.32,17,20.69,37.83,100291.00,0.00,0,0,0,0,,,-1.00,-1.00,-1.00,-1.00,-1.00,-1.00
2022-12-07T14:22:18Z,"0002cc01000003e9","2250bb641afd3a0105171114b161f360b9f000000000000000ffffffffffffffffffffffff",3.62,,0.32,17,20.69,37.78,100299.00,0.00,0,0,0,0,,,-1.00,-1.00,-1.00,-1.00,-1.00,-1.00
2022-12-07T14:28:14Z,"0002cc01000003e9","2250bb657efd3a0d05171114b461f160b20800000000000000ffffffffffffffffffffffff",3.63,,0.32,17,20.70,37.77,100288.00,2.00,0,0,0,0,,,-1.00,-1.00,-1.00,-1.00,-1.00,-1.00
2022-12-07T14:34:10Z,"0002cc01000003e9","2250bb66e2fd3a0d05171114b461f760a40b00000000000000ffffffffffffffffffffffff",3.63,,0.32,17,20.70,37.75,100312.00,44.00,0,0,0,0,,,-1.00,-1.00,-1.00,-1.00,-1.00,-1.00
2022-12-07T14:40:06Z,"0002cc01000003e9","2250bb6846fd3a0d05171114b461fb609d0b80000000000000ffffffffffffffffffffffff",3.63,,0.32,17,20.70,37.74,100330.00,23.00,0,0,0,0,,,-1.00,-1.00,-1.00,-1.00,-1.00,-1.00
2022-12-07T14:46:02Z,"0002cc01000003e9","2250bb69aafd3a0105171114b661fb607b0f80000000000000ffffffffffffffffffffffff",3.62,,0.32,17,20.71,37.69,100331.00,31.00,0,0,0,0,,,-1.00,-1.00,-1.00,-1.00,-1.00,-1.00
2022-12-07T14:51:58Z,"0002cc01000003e9","2250bb6b0efd3a0d05171114b66201606d0980000000000000ffffffffffffffffffffffff",3.63,,0.32,17,20.71,37.67,100353.00,38.00,0,0,0,0,,,-1.00,-1.00,-1.00,-1.00,-1.00,-1.00
2022-12-07T14:57:54Z,"0002cc01000003e9","2250bb6c72fd3a0d05171114b66205605f0c00000000000000ffffffffffffffffffffffff",3.63,,0.32,17,20.71,37.65,100369.00,6.00,0,0,0,0,,,-1.00,-1.00,-1.00,-1.00,-1.00,-1.00
2022-12-07T15:03:50Z,"0002cc01000003e9","2250bb6dd6fd3a0d05171114b4620a60810a00000000000000ffffffffffffffffffffffff",3.63,,0.32,17,20.70,37.70,100391.00,5.00,0,0,0,0,,,-1.00,-1.00,-1.00,-1.00,-1.00,-114634.35
2022-12-07T15:09:46Z,"0002cc01000003e9","2250bb6f3afd3a0905171114b1620b60800900000000000000ffffffffffffffffffffffff",3.63,,0.32,17,20.69,37.70,100393.00,18.00,0,0,0,0,,,-1.00,-1.00,-1.00,-1.00,-1.00,-1.00
2022-12-07T15:15:42Z,"0002cc01000003e9","2250bb709efd3a0105171114b4620a606c0880000000000000ffffffffffffffffffffffff",3.62,,0.32,17,20.70,37.67,100389.00,17.00,0,0,0,0,,,-1.00,-1.00,-1.00,-1.00,-1.00,-1.00
2022-12-07T15:21:38Z,"0002cc01000003e9","2250bb7202fd3a0d050f1114b66208603c08c0000000000000ffffffffffffffffffffffff",3.63,,0.32,17,20.71,37.59,100383.00,35.00,0,0,0,0,,,-1.00,-1.00,-1.00,-1.00,-1.00,-1.00
2022-12-07T15:27:34Z,"0002cc01000003e9","2250bb7366fd3a0d05171114b9620960040cc0000000000000ffffffffffffffffffffffff",3.63,,0.32,17,20.72,37.51,100384.00,51.00,0,0,0,0,,,-1.00,-1.00,-1.00,-1.00,-1.00,-1.00
2022-12-07T15:33:30Z,"0002cc01000003e9","2250bb74cafd3a0d05171114b9620a5faa0a80000000000000ffffffffffffffffffffffff",3.63,,0.32,17,20.72,37.37,100390.00,21.00,0,0,0,0,,,-1.00,-1.00,-1.00,-1.00,-1.00,-1.00
2022-12-07T15:39:26Z,"0002cc01000003e9","2250bb762efd3a0505171114bb620d5f5d0a00000000000000ffffffffffffffffffffffff",3.63,,0.32,17,20.73,37.25,100400.00,40.00,0,0,0,0,,,-1.00,-1.00,-1.00,-1.00,-1.00,-1.00
2022-12-07T15:45:22Z,"0002cc01000003e9","2250bb7792fd3a0d05171114be62085f2508c0000000000000ffffffffffffffffffffffff",3.63,,0.32,17,20.74,37.17,100383.00,35.00,0,0,0,0,,,-1.00,-1.00,-1.00,-1.00,-1.00,-1.00
2022-12-07T15:51:18Z,"0002cc01000003e9","2250bb78f6fd3a0d05171114be620b5ee70800000000000000ffffffffffffffffffffffff",3.63,,0.32,17,20.74,37.07,100394.00,16.00,0,0,0,0,,,-1.00,-1.00,-1.00,-1.00,-1.00,-1.00
2022-12-07T15:57:14Z,"0002cc01000003e9","2250bb7a5afd3a0d05171114be620a5ee00f00000000000000ffffffffffffffffffffffff",3.63,,0.32,17,20.74,37.06,100389.00,15.00,0,0,0,0,,,-1.00,-1.00,-1.00,-1.00,-1.00,-1.00
2022-12-07T16:03:11Z,"0002cc01000003e9","2250bb7bbffd3a0d05171114c1620e5eb00900000000000000ffffffffffffffffffffffff",3.63,,0.32,17,20.75,36.99,100406.00,18.00,0,0,0,0,,,-1.00,-1.00,-1.00,-1.00,-1.00,-1.00
2022-12-07T16:09:07Z,"0002cc01000003e9","2250bb7d23fd3a0d050f1114c1620d5ea808e0000000000000ffffffffffffffffffffffff",3.63,,0.32,17,20.75,36.98,100401.00,71.00,0,0,0,0,,,-1.00,-1.00,-1.00,-1.00,-1.00,-1.00
2022-12-07T16:15:03Z,"0002cc01000003e9","2250bb7e87fd3a0d05171114c1620e5e9b0ac0000000000000ffffffffffffffffffffffff",3.63,,0.32,17,20.75,36.96,100407.00,43.00,0,0,0,0,,,-1.00,-1.00,-1.00,-1.00,-1.00,-114634.35
2022-12-07T16:20:59Z,"0002cc01000003e9","2250bb7febfd3a0d050f1114c162125ea20840000000000000ffffffffffffffffffffffff",3.63,,0.32,17,20.75,36.97,100423.00,33.00,0,0,0,0,,,-1.00,-1.00,-1.00,-1.00,-1.00,-115311.44
2022-12-07T16:26:55Z,"0002cc01000003e9","2250bb814ffd3a0d05171114c162155eb70f80000000000000ffffffffffffffffffffffff",3.63,,0.32,17,20.75,37.00,100434.00,62.00,0,0,0,0,,,-1.00,-1.00,-1.00,-1.00,-1.00,-114625.17
2022-12-07T16:32:51Z,"0002cc01000003e9","2250bb82b3fd3a0d05171114c162185ee00c80000000000000ffffffffffffffffffffffff",3.63,,0.32,17,20.75,37.06,100446.00,50.00,0,0,0,0,,,-1.00,-1.00,-1.00,-1.00,-1.00,-1.00
2022-12-07T16:38:47Z,"0002cc01000003e9","2250bb8417fd3a0d05171114be621a5f090d80000000000000ffffffffffffffffffffffff",3.63,,0.32,17,20.74,37.12,100453.00,54.00,0,0,0,0,,,-1.00,-1.00,-1.00,-1.00,-1.00,-115311.45
2022-12-07T16:44:43Z,"0002cc01000003e9","2250bb857bfd3a0105171114be62185f110e00000000000000ffffffffffffffffffffffff",3.62,,0.32,17,20.74,37.14,100446.00,56.00,0,0,0,0,,,-1.00,-1.00,-1.00,-1.00,-1.00,-1.00
2022-12-07T16:50:39Z,"0002cc01000003e9","2250bb86dffd3a0905231114be62195ecb0ec0000000000000ffffffffffffffffffffffff",3.63,,0.32,17,20.74,37.03,100449.00,59.00,0,0,0,0,,,-1.00,-1.00,-1.00,-1.00,-1.00,-1.00
2022-12-07T16:56:35Z,"0002cc01000003e9","2250bb8843fd3a0105171114bb62185ebc0a00000000000000ffffffffffffffffffffffff",3.62,,0.32,17,20.73,37.01,100447.00,20.00,0,0,0,0,,,-1.00,-1.00,-1.00,-1.00,-1.00,-1.00
2022-12-07T17:02:31Z,"0002cc01000003e9","2250bb89a7fd3a0105171114b9621a5ed10b80000000000000ffffffffffffffffffffffff",3.62,,0.32,17,20.72,37.04,100454.00,46.00,0,0,0,0,,,-1.00,-1.00,-1.00,-1.00,-1.00,-1.00
2022-12-07T17:08:27Z,"0002cc01000003e9","2250bb8b0bfd3a0d05171114b9621a5ec308c0000000000000ffffffffffffffffffffffff",3.63,,0.32,17,20.72,37.02,100454.00,35.00,0,0,0,0,,,-1.00,-1.00,-1.00,-1.00,-1.00,-1.00
2022-12-07T17:14:23Z,"0002cc01000003e9","2250bb8c6ffd3a0105171114bb621d5ebc0880000000000000ffffffffffffffffffffffff",3.62,,0.32,17,20.73,37.01,100464.00,34.00,0,0,0,0,,,-1.00,-1.00,-1.00,-1.00,-1.00,-1.00
2022-12-07T17:20:19Z,"0002cc01000003e9","2250bb8dd3fd3a0d050f1114b9621c5ebc0d40000000000000ffffffffffffffffffffffff",3.63,,0.32,17,20.72,37.01,100461.00,53.00,0,0,0,0,,,-1.00,-1.00,-1.00,-1.00,-1.00,-1.00
2022-12-07T17:26:15Z,"0002cc01000003e9","2250bb8f37fd3a0105171114bb621a5ed90ec0000000000000ffffffffffffffffffffffff",3.62,,0.32,17,20.73,37.05,100452.00,59.00,0,0,0,0,,,-1.00,-1.00,-1.00,-1.00,-1.00,-1.00
2022-12-07T17:32:11Z,"0002cc01000003e9","2250bb909bfd39fc050f1114bb62175ed20820000000000000ffffffffffffffffffffffff",3.62,,0.32,17,20.73,37.04,100443.00,65.00,0,0,0,0,,,-1.00,-1.00,-1.00,-1.00,-1.00,-1.00
2022-12-07T17:38:07Z,"0002cc01000003e9","2250bb91fffd3a0d050f1114be62155ed20b80000000000000ffffffffffffffffffffffff",3.63,,0.32,17,20.74,37.04,100434.00,92.00,0,0,0,0,,,-1.00,-1.00,-1.00,-1.00,-1.00,-1.00
2022-12-07T17:44:03Z,"0002cc01000003e9","2250bb9363fd3a0d05171114c162145eb70c80000000000000ffffffffffffffffffffffff",3.63,,0.32,17,20.75,37.00,100431.00,50.00,0,0,0,0,,,-1.00,-1.00,-1.00,-1.00,-1.00,-1.00
2022-12-07T17:49:59Z,"0002cc01000003e9","2250bb94c7fd3a0d05171114c162145ea90b40000000000000ffffffffffffffffffffffff",3.63,,0.32,17,20.75,36.98,100428.00,45.00,0,0,0,0,,,-1.00,-1.00,-1.00,-1.00,-1.00,-1.00
2022-12-07T17:55:56Z,"0002cc01000003e9","2250bb962cfd3a0105171114c362125e9b0980000000000000ffffffffffffffffffffffff",3.62,,0.32,17,20.76,36.96,100423.00,76.00,0,0,0,0,,,-1.00,-1.00,-1.00,-1.00,-1.00,-1.00
2022-12-07T18:01:52Z,"0002cc01000003e9","2250bb9790fd3a0d050f1114c362155ea90d80000000000000ffffffffffffffffffffffff",3.63,,0.32,17,20.76,36.98,100432.00,54.00,0,0,0,0,,,-1.00,-1.00,-1.00,-1.00,-1.00,-1.00
2022-12-07T18:07:48Z,"0002cc01000003e9","2250bb98f4fd3a0905171114c662125ebe0d40000000000000ffffffffffffffffffffffff",3.63,,0.32,17,20.77,37.01,100423.00,53.00,0,0,0,0,,,-1.00,-1.00,-1.00,-1.00,-1.00,-1.00
2022-12-07T18:13:44Z,"0002cc01000003e9","2250bb9a58fd3a0105171114c862105ecd0980000000000000ffffffffffffffffffffffff",3.62,,0.32,17,20.78,37.03,100415.00,38.00,0,0,0,0,,,-1.00,-1.00,-1.00,-1.00,-1.00,-1.00
2022-12-07T18:19:40Z,"0002cc01000003e9","2250bb9bbcfd3a0105171114cd62115ec00ec0000000000000ffffffffffffffffffffffff",3.62,,0.32,17,20.80,37.01,100417.00,59.00,0,0,0,0,,,-1.00,-1.00,-1.00,-1.00,-1.00,-1.00
2022-12-07T18:25:36Z,"0002cc01000003e9","2250bb9d20fd3a0105171114d062125ec00aa0000000000000ffffffffffffffffffffffff",3.62,,0.32,17,20.81,37.01,100420.00,85.00,0,0,0,0,,,-1.00,-1.00,-1.00,-1.00,-1.00,-1.00
2022-12-07T18:31:32Z,"0002cc01000003e9","2250bb9e84fd3a0d05171114d062135ed50d00000000000000ffffffffffffffffffffffff",3.63,,0.32,17,20.81,37.04,100424.00,52.00,0,0,0,0,,,-1.00,-1.00,-1.00,-1.00,-1.00,-1.00
2022-12-07T18:37:28Z,"0002cc01000003e9","2250bb9fe8fd3a01051f1114cd62115eea0800000000000000ffffffffffffffffffffffff",3.62,,0.32,17,20.80,37.08,100418.00,64.00,0,0,0,0,,,-1.00,-1.00,-1.00,-1.00,-1.00,-1.00
2022-12-07T18:43:24Z,"0002cc01000003e9","2250bba14cfd39fc05171114cb62145efe0dc0000000000000ffffffffffffffffffffffff",3.62,,0.32,17,20.79,37.11,100429.00,55.00,0,0,0,0,,,-1.00,-1.00,-1.00,-1.00,-1.00,-1.00
2022-12-07T18:49:20Z,"0002cc01000003e9","2250bba2b0fd3a0d05171114c862125f130800000000000000ffffffffffffffffffffffff",3.63,,0.32,17,20.78,37.14,100422.00,32.00,0,0,0,0,,,-1.00,-1.00,-1.00,-1.00,-1.00,-114625.17
2022-12-07T18:55:16Z,"0002cc01000003e9","2250bba414fd3a0105171114c3620d5f350d00000000000000ffffffffffffffffffffffff",3.62,,0.32,17,20.76,37.19,100401.00,52.00,0,0,0,0,,,-1.00,-1.00,-1.00,-1.00,-1.00,-114637.41
2022-12-07T19:01:12Z,"0002cc01000003e9","2250bba578fd3a0505171114c3620b5f350b60000000000000ffffffffffffffffffffffff",3.63,,0.32,17,20.76,37.19,100392.00,91.00,0,0,0,0,,,-1.00,-1.00,-1.00,-1.00,-1.00,-1.00
2022-12-07T19:07:08Z,"0002cc01000003e9","2250bba6dcfd3a0105171114c362105f190b80000000000000ffffffffffffffffffffffff",3.62,,0.32,17,20.76,37.15,100414.00,46.00,0,0,0,0,,,-1.00,-1.00,-1.00,-1.00,-1.00,-115302.16
2022-12-07T19:13:04Z,"0002cc01000003e9","2250bba840fd3a0d05171114c362105efc0a80000000000000ffffffffffffffffffffffff",3.63,,0.32,17,20.76,37.10,100415.00,42.00,0,0,0,0,,,-1.00,-1.00,-1.00,-1.00,-1.00,-115314.54
2022-12-07T19:19:00Z,"0002cc01000003e9","2250bba9a4fd3a0505171114c162105ee70980000000000000ffffffffffffffffffffffff",3.63,,0.32,17,20.75,37.07,100415.00,76.00,0,0,0,0,,,-1.00,-1.00,-1.00,-1.00,-1.00,-1.00
2022-12-07T19:24:57Z,"0002cc01000003e9","2250bbab09fd39fc05171114be620a5ee70ce0000000000000ffffffffffffffffffffffff",3.62,,0.32,17,20.74,37.07,100389.00,103.00,0,0,0,0,,,-1.00,-1.00,-1.00,-1.00,-1.00,-1.00
2022-12-07T19:30:53Z,"0002cc01000003e9","2250bbac6dfd3a0d050f1114be620a5ee70b00000000000000ffffffffffffffffffffffff",3.63,,0.32,17,20.74,37.07,100388.00,88.00,0,0,0,0,,,-1.00,-1.00,-1.00,-1.00,-1.00,-1.00
2022-12-07T19:36:48Z,"0002cc01000003e9","2250bbadd0fd3a0d050f1114be62085ea70ba0000000000000ffffffffffffffffffffffff",3.63,,0.32,17,20.74,36.97,100381.00,93.00,0,0,0,0,,,-1.00,-1.00,-1.00,-1.00,-1.00,-1.00
2022-12-07T19:42:45Z,"0002cc01000003e9","2250bbaf35fd3a0d05171114be620b5ea80810000000000000ffffffffffffffffffffffff",3.63,,0.32,17,20.74,36.98,100395.00,129.00,0,0,0,0,,,-1.00,-1.00,-1.00,-1.00,-1.00,-1.00
2022-12-07T19:48:41Z,"0002cc01000003e9","2250bbb099fd3a0d05171114c1620c5e9a0940000000000000ffffffffffffffffffffffff",3.63,,0.32,17,20.75,36.95,100398.00,148.00,0,0,0,0,,,-1.00,-1.00,-1.00,-1.00,-1.00,-1.00
2022-12-07T19:54:37Z,"0002cc01000003e9","2250bbb1fdfd3a0505171114c1620f5ea20d80000000000000ffffffffffffffffffffffff",3.63,,0.32,17,20.75,36.97,100409.00,108.00,0,0,0,0,,,-1.00,-1.00,-1.00,-1.00,-1.00,-1.00
2022-12-07T20:00:33Z,"0002cc01000003e9","2250bbb361fd3a0d05171114c362125ea208a0000000000000ffffffffffffffffffffffff",3.63,,0.32,17,20.76,36.97,100420.00,138.00,0,0,0,0,,,-1.00,-1.00,-1.00,-1.00,-1.00,-1.00
2022-12-07T20:06:29Z,"0002cc01000003e9","2250bbb4c5fd3a0105171114c1620e5e770990000000000000ffffffffffffffffffffffff",3.62,,0.32,17,20.75,36.90,100407.00,153.00,0,0,0,0,,,-1.00,-1.00,-1.00,-1.00,-1.00,-114625.17
2022-12-07T20:12:25Z,"0002cc01000003e9","2250bbb629fd3a0d05171114c162135e770890000000000000ffffffffffffffffffffffff",3.63,,0.32,17,20.75,36.90,100427.00,137.00,0,0,0,0,,,-1.00,-1.00,-1.00,-1.00,-1.00,-1.00
2022-12-07T20:18:21Z,"0002cc01000003e9","2250bbb78dfd3a0d05171114c362155e550ae0000000000000ffffffffffffffffffffffff",3.63,,0.32,17,20.76,36.85,100433.00,174.00,0,0,0,0,,,-1.00,-1.00,-1.00,-1.00,-1.00,-114622.11
2022-12-07T20:24:17Z,"0002cc01000003e9","2250bbb8f1fd3a01050f1114c662145e170820000000000000ffffffffffffffffffffffff",3.62,,0.32,17,20.77,36.75,100429.00,130.00,0,0,0,0,,,-1.00,-1.00,-1.00,-1.00,-1.00,-1.00
2022-12-07T20:30:13Z,"0002cc01000003e9","2250bbba55fd3a0d051f1114cb620f5d9a0cc0000000000000ffffffffffffffffffffffff",3.63,,0.32,17,20.79,36.56,100409.00,102.00,0,0,0,0,,,-1.00,-1.00,-1.00,-1.00,-1.00,-1.00
2022-12-07T20:36:09Z,"0002cc01000003e9","2250bbbbb9fd3a0d05171114cb62135d150a60000000000000ffffffffffffffffffffffff",3.63,,0.32,17,20.79,36.36,100426.00,166.00,0,0,0,0,,,-1.00,-1.00,-1.00,-1.00,-1.00,-1.00
2022-12-07T20:42:05Z,"0002cc01000003e9","2250bbbd1dfd3a01050f1114d062155cac08c0000000000000ffffffffffffffffffffffff",3.62,,0.32,17,20.81,36.20,100434.00,140.00,0,0,0,0,,,-1.00,-1.00,-1.00,-1.00,-1.00,-1.00
2022-12-07T20:48:01Z,"0002cc01000003e9","2250bbbe81fd3a0105171114d062185c4b0b40000000000000ffffffffffffffffffffffff",3.62,,0.32,17,20.81,36.05,100444.00,90.00,0,0,0,0,,,-1.00,-1.00,-1.00,-1.00,-1.00,-1.00
2022-12-07T20:53:57Z,"0002cc01000003e9","2250bbbfe5fd3a09050f1114d062145c1309a0000000000000ffffffffffffffffffffffff",3.63,,0.32,17,20.81,35.97,100430.00,77.00,0,0,0,0,,,-1.00,-1.00,-1.00,-1.00,-1.00,-1.00
2022-12-07T20:59:53Z,"0002cc01000003e9","2250bbc149fd3a0d05171114d262145c280c80000000000000ffffffffffffffffffffffff",3.63,,0.32,17,20.82,36.00,100431.00,50.00,0,0,0,0,,,-1.00,-1.00,-1.00,-1.00,-1.00,-1.00
2022-12-07T21:05:49Z,"0002cc01000003e9","2250bbc2adfd3a05050f1114d262155be909c0000000000000ffffffffffffffffffffffff",3.63,,0.32,17,20.82,35.90,100435.00,39.00,0,0,0,0,,,-1.00,-1.00,-1.00,-1.00,-1.00,-1.00
2022-12-07T21:11:45Z,"0002cc01000003e9","2250bbc411fd3a0d050f1114d262125bc60cc0000000000000ffffffffffffffffffffffff",3.63,,0.32,17,20.82,35.85,100423.00,51.00,0,0,0,0,,,-1.00,-1.00,-1.00,-1.00,-1.00,-1.00
2022-12-07T21:17:41Z,"0002cc01000003e9","2250bbc575fd3a0d05171114d562165bd50f00000000000000ffffffffffffffffffffffff",3.63,,0.32,17,20.83,35.87,100436.00,30.00,0,0,0,0,,,-1.00,-1.00,-1.00,-1.00,-1.00,-1.00
2022-12-07T21:23:38Z,"0002cc01000003e9","2250bbc6dafd3a0d050f1114d862165c060b00000000000000ffffffffffffffffffffffff",3.63,,0.32,17,20.84,35.95,100436.00,22.00,0,0,0,0,,,-1.00,-1.00,-1.00,-1.00,-1.00,-1.00
2022-12-07T21:29:34Z,"0002cc01000003e9","2250bbc83efd39f805171114d862185c530880000000000000ffffffffffffffffffffffff",3.62,,0.32,17,20.84,36.06,100445.00,34.00,0,0,0,0,,,-1.00,-1.00,-1.00,-1.00,-1.00,-1.00
2022-12-07T21:35:30Z,"0002cc01000003e9","2250bbc9a2fd3a0d05171114d8621a5c920e00000000000000ffffffffffffffffffffffff",3.63,,0.32,17,20.84,36.16,100455.00,14.00,0,0,0,0,,,-1.00,-1.00,-1.00,-1.00,-1.00,-1.00
2022-12-07T21:41:26Z,"0002cc01000003e9","2250bbcb06fd39fc05171114d862195ced0d00000000000000ffffffffffffffffffffffff",3.62,,0.32,17,20.84,36.30,100451.00,26.00,0,0,0,0,,,-1.00,-1.00,-1.00,-1.00,-1.00,-1.00
2022-12-07T21:47:22Z,"0002cc01000003e9","2250bbcc6afd3a0505171114d5621d5d630a00000000000000ffffffffffffffffffffffff",3.63,,0.32,17,20.83,36.48,100464.00,20.00,0,0,0,0,,,-1.00,-1.00,-1.00,-1.00,-1.00,-1.00
2022-12-07T21:53:18Z,"0002cc01000003e9","2250bbcdcefd3a01050f1114d0621f5e2e0880000000000000ffffffffffffffffffffffff",3.62,,0.32,17,20.81,36.79,100473.00,17.00,0,0,0,0,,,-1.00,-1.00,-1.00,-1.00,-1.00,-1.00
2022-12-07T21:59:14Z,"0002cc01000003e9","2250bbcf32fd3a0d050f1114d0621b5ed50900000000000000ffffffffffffffffffffffff",3.63,,0.32,17,20.81,37.04,100457.00,18.00,0,0,0,0,,,-1.00,-1.00,-1.00,-1.00,-1.00,-114631.30
2022-12-07T22:05:10Z,"0002cc01000003e9","2250bbd096fd3a0d05171114d0621f5f530f00000000000000ffffffffffffffffffffffff",3.63,,0.32,17,20.81,37.24,100474.00,30.00,0,0,0,0,,,-1.00,-1.00,-1.00,-1.00,-1.00,-1.00
2022-12-07T22:11:06Z,"0002cc01000003e9","2250bbd1fafd3a05050f1114cd621c5fae0900000000000000ffffffffffffffffffffffff",3.63,,0.32,17,20.80,37.38,100463.00,18.00,0,0,0,0,,,-1.00,-1.00,-1.00,-1.00,-1.00,-115314.54
2022-12-07T22:17:02Z,"0002cc01000003e9","2250bbd35efd3a0505171114d0621a5ff50b00000000000000ffffffffffffffffffffffff",3.63,,0.32,17,20.81,37.48,100452.00,22.00,0,0,0,0,,,-1.00,-1.00,-1.00,-1.00,-1.00,-1.00
2022-12-07T22:22:58Z,"0002cc01000003e9","2250bbd4c2fd3a01050f1114d26218603b0d00000000000000ffffffffffffffffffffffff",3.62,,0.32,17,20.82,37.59,100447.00,13.00,0,0,0,0,,,-1.00,-1.00,-1.00,-1.00,-1.00,-1.00
2022-12-07T22:28:54Z,"0002cc01000003e9","2250bbd626fd3a0d05171114d2621860640980000000000000ffffffffffffffffffffffff",3.63,,0.32,17,20.82,37.65,100446.00,19.00,0,0,0,0,,,-1.00,-1.00,-1.00,-1.00,-1.00,-1.00
2022-12-07T22:34:50Z,"0002cc01000003e9","2250bbd78afd3a0d051f1114d56219609d0b00000000000000ffffffffffffffffffffffff",3.63,,0.32,17,20.83,37.74,100451.00,11.00,0,0,0,0,,,-1.00,-1.00,-1.00,-1.00,-1.00,-1.00
2022-12-07T22:40:46Z,"0002cc01000003e9","2250bbd8eefd39fc050f1114d5622160c0f000000000000000ffffffffffffffffffffffff",3.62,,0.32,17,20.83,37.79,100482.00,0.00,0,0,0,0,,,-1.00,-1.00,-1.00,-1.00,-1.00,-1.00
2022-12-07T22:46:42Z,"0002cc01000003e9","2250bbda52fd3a0d05171114d5622160e3f000000000000000ffffffffffffffffffffffff",3.63,,0.32,17,20.83,37.85,100481.00,0.00,0,0,0,0,,,-1.00,-1.00,-1.00,-1.00,-1.00,-1.00
2022-12-07T22:52:38Z,"0002cc01000003e9","2250bbdbb6fd3a0905171114d5622260f9f000000000000000ffffffffffffffffffffffff",3.63,,0.32,17,20.83,37.88,100487.00,0.00,0,0,0,0,,,-1.00,-1.00,-1.00,-1.00,-1.00,-1.00
2022-12-07T22:58:34Z,"0002cc01000003e9","2250bbdd1afd3a05050f1114d5622361140b80000000000000ffffffffffffffffffffffff",3.63,,0.32,17,20.83,37.92,100490.00,23.00,0,0,0,0,,,-1.00,-1.00,-1.00,-1.00,-1.00,-1.00
2022-12-07T23:04:30Z,"0002cc01000003e9","2250bbde7efd39fc05171114d2622661370800000000000000ffffffffffffffffffffffff",3.62,,0.32,17,20.82,37.97,100502.00,16.00,0,0,0,0,,,-1.00,-1.00,-1.00,-1.00,-1.00,-1.00
2022-12-07T23:10:27Z,"0002cc01000003e9","2250bbdfe3fd39fc050f1114d26228614cf000000000000000ffffffffffffffffffffffff",3.62,,0.32,17,20.82,38.01,100510.00,0.00,0,0,0,0,,,-1.00,-1.00,-1.00,-1.00,-1.00,-1.00
2022-12-07T23:16:23Z,"0002cc01000003e9","2250bbe147fd3a0d05171114d2622861360a00000000000000ffffffffffffffffffffffff",3.63,,0.32,17,20.82,37.97,100511.00,20.00,0,0,0,0,,,-1.00,-1.00,-1.00,-1.00,-1.00,-1.00
2022-12-07T23:22:18Z,"0002cc01000003e9","2250bbe2aafd3a05050f1114d2622761290b00000000000000ffffffffffffffffffffffff",3.63,,0.32,17,20.82,37.95,100507.00,11.00,0,0,0,0,,,-1.00,-1.00,-1.00,-1.00,-1.00,-1.00
2022-12-07T23:28:15Z,"0002cc01000003e9","2250bbe40ffd39fc05171114d0622c611b0a80000000000000ffffffffffffffffffffffff",3.62,,0.32,17,20.81,37.93,100525.00,21.00,0,0,0,0,,,-1.00,-1.00,-1.00,-1.00,-1.00,-1.00
2022-12-07T23:34:11Z,"0002cc01000003e9","2250bbe573fd3a0d05171114d2622d610c0c00000000000000ffffffffffffffffffffffff",3.63,,0.32,17,20.82,37.91,100531.00,6.00,0,0,0,0,,,-1.00,-1.00,-1.00,-1.00,-1.00,-1.00
2022-12-07T23:40:07Z,"0002cc01000003e9","2250bbe6d7fd3a0d05171114d0622d60f00980000000000000ffffffffffffffffffffffff",3.63,,0.32,17,20.81,37.87,100531.00,19.00,0,0,0,0,,,-1.00,-1.00,-1.00,-1.00,-1.00,-1.00
2022-12-07T23:46:03Z,"0002cc01000003e9","2250bbe83bfd3a01051f1114d2623060e2f000000000000000ffffffffffffffffffffffff",3.62,,0.32,17,20.82,37.85,100540.00,0.00,0,0,0,0,,,-1.00,-1.00,-1.00,-1.00,-1.00,-1.00
2022-12-07T23:51:59Z,"0002cc01000003e9","2250bbe99ffd3a05050f1114d2623460cef000000000000000ffffffffffffffffffffffff",3.63,,0.32,17,20.82,37.81,100556.00,0.00,0,0,0,0,,,-1.00,-1.00,-1.00,-1.00,-1.00,-1.00
2022-12-07T23:57:55Z,"0002cc01000003e9","2250bbeb03fd3a0505171114d2623360c60800000000000000ffffffffffffffffffffffff",3.63,,0.32,17,20.82,37.80,100553.00,2.00,0,0,0,0,,,-1.00,-1.00,-1.00,-1.00,-1.00,-1.00
