Time,DevEUI,Raw,Vbat,Vsystem,Vbus,BootCount,T,RH,P,Light,P[0].delta,P[0].total,P[1].delta,P[1].total,Act[7],Act[6],Act[5],Act[4],Act[3],Act[2],Act[1],Act[0]
2022-12-26T00:04:35Z,"0002cc01000003e9","2250d3a793fd381104da11142961d113de0c00000000000000ffffffffffffffffffffffff",3.50,,0.30,17,20.16,7.76,100161.00,12.00,0,0,0,0,,,-1.00,-1.00,-1.00,-1.00,-1.00,-1.00
2022-12-26T00:10:31Z,"0002cc01000003e9","2250d3a8f7fd381104da11142461cb13e5f000000000000000ffffffffffffffffffffffff",3.50,,0.30,17,20.14,7.77,100137.00,0.00,0,0,0,0,,,-1.00,-1.00,-1.00,-1.00,-1.00,-1.00
2022-12-26T00:16:27Z,"0002cc01000003e9","2250d3aa5bfd381104da11142261c813f20c00000000000000ffffffffffffffffffffffff",3.50,,0.30,17,20.13,7.79,100126.00,6.00,0,0,0,0,,,-1.00,-1.00,-1.00,-1.00,-1.00,-1.00
2022-12-26T00:22:23Z,"0002cc01000003e9","2250d3abbffd380904da11144161c8140a0a00000000000000ffffffffffffffffffffffff",3.50,,0.30,17,20.25,7.83,100125.00,5.00,0,0,0,0,,,-1.00,-1.00,-1.00,-1.00,-1.00,-1.00
2022-12-26T00:28:19Z,"0002cc01000003e9","2250d3ad23fd381104da11144d61cc141f0d00000000000000ffffffffffffffffffffffff",3.50,,0.30,17,20.30,7.86,100142.00,26.00,0,0,0,0,,,-1.00,-1.00,-1.00,-1.00,-1.00,-1.00
2022-12-26T00:34:15Z,"0002cc01000003e9","2250d3ae87fd380d04da11144b61c91411f000000000000000ffffffffffffffffffffffff",3.50,,0.30,17,20.29,7.84,100129.00,0.00,0,0,0,0,,,-1.00,-1.00,-1.00,-1.00,-1.00,-1.00
2022-12-26T00:40:11Z,"0002cc01000003e9","2250d3afebfd380904da11144361ca140a0f00000000000000ffffffffffffffffffffffff",3.50,,0.30,17,20.26,7.83,100135.00,15.00,0,0,0,0,,,-1.00,-1.00,-1.00,-1.00,-1.00,-1.00
2022-12-26T00:46:07Z,"0002cc01000003e9","2250d3b14ffd381104da11143961c514020800000000000000ffffffffffffffffffffffff",3.50,,0.30,17,20.22,7.82,100112.00,2.00,0,0,0,0,,,-1.00,-1.00,-1.00,-1.00,-1.00,-1.00
2022-12-26T00:52:03Z,"0002cc01000003e9","2250d3b2b3fd381104da11143461c9141e0c00000000000000ffffffffffffffffffffffff",3.50,,0.30,17,20.20,7.86,100128.00,6.00,0,0,0,0,,,-1.00,-1.00,-1.00,-1.00,-1.00,-1.00
2022-12-26T00:57:59Z,"0002cc01000003e9","2250d3b417fd381104da11143161c6142bf000000000000000ffffffffffffffffffffffff",3.50,,0.30,17,20.19,7.88,100116.00,0.00,0,0,0,0,,,-1.00,-1.00,-1.00,-1.00,-1.00,-1.00
2022-12-26T01:03:56Z,"0002cc01000003e9","2250d3b57cfd381104da11143161cd1432f000000000000000ffffffffffffffffffffffff",3.50,,0.30,17,20.19,7.89,100145.00,0.00,0,0,0,0,,,-1.00,-1.00,-1.00,-1.00,-1.00,-1.00
2022-12-26T01:09:52Z,"0002cc01000003e9","2250d3b6e0fd381104da11142f61cc14480980000000000000ffffffffffffffffffffffff",3.50,,0.30,17,20.18,7.92,100143.00,19.00,0,0,0,0,,,-1.00,-1.00,-1.00,-1.00,-1.00,-1.00
2022-12-26T01:15:48Z,"0002cc01000003e9","2250d3b844fd381104da11142c61cb14410800000000000000ffffffffffffffffffffffff",3.50,,0.30,17,20.17,7.91,100136.00,1.00,0,0,0,0,,,-1.00,-1.00,-1.00,-1.00,-1.00,-1.00
2022-12-26T01:21:44Z,"0002cc01000003e9","2250d3b9a8fd380904da11142c61c914560f00000000000000ffffffffffffffffffffffff",3.50,,0.30,17,20.17,7.94,100130.00,15.00,0,0,0,0,,,-1.00,-1.00,-1.00,-1.00,-1.00,-1.00
2022-12-26T01:27:40Z,"0002cc01000003e9","2250d3bb0cfd381104da11142761c414640900000000000000ffffffffffffffffffffffff",3.50,,0.30,17,20.15,7.96,100110.00,9.00,0,0,0,0,,,-1.00,-1.00,-1.00,-1.00,-1.00,-1.00
2022-12-26T01:33:36Z,"0002cc01000003e9","2250d3bc70fd381104da11142461c21479f000000000000000ffffffffffffffffffffffff",3.50,,0.30,17,20.14,8.00,100100.00,0.00,0,0,0,0,,,-1.00,-1.00,-1.00,-1.00,-1.00,-1.00
2022-12-26T01:39:32Z,"0002cc01000003e9","2250d3bdd4fd381104da11142961c4148ef000000000000000ffffffffffffffffffffffff",3.50,,0.30,17,20.16,8.03,100109.00,0.00,0,0,0,0,,,-1.00,-1.00,-1.00,-1.00,-1.00,-1.00
2022-12-26T01:45:28Z,"0002cc01000003e9","2250d3bf38fd380104da11144161bf14960a00000000000000ffffffffffffffffffffffff",3.50,,0.30,17,20.25,8.04,100088.00,10.00,0,0,0,0,,,-1.00,-1.00,-1.00,-1.00,-1.00,-1.00
2022-12-26T01:51:24Z,"0002cc01000003e9","2250d3c09cfd381104da11144361be14810a00000000000000ffffffffffffffffffffffff",3.50,,0.30,17,20.26,8.01,100084.00,5.00,0,0,0,0,,,-1.00,-1.00,-1.00,-1.00,-1.00,-1.00
2022-12-26T01:57:20Z,"0002cc01000003e9","2250d3c200fd380904e211143b61c414560900000000000000ffffffffffffffffffffffff",3.50,,0.31,17,20.23,7.94,100111.00,18.00,0,0,0,0,,,-1.00,-1.00,-1.00,-1.00,-1.00,-1.00
2022-12-26T02:03:16Z,"0002cc01000003e9","2250d3c364fd381104cd11143461c6144f0a00000000000000ffffffffffffffffffffffff",3.50,,0.30,17,20.20,7.93,100118.00,10.00,0,0,0,0,,,-1.00,-1.00,-1.00,-1.00,-1.00,-1.00
2022-12-26T02:09:12Z,"0002cc01000003e9","2250d3c4c8fd380904da11142f61c5145df000000000000000ffffffffffffffffffffffff",3.50,,0.30,17,20.18,7.95,100113.00,0.00,0,0,0,0,,,-1.00,-1.00,-1.00,-1.00,-1.00,-1.00
2022-12-26T02:15:08Z,"0002cc01000003e9","2250d3c62cfd380d04d511142761c3145d0940000000000000ffffffffffffffffffffffff",3.50,,0.30,17,20.15,7.95,100104.00,37.00,0,0,0,0,,,-1.00,-1.00,-1.00,-1.00,-1.00,-1.00
2022-12-26T02:21:04Z,"0002cc01000003e9","2250d3c790fd380904da11142461c1145d0900000000000000ffffffffffffffffffffffff",3.50,,0.30,17,20.14,7.95,100099.00,18.00,0,0,0,0,,,-1.00,-1.00,-1.00,-1.00,-1.00,-1.00
2022-12-26T02:27:01Z,"0002cc01000003e9","2250d3c8f5fd380904da11142761bc145df000000000000000ffffffffffffffffffffffff",3.50,,0.30,17,20.15,7.95,100077.00,0.00,0,0,0,0,,,-1.00,-1.00,-1.00,-1.00,-1.00,-1.00
2022-12-26T02:32:57Z,"0002cc01000003e9","2250d3ca59fd380904da11142c61b8145d0e00000000000000ffffffffffffffffffffffff",3.50,,0.30,17,20.17,7.95,100063.00,7.00,0,0,0,0,,,-1.00,-1.00,-1.00,-1.00,-1.00,-1.00
2022-12-26T02:38:53Z,"0002cc01000003e9","2250d3cbbdfd381104da11142c61b414560b80000000000000ffffffffffffffffffffffff",3.50,,0.30,17,20.17,7.94,100047.00,23.00,0,0,0,0,,,-1.00,-1.00,-1.00,-1.00,-1.00,-1.00
2022-12-26T02:44:49Z,"0002cc01000003e9","2250d3cd21fd380904da11142961b0145d0e00000000000000ffffffffffffffffffffffff",3.50,,0.30,17,20.16,7.95,100028.00,7.00,0,0,0,0,,,-1.00,-1.00,-1.00,-1.00,-1.00,-1.00
2022-12-26T02:50:45Z,"0002cc01000003e9","2250d3ce85fd380504d511142461aa144f0800000000000000ffffffffffffffffffffffff",3.50,,0.30,17,20.14,7.93,100006.00,32.00,0,0,0,0,,,-1.00,-1.00,-1.00,-1.00,-1.00,-1.00
2022-12-26T02:56:41Z,"0002cc01000003e9","2250d3cfe9fd380904e211141f61a514550b00000000000000ffffffffffffffffffffffff",3.50,,0.31,17,20.12,7.94,99984.00,11.00,0,0,0,0,,,-1.00,-1.00,-1.00,-1.00,-1.00,-1.00
2022-12-26T03:02:37Z,"0002cc01000003e9","2250d3d14dfd380904da11142f61a314720b00000000000000ffffffffffffffffffffffff",3.50,,0.30,17,20.18,7.99,99979.00,11.00,0,0,0,0,,,-1.00,-1.00,-1.00,-1.00,-1.00,-1.00
2022-12-26T03:08:33Z,"0002cc01000003e9","2250d3d2b1fd380904da11143b61a0147af000000000000000ffffffffffffffffffffffff",3.50,,0.30,17,20.23,8.00,99964.00,0.00,0,0,0,0,,,-1.00,-1.00,-1.00,-1.00,-1.00,-1.00
2022-12-26T03:14:29Z,"0002cc01000003e9","2250d3d415fd380904da111439619e1464f000000000000000ffffffffffffffffffffffff",3.50,,0.30,17,20.22,7.97,99956.00,0.00,0,0,0,0,,,-1.00,-1.00,-1.00,-1.00,-1.00,-1.00
2022-12-26T03:20:25Z,"0002cc01000003e9","2250d3d579fd380904da11142f619a145df000000000000000ffffffffffffffffffffffff",3.50,,0.30,17,20.18,7.95,99941.00,0.00,0,0,0,0,,,-1.00,-1.00,-1.00,-1.00,-1.00,-1.00
2022-12-26T03:26:21Z,"0002cc01000003e9","2250d3d6ddfd380904da111427619914640800000000000000ffffffffffffffffffffffff",3.50,,0.30,17,20.15,7.96,99936.00,16.00,0,0,0,0,,,-1.00,-1.00,-1.00,-1.00,-1.00,-1.00
2022-12-26T03:32:17Z,"0002cc01000003e9","2250d3d841fd381104da11141d619614780c00000000000000ffffffffffffffffffffffff",3.50,,0.30,17,20.11,8.00,99925.00,6.00,0,0,0,0,,,-1.00,-1.00,-1.00,-1.00,-1.00,-1.00
2022-12-26T03:38:13Z,"0002cc01000003e9","2250d3d9a5fd381104da1114186193148d0c00000000000000ffffffffffffffffffffffff",3.50,,0.30,17,20.09,8.03,99914.00,12.00,0,0,0,0,,,-1.00,-1.00,-1.00,-1.00,-1.00,-1.00
2022-12-26T03:44:09Z,"0002cc01000003e9","2250d3db09fd381104da111424619114b1f000000000000000ffffffffffffffffffffffff",3.50,,0.30,17,20.14,8.08,99906.00,0.00,0,0,0,0,,,-1.00,-1.00,-1.00,-1.00,-1.00,-1.00
2022-12-26T03:50:05Z,"0002cc01000003e9","2250d3dc6dfd381104da111439618d14d50c00000000000000ffffffffffffffffffffffff",3.50,,0.30,17,20.22,8.14,99891.00,6.00,0,0,0,0,,,-1.00,-1.00,-1.00,-1.00,-1.00,-1.00
2022-12-26T03:56:02Z,"0002cc01000003e9","2250d3ddd2fd380104da111436618b15060c00000000000000ffffffffffffffffffffffff",3.50,,0.30,17,20.21,8.21,99883.00,6.00,0,0,0,0,,,-1.00,-1.00,-1.00,-1.00,-1.00,-1.00
2022-12-26T04:01:58Z,"0002cc01000003e9","2250d3df36fd380904da11142c618b155b0900000000000000ffffffffffffffffffffffff",3.50,,0.30,17,20.17,8.34,99880.00,18.00,0,0,0,0,,,-1.00,-1.00,-1.00,-1.00,-1.00,-1.00
2022-12-26T04:07:54Z,"0002cc01000003e9","2250d3e09afd380904da111424618815c40900000000000000ffffffffffffffffffffffff",3.50,,0.30,17,20.14,8.50,99870.00,9.00,0,0,0,0,,,-1.00,-1.00,-1.00,-1.00,-1.00,-1.00
2022-12-26T04:13:50Z,"0002cc01000003e9","2250d3e1fefd380904e211141d6185162d0e00000000000000ffffffffffffffffffffffff",3.50,,0.31,17,20.11,8.66,99859.00,14.00,0,0,0,0,,,-1.00,-1.00,-1.00,-1.00,-1.00,-1.00
2022-12-26T04:19:46Z,"0002cc01000003e9","2250d3e362fd37fc04da1114156186165e0800000000000000ffffffffffffffffffffffff",3.50,,0.30,17,20.08,8.74,99862.00,16.00,0,0,0,0,,,-1.00,-1.00,-1.00,-1.00,-1.00,-1.00
2022-12-26T04:25:42Z,"0002cc01000003e9","2250d3e4c6fd380904da11141d6185166d0900000000000000ffffffffffffffffffffffff",3.50,,0.30,17,20.11,8.76,99857.00,9.00,0,0,0,0,,,-1.00,-1.00,-1.00,-1.00,-1.00,-1.00
2022-12-26T04:31:38Z,"0002cc01000003e9","2250d3e62afd380904da111436618716750e00000000000000ffffffffffffffffffffffff",3.50,,0.30,17,20.21,8.77,99865.00,7.00,0,0,0,0,,,-1.00,-1.00,-1.00,-1.00,-1.00,-1.00
2022-12-26T04:37:34Z,"0002cc01000003e9","2250d3e78efd380504e21114366193166ef000000000000000ffffffffffffffffffffffff",3.50,,0.31,17,20.21,8.76,99915.00,0.00,0,0,0,0,,,-1.00,-1.00,-1.00,-1.00,-1.00,-1.00
2022-12-26T04:43:30Z,"0002cc01000003e9","2250d3e8f2fd380904da11142c619b165f0800000000000000ffffffffffffffffffffffff",3.50,,0.30,17,20.17,8.74,99946.00,4.00,0,0,0,0,,,-1.00,-1.00,-1.00,-1.00,-1.00,-1.00
2022-12-26T04:49:26Z,"0002cc01000003e9","2250d3ea56fd380504d5111424619f16510980000000000000ffffffffffffffffffffffff",3.50,,0.30,17,20.14,8.72,99963.00,19.00,0,0,0,0,,,-1.00,-1.00,-1.00,-1.00,-1.00,-1.00
2022-12-26T04:55:22Z,"0002cc01000003e9","2250d3ebbafd380904da11141861a4162df000000000000000ffffffffffffffffffffffff",3.50,,0.30,17,20.09,8.66,99980.00,0.00,0,0,0,0,,,-1.00,-1.00,-1.00,-1.00,-1.00,-1.00
2022-12-26T05:01:19Z,"0002cc01000003e9","2250d3ed1ffd380904da11142961a7162ef000000000000000ffffffffffffffffffffffff",3.50,,0.30,17,20.16,8.66,99992.00,0.00,0,0,0,0,,,-1.00,-1.00,-1.00,-1.00,-1.00,-1.00
2022-12-26T05:07:14Z,"0002cc01000003e9","2250d3ee82fd380904da11142f61a4162ef000000000000000ffffffffffffffffffffffff",3.50,,0.30,17,20.18,8.66,99982.00,0.00,0,0,0,0,,,-1.00,-1.00,-1.00,-1.00,-1.00,-1.00
2022-12-26T05:13:11Z,"0002cc01000003e9","2250d3efe7fd380104da111429619f173af000000000000000ffffffffffffffffffffffff",3.50,,0.30,17,20.16,9.07,99961.00,0.00,0,0,0,0,,,-1.00,-1.00,-1.00,-1.00,-1.00,-1.00
2022-12-26T05:19:07Z,"0002cc01000003e9","2250d3f14bfd380104da11141f619f18ae0a00000000000000ffffffffffffffffffffffff",3.50,,0.30,17,20.12,9.64,99960.00,5.00,0,0,0,0,,,-1.00,-1.00,-1.00,-1.00,-1.00,-1.00
2022-12-26T05:25:03Z,"0002cc01000003e9","2250d3f2affd381104da11141a61a01a310800000000000000ffffffffffffffffffffffff",3.50,,0.30,17,20.10,10.23,99964.00,2.00,0,0,0,0,,,-1.00,-1.00,-1.00,-1.00,-1.00,-1.00
2022-12-26T05:30:59Z,"0002cc01000003e9","2250d3f413fd380904da111415619c1b6d0c00000000000000ffffffffffffffffffffffff",3.50,,0.30,17,20.08,10.71,99948.00,6.00,0,0,0,0,,,-1.00,-1.00,-1.00,-1.00,-1.00,-1.00
2022-12-26T05:36:55Z,"0002cc01000003e9","2250d3f577fd380504d5111424619a1bfb0b00000000000000ffffffffffffffffffffffff",3.50,,0.30,17,20.14,10.93,99942.00,44.00,0,0,0,0,,,-1.00,-1.00,-1.00,-1.00,-1.00,-1.00
2022-12-26T05:42:51Z,"0002cc01000003e9","2250d3f6dbfd380904da111434619f1c82f000000000000000ffffffffffffffffffffffff",3.50,,0.30,17,20.20,11.14,99963.00,0.00,0,0,0,0,,,-1.00,-1.00,-1.00,-1.00,-1.00,-1.00
2022-12-26T05:48:47Z,"0002cc01000003e9","2250d3f83ffd380904d5111431619e1e2ff000000000000000ffffffffffffffffffffffff",3.50,,0.30,17,20.19,11.79,99959.00,0.00,0,0,0,0,,,-1.00,-1.00,-1.00,-1.00,-1.00,-1.00
2022-12-26T05:54:43Z,"0002cc01000003e9","2250d3f9a3fd380904da111427619b1f4ff000000000000000ffffffffffffffffffffffff",3.50,,0.30,17,20.15,12.23,99947.00,0.00,0,0,0,0,,,-1.00,-1.00,-1.00,-1.00,-1.00,-1.00
2022-12-26T06:00:39Z,"0002cc01000003e9","2250d3fb07fd380904da11141f6197204cf000000000000000ffffffffffffffffffffffff",3.50,,0.30,17,20.12,12.62,99928.00,0.00,0,0,0,0,,,-1.00,-1.00,-1.00,-1.00,-1.00,-1.00
2022-12-26T06:06:35Z,"0002cc01000003e9","2250d3fc6bfd380904da11141f619120d2f000000000000000ffffffffffffffffffffffff",3.50,,0.30,17,20.12,12.82,99904.00,0.00,0,0,0,0,,,-1.00,-1.00,-1.00,-1.00,-1.00,-1.00
2022-12-26T06:12:31Z,"0002cc01000003e9","2250d3fdcffd380904d5111424618d213cf000000000000000ffffffffffffffffffffffff",3.50,,0.30,17,20.14,12.98,99889.00,0.00,0,0,0,0,,,-1.00,-1.00,-1.00,-1.00,-1.00,-1.00
2022-12-26T06:18:27Z,"0002cc01000003e9","2250d3ff33fd380904da111422618b225cf000000000000000ffffffffffffffffffffffff",3.50,,0.30,17,20.13,13.42,99881.00,0.00,0,0,0,0,,,-1.00,-1.00,-1.00,-1.00,-1.00,-1.00
2022-12-26T06:24:23Z,"0002cc01000003e9","2250d40097fd380504da11141a618a22940980000000000000ffffffffffffffffffffffff",3.50,,0.30,17,20.10,13.51,99879.00,19.00,0,0,0,0,,,-1.00,-1.00,-1.00,-1.00,-1.00,-1.00
2022-12-26T06:30:20Z,"0002cc01000003e9","2250d401fcfd380904d5111415618423270b00000000000000ffffffffffffffffffffffff",3.50,,0.30,17,20.08,13.73,99854.00,11.00,0,0,0,0,,,-1.00,-1.00,-1.00,-1.00,-1.00,-1.00
2022-12-26T06:36:16Z,"0002cc01000003e9","2250d40360fd380504da11140d618123ba0d00000000000000ffffffffffffffffffffffff",3.50,,0.30,17,20.05,13.96,99840.00,13.00,0,0,0,0,,,-1.00,-1.00,-1.00,-1.00,-1.00,-1.00
2022-12-26T06:42:12Z,"0002cc01000003e9","2250d404c4fd37fc04d511140b618123ebf000000000000000ffffffffffffffffffffffff",3.50,,0.30,17,20.04,14.03,99843.00,0.00,0,0,0,0,,,-1.00,-1.00,-1.00,-1.00,-1.00,-1.00
2022-12-26T06:48:08Z,"0002cc01000003e9","2250d40628fd380904d5111406617f2454f000000000000000ffffffffffffffffffffffff",3.50,,0.30,17,20.02,14.19,99834.00,0.00,0,0,0,0,,,-1.00,-1.00,-1.00,-1.00,-1.00,-1.00
2022-12-26T06:54:04Z,"0002cc01000003e9","2250d4078cfd37fc04e2111408617e244d0c00000000000000ffffffffffffffffffffffff",3.50,,0.31,17,20.03,14.18,99828.00,12.00,0,0,0,0,,,-1.00,-1.00,-1.00,-1.00,-1.00,-1.00
2022-12-26T07:00:00Z,"0002cc01000003e9","2250d408f0fd380904da111422617d2410f000000000000000ffffffffffffffffffffffff",3.50,,0.30,17,20.13,14.09,99826.00,0.00,0,0,0,0,,,-1.00,-1.00,-1.00,-1.00,-1.00,-1.00
2022-12-26T07:05:56Z,"0002cc01000003e9","2250d40a54fd380104d5111427617924420c00000000000000ffffffffffffffffffffffff",3.50,,0.30,17,20.15,14.16,99810.00,12.00,0,0,0,0,,,-1.00,-1.00,-1.00,-1.00,-1.00,-1.00
2022-12-26T07:11:52Z,"0002cc01000003e9","2250d40bb8fd37fc04e211141f616e249df000000000000000ffffffffffffffffffffffff",3.50,,0.31,17,20.12,14.30,99766.00,0.00,0,0,0,0,,,-1.00,-1.00,-1.00,-1.00,-1.00,-1.00
2022-12-26T07:17:48Z,"0002cc01000003e9","2250d40d1cfd37fc04d5111415616e24f00900000000000000ffffffffffffffffffffffff",3.50,,0.30,17,20.08,14.43,99766.00,36.00,0,0,0,0,,,-1.00,-1.00,-1.00,-1.00,-1.00,-1.00
2022-12-26T07:23:44Z,"0002cc01000003e9","2250d40e80fd37fc04d511140d61682520f000000000000000ffffffffffffffffffffffff",3.50,,0.30,17,20.05,14.50,99742.00,0.00,0,0,0,0,,,-1.00,-1.00,-1.00,-1.00,-1.00,-1.00
2022-12-26T07:29:40Z,"0002cc01000003e9","2250d40fe4fd380904da1114036161259e0b00000000000000ffffffffffffffffffffffff",3.50,,0.30,17,20.01,14.69,99714.00,11.00,0,0,0,0,,,-1.00,-1.00,-1.00,-1.00,-1.00,-1.00
2022-12-26T07:35:36Z,"0002cc01000003e9","2250d41148fd380904da111415615f2560f000000000000000ffffffffffffffffffffffff",3.50,,0.30,17,20.08,14.60,99707.00,0.00,0,0,0,0,,,-1.00,-1.00,-1.00,-1.00,-1.00,-1.00
2022-12-26T07:41:32Z,"0002cc01000003e9","2250d412acfd380904d5111424615b25140f00000000000000ffffffffffffffffffffffff",3.50,,0.30,17,20.14,14.48,99690.00,15.00,0,0,0,0,,,-1.00,-1.00,-1.00,-1.00,-1.00,-1.00
2022-12-26T07:47:28Z,"0002cc01000003e9","2250d41410fd37fc04d51114226159254df000000000000000ffffffffffffffffffffffff",3.50,,0.30,17,20.13,14.57,99681.00,0.00,0,0,0,0,,,-1.00,-1.00,-1.00,-1.00,-1.00,-1.00
2022-12-26T07:53:24Z,"0002cc01000003e9","2250d41574fd380504d1111418615525b50e00000000000000ffffffffffffffffffffffff",3.50,,0.30,17,20.09,14.73,99665.00,28.00,0,0,0,0,,,-1.00,-1.00,-1.00,-1.00,-1.00,-1.00
2022-12-26T07:59:21Z,"0002cc01000003e9","2250d416d9fd37fc04d511140d615325dff000000000000000ffffffffffffffffffffffff",3.50,,0.30,17,20.05,14.79,99658.00,0.00,0,0,0,0,,,-1.00,-1.00,-1.00,-1.00,-1.00,-1.00
2022-12-26T08:05:17Z,"0002cc01000003e9","2250d4183dfd380904d5111406614f25ec0d00000000000000ffffffffffffffffffffffff",3.50,,0.30,17,20.02,14.81,99641.00,13.00,0,0,0,0,,,-1.00,-1.00,-1.00,-1.00,-1.00,-1.00
2022-12-26T08:11:13Z,"0002cc01000003e9","2250d419a1fd37fc04da111401615025f90c00000000000000ffffffffffffffffffffffff",3.50,,0.30,17,20.00,14.83,99645.00,12.00,0,0,0,0,,,-1.00,-1.00,-1.00,-1.00,-1.00,-1.00
2022-12-26T08:17:09Z,"0002cc01000003e9","2250d41b05fd37fc04d511140d615125bb0800000000000000ffffffffffffffffffffffff",3.50,,0.30,17,20.05,14.74,99648.00,1.00,0,0,0,0,,,-1.00,-1.00,-1.00,-1.00,-1.00,-1.00
2022-12-26T08:23:05Z,"0002cc01000003e9","2250d41c69fd37fc04d5111415615025a0f000000000000000ffffffffffffffffffffffff",3.50,,0.30,17,20.08,14.70,99644.00,0.00,0,0,0,0,,,-1.00,-1.00,-1.00,-1.00,-1.00,-1.00
2022-12-26T08:29:01Z,"0002cc01000003e9","2250d41dcdfd37fc04d5111410615125d0f000000000000000ffffffffffffffffffffffff",3.50,,0.30,17,20.06,14.77,99648.00,0.00,0,0,0,0,,,-1.00,-1.00,-1.00,-1.00,-1.00,-1.00
2022-12-26T08:34:57Z,"0002cc01000003e9","2250d41f31fd37fc04d5111408614d25d70c00000000000000ffffffffffffffffffffffff",3.50,,0.30,17,20.03,14.78,99635.00,24.00,0,0,0,0,,,-1.00,-1.00,-1.00,-1.00,-1.00,-1.00
2022-12-26T08:40:53Z,"0002cc01000003e9","2250d42095fd380504da111403614e25b3f000000000000000ffffffffffffffffffffffff",3.50,,0.30,17,20.01,14.73,99638.00,0.00,0,0,0,0,,,-1.00,-1.00,-1.00,-1.00,-1.00,-1.00
2022-12-26T08:46:49Z,"0002cc01000003e9","2250d421f9fd37fc04da11142461532562f000000000000000ffffffffffffffffffffffff",3.50,,0.30,17,20.14,14.60,99656.00,0.00,0,0,0,0,,,-1.00,-1.00,-1.00,-1.00,-1.00,-1.00
2022-12-26T08:52:45Z,"0002cc01000003e9","2250d4235dfd37fc04d511142c614a253ff000000000000000ffffffffffffffffffffffff",3.50,,0.30,17,20.17,14.55,99622.00,0.00,0,0,0,0,,,-1.00,-1.00,-1.00,-1.00,-1.00,-1.00
2022-12-26T08:58:41Z,"0002cc01000003e9","2250d424c1fd37fc04d5111422614925300800000000000000ffffffffffffffffffffffff",3.50,,0.30,17,20.13,14.53,99617.00,4.00,0,0,0,0,,,-1.00,-1.00,-1.00,-1.00,-1.00,-1.00
2022-12-26T09:04:37Z,"0002cc01000003e9","2250d42625fd37fc04da111418614c251a0880000000000000ffffffffffffffffffffffff",3.50,,0.30,17,20.09,14.49,99628.00,17.00,0,0,0,0,,,-1.00,-1.00,-1.00,-1.00,-1.00,-1.00
2022-12-26T09:10:33Z,"0002cc01000003e9","2250d42789fd37fc04d511140d614a24fd0900000000000000ffffffffffffffffffffffff",3.50,,0.30,17,20.05,14.45,99621.00,18.00,0,0,0,0,,,-1.00,-1.00,-1.00,-1.00,-1.00,-1.00
2022-12-26T09:16:30Z,"0002cc01000003e9","2250d428eefd37fc04d5111418614624bf0980000000000000ffffffffffffffffffffffff",3.50,,0.30,17,20.09,14.35,99604.00,19.00,0,0,0,0,,,-1.00,-1.00,-1.00,-1.00,-1.00,-1.00
2022-12-26T09:22:26Z,"0002cc01000003e9","2250d42a52fd37fc04da11141a61412495f000000000000000ffffffffffffffffffffffff",3.50,,0.30,17,20.10,14.29,99584.00,0.00,0,0,0,0,,,-1.00,-1.00,-1.00,-1.00,-1.00,-1.00
2022-12-26T09:28:22Z,"0002cc01000003e9","2250d42bb6fd37fc04d5111418613f2494f000000000000000ffffffffffffffffffffffff",3.50,,0.30,17,20.09,14.29,99579.00,0.00,0,0,0,0,,,-1.00,-1.00,-1.00,-1.00,-1.00,-1.00
2022-12-26T09:34:18Z,"0002cc01000003e9","2250d42d1afd37fc04d511140d613f24a90800000000000000ffffffffffffffffffffffff",3.50,,0.30,17,20.05,14.32,99577.00,8.00,0,0,0,0,,,-1.00,-1.00,-1.00,-1.00,-1.00,-1.00
2022-12-26T09:40:14Z,"0002cc01000003e9","2250d42e7efd380904e2111406613d24ef0800000000000000ffffffffffffffffffffffff",3.50,,0.31,17,20.02,14.43,99570.00,2.00,0,0,0,0,,,-1.00,-1.00,-1.00,-1.00,-1.00,-1.00
2022-12-26T09:46:10Z,"0002cc01000003e9","2250d42fe2fd37fc04d511140b613c24e1f000000000000000ffffffffffffffffffffffff",3.50,,0.30,17,20.04,14.41,99566.00,0.00,0,0,0,0,,,-1.00,-1.00,-1.00,-1.00,-1.00,-1.00
2022-12-26T09:52:06Z,"0002cc01000003e9","2250d43146fd37fc04d5111418613d24e90880000000000000ffffffffffffffffffffffff",3.50,,0.30,17,20.09,14.42,99570.00,34.00,0,0,0,0,,,-1.00,-1.00,-1.00,-1.00,-1.00,-1.00
2022-12-26T09:58:02Z,"0002cc01000003e9","2250d432aafd37fc04e2111418613b25360c00000000000000ffffffffffffffffffffffff",3.50,,0.31,17,20.09,14.54,99563.00,3.00,0,0,0,0,,,-1.00,-1.00,-1.00,-1.00,-1.00,-1.00
2022-12-26T10:03:58Z,"0002cc01000003e9","2250d4340efd37fc04d5111410613925c9f000000000000000ffffffffffffffffffffffff",3.50,,0.30,17,20.06,14.76,99553.00,0.00,0,0,0,0,,,-1.00,-1.00,-1.00,-1.00,-1.00,-1.00
2022-12-26T10:09:54Z,"0002cc01000003e9","2250d43572fd380504da111410613625d0f000000000000000ffffffffffffffffffffffff",3.50,,0.30,17,20.06,14.77,99543.00,0.00,0,0,0,0,,,-1.00,-1.00,-1.00,-1.00,-1.00,-1.00
2022-12-26T10:15:50Z,"0002cc01000003e9","2250d436d6fd37fc04d51114126137261e0c80000000000000ffffffffffffffffffffffff",3.50,,0.30,17,20.07,14.89,99544.00,25.00,0,0,0,0,,,-1.00,-1.00,-1.00,-1.00,-1.00,-1.00
2022-12-26T10:21:46Z,"0002cc01000003e9","2250d4383afd37fc04d511140d613426b10a00000000000000ffffffffffffffffffffffff",3.50,,0.30,17,20.05,15.11,99533.00,20.00,0,0,0,0,,,-1.00,-1.00,-1.00,-1.00,-1.00,-1.00
2022-12-26T10:27:42Z,"0002cc01000003e9","2250d4399efd37fc04d51114036133272f0f00000000000000ffffffffffffffffffffffff",3.50,,0.30,17,20.01,15.31,99529.00,15.00,0,0,0,0,,,-1.00,-1.00,-1.00,-1.00,-1.00,-1.00
2022-12-26T10:33:38Z,"0002cc01000003e9","2250d43b02fd37fc04d511141d613327070a00000000000000ffffffffffffffffffffffff",3.50,,0.30,17,20.11,15.25,99529.00,10.00,0,0,0,0,,,-1.00,-1.00,-1.00,-1.00,-1.00,-1.00
2022-12-26T10:39:35Z,"0002cc01000003e9","2250d43c67fd37fc04d51114316132272cf000000000000000ffffffffffffffffffffffff",3.50,,0.30,17,20.19,15.30,99527.00,0.00,0,0,0,0,,,-1.00,-1.00,-1.00,-1.00,-1.00,-1.00
2022-12-26T10:45:31Z,"0002cc01000003e9","2250d43dcbfd37fc04d51114296130278ef000000000000000ffffffffffffffffffffffff",3.50,,0.30,17,20.16,15.45,99517.00,0.00,0,0,0,0,,,-1.00,-1.00,-1.00,-1.00,-1.00,-1.00
2022-12-26T10:51:27Z,"0002cc01000003e9","2250d43f2ffd37fc04d511142261322812f000000000000000ffffffffffffffffffffffff",3.50,,0.30,17,20.13,15.65,99526.00,0.00,0,0,0,0,,,-1.00,-1.00,-1.00,-1.00,-1.00,-1.00
2022-12-26T10:57:23Z,"0002cc01000003e9","2250d44093fd37fc04d5111415613328660980000000000000ffffffffffffffffffffffff",3.50,,0.30,17,20.08,15.78,99530.00,19.00,0,0,0,0,,,-1.00,-1.00,-1.00,-1.00,-1.00,-1.00
2022-12-26T11:03:19Z,"0002cc01000003e9","2250d441f7fd37fc04d511140b613328c80800000000000000ffffffffffffffffffffffff",3.50,,0.30,17,20.04,15.93,99529.00,4.00,0,0,0,0,,,-1.00,-1.00,-1.00,-1.00,-1.00,-1.00
2022-12-26T11:09:15Z,"0002cc01000003e9","2250d4435bfd37fc04d511141561312897f000000000000000ffffffffffffffffffffffff",3.50,,0.30,17,20.08,15.86,99522.00,0.00,0,0,0,0,,,-1.00,-1.00,-1.00,-1.00,-1.00,-1.00
2022-12-26T11:15:11Z,"0002cc01000003e9","2250d444bffd37fc04e211141d6133288a0800000000000000ffffffffffffffffffffffff",3.50,,0.31,17,20.11,15.84,99529.00,1.00,0,0,0,0,,,-1.00,-1.00,-1.00,-1.00,-1.00,-1.00
2022-12-26T11:21:07Z,"0002cc01000003e9","2250d44623fd37fc04d511141a613328c9f000000000000000ffffffffffffffffffffffff",3.50,,0.30,17,20.10,15.93,99530.00,0.00,0,0,0,0,,,-1.00,-1.00,-1.00,-1.00,-1.00,-1.00
2022-12-26T11:27:03Z,"0002cc01000003e9","2250d44787fd37fc04d511141261342900f000000000000000ffffffffffffffffffffffff",3.50,,0.30,17,20.07,16.02,99534.00,0.00,0,0,0,0,,,-1.00,-1.00,-1.00,-1.00,-1.00,-1.00
2022-12-26T11:32:59Z,"0002cc01000003e9","2250d448ebfd37f804d111140b613629460c00000000000000ffffffffffffffffffffffff",3.50,,0.30,17,20.04,16.12,99541.00,3.00,0,0,0,0,,,-1.00,-1.00,-1.00,-1.00,-1.00,-1.00
2022-12-26T11:38:55Z,"0002cc01000003e9","2250d44a4ffd37fc04d5111406613829460b80000000000000ffffffffffffffffffffffff",3.50,,0.30,17,20.02,16.12,99548.00,23.00,0,0,0,0,,,-1.00,-1.00,-1.00,-1.00,-1.00,-1.00
2022-12-26T11:44:51Z,"0002cc01000003e9","2250d44bb3fd37fc04d5111418613929320900000000000000ffffffffffffffffffffffff",3.50,,0.30,17,20.09,16.09,99553.00,18.00,0,0,0,0,,,-1.00,-1.00,-1.00,-1.00,-1.00,-1.00
2022-12-26T11:50:47Z,"0002cc01000003e9","2250d44d17fd37fc04d511141d61382939f000000000000000ffffffffffffffffffffffff",3.50,,0.30,17,20.11,16.10,99549.00,0.00,0,0,0,0,,,-1.00,-1.00,-1.00,-1.00,-1.00,-1.00
2022-12-26T11:56:44Z,"0002cc01000003e9","2250d44e7cfd37fc04d511141f61372980f000000000000000ffffffffffffffffffffffff",3.50,,0.30,17,20.12,16.21,99544.00,0.00,0,0,0,0,,,-1.00,-1.00,-1.00,-1.00,-1.00,-1.00
2022-12-26T12:02:40Z,"0002cc01000003e9","2250d44fe0fd37fc04e2111424613629a40e00000000000000ffffffffffffffffffffffff",3.50,,0.31,17,20.14,16.27,99540.00,14.00,0,0,0,0,,,-1.00,-1.00,-1.00,-1.00,-1.00,-1.00
2022-12-26T12:08:36Z,"0002cc01000003e9","2250d45144fd37fc04d5111429613629ce0e80000000000000ffffffffffffffffffffffff",3.50,,0.30,17,20.16,16.33,99543.00,29.00,0,0,0,0,,,-1.00,-1.00,-1.00,-1.00,-1.00,-1.00
2022-12-26T12:14:32Z,"0002cc01000003e9","2250d452a8fd37fc04da11142f613729f20b00000000000000ffffffffffffffffffffffff",3.50,,0.30,17,20.18,16.38,99546.00,11.00,0,0,0,0,,,-1.00,-1.00,-1.00,-1.00,-1.00,-1.00
2022-12-26T12:20:28Z,"0002cc01000003e9","2250d4540cfd37fc04d511143461372a390c00000000000000ffffffffffffffffffffffff",3.50,,0.30,17,20.20,16.49,99546.00,12.00,0,0,0,0,,,-1.00,-1.00,-1.00,-1.00,-1.00,-1.00
2022-12-26T12:26:24Z,"0002cc01000003e9","2250d45570fd37fc04da11143961372a7f0900000000000000ffffffffffffffffffffffff",3.50,,0.30,17,20.22,16.60,99547.00,9.00,0,0,0,0,,,-1.00,-1.00,-1.00,-1.00,-1.00,-1.00
2022-12-26T12:32:20Z,"0002cc01000003e9","2250d456d4fd37fc04d511143e613a2a9c0b80000000000000ffffffffffffffffffffffff",3.50,,0.30,17,20.24,16.64,99556.00,23.00,0,0,0,0,,,-1.00,-1.00,-1.00,-1.00,-1.00,-1.00
2022-12-26T12:38:16Z,"0002cc01000003e9","2250d45838fd37fc04d5111443613b2acef000000000000000ffffffffffffffffffffffff",3.50,,0.30,17,20.26,16.72,99563.00,0.00,0,0,0,0,,,-1.00,-1.00,-1.00,-1.00,-1.00,-1.00
2022-12-26T12:44:12Z,"0002cc01000003e9","2250d4599cfd37fc04d5111448613b2afff000000000000000ffffffffffffffffffffffff",3.50,,0.30,17,20.28,16.80,99563.00,0.00,0,0,0,0,,,-1.00,-1.00,-1.00,-1.00,-1.00,-1.00
2022-12-26T12:50:08Z,"0002cc01000003e9","2250d45b00fd37fc04d511144d613f2b0e0880000000000000ffffffffffffffffffffffff",3.50,,0.30,17,20.30,16.82,99576.00,17.00,0,0,0,0,,,-1.00,-1.00,-1.00,-1.00,-1.00,-1.00
2022-12-26T12:56:04Z,"0002cc01000003e9","2250d45c64fd37f404d511145261402b390880000000000000ffffffffffffffffffffffff",3.50,,0.30,17,20.32,16.88,99582.00,17.00,0,0,0,0,,,-1.00,-1.00,-1.00,-1.00,-1.00,-1.00
2022-12-26T13:02:00Z,"0002cc01000003e9","2250d45dc8fd37fc04d5111458613d2b32f000000000000000ffffffffffffffffffffffff",3.50,,0.30,17,20.34,16.87,99570.00,0.00,0,0,0,0,,,-1.00,-1.00,-1.00,-1.00,-1.00,-1.00
2022-12-26T13:07:56Z,"0002cc01000003e9","2250d45f2cfd37fc04d511145a613d2b480900000000000000ffffffffffffffffffffffff",3.50,,0.30,17,20.35,16.91,99570.00,9.00,0,0,0,0,,,-1.00,-1.00,-1.00,-1.00,-1.00,-1.00
2022-12-26T13:13:52Z,"0002cc01000003e9","2250d46090fd37f404d511145a613e2baaf000000000000000ffffffffffffffffffffffff",3.50,,0.30,17,20.35,17.06,99575.00,0.00,0,0,0,0,,,-1.00,-1.00,-1.00,-1.00,-1.00,-1.00
2022-12-26T13:19:49Z,"0002cc01000003e9","2250d461f5fd37fc04d511145d613f2be2f000000000000000ffffffffffffffffffffffff",3.50,,0.30,17,20.36,17.14,99577.00,0.00,0,0,0,0,,,-1.00,-1.00,-1.00,-1.00,-1.00,-1.00
2022-12-26T13:25:45Z,"0002cc01000003e9","2250d46359fd37fc04d511145d61412be90800000000000000ffffffffffffffffffffffff",3.50,,0.30,17,20.36,17.15,99585.00,8.00,0,0,0,0,,,-1.00,-1.00,-1.00,-1.00,-1.00,-1.00
2022-12-26T13:31:41Z,"0002cc01000003e9","2250d464bdfd37f404de11145a61402c8b0b80000000000000ffffffffffffffffffffffff",3.50,,0.30,17,20.35,17.40,99583.00,23.00,0,0,0,0,,,-1.00,-1.00,-1.00,-1.00,-1.00,-1.00
2022-12-26T13:37:37Z,"0002cc01000003e9","2250d46621fd37fc04d5111452613f2c9f0b00000000000000ffffffffffffffffffffffff",3.50,,0.30,17,20.32,17.43,99578.00,11.00,0,0,0,0,,,-1.00,-1.00,-1.00,-1.00,-1.00,-1.00
2022-12-26T13:43:33Z,"0002cc01000003e9","2250d46785fd37fc04d511145261422c9f0800000000000000ffffffffffffffffffffffff",3.50,,0.30,17,20.32,17.43,99589.00,1.00,0,0,0,0,,,-1.00,-1.00,-1.00,-1.00,-1.00,-1.00
2022-12-26T13:49:29Z,"0002cc01000003e9","2250d468e9fd37f404d511145061472d0f0800000000000000ffffffffffffffffffffffff",3.50,,0.30,17,20.31,17.60,99610.00,8.00,0,0,0,0,,,-1.00,-1.00,-1.00,-1.00,-1.00,-1.00
2022-12-26T13:55:25Z,"0002cc01000003e9","2250d46a4dfd37fc04d511144d61482cf30e00000000000000ffffffffffffffffffffffff",3.50,,0.30,17,20.30,17.56,99613.00,14.00,0,0,0,0,,,-1.00,-1.00,-1.00,-1.00,-1.00,-1.00
2022-12-26T14:01:21Z,"0002cc01000003e9","2250d46bb1fd37f404d511144d61492d400a00000000000000ffffffffffffffffffffffff",3.50,,0.30,17,20.30,17.68,99616.00,20.00,0,0,0,0,,,-1.00,-1.00,-1.00,-1.00,-1.00,-1.00
2022-12-26T14:07:17Z,"0002cc01000003e9","2250d46d15fd37fc04d5111448614a2d550800000000000000ffffffffffffffffffffffff",3.50,,0.30,17,20.28,17.71,99620.00,2.00,0,0,0,0,,,-1.00,-1.00,-1.00,-1.00,-1.00,-1.00
2022-12-26T14:13:13Z,"0002cc01000003e9","2250d46e79fd37fc04d5111448614c2d8d0b00000000000000ffffffffffffffffffffffff",3.50,,0.30,17,20.28,17.79,99629.00,22.00,0,0,0,0,,,-1.00,-1.00,-1.00,-1.00,-1.00,-1.00
2022-12-26T14:19:09Z,"0002cc01000003e9","2250d46fddfd37f404d5111448614e2db7f000000000000000ffffffffffffffffffffffff",3.50,,0.30,17,20.28,17.86,99636.00,0.00,0,0,0,0,,,-1.00,-1.00,-1.00,-1.00,-1.00,-1.00
2022-12-26T14:25:05Z,"0002cc01000003e9","2250d47141fd37f404d5111446614b2da90c00000000000000ffffffffffffffffffffffff",3.50,,0.30,17,20.27,17.84,99627.00,3.00,0,0,0,0,,,-1.00,-1.00,-1.00,-1.00,-1.00,-1.00
2022-12-26T14:31:01Z,"0002cc01000003e9","2250d472a5fd37f404d5111446614b2dd30d00000000000000ffffffffffffffffffffffff",3.50,,0.30,17,20.27,17.90,99626.00,13.00,0,0,0,0,,,-1.00,-1.00,-1.00,-1.00,-1.00,-1.00
2022-12-26T14:36:58Z,"0002cc01000003e9","2250d4740afd37f404d511144661502e040800000000000000ffffffffffffffffffffffff",3.50,,0.30,17,20.27,17.98,99645.00,2.00,0,0,0,0,,,-1.00,-1.00,-1.00,-1.00,-1.00,-1.00
2022-12-26T14:42:54Z,"0002cc01000003e9","2250d4756efd37f404d5111443614f2e27f000000000000000ffffffffffffffffffffffff",3.50,,0.30,17,20.26,18.03,99641.00,0.00,0,0,0,0,,,-1.00,-1.00,-1.00,-1.00,-1.00,-1.00
2022-12-26T14:48:50Z,"0002cc01000003e9","2250d476d2fd37fc04d5111443614e2e3d0e00000000000000ffffffffffffffffffffffff",3.50,,0.30,17,20.26,18.06,99638.00,14.00,0,0,0,0,,,-1.00,-1.00,-1.00,-1.00,-1.00,-1.00
2022-12-26T14:54:46Z,"0002cc01000003e9","2250d47836fd37f404d511144361522e590900000000000000ffffffffffffffffffffffff",3.50,,0.30,17,20.26,18.10,99655.00,9.00,0,0,0,0,,,-1.00,-1.00,-1.00,-1.00,-1.00,-1.00
2022-12-26T15:00:42Z,"0002cc01000003e9","2250d4799afd37f404d511144361522e3c0800000000000000ffffffffffffffffffffffff",3.50,,0.30,17,20.26,18.06,99654.00,2.00,0,0,0,0,,,-1.00,-1.00,-1.00,-1.00,-1.00,-1.00
2022-12-26T15:06:38Z,"0002cc01000003e9","2250d47afefd37f404d511144161552e510b00000000000000ffffffffffffffffffffffff",3.50,,0.30,17,20.25,18.09,99665.00,22.00,0,0,0,0,,,-1.00,-1.00,-1.00,-1.00,-1.00,-1.00
2022-12-26T15:12:34Z,"0002cc01000003e9","2250d47c62fd37f404d511144361582e59f000000000000000ffffffffffffffffffffffff",3.50,,0.30,17,20.26,18.10,99679.00,0.00,0,0,0,0,,,-1.00,-1.00,-1.00,-1.00,-1.00,-1.00
2022-12-26T15:18:30Z,"0002cc01000003e9","2250d47dc6fd37f404d5111443615b2e4b0980000000000000ffffffffffffffffffffffff",3.50,,0.30,17,20.26,18.08,99688.00,19.00,0,0,0,0,,,-1.00,-1.00,-1.00,-1.00,-1.00,-1.00
2022-12-26T15:24:26Z,"0002cc01000003e9","2250d47f2afd37f404e2111443615c2e97f000000000000000ffffffffffffffffffffffff",3.50,,0.31,17,20.26,18.20,99695.00,0.00,0,0,0,0,,,-1.00,-1.00,-1.00,-1.00,-1.00,-1.00
2022-12-26T15:30:22Z,"0002cc01000003e9","2250d4808efd37f404d5111443615e2eb40a80000000000000ffffffffffffffffffffffff",3.50,,0.30,17,20.26,18.24,99703.00,21.00,0,0,0,0,,,-1.00,-1.00,-1.00,-1.00,-1.00,-1.00
2022-12-26T15:36:18Z,"0002cc01000003e9","2250d481f2fd37f404d5111443615d2e970b00000000000000ffffffffffffffffffffffff",3.50,,0.30,17,20.26,18.20,99698.00,11.00,0,0,0,0,,,-1.00,-1.00,-1.00,-1.00,-1.00,-1.00
2022-12-26T15:42:14Z,"0002cc01000003e9","2250d48356fd37fc04d5111443615d2ec20a00000000000000ffffffffffffffffffffffff",3.50,,0.30,17,20.26,18.26,99699.00,20.00,0,0,0,0,,,-1.00,-1.00,-1.00,-1.00,-1.00,-1.00
2022-12-26T15:48:10Z,"0002cc01000003e9","2250d484bafd37fc04d5111441615e2eeb0a80000000000000ffffffffffffffffffffffff",3.50,,0.30,17,20.25,18.33,99702.00,21.00,0,0,0,0,,,-1.00,-1.00,-1.00,-1.00,-1.00,-1.00
2022-12-26T15:54:06Z,"0002cc01000003e9","2250d4861efd37fc04d511144161622ef90900000000000000ffffffffffffffffffffffff",3.50,,0.30,17,20.25,18.35,99719.00,9.00,0,0,0,0,,,-1.00,-1.00,-1.00,-1.00,-1.00,-1.00
2022-12-26T16:00:03Z,"0002cc01000003e9","2250d48783fd37f404d511144161632f0f0800000000000000ffffffffffffffffffffffff",3.50,,0.30,17,20.25,18.38,99723.00,32.00,0,0,0,0,,,-1.00,-1.00,-1.00,-1.00,-1.00,-1.00
2022-12-26T16:05:59Z,"0002cc01000003e9","2250d488e7fd37f404d511144161622f390800000000000000ffffffffffffffffffffffff",3.50,,0.30,17,20.25,18.45,99718.00,32.00,0,0,0,0,,,-1.00,-1.00,-1.00,-1.00,-1.00,-1.00
2022-12-26T16:11:55Z,"0002cc01000003e9","2250d48a4bfd37fc04d511144361652f55f000000000000000ffffffffffffffffffffffff",3.50,,0.30,17,20.26,18.49,99730.00,0.00,0,0,0,0,,,-1.00,-1.00,-1.00,-1.00,-1.00,-1.00
2022-12-26T16:17:51Z,"0002cc01000003e9","2250d48baffd37fc04de11144161632f6a0c00000000000000ffffffffffffffffffffffff",3.50,,0.30,17,20.25,18.52,99721.00,12.00,0,0,0,0,,,-1.00,-1.00,-1.00,-1.00,-1.00,-1.00
2022-12-26T16:23:47Z,"0002cc01000003e9","2250d48d13fd37f404d511144161642fd40a80000000000000ffffffffffffffffffffffff",3.50,,0.30,17,20.25,18.68,99727.00,21.00,0,0,0,0,,,-1.00,-1.00,-1.00,-1.00,-1.00,-1.00
2022-12-26T16:29:43Z,"0002cc01000003e9","2250d48e77fd37f404d511144361692ffe0e00000000000000ffffffffffffffffffffffff",3.50,,0.30,17,20.26,18.75,99744.00,28.00,0,0,0,0,,,-1.00,-1.00,-1.00,-1.00,-1.00,-1.00
2022-12-26T16:35:39Z,"0002cc01000003e9","2250d48fdbfd37f404d511144161662ff00b80000000000000ffffffffffffffffffffffff",3.50,,0.30,17,20.25,18.73,99733.00,46.00,0,0,0,0,,,-1.00,-1.00,-1.00,-1.00,-1.00,-1.00
2022-12-26T16:41:35Z,"0002cc01000003e9","2250d4913ffd37f404d5111443616530520e00000000000000ffffffffffffffffffffffff",3.50,,0.30,17,20.26,18.88,99728.00,7.00,0,0,0,0,,,-1.00,-1.00,-1.00,-1.00,-1.00,-1.00
2022-12-26T16:47:31Z,"0002cc01000003e9","2250d492a3fd37f404d5111443616a30600f00000000000000ffffffffffffffffffffffff",3.50,,0.30,17,20.26,18.90,99751.00,15.00,0,0,0,0,,,-1.00,-1.00,-1.00,-1.00,-1.00,-1.00
2022-12-26T16:53:27Z,"0002cc01000003e9","2250d49407fd37f404d5111448616d307d0f00000000000000ffffffffffffffffffffffff",3.50,,0.30,17,20.28,18.94,99761.00,15.00,0,0,0,0,,,-1.00,-1.00,-1.00,-1.00,-1.00,-1.00
2022-12-26T16:59:23Z,"0002cc01000003e9","2250d4956bfd37f404d5111448616f30840a00000000000000ffffffffffffffffffffffff",3.50,,0.30,17,20.28,18.95,99769.00,10.00,0,0,0,0,,,-1.00,-1.00,-1.00,-1.00,-1.00,-1.00
2022-12-26T17:05:19Z,"0002cc01000003e9","2250d496cffd37f404d5111448616e30990940000000000000ffffffffffffffffffffffff",3.50,,0.30,17,20.28,18.98,99767.00,37.00,0,0,0,0,,,-1.00,-1.00,-1.00,-1.00,-1.00,-1.00
2022-12-26T17:11:15Z,"0002cc01000003e9","2250d49833fd37fc04d511144b617130b60900000000000000ffffffffffffffffffffffff",3.50,,0.30,17,20.29,19.03,99779.00,9.00,0,0,0,0,,,-1.00,-1.00,-1.00,-1.00,-1.00,-1.00
2022-12-26T17:17:12Z,"0002cc01000003e9","2250d49998fd37f404d511144b617230d20800000000000000ffffffffffffffffffffffff",3.50,,0.30,17,20.29,19.07,99782.00,1.00,0,0,0,0,,,-1.00,-1.00,-1.00,-1.00,-1.00,-1.00
2022-12-26T17:23:08Z,"0002cc01000003e9","2250d49afcfd37f404d5111448617130ed0a00000000000000ffffffffffffffffffffffff",3.50,,0.30,17,20.28,19.11,99779.00,20.00,0,0,0,0,,,-1.00,-1.00,-1.00,-1.00,-1.00,-1.00
2022-12-26T17:29:04Z,"0002cc01000003e9","2250d49c60fd37f404d511144b616f310a0800000000000000ffffffffffffffffffffffff",3.50,,0.30,17,20.29,19.16,99771.00,8.00,0,0,0,0,,,-1.00,-1.00,-1.00,-1.00,-1.00,-1.00
2022-12-26T17:35:00Z,"0002cc01000003e9","2250d49dc4fd37f404de11144b6172312d0c80000000000000ffffffffffffffffffffffff",3.50,,0.30,17,20.29,19.21,99780.00,25.00,0,0,0,0,,,-1.00,-1.00,-1.00,-1.00,-1.00,-1.00
2022-12-26T17:40:56Z,"0002cc01000003e9","2250d49f28fd37f404d511144b6172312d0f00000000000000ffffffffffffffffffffffff",3.50,,0.30,17,20.29,19.21,99780.00,30.00,0,0,0,0,,,-1.00,-1.00,-1.00,-1.00,-1.00,-1.00
2022-12-26T17:46:52Z,"0002cc01000003e9","2250d4a08cfd37f404d511144b617131180800000000000000ffffffffffffffffffffffff",3.50,,0.30,17,20.29,19.18,99776.00,1.00,0,0,0,0,,,-1.00,-1.00,-1.00,-1.00,-1.00,-1.00
2022-12-26T17:52:48Z,"0002cc01000003e9","2250d4a1f0fd37f404d511144b616e31340c00000000000000ffffffffffffffffffffffff",3.50,,0.30,17,20.29,19.22,99767.00,24.00,0,0,0,0,,,-1.00,-1.00,-1.00,-1.00,-1.00,-1.00
2022-12-26T17:58:44Z,"0002cc01000003e9","2250d4a354fd37f404d5111448617031490c00000000000000ffffffffffffffffffffffff",3.50,,0.30,17,20.28,19.25,99773.00,3.00,0,0,0,0,,,-1.00,-1.00,-1.00,-1.00,-1.00,-1.00
2022-12-26T18:04:40Z,"0002cc01000003e9","2250d4a4b8fd37f404d511144b6171316cf000000000000000ffffffffffffffffffffffff",3.50,,0.30,17,20.29,19.31,99779.00,0.00,0,0,0,0,,,-1.00,-1.00,-1.00,-1.00,-1.00,-1.00
2022-12-26T18:10:36Z,"0002cc01000003e9","2250d4a61cfd37e804d1111448616d317a0f80000000000000ffffffffffffffffffffffff",3.49,,0.30,17,20.28,19.33,99761.00,31.00,0,0,0,0,,,-1.00,-1.00,-1.00,-1.00,-1.00,-1.00
2022-12-26T18:16:32Z,"0002cc01000003e9","2250d4a780fd37f404d511144b616b317a0c00000000000000ffffffffffffffffffffffff",3.50,,0.30,17,20.29,19.33,99752.00,12.00,0,0,0,0,,,-1.00,-1.00,-1.00,-1.00,-1.00,-1.00
2022-12-26T18:22:28Z,"0002cc01000003e9","2250d4a8e4fd37f404de11144d616a3196f000000000000000ffffffffffffffffffffffff",3.50,,0.30,17,20.30,19.37,99749.00,0.00,0,0,0,0,,,-1.00,-1.00,-1.00,-1.00,-1.00,-1.00
2022-12-26T18:28:25Z,"0002cc01000003e9","2250d4aa49fd37f004de11144d616b31ab0f00000000000000ffffffffffffffffffffffff",3.50,,0.30,17,20.30,19.40,99754.00,15.00,0,0,0,0,,,-1.00,-1.00,-1.00,-1.00,-1.00,-1.00
2022-12-26T18:34:21Z,"0002cc01000003e9","2250d4abadfd37f404d511144b616831a40e00000000000000ffffffffffffffffffffffff",3.50,,0.30,17,20.29,19.39,99743.00,7.00,0,0,0,0,,,-1.00,-1.00,-1.00,-1.00,-1.00,-1.00
2022-12-26T18:40:17Z,"0002cc01000003e9","2250d4ad11fd37f004d111144d616931960e80000000000000ffffffffffffffffffffffff",3.50,,0.30,17,20.30,19.37,99745.00,29.00,0,0,0,0,,,-1.00,-1.00,-1.00,-1.00,-1.00,-1.00
2022-12-26T18:46:13Z,"0002cc01000003e9","2250d4ae75fd37f404d511144d616b31b30d00000000000000ffffffffffffffffffffffff",3.50,,0.30,17,20.30,19.41,99753.00,13.00,0,0,0,0,,,-1.00,-1.00,-1.00,-1.00,-1.00,-1.00
2022-12-26T18:52:09Z,"0002cc01000003e9","2250d4afd9fd37ec04d5111450616f31970c00000000000000ffffffffffffffffffffffff",3.49,,0.30,17,20.31,19.37,99769.00,3.00,0,0,0,0,,,-1.00,-1.00,-1.00,-1.00,-1.00,-1.00
2022-12-26T18:58:05Z,"0002cc01000003e9","2250d4b13dfd37f404d51114506173315f0e00000000000000ffffffffffffffffffffffff",3.50,,0.30,17,20.31,19.29,99784.00,7.00,0,0,0,0,,,-1.00,-1.00,-1.00,-1.00,-1.00,-1.00
2022-12-26T19:04:01Z,"0002cc01000003e9","2250d4b2a1fd37ec04d5111450617531340800000000000000ffffffffffffffffffffffff",3.49,,0.30,17,20.31,19.22,99795.00,16.00,0,0,0,0,,,-1.00,-1.00,-1.00,-1.00,-1.00,-1.00
2022-12-26T19:09:57Z,"0002cc01000003e9","2250d4b405fd37e804d1111452617731190a80000000000000ffffffffffffffffffffffff",3.49,,0.30,17,20.32,19.18,99800.00,21.00,0,0,0,0,,,-1.00,-1.00,-1.00,-1.00,-1.00,-1.00
2022-12-26T19:15:53Z,"0002cc01000003e9","2250d4b569fd37f404d5111450617c30ef0b00000000000000ffffffffffffffffffffffff",3.50,,0.30,17,20.31,19.11,99820.00,44.00,0,0,0,0,,,-1.00,-1.00,-1.00,-1.00,-1.00,-1.00
2022-12-26T19:21:49Z,"0002cc01000003e9","2250d4b6cdfd37f404d5111450617d30d20d00000000000000ffffffffffffffffffffffff",3.50,,0.30,17,20.31,19.07,99825.00,13.00,0,0,0,0,,,-1.00,-1.00,-1.00,-1.00,-1.00,-1.00
2022-12-26T19:27:45Z,"0002cc01000003e9","2250d4b831fd37ec04d511144d617f30bd0a00000000000000ffffffffffffffffffffffff",3.49,,0.30,17,20.30,19.04,99834.00,5.00,0,0,0,0,,,-1.00,-1.00,-1.00,-1.00,-1.00,-1.00
2022-12-26T19:33:41Z,"0002cc01000003e9","2250d4b995fd37ec04d5111450618030af0c00000000000000ffffffffffffffffffffffff",3.49,,0.30,17,20.31,19.02,99836.00,3.00,0,0,0,0,,,-1.00,-1.00,-1.00,-1.00,-1.00,-1.00
2022-12-26T19:39:37Z,"0002cc01000003e9","2250d4baf9fd37f004d1111450618230a80940000000000000ffffffffffffffffffffffff",3.50,,0.30,17,20.31,19.01,99846.00,37.00,0,0,0,0,,,-1.00,-1.00,-1.00,-1.00,-1.00,-1.00
2022-12-26T19:45:34Z,"0002cc01000003e9","2250d4bc5efd37f004d511145061813093f000000000000000ffffffffffffffffffffffff",3.50,,0.30,17,20.31,18.97,99843.00,0.00,0,0,0,0,,,-1.00,-1.00,-1.00,-1.00,-1.00,-1.00
2022-12-26T19:51:30Z,"0002cc01000003e9","2250d4bdc2fd37f004d111144d6187304d0c00000000000000ffffffffffffffffffffffff",3.50,,0.30,17,20.30,18.87,99864.00,6.00,0,0,0,0,,,-1.00,-1.00,-1.00,-1.00,-1.00,-1.00
2022-12-26T19:57:26Z,"0002cc01000003e9","2250d4bf26fd37f404d5111450618b2ff8f000000000000000ffffffffffffffffffffffff",3.50,,0.30,17,20.31,18.74,99881.00,0.00,0,0,0,0,,,-1.00,-1.00,-1.00,-1.00,-1.00,-1.00
2022-12-26T20:03:22Z,"0002cc01000003e9","2250d4c08afd37f404d5111450618d2fd60800000000000000ffffffffffffffffffffffff",3.50,,0.30,17,20.31,18.69,99889.00,4.00,0,0,0,0,,,-1.00,-1.00,-1.00,-1.00,-1.00,-1.00
2022-12-26T20:09:18Z,"0002cc01000003e9","2250d4c1eefd37f404d5111452618d2fc00900000000000000ffffffffffffffffffffffff",3.50,,0.30,17,20.32,18.65,99891.00,9.00,0,0,0,0,,,-1.00,-1.00,-1.00,-1.00,-1.00,-1.00
2022-12-26T20:15:14Z,"0002cc01000003e9","2250d4c352fd37ec04d511145261912fb90c00000000000000ffffffffffffffffffffffff",3.49,,0.30,17,20.32,18.64,99906.00,3.00,0,0,0,0,,,-1.00,-1.00,-1.00,-1.00,-1.00,-1.00
2022-12-26T20:21:10Z,"0002cc01000003e9","2250d4c4b6fd37f404d511145261952fab0c00000000000000ffffffffffffffffffffffff",3.50,,0.30,17,20.32,18.62,99921.00,6.00,0,0,0,0,,,-1.00,-1.00,-1.00,-1.00,-1.00,-1.00
2022-12-26T20:27:06Z,"0002cc01000003e9","2250d4c61afd37f404e211145061972f8ff000000000000000ffffffffffffffffffffffff",3.50,,0.31,17,20.31,18.58,99929.00,0.00,0,0,0,0,,,-1.00,-1.00,-1.00,-1.00,-1.00,-1.00
2022-12-26T20:33:02Z,"0002cc01000003e9","2250d4c77efd37ec04de11145061972f7a0d00000000000000ffffffffffffffffffffffff",3.49,,0.30,17,20.31,18.55,99929.00,13.00,0,0,0,0,,,-1.00,-1.00,-1.00,-1.00,-1.00,-1.00
2022-12-26T20:38:58Z,"0002cc01000003e9","2250d4c8e2fd37e004d511144d61992f640c00000000000000ffffffffffffffffffffffff",3.49,,0.30,17,20.30,18.51,99939.00,12.00,0,0,0,0,,,-1.00,-1.00,-1.00,-1.00,-1.00,-1.00
2022-12-26T20:44:54Z,"0002cc01000003e9","2250d4ca46fd37f404d511144d619a2f100a00000000000000ffffffffffffffffffffffff",3.50,,0.30,17,20.30,18.38,99941.00,5.00,0,0,0,0,,,-1.00,-1.00,-1.00,-1.00,-1.00,-1.00
2022-12-26T20:50:50Z,"0002cc01000003e9","2250d4cbaafd37e804d511144d61a02eae0800000000000000ffffffffffffffffffffffff",3.49,,0.30,17,20.30,18.23,99965.00,2.00,0,0,0,0,,,-1.00,-1.00,-1.00,-1.00,-1.00,-1.00
2022-12-26T20:56:46Z,"0002cc01000003e9","2250d4cd0efd37f404d511144d61a22e670c00000000000000ffffffffffffffffffffffff",3.50,,0.30,17,20.30,18.13,99973.00,6.00,0,0,0,0,,,-1.00,-1.00,-1.00,-1.00,-1.00,-1.00
2022-12-26T21:02:42Z,"0002cc01000003e9","2250d4ce72fd37f404d511145061a62e300800000000000000ffffffffffffffffffffffff",3.50,,0.30,17,20.31,18.04,99990.00,4.00,0,0,0,0,,,-1.00,-1.00,-1.00,-1.00,-1.00,-1.00
2022-12-26T21:08:39Z,"0002cc01000003e9","2250d4cfd7fd37f404d511144d61aa2dfe0b00000000000000ffffffffffffffffffffffff",3.50,,0.30,17,20.30,17.97,100006.00,11.00,0,0,0,0,,,-1.00,-1.00,-1.00,-1.00,-1.00,-1.00
2022-12-26T21:14:35Z,"0002cc01000003e9","2250d4d13bfd37ec04d511145061ac2dcdf000000000000000ffffffffffffffffffffffff",3.49,,0.30,17,20.31,17.89,100012.00,0.00,0,0,0,0,,,-1.00,-1.00,-1.00,-1.00,-1.00,-1.00
2022-12-26T21:20:31Z,"0002cc01000003e9","2250d4d29ffd37ec04d511145061b02da30880000000000000ffffffffffffffffffffffff",3.49,,0.30,17,20.31,17.83,100031.00,17.00,0,0,0,0,,,-1.00,-1.00,-1.00,-1.00,-1.00,-1.00
2022-12-26T21:26:27Z,"0002cc01000003e9","2250d4d403fd37ec04d511144d61b52d640900000000000000ffffffffffffffffffffffff",3.49,,0.30,17,20.30,17.73,100048.00,9.00,0,0,0,0,,,-1.00,-1.00,-1.00,-1.00,-1.00,-1.00
2022-12-26T21:32:23Z,"0002cc01000003e9","2250d4d567fd37ec04d511144d61b82d1df000000000000000ffffffffffffffffffffffff",3.49,,0.30,17,20.30,17.62,100061.00,0.00,0,0,0,0,,,-1.00,-1.00,-1.00,-1.00,-1.00,-1.00
2022-12-26T21:38:19Z,"0002cc01000003e9","2250d4d6cbfd37ec04d511144d61bd2cdef000000000000000ffffffffffffffffffffffff",3.49,,0.30,17,20.30,17.53,100081.00,0.00,0,0,0,0,,,-1.00,-1.00,-1.00,-1.00,-1.00,-1.00
2022-12-26T21:44:15Z,"0002cc01000003e9","2250d4d82ffd37e004d511144d61bf2c9f0800000000000000ffffffffffffffffffffffff",3.49,,0.30,17,20.30,17.43,100090.00,16.00,0,0,0,0,,,-1.00,-1.00,-1.00,-1.00,-1.00,-1.00
2022-12-26T21:50:11Z,"0002cc01000003e9","2250d4d993fd37ec04d511144b61c12c7b0e80000000000000ffffffffffffffffffffffff",3.49,,0.30,17,20.29,17.38,100099.00,29.00,0,0,0,0,,,-1.00,-1.00,-1.00,-1.00,-1.00,-1.00
2022-12-26T21:56:07Z,"0002cc01000003e9","2250d4daf7fd37ec04d511144b61c52c43f000000000000000ffffffffffffffffffffffff",3.49,,0.30,17,20.29,17.29,100115.00,0.00,0,0,0,0,,,-1.00,-1.00,-1.00,-1.00,-1.00,-1.00
2022-12-26T22:02:03Z,"0002cc01000003e9","2250d4dc5bfd37ec04d511144861c72c0b0c00000000000000ffffffffffffffffffffffff",3.49,,0.30,17,20.28,17.20,100122.00,24.00,0,0,0,0,,,-1.00,-1.00,-1.00,-1.00,-1.00,-1.00
2022-12-26T22:07:59Z,"0002cc01000003e9","2250d4ddbffd37ec04d511144861cb2be00c80000000000000ffffffffffffffffffffffff",3.49,,0.30,17,20.28,17.14,100136.00,25.00,0,0,0,0,,,-1.00,-1.00,-1.00,-1.00,-1.00,-1.00
2022-12-26T22:13:55Z,"0002cc01000003e9","2250d4df23fd37ec04d511144b61cd2baf0800000000000000ffffffffffffffffffffffff",3.49,,0.30,17,20.29,17.06,100147.00,8.00,0,0,0,0,,,-1.00,-1.00,-1.00,-1.00,-1.00,-1.00
2022-12-26T22:19:51Z,"0002cc01000003e9","2250d4e087fd37ec04d511144861cf2b850800000000000000ffffffffffffffffffffffff",3.49,,0.30,17,20.28,17.00,100152.00,4.00,0,0,0,0,,,-1.00,-1.00,-1.00,-1.00,-1.00,-1.00
2022-12-26T22:25:48Z,"0002cc01000003e9","2250d4e1ecfd37ec04d511144861d42b85f000000000000000ffffffffffffffffffffffff",3.49,,0.30,17,20.28,17.00,100172.00,0.00,0,0,0,0,,,-1.00,-1.00,-1.00,-1.00,-1.00,-1.00
2022-12-26T22:31:44Z,"0002cc01000003e9","2250d4e350fd37ec04d511144861d72b8cf000000000000000ffffffffffffffffffffffff",3.49,,0.30,17,20.28,17.01,100186.00,0.00,0,0,0,0,,,-1.00,-1.00,-1.00,-1.00,-1.00,-1.00
2022-12-26T22:37:40Z,"0002cc01000003e9","2250d4e4b4fd37ec04d511144b61da2baf0d00000000000000ffffffffffffffffffffffff",3.49,,0.30,17,20.29,17.06,100199.00,13.00,0,0,0,0,,,-1.00,-1.00,-1.00,-1.00,-1.00,-1.00
2022-12-26T22:43:36Z,"0002cc01000003e9","2250d4e618fd37e804d511144d61de2bd30b00000000000000ffffffffffffffffffffffff",3.49,,0.30,17,20.30,17.12,100213.00,22.00,0,0,0,0,,,-1.00,-1.00,-1.00,-1.00,-1.00,-1.00
2022-12-26T22:49:32Z,"0002cc01000003e9","2250d4e77cfd37ec04d511144d61e02bef0b80000000000000ffffffffffffffffffffffff",3.49,,0.30,17,20.30,17.16,100220.00,23.00,0,0,0,0,,,-1.00,-1.00,-1.00,-1.00,-1.00,-1.00
2022-12-26T22:55:28Z,"0002cc01000003e9","2250d4e8e0fd37ec04d511145061e02c0b0a00000000000000ffffffffffffffffffffffff",3.49,,0.30,17,20.31,17.21,100221.00,5.00,0,0,0,0,,,-1.00,-1.00,-1.00,-1.00,-1.00,-1.00
2022-12-26T23:01:24Z,"0002cc01000003e9","2250d4ea44fd37ec04d511145061e02c12f000000000000000ffffffffffffffffffffffff",3.49,,0.30,17,20.31,17.22,100222.00,0.00,0,0,0,0,,,-1.00,-1.00,-1.00,-1.00,-1.00,-1.00
2022-12-26T23:07:20Z,"0002cc01000003e9","2250d4eba8fd37ec04d511144d61e12c280900000000000000ffffffffffffffffffffffff",3.49,,0.30,17,20.30,17.25,100226.00,9.00,0,0,0,0,,,-1.00,-1.00,-1.00,-1.00,-1.00,-1.00
2022-12-26T23:13:16Z,"0002cc01000003e9","2250d4ed0cfd37ec04d511145061e42c36f000000000000000ffffffffffffffffffffffff",3.49,,0.30,17,20.31,17.27,100236.00,0.00,0,0,0,0,,,-1.00,-1.00,-1.00,-1.00,-1.00,-1.00
2022-12-26T23:19:12Z,"0002cc01000003e9","2250d4ee70fd37ec04d511145061e62c3df000000000000000ffffffffffffffffffffffff",3.49,,0.30,17,20.31,17.28,100246.00,0.00,0,0,0,0,,,-1.00,-1.00,-1.00,-1.00,-1.00,-1.00
2022-12-26T23:25:08Z,"0002cc01000003e9","2250d4efd4fd37ec04d511144d61e82c4b0b00000000000000ffffffffffffffffffffffff",3.49,,0.30,17,20.30,17.30,100255.00,11.00,0,0,0,0,,,-1.00,-1.00,-1.00,-1.00,-1.00,-1.00
2022-12-26T23:31:04Z,"0002cc01000003e9","2250d4f138fd37ec04d511144b61eb2c5f0880000000000000ffffffffffffffffffffffff",3.49,,0.30,17,20.29,17.33,100266.00,17.00,0,0,0,0,,,-1.00,-1.00,-1.00,-1.00,-1.00,-1.00
2022-12-26T23:37:00Z,"0002cc01000003e9","2250d4f29cfd37ec04d511144b61ee2c98f000000000000000ffffffffffffffffffffffff",3.49,,0.30,17,20.29,17.42,100277.00,0.00,0,0,0,0,,,-1.00,-1.00,-1.00,-1.00,-1.00,-1.00
2022-12-26T23:42:56Z,"0002cc01000003e9","2250d4f400fd37ec04d511144b61f12ce50c00000000000000ffffffffffffffffffffffff",3.49,,0.30,17,20.29,17.54,100290.00,24.00,0,0,0,0,,,-1.00,-1.00,-1.00,-1.00,-1.00,-1.00
2022-12-26T23:48:53Z,"0002cc01000003e9","2250d4f565fd37e004d511144b61f42d080900000000000000ffffffffffffffffffffffff",3.49,,0.30,17,20.29,17.59,100300.00,9.00,0,0,0,0,,,-1.00,-1.00,-1.00,-1.00,-1.00,-1.00
2022-12-26T23:54:49Z,"0002cc01000003e9","2250d4f6c9fd37ec04d511144b61f42d16f000000000000000ffffffffffffffffffffffff",3.49,,0.30,17,20.29,17.61,100302.00,0.00,0,0,0,0,,,-1.00,-1.00,-1.00,-1.00,-1.00,-1.00
