Time,DevEUI,Raw,Vbat,Vsystem,Vbus,BootCount,T,RH,P,Light,P[0].delta,P[0].total,P[1].delta,P[1].total,Act[7],Act[6],Act[5],Act[4],Act[3],Act[2],Act[1],Act[0]
2022-12-21T00:00:10Z,"0002cc01000003e9","2250cd0f0afd38c504e611160662b230c30f40000000000000ffffffffffffffffffffffff",3.55,,0.31,17,22.02,19.05,101060.00,244.00,0,0,0,0,,,-1.00,-1.00,-1.00,-1.00,-1.00,-1.00
2022-12-21T00:06:06Z,"0002cc01000003e9","2250cd106efd38c504e61115fb62b431010800000000000000ffffffffffffffffffffffff",3.55,,0.31,17,21.98,19.14,101068.00,8.00,0,0,0,0,,,-1.00,-1.00,-1.00,-1.00,-1.00,-1.00
2022-12-21T00:12:02Z,"0002cc01000003e9","2250cd11d2fd38cd04e61115ef62b8313f0800000000000000ffffffffffffffffffffffff",3.55,,0.31,17,21.93,19.24,101084.00,2.00,0,0,0,0,,,-1.00,-1.00,-1.00,-1.00,-1.00,-1.00
2022-12-21T00:17:58Z,"0002cc01000003e9","2250cd1336fd38c504e61115df62ba316ff000000000000000ffffffffffffffffffffffff",3.55,,0.31,17,21.87,19.31,101094.00,0.00,0,0,0,0,,,-1.00,-1.00,-1.00,-1.00,-1.00,-1.00
2022-12-21T00:23:54Z,"0002cc01000003e9","2250cd149afd38cd04f21115d062bb3189f000000000000000ffffffffffffffffffffffff",3.55,,0.31,17,21.81,19.35,101098.00,0.00,0,0,0,0,,,-1.00,-1.00,-1.00,-1.00,-1.00,-1.00
2022-12-21T00:29:50Z,"0002cc01000003e9","2250cd15fefd38cd04e61115c362bc31a4f000000000000000ffffffffffffffffffffffff",3.55,,0.31,17,21.76,19.39,101100.00,0.00,0,0,0,0,,,-1.00,-1.00,-1.00,-1.00,-1.00,-1.00
2022-12-21T00:35:46Z,"0002cc01000003e9","2250cd1762fd38cd04f21115bb62be31bf0e00000000000000ffffffffffffffffffffffff",3.55,,0.31,17,21.73,19.43,101108.00,14.00,0,0,0,0,,,-1.00,-1.00,-1.00,-1.00,-1.00,-1.00
2022-12-21T00:41:42Z,"0002cc01000003e9","2250cd18c6fd38c504e61115b162c031bf0800000000000000ffffffffffffffffffffffff",3.55,,0.31,17,21.69,19.43,101116.00,8.00,0,0,0,0,,,-1.00,-1.00,-1.00,-1.00,-1.00,-1.00
2022-12-21T00:47:38Z,"0002cc01000003e9","2250cd1a2afd38cd04e61115a762c031c40880000000000000ffffffffffffffffffffffff",3.55,,0.31,17,21.65,19.44,101116.00,17.00,0,0,0,0,,,-1.00,-1.00,-1.00,-1.00,-1.00,-1.00
2022-12-21T00:53:35Z,"0002cc01000003e9","2250cd1b8ffd38c504de11159a62c231d80f00000000000000ffffffffffffffffffffffff",3.55,,0.30,17,21.60,19.47,101124.00,15.00,0,0,0,0,,,-1.00,-1.00,-1.00,-1.00,-1.00,-1.00
2022-12-21T00:59:31Z,"0002cc01000003e9","2250cd1cf3fd38cd04e611158d62c331e40880000000000000ffffffffffffffffffffffff",3.55,,0.31,17,21.55,19.49,101128.00,34.00,0,0,0,0,,,-1.00,-1.00,-1.00,-1.00,-1.00,-1.00
2022-12-21T01:05:27Z,"0002cc01000003e9","2250cd1e57fd38cd04e611158662c631dd0c00000000000000ffffffffffffffffffffffff",3.55,,0.31,17,21.52,19.48,101140.00,3.00,0,0,0,0,,,-1.00,-1.00,-1.00,-1.00,-1.00,-1.00
2022-12-21T01:11:23Z,"0002cc01000003e9","2250cd1fbbfd38cd04e611157e62c431e30c00000000000000ffffffffffffffffffffffff",3.55,,0.31,17,21.49,19.49,101133.00,24.00,0,0,0,0,,,-1.00,-1.00,-1.00,-1.00,-1.00,-1.00
2022-12-21T01:17:19Z,"0002cc01000003e9","2250cd211ffd38c504e611157b62c431dc0980000000000000ffffffffffffffffffffffff",3.55,,0.31,17,21.48,19.48,101135.00,19.00,0,0,0,0,,,-1.00,-1.00,-1.00,-1.00,-1.00,-1.00
2022-12-21T01:23:15Z,"0002cc01000003e9","2250cd2283fd38cd04e611157662c431db0980000000000000ffffffffffffffffffffffff",3.55,,0.31,17,21.46,19.48,101135.00,19.00,0,0,0,0,,,-1.00,-1.00,-1.00,-1.00,-1.00,-1.00
2022-12-21T01:29:11Z,"0002cc01000003e9","2250cd23e7fd38cd04e611156f62c631c50b00000000000000ffffffffffffffffffffffff",3.55,,0.31,17,21.43,19.44,101141.00,22.00,0,0,0,0,,,-1.00,-1.00,-1.00,-1.00,-1.00,-1.00
2022-12-21T01:35:07Z,"0002cc01000003e9","2250cd254bfd38c504f211156762c631cb0800000000000000ffffffffffffffffffffffff",3.55,,0.31,17,21.40,19.45,101140.00,2.00,0,0,0,0,,,-1.00,-1.00,-1.00,-1.00,-1.00,-1.00
2022-12-21T01:41:03Z,"0002cc01000003e9","2250cd26affd38cd04e611155d62c431d10980000000000000ffffffffffffffffffffffff",3.55,,0.31,17,21.36,19.46,101134.00,19.00,0,0,0,0,,,-1.00,-1.00,-1.00,-1.00,-1.00,-1.00
2022-12-21T01:46:59Z,"0002cc01000003e9","2250cd2813fd38c504e611155562c531c90a00000000000000ffffffffffffffffffffffff",3.55,,0.31,17,21.33,19.45,101138.00,20.00,0,0,0,0,,,-1.00,-1.00,-1.00,-1.00,-1.00,-1.00
2022-12-21T01:52:55Z,"0002cc01000003e9","2250cd2977fd38c504e611155062c431c20f00000000000000ffffffffffffffffffffffff",3.55,,0.31,17,21.31,19.44,101134.00,15.00,0,0,0,0,,,-1.00,-1.00,-1.00,-1.00,-1.00,-1.00
2022-12-21T01:58:51Z,"0002cc01000003e9","2250cd2adbfd38cd04e611154b62c331c10900000000000000ffffffffffffffffffffffff",3.55,,0.31,17,21.29,19.44,101128.00,9.00,0,0,0,0,,,-1.00,-1.00,-1.00,-1.00,-1.00,-1.00
2022-12-21T02:04:47Z,"0002cc01000003e9","2250cd2c3ffd38cd04f211154362c131c70c00000000000000ffffffffffffffffffffffff",3.55,,0.31,17,21.26,19.44,101120.00,3.00,0,0,0,0,,,-1.00,-1.00,-1.00,-1.00,-1.00,-1.00
2022-12-21T02:10:43Z,"0002cc01000003e9","2250cd2da3fd38cd04fa11154162bd31c70800000000000000ffffffffffffffffffffffff",3.55,,0.31,17,21.25,19.44,101107.00,4.00,0,0,0,0,,,-1.00,-1.00,-1.00,-1.00,-1.00,-1.00
2022-12-21T02:16:39Z,"0002cc01000003e9","2250cd2f07fd38bd04ee11153b62be31cd0c00000000000000ffffffffffffffffffffffff",3.55,,0.31,17,21.23,19.45,101108.00,12.00,0,0,0,0,,,-1.00,-1.00,-1.00,-1.00,-1.00,-1.00
2022-12-21T02:22:35Z,"0002cc01000003e9","2250cd306bfd38c504f211153662bc31d40c00000000000000ffffffffffffffffffffffff",3.55,,0.31,17,21.21,19.46,101102.00,3.00,0,0,0,0,,,-1.00,-1.00,-1.00,-1.00,-1.00,-1.00
2022-12-21T02:28:31Z,"0002cc01000003e9","2250cd31cffd38cd04f211153462bf31fe0800000000000000ffffffffffffffffffffffff",3.55,,0.31,17,21.20,19.53,101112.00,2.00,0,0,0,0,,,-1.00,-1.00,-1.00,-1.00,-1.00,-1.00
2022-12-21T02:34:27Z,"0002cc01000003e9","2250cd3333fd38c504e611152f62be32120f00000000000000ffffffffffffffffffffffff",3.55,,0.31,17,21.18,19.56,101110.00,15.00,0,0,0,0,,,-1.00,-1.00,-1.00,-1.00,-1.00,-1.00
2022-12-21T02:40:24Z,"0002cc01000003e9","2250cd3498fd38cd04f211152762bf323b0c00000000000000ffffffffffffffffffffffff",3.55,,0.31,17,21.15,19.62,101113.00,3.00,0,0,0,0,,,-1.00,-1.00,-1.00,-1.00,-1.00,-1.00
2022-12-21T02:46:19Z,"0002cc01000003e9","2250cd35fbfd38c504f211151f62bc32650e00000000000000ffffffffffffffffffffffff",3.55,,0.31,17,21.12,19.69,101103.00,7.00,0,0,0,0,,,-1.00,-1.00,-1.00,-1.00,-1.00,-1.00
2022-12-21T02:52:16Z,"0002cc01000003e9","2250cd3760fd38c504e611151a62b83288f000000000000000ffffffffffffffffffffffff",3.55,,0.31,17,21.10,19.74,101086.00,0.00,0,0,0,0,,,-1.00,-1.00,-1.00,-1.00,-1.00,-1.00
2022-12-21T02:58:12Z,"0002cc01000003e9","2250cd38c4fd38c504e611151862b73296f000000000000000ffffffffffffffffffffffff",3.55,,0.31,17,21.09,19.76,101083.00,0.00,0,0,0,0,,,-1.00,-1.00,-1.00,-1.00,-1.00,-1.00
2022-12-21T03:04:08Z,"0002cc01000003e9","2250cd3a28fd38cd04e611150d62b732b70800000000000000ffffffffffffffffffffffff",3.55,,0.31,17,21.05,19.81,101080.00,1.00,0,0,0,0,,,-1.00,-1.00,-1.00,-1.00,-1.00,-1.00
2022-12-21T03:10:04Z,"0002cc01000003e9","2250cd3b8cfd38bd04f211150862b832b0f000000000000000ffffffffffffffffffffffff",3.55,,0.31,17,21.03,19.80,101087.00,0.00,0,0,0,0,,,-1.00,-1.00,-1.00,-1.00,-1.00,-1.00
2022-12-21T03:16:00Z,"0002cc01000003e9","2250cd3cf0fd38c504f211150662b932a90a00000000000000ffffffffffffffffffffffff",3.55,,0.31,17,21.02,19.79,101090.00,10.00,0,0,0,0,,,-1.00,-1.00,-1.00,-1.00,-1.00,-1.00
2022-12-21T03:21:56Z,"0002cc01000003e9","2250cd3e54fd38cd04f211150362bb32a10f00000000000000ffffffffffffffffffffffff",3.55,,0.31,17,21.01,19.78,101098.00,15.00,0,0,0,0,,,-1.00,-1.00,-1.00,-1.00,-1.00,-1.00
2022-12-21T03:27:52Z,"0002cc01000003e9","2250cd3fb8fd38c504e61114fb62bc32af0c00000000000000ffffffffffffffffffffffff",3.55,,0.31,17,20.98,19.80,101102.00,12.00,0,0,0,0,,,-1.00,-1.00,-1.00,-1.00,-1.00,-1.00
2022-12-21T03:33:48Z,"0002cc01000003e9","2250cd411cfd38c504f21114f962be32ae0800000000000000ffffffffffffffffffffffff",3.55,,0.31,17,20.97,19.80,101111.00,8.00,0,0,0,0,,,-1.00,-1.00,-1.00,-1.00,-1.00,-1.00
2022-12-21T03:39:44Z,"0002cc01000003e9","2250cd4280fd38cd04f21114f462bf32910900000000000000ffffffffffffffffffffffff",3.55,,0.31,17,20.95,19.75,101115.00,9.00,0,0,0,0,,,-1.00,-1.00,-1.00,-1.00,-1.00,-1.00
2022-12-21T03:45:40Z,"0002cc01000003e9","2250cd43e4fd38bd04e61114ef62c132600c00000000000000ffffffffffffffffffffffff",3.55,,0.31,17,20.93,19.68,101122.00,3.00,0,0,0,0,,,-1.00,-1.00,-1.00,-1.00,-1.00,-1.00
2022-12-21T03:51:36Z,"0002cc01000003e9","2250cd4548fd38bd04e61114e962c032260d00000000000000ffffffffffffffffffffffff",3.55,,0.31,17,20.91,19.59,101119.00,13.00,0,0,0,0,,,-1.00,-1.00,-1.00,-1.00,-1.00,-1.00
2022-12-21T03:57:32Z,"0002cc01000003e9","2250cd46acfd38bd04f21114e462c332030800000000000000ffffffffffffffffffffffff",3.55,,0.31,17,20.89,19.54,101131.00,8.00,0,0,0,0,,,-1.00,-1.00,-1.00,-1.00,-1.00,-1.00
2022-12-21T04:03:28Z,"0002cc01000003e9","2250cd4810fd38c504f21114e262c231e00a00000000000000ffffffffffffffffffffffff",3.55,,0.31,17,20.88,19.48,101127.00,20.00,0,0,0,0,,,-1.00,-1.00,-1.00,-1.00,-1.00,-1.00
2022-12-21T04:09:24Z,"0002cc01000003e9","2250cd4974fd38bd04f21114e262c331cb08c0000000000000ffffffffffffffffffffffff",3.55,,0.31,17,20.88,19.45,101129.00,35.00,0,0,0,0,,,-1.00,-1.00,-1.00,-1.00,-1.00,-1.00
2022-12-21T04:15:20Z,"0002cc01000003e9","2250cd4ad8fd38c504f21114df62c431ae0900000000000000ffffffffffffffffffffffff",3.55,,0.31,17,20.87,19.41,101132.00,9.00,0,0,0,0,,,-1.00,-1.00,-1.00,-1.00,-1.00,-1.00
2022-12-21T04:21:16Z,"0002cc01000003e9","2250cd4c3cfd38c504f21114dd62c3319f0b00000000000000ffffffffffffffffffffffff",3.55,,0.31,17,20.86,19.38,101128.00,11.00,0,0,0,0,,,-1.00,-1.00,-1.00,-1.00,-1.00,-1.00
2022-12-21T04:27:13Z,"0002cc01000003e9","2250cd4da1fd38c504f21114da62c131910c00000000000000ffffffffffffffffffffffff",3.55,,0.31,17,20.85,19.36,101120.00,3.00,0,0,0,0,,,-1.00,-1.00,-1.00,-1.00,-1.00,-1.00
2022-12-21T04:33:09Z,"0002cc01000003e9","2250cd4f05fd38c504f21114d862c131830c00000000000000ffffffffffffffffffffffff",3.55,,0.31,17,20.84,19.34,101121.00,12.00,0,0,0,0,,,-1.00,-1.00,-1.00,-1.00,-1.00,-1.00
2022-12-21T04:39:05Z,"0002cc01000003e9","2250cd5069fd38bd04fa1114d262c0317b0a00000000000000ffffffffffffffffffffffff",3.55,,0.31,17,20.82,19.33,101119.00,10.00,0,0,0,0,,,-1.00,-1.00,-1.00,-1.00,-1.00,-1.00
2022-12-21T04:45:01Z,"0002cc01000003e9","2250cd51cdfd38c504f21114d062c231660800000000000000ffffffffffffffffffffffff",3.55,,0.31,17,20.81,19.30,101124.00,4.00,0,0,0,0,,,-1.00,-1.00,-1.00,-1.00,-1.00,-1.00
2022-12-21T04:50:57Z,"0002cc01000003e9","2250cd5331fd38bd04f21114cb62c431420800000000000000ffffffffffffffffffffffff",3.55,,0.31,17,20.79,19.24,101132.00,2.00,0,0,0,0,,,-1.00,-1.00,-1.00,-1.00,-1.00,-1.00
2022-12-21T04:56:53Z,"0002cc01000003e9","2250cd5495fd38c104e61114c862c13126f000000000000000ffffffffffffffffffffffff",3.55,,0.31,17,20.78,19.20,101123.00,0.00,0,0,0,0,,,-1.00,-1.00,-1.00,-1.00,-1.00,-1.00
2022-12-21T05:02:49Z,"0002cc01000003e9","2250cd55f9fd38c504f21114c362c2311e0800000000000000ffffffffffffffffffffffff",3.55,,0.31,17,20.76,19.19,101126.00,8.00,0,0,0,0,,,-1.00,-1.00,-1.00,-1.00,-1.00,-1.00
2022-12-21T05:08:45Z,"0002cc01000003e9","2250cd575dfd38bd04f21114be62c430fb0c00000000000000ffffffffffffffffffffffff",3.55,,0.31,17,20.74,19.13,101132.00,12.00,0,0,0,0,,,-1.00,-1.00,-1.00,-1.00,-1.00,-1.00
2022-12-21T05:14:41Z,"0002cc01000003e9","2250cd58c1fd38c504f21114bb62c430ecf000000000000000ffffffffffffffffffffffff",3.55,,0.31,17,20.73,19.11,101135.00,0.00,0,0,0,0,,,-1.00,-1.00,-1.00,-1.00,-1.00,-1.00
2022-12-21T05:20:37Z,"0002cc01000003e9","2250cd5a25fd38c504f21114b662c330d60e00000000000000ffffffffffffffffffffffff",3.55,,0.31,17,20.71,19.08,101130.00,14.00,0,0,0,0,,,-1.00,-1.00,-1.00,-1.00,-1.00,-1.00
2022-12-21T05:26:33Z,"0002cc01000003e9","2250cd5b89fd38b904f21114b462c430ba0c00000000000000ffffffffffffffffffffffff",3.55,,0.31,17,20.70,19.03,101132.00,3.00,0,0,0,0,,,-1.00,-1.00,-1.00,-1.00,-1.00,-1.00
2022-12-21T05:32:29Z,"0002cc01000003e9","2250cd5cedfd38c504e61114b162c330960a00000000000000ffffffffffffffffffffffff",3.55,,0.31,17,20.69,18.98,101129.00,5.00,0,0,0,0,,,-1.00,-1.00,-1.00,-1.00,-1.00,-1.00
2022-12-21T05:38:25Z,"0002cc01000003e9","2250cd5e51fd38c504f21114af62c430650e80000000000000ffffffffffffffffffffffff",3.55,,0.31,17,20.68,18.90,101132.00,29.00,0,0,0,0,,,-1.00,-1.00,-1.00,-1.00,-1.00,-1.00
2022-12-21T05:44:21Z,"0002cc01000003e9","2250cd5fb5fd38bd04f21114a762c2303a0880000000000000ffffffffffffffffffffffff",3.55,,0.31,17,20.65,18.84,101126.00,17.00,0,0,0,0,,,-1.00,-1.00,-1.00,-1.00,-1.00,-1.00
2022-12-21T05:50:17Z,"0002cc01000003e9","2250cd6119fd38c504f21114a462c330160800000000000000ffffffffffffffffffffffff",3.55,,0.31,17,20.64,18.78,101128.00,8.00,0,0,0,0,,,-1.00,-1.00,-1.00,-1.00,-1.00,-1.00
2022-12-21T05:56:13Z,"0002cc01000003e9","2250cd627dfd38c504f21114a262c22fecf000000000000000ffffffffffffffffffffffff",3.55,,0.31,17,20.63,18.72,101127.00,0.00,0,0,0,0,,,-1.00,-1.00,-1.00,-1.00,-1.00,-1.00
2022-12-21T06:02:09Z,"0002cc01000003e9","2250cd63e1fd38b504f211149f62c42fc20e00000000000000ffffffffffffffffffffffff",3.54,,0.31,17,20.62,18.66,101134.00,28.00,0,0,0,0,,,-1.00,-1.00,-1.00,-1.00,-1.00,-1.00
2022-12-21T06:08:06Z,"0002cc01000003e9","2250cd6546fd38bd04f211149a62c22fa5f000000000000000ffffffffffffffffffffffff",3.55,,0.31,17,20.60,18.61,101127.00,0.00,0,0,0,0,,,-1.00,-1.00,-1.00,-1.00,-1.00,-1.00
2022-12-21T06:14:01Z,"0002cc01000003e9","2250cd66a9fd38bd04f211149a62c22f890e00000000000000ffffffffffffffffffffffff",3.55,,0.31,17,20.60,18.57,101127.00,7.00,0,0,0,0,,,-1.00,-1.00,-1.00,-1.00,-1.00,-1.00
2022-12-21T06:19:58Z,"0002cc01000003e9","2250cd680efd38c504f211149a62c12f6d0e00000000000000ffffffffffffffffffffffff",3.55,,0.31,17,20.60,18.53,101123.00,14.00,0,0,0,0,,,-1.00,-1.00,-1.00,-1.00,-1.00,-1.00
2022-12-21T06:25:54Z,"0002cc01000003e9","2250cd6972fd38bd04ee11149a62c42f57f000000000000000ffffffffffffffffffffffff",3.55,,0.31,17,20.60,18.49,101134.00,0.00,0,0,0,0,,,-1.00,-1.00,-1.00,-1.00,-1.00,-1.00
2022-12-21T06:31:50Z,"0002cc01000003e9","2250cd6ad6fd38c504e611149862c02f340e80000000000000ffffffffffffffffffffffff",3.55,,0.31,17,20.59,18.44,101117.00,29.00,0,0,0,0,,,-1.00,-1.00,-1.00,-1.00,-1.00,-1.00
2022-12-21T06:37:46Z,"0002cc01000003e9","2250cd6c3afd38c104f211149562c02f18f000000000000000ffffffffffffffffffffffff",3.55,,0.31,17,20.58,18.40,101119.00,0.00,0,0,0,0,,,-1.00,-1.00,-1.00,-1.00,-1.00,-1.00
2022-12-21T06:43:42Z,"0002cc01000003e9","2250cd6d9efd38bd04f211149062c12efb0b00000000000000ffffffffffffffffffffffff",3.55,,0.31,17,20.56,18.35,101120.00,22.00,0,0,0,0,,,-1.00,-1.00,-1.00,-1.00,-1.00,-1.00
2022-12-21T06:49:38Z,"0002cc01000003e9","2250cd6f02fd38bd04f211149062be2ed10800000000000000ffffffffffffffffffffffff",3.55,,0.31,17,20.56,18.29,101110.00,1.00,0,0,0,0,,,-1.00,-1.00,-1.00,-1.00,-1.00,-1.00
2022-12-21T06:55:34Z,"0002cc01000003e9","2250cd7066fd38c104f211148d62bf2eb40d00000000000000ffffffffffffffffffffffff",3.55,,0.31,17,20.55,18.24,101115.00,13.00,0,0,0,0,,,-1.00,-1.00,-1.00,-1.00,-1.00,-1.00
2022-12-21T07:01:30Z,"0002cc01000003e9","2250cd71cafd38c104f211148b62bd2e910c00000000000000ffffffffffffffffffffffff",3.55,,0.31,17,20.54,18.19,101104.00,24.00,0,0,0,0,,,-1.00,-1.00,-1.00,-1.00,-1.00,-1.00
2022-12-21T07:07:26Z,"0002cc01000003e9","2250cd732efd38b904e611148862bc2e750900000000000000ffffffffffffffffffffffff",3.55,,0.31,17,20.53,18.15,101101.00,9.00,0,0,0,0,,,-1.00,-1.00,-1.00,-1.00,-1.00,-1.00
2022-12-21T07:13:22Z,"0002cc01000003e9","2250cd7492fd38c504f211148162bb2e570c00000000000000ffffffffffffffffffffffff",3.55,,0.31,17,20.50,18.10,101096.00,12.00,0,0,0,0,,,-1.00,-1.00,-1.00,-1.00,-1.00,-1.00
2022-12-21T07:19:18Z,"0002cc01000003e9","2250cd75f6fd38c104f211147e62bb2e420a00000000000000ffffffffffffffffffffffff",3.55,,0.31,17,20.49,18.07,101097.00,5.00,0,0,0,0,,,-1.00,-1.00,-1.00,-1.00,-1.00,-1.00
2022-12-21T07:25:14Z,"0002cc01000003e9","2250cd775afd38c104f211147962b72e340900000000000000ffffffffffffffffffffffff",3.55,,0.31,17,20.47,18.05,101082.00,9.00,0,0,0,0,,,-1.00,-1.00,-1.00,-1.00,-1.00,-1.00
2022-12-21T07:31:10Z,"0002cc01000003e9","2250cd78befd38c104e611147662b82e1f0800000000000000ffffffffffffffffffffffff",3.55,,0.31,17,20.46,18.02,101087.00,1.00,0,0,0,0,,,-1.00,-1.00,-1.00,-1.00,-1.00,-1.00
2022-12-21T07:37:06Z,"0002cc01000003e9","2250cd7a22fd38c504f211147162b52e09f000000000000000ffffffffffffffffffffffff",3.55,,0.31,17,20.44,17.98,101075.00,0.00,0,0,0,0,,,-1.00,-1.00,-1.00,-1.00,-1.00,-1.00
2022-12-21T07:43:02Z,"0002cc01000003e9","2250cd7b86fd38b504f211147162b52dfb0900000000000000ffffffffffffffffffffffff",3.54,,0.31,17,20.44,17.96,101072.00,18.00,0,0,0,0,,,-1.00,-1.00,-1.00,-1.00,-1.00,-1.00
2022-12-21T07:48:58Z,"0002cc01000003e9","2250cd7ceafd38c104fa11146c62b32dec0f80000000000000ffffffffffffffffffffffff",3.55,,0.31,17,20.42,17.94,101064.00,31.00,0,0,0,0,,,-1.00,-1.00,-1.00,-1.00,-1.00,-1.00
2022-12-21T07:54:54Z,"0002cc01000003e9","2250cd7e4efd38bd04f211146962b22de50f00000000000000ffffffffffffffffffffffff",3.55,,0.31,17,20.41,17.93,101062.00,15.00,0,0,0,0,,,-1.00,-1.00,-1.00,-1.00,-1.00,-1.00
2022-12-21T08:00:51Z,"0002cc01000003e9","2250cd7fb3fd38c104fa11146762ae2dcf0d80000000000000ffffffffffffffffffffffff",3.55,,0.31,17,20.40,17.89,101046.00,27.00,0,0,0,0,,,-1.00,-1.00,-1.00,-1.00,-1.00,-1.00
2022-12-21T08:06:47Z,"0002cc01000003e9","2250cd8117fd38c104f211146262ae2db20800000000000000ffffffffffffffffffffffff",3.55,,0.31,17,20.38,17.85,101046.00,16.00,0,0,0,0,,,-1.00,-1.00,-1.00,-1.00,-1.00,-1.00
2022-12-21T08:12:43Z,"0002cc01000003e9","2250cd827bfd38c104f211145f62ae2d9e0e00000000000000ffffffffffffffffffffffff",3.55,,0.31,17,20.37,17.82,101046.00,14.00,0,0,0,0,,,-1.00,-1.00,-1.00,-1.00,-1.00,-1.00
2022-12-21T08:18:39Z,"0002cc01000003e9","2250cd83dffd38c104f211145d62af2d730f00000000000000ffffffffffffffffffffffff",3.55,,0.31,17,20.36,17.75,101048.00,15.00,0,0,0,0,,,-1.00,-1.00,-1.00,-1.00,-1.00,-1.00
2022-12-21T08:24:35Z,"0002cc01000003e9","2250cd8543fd38c104f211145862af2d4ff000000000000000ffffffffffffffffffffffff",3.55,,0.31,17,20.34,17.70,101050.00,0.00,0,0,0,0,,,-1.00,-1.00,-1.00,-1.00,-1.00,-1.00
2022-12-21T08:30:31Z,"0002cc01000003e9","2250cd86a7fd38c504e611145862af2d340800000000000000ffffffffffffffffffffffff",3.55,,0.31,17,20.34,17.66,101048.00,1.00,0,0,0,0,,,-1.00,-1.00,-1.00,-1.00,-1.00,-1.00
2022-12-21T08:36:27Z,"0002cc01000003e9","2250cd880bfd38b504f211145562ae2d170900000000000000ffffffffffffffffffffffff",3.54,,0.31,17,20.33,17.61,101044.00,9.00,0,0,0,0,,,-1.00,-1.00,-1.00,-1.00,-1.00,-1.00
2022-12-21T08:42:23Z,"0002cc01000003e9","2250cd896ffd38c104fa11145262b02d02f000000000000000ffffffffffffffffffffffff",3.55,,0.31,17,20.32,17.58,101053.00,0.00,0,0,0,0,,,-1.00,-1.00,-1.00,-1.00,-1.00,-1.00
2022-12-21T08:48:19Z,"0002cc01000003e9","2250cd8ad3fd38b504f211145062ae2cf40a80000000000000ffffffffffffffffffffffff",3.54,,0.31,17,20.31,17.56,101047.00,21.00,0,0,0,0,,,-1.00,-1.00,-1.00,-1.00,-1.00,-1.00
2022-12-21T08:54:15Z,"0002cc01000003e9","2250cd8c37fd38c104f211145062b02cd7f000000000000000ffffffffffffffffffffffff",3.55,,0.31,17,20.31,17.52,101055.00,0.00,0,0,0,0,,,-1.00,-1.00,-1.00,-1.00,-1.00,-1.00
2022-12-21T09:00:11Z,"0002cc01000003e9","2250cd8d9bfd38c104f211144d62b12cc90d00000000000000ffffffffffffffffffffffff",3.55,,0.31,17,20.30,17.49,101056.00,26.00,0,0,0,0,,,-1.00,-1.00,-1.00,-1.00,-1.00,-1.00
2022-12-21T09:06:07Z,"0002cc01000003e9","2250cd8efffd38c104f211144b62af2cb40c00000000000000ffffffffffffffffffffffff",3.55,,0.31,17,20.29,17.46,101051.00,6.00,0,0,0,0,,,-1.00,-1.00,-1.00,-1.00,-1.00,-1.00
2022-12-21T09:12:03Z,"0002cc01000003e9","2250cd9063fd38c104f211144662ae2ca50e00000000000000ffffffffffffffffffffffff",3.55,,0.31,17,20.27,17.44,101047.00,7.00,0,0,0,0,,,-1.00,-1.00,-1.00,-1.00,-1.00,-1.00
2022-12-21T09:17:59Z,"0002cc01000003e9","2250cd91c7fd38c104f211144662af2c970e00000000000000ffffffffffffffffffffffff",3.55,,0.31,17,20.27,17.42,101049.00,7.00,0,0,0,0,,,-1.00,-1.00,-1.00,-1.00,-1.00,-1.00
2022-12-21T09:23:55Z,"0002cc01000003e9","2250cd932bfd38b504f211144362ab2c96f000000000000000ffffffffffffffffffffffff",3.54,,0.31,17,20.26,17.42,101033.00,0.00,0,0,0,0,,,-1.00,-1.00,-1.00,-1.00,-1.00,-1.00
2022-12-21T09:29:51Z,"0002cc01000003e9","2250cd948ffd38c104f211144162a72c8f0980000000000000ffffffffffffffffffffffff",3.55,,0.31,17,20.25,17.41,101019.00,19.00,0,0,0,0,,,-1.00,-1.00,-1.00,-1.00,-1.00,-1.00
2022-12-21T09:35:47Z,"0002cc01000003e9","2250cd95f3fd38c104f211143e62a62c9df000000000000000ffffffffffffffffffffffff",3.55,,0.31,17,20.24,17.43,101015.00,0.00,0,0,0,0,,,-1.00,-1.00,-1.00,-1.00,-1.00,-1.00
2022-12-21T09:41:43Z,"0002cc01000003e9","2250cd9757fd38c104f211143e62a62ca40f00000000000000ffffffffffffffffffffffff",3.55,,0.31,17,20.24,17.44,101015.00,30.00,0,0,0,0,,,-1.00,-1.00,-1.00,-1.00,-1.00,-1.00
2022-12-21T09:47:39Z,"0002cc01000003e9","2250cd98bbfd38c104f211143b62a32cb2f000000000000000ffffffffffffffffffffffff",3.55,,0.31,17,20.23,17.46,101001.00,0.00,0,0,0,0,,,-1.00,-1.00,-1.00,-1.00,-1.00,-1.00
2022-12-21T09:53:36Z,"0002cc01000003e9","2250cd9a20fd38c104ee11143b62a22cc70800000000000000ffffffffffffffffffffffff",3.55,,0.31,17,20.23,17.49,100998.00,1.00,0,0,0,0,,,-1.00,-1.00,-1.00,-1.00,-1.00,-1.00
2022-12-21T09:59:32Z,"0002cc01000003e9","2250cd9b84fd38c104f211143662a12ce20c00000000000000ffffffffffffffffffffffff",3.55,,0.31,17,20.21,17.53,100993.00,6.00,0,0,0,0,,,-1.00,-1.00,-1.00,-1.00,-1.00,-1.00
2022-12-21T10:05:28Z,"0002cc01000003e9","2250cd9ce8fd38c104fa111439629f2cf80800000000000000ffffffffffffffffffffffff",3.55,,0.31,17,20.22,17.57,100987.00,1.00,0,0,0,0,,,-1.00,-1.00,-1.00,-1.00,-1.00,-1.00
2022-12-21T10:11:24Z,"0002cc01000003e9","2250cd9e4cfd38b504f2111434629d2d370900000000000000ffffffffffffffffffffffff",3.54,,0.31,17,20.20,17.66,100979.00,36.00,0,0,0,0,,,-1.00,-1.00,-1.00,-1.00,-1.00,-1.00
2022-12-21T10:17:20Z,"0002cc01000003e9","2250cd9fb0fd38b504f2111434629c2d760a80000000000000ffffffffffffffffffffffff",3.54,,0.31,17,20.20,17.76,100975.00,21.00,0,0,0,0,,,-1.00,-1.00,-1.00,-1.00,-1.00,-1.00
2022-12-21T10:23:16Z,"0002cc01000003e9","2250cda114fd38b504f211143462992db50b00000000000000ffffffffffffffffffffffff",3.54,,0.31,17,20.20,17.85,100961.00,22.00,0,0,0,0,,,-1.00,-1.00,-1.00,-1.00,-1.00,-1.00
2022-12-21T10:29:12Z,"0002cc01000003e9","2250cda278fd38c104e611143162962e02f000000000000000ffffffffffffffffffffffff",3.55,,0.31,17,20.19,17.97,100951.00,0.00,0,0,0,0,,,-1.00,-1.00,-1.00,-1.00,-1.00,-1.00
2022-12-21T10:35:08Z,"0002cc01000003e9","2250cda3dcfd38c104f211143162942e2c0980000000000000ffffffffffffffffffffffff",3.55,,0.31,17,20.19,18.04,100943.00,38.00,0,0,0,0,,,-1.00,-1.00,-1.00,-1.00,-1.00,-1.00
2022-12-21T10:41:04Z,"0002cc01000003e9","2250cda540fd38c104f211142f62942e800c00000000000000ffffffffffffffffffffffff",3.55,,0.31,17,20.18,18.17,100943.00,3.00,0,0,0,0,,,-1.00,-1.00,-1.00,-1.00,-1.00,-1.00
2022-12-21T10:47:00Z,"0002cc01000003e9","2250cda6a4fd38b504f211142c62912edb0e00000000000000ffffffffffffffffffffffff",3.54,,0.31,17,20.17,18.30,100931.00,28.00,0,0,0,0,,,-1.00,-1.00,-1.00,-1.00,-1.00,-1.00
2022-12-21T10:52:56Z,"0002cc01000003e9","2250cda808fd38b504f211142962922f2f0e00000000000000ffffffffffffffffffffffff",3.54,,0.31,17,20.16,18.43,100932.00,28.00,0,0,0,0,,,-1.00,-1.00,-1.00,-1.00,-1.00,-1.00
2022-12-21T10:58:52Z,"0002cc01000003e9","2250cda96cfd38b504f211142762952f600800000000000000ffffffffffffffffffffffff",3.54,,0.31,17,20.15,18.51,100947.00,1.00,0,0,0,0,,,-1.00,-1.00,-1.00,-1.00,-1.00,-1.00
2022-12-21T11:04:48Z,"0002cc01000003e9","2250cdaad0fd38bd04fa11142462932f980d80000000000000ffffffffffffffffffffffff",3.55,,0.31,17,20.14,18.59,100938.00,27.00,0,0,0,0,,,-1.00,-1.00,-1.00,-1.00,-1.00,-1.00
2022-12-21T11:10:44Z,"0002cc01000003e9","2250cdac34fd38b504f211142262942fd0f000000000000000ffffffffffffffffffffffff",3.54,,0.31,17,20.13,18.68,100940.00,0.00,0,0,0,0,,,-1.00,-1.00,-1.00,-1.00,-1.00,-1.00
2022-12-21T11:16:40Z,"0002cc01000003e9","2250cdad98fd38c104ee111422629530160a00000000000000ffffffffffffffffffffffff",3.55,,0.31,17,20.13,18.78,100946.00,20.00,0,0,0,0,,,-1.00,-1.00,-1.00,-1.00,-1.00,-1.00
2022-12-21T11:22:36Z,"0002cc01000003e9","2250cdaefcfd38c104f211141f629330720980000000000000ffffffffffffffffffffffff",3.55,,0.31,17,20.12,18.92,100938.00,19.00,0,0,0,0,,,-1.00,-1.00,-1.00,-1.00,-1.00,-1.00
2022-12-21T11:28:33Z,"0002cc01000003e9","2250cdb061fd38b104fa11141d629030cd0800000000000000ffffffffffffffffffffffff",3.54,,0.31,17,20.11,19.06,100926.00,1.00,0,0,0,0,,,-1.00,-1.00,-1.00,-1.00,-1.00,-1.00
2022-12-21T11:34:29Z,"0002cc01000003e9","2250cdb1c5fd38b904f211141f62913113f000000000000000ffffffffffffffffffffffff",3.55,,0.31,17,20.12,19.17,100931.00,0.00,0,0,0,0,,,-1.00,-1.00,-1.00,-1.00,-1.00,-1.00
2022-12-21T11:40:25Z,"0002cc01000003e9","2250cdb329fd38b904f211141f62933144f000000000000000ffffffffffffffffffffffff",3.55,,0.31,17,20.12,19.25,100936.00,0.00,0,0,0,0,,,-1.00,-1.00,-1.00,-1.00,-1.00,-1.00
2022-12-21T11:46:21Z,"0002cc01000003e9","2250cdb48dfd38c104fa11141f629331760b00000000000000ffffffffffffffffffffffff",3.55,,0.31,17,20.12,19.32,100939.00,22.00,0,0,0,0,,,-1.00,-1.00,-1.00,-1.00,-1.00,-1.00
2022-12-21T11:52:17Z,"0002cc01000003e9","2250cdb5f1fd38c104f2111424629631ae0a80000000000000ffffffffffffffffffffffff",3.55,,0.31,17,20.14,19.41,100950.00,21.00,0,0,0,0,,,-1.00,-1.00,-1.00,-1.00,-1.00,-1.00
2022-12-21T11:58:13Z,"0002cc01000003e9","2250cdb755fd38b104f211142f629731d20800000000000000ffffffffffffffffffffffff",3.54,,0.31,17,20.18,19.46,100954.00,2.00,0,0,0,0,,,-1.00,-1.00,-1.00,-1.00,-1.00,-1.00
2022-12-21T12:04:09Z,"0002cc01000003e9","2250cdb8b9fd38b104f211143b629731f00e00000000000000ffffffffffffffffffffffff",3.54,,0.31,17,20.23,19.51,100952.00,14.00,0,0,0,0,,,-1.00,-1.00,-1.00,-1.00,-1.00,-1.00
2022-12-21T12:10:05Z,"0002cc01000003e9","2250cdba1dfd38b504f211144662933230f000000000000000ffffffffffffffffffffffff",3.54,,0.31,17,20.27,19.60,100939.00,0.00,0,0,0,0,,,-1.00,-1.00,-1.00,-1.00,-1.00,-1.00
2022-12-21T12:16:01Z,"0002cc01000003e9","2250cdbb81fd38b904f2111450629332da0c00000000000000ffffffffffffffffffffffff",3.55,,0.31,17,20.31,19.86,100939.00,24.00,0,0,0,0,,,-1.00,-1.00,-1.00,-1.00,-1.00,-1.00
2022-12-21T12:21:57Z,"0002cc01000003e9","2250cdbce5fd38b504f211145f629233990a00000000000000ffffffffffffffffffffffff",3.54,,0.31,17,20.37,20.16,100932.00,10.00,0,0,0,0,,,-1.00,-1.00,-1.00,-1.00,-1.00,-1.00
2022-12-21T12:27:53Z,"0002cc01000003e9","2250cdbe49fd38b104ee111467629133290880000000000000ffffffffffffffffffffffff",3.54,,0.31,17,20.40,19.99,100929.00,34.00,0,0,0,0,,,-1.00,-1.00,-1.00,-1.00,-1.00,-1.00
2022-12-21T12:33:49Z,"0002cc01000003e9","2250cdbfadfd38b104f2111467628c32b20d00000000000000ffffffffffffffffffffffff",3.54,,0.31,17,20.40,19.80,100911.00,26.00,0,0,0,0,,,-1.00,-1.00,-1.00,-1.00,-1.00,-1.00
2022-12-21T12:39:45Z,"0002cc01000003e9","2250cdc111fd38c104f211145f628c32d50f80000000000000ffffffffffffffffffffffff",3.55,,0.31,17,20.37,19.86,100909.00,31.00,0,0,0,0,,,-1.00,-1.00,-1.00,-1.00,-1.00,-1.00
2022-12-21T12:45:41Z,"0002cc01000003e9","2250cdc275fd38b504e611145f6289330d0f00000000000000ffffffffffffffffffffffff",3.54,,0.31,17,20.37,19.94,100897.00,15.00,0,0,0,0,,,-1.00,-1.00,-1.00,-1.00,-1.00,-1.00
2022-12-21T12:51:37Z,"0002cc01000003e9","2250cdc3d9fd38b104f211146262883330f000000000000000ffffffffffffffffffffffff",3.54,,0.31,17,20.38,20.00,100895.00,0.00,0,0,0,0,,,-1.00,-1.00,-1.00,-1.00,-1.00,-1.00
2022-12-21T12:57:33Z,"0002cc01000003e9","2250cdc53dfd38b104f2111467628733690b00000000000000ffffffffffffffffffffffff",3.54,,0.31,17,20.40,20.08,100889.00,44.00,0,0,0,0,,,-1.00,-1.00,-1.00,-1.00,-1.00,-1.00
2022-12-21T13:03:29Z,"0002cc01000003e9","2250cdc6a1fd38c104f2111469628833c50c00000000000000ffffffffffffffffffffffff",3.55,,0.31,17,20.41,20.22,100892.00,12.00,0,0,0,0,,,-1.00,-1.00,-1.00,-1.00,-1.00,-1.00
2022-12-21T13:09:26Z,"0002cc01000003e9","2250cdc806fd38b104e6111469628a33a90d00000000000000ffffffffffffffffffffffff",3.54,,0.31,17,20.41,20.18,100900.00,26.00,0,0,0,0,,,-1.00,-1.00,-1.00,-1.00,-1.00,-1.00
2022-12-21T13:15:22Z,"0002cc01000003e9","2250cdc96afd38b504fa111469628b33d20800000000000000ffffffffffffffffffffffff",3.54,,0.31,17,20.41,20.24,100906.00,16.00,0,0,0,0,,,-1.00,-1.00,-1.00,-1.00,-1.00,-1.00
2022-12-21T13:21:18Z,"0002cc01000003e9","2250cdcacefd38b904e611146c628a33daf000000000000000ffffffffffffffffffffffff",3.55,,0.31,17,20.42,20.25,100901.00,0.00,0,0,0,0,,,-1.00,-1.00,-1.00,-1.00,-1.00,-1.00
2022-12-21T13:27:14Z,"0002cc01000003e9","2250cdcc32fd38b904f2111469628933fd0c00000000000000ffffffffffffffffffffffff",3.55,,0.31,17,20.41,20.31,100896.00,12.00,0,0,0,0,,,-1.00,-1.00,-1.00,-1.00,-1.00,-1.00
2022-12-21T13:33:10Z,"0002cc01000003e9","2250cdcd96fd38b904e6111467628834270e80000000000000ffffffffffffffffffffffff",3.55,,0.31,17,20.40,20.37,100892.00,29.00,0,0,0,0,,,-1.00,-1.00,-1.00,-1.00,-1.00,-1.00
2022-12-21T13:39:06Z,"0002cc01000003e9","2250cdcefafd38b104f21114696289343c0a00000000000000ffffffffffffffffffffffff",3.54,,0.31,17,20.41,20.40,100897.00,5.00,0,0,0,0,,,-1.00,-1.00,-1.00,-1.00,-1.00,-1.00
2022-12-21T13:45:02Z,"0002cc01000003e9","2250cdd05efd38b104f211146c628b344a0c00000000000000ffffffffffffffffffffffff",3.54,,0.31,17,20.42,20.43,100906.00,3.00,0,0,0,0,,,-1.00,-1.00,-1.00,-1.00,-1.00,-1.00
2022-12-21T13:50:58Z,"0002cc01000003e9","2250cdd1c2fd38b504e6111469628b346df000000000000000ffffffffffffffffffffffff",3.54,,0.31,17,20.41,20.48,100907.00,0.00,0,0,0,0,,,-1.00,-1.00,-1.00,-1.00,-1.00,-1.00
2022-12-21T13:56:54Z,"0002cc01000003e9","2250cdd326fd38b104f211146c628a349ff000000000000000ffffffffffffffffffffffff",3.54,,0.31,17,20.42,20.55,100901.00,0.00,0,0,0,0,,,-1.00,-1.00,-1.00,-1.00,-1.00,-1.00
2022-12-21T14:02:50Z,"0002cc01000003e9","2250cdd48afd38b104f211146c628534ad0e00000000000000ffffffffffffffffffffffff",3.54,,0.31,17,20.42,20.58,100881.00,14.00,0,0,0,0,,,-1.00,-1.00,-1.00,-1.00,-1.00,-1.00
2022-12-21T14:08:46Z,"0002cc01000003e9","2250cdd5eefd38b104f211146f628634c9f000000000000000ffffffffffffffffffffffff",3.54,,0.31,17,20.43,20.62,100885.00,0.00,0,0,0,0,,,-1.00,-1.00,-1.00,-1.00,-1.00,-1.00
2022-12-21T14:14:42Z,"0002cc01000003e9","2250cdd752fd38b904f2111471628334edf000000000000000ffffffffffffffffffffffff",3.55,,0.31,17,20.44,20.67,100874.00,0.00,0,0,0,0,,,-1.00,-1.00,-1.00,-1.00,-1.00,-1.00
2022-12-21T14:20:38Z,"0002cc01000003e9","2250cdd8b6fd38b904f2111471628634bb0c00000000000000ffffffffffffffffffffffff",3.55,,0.31,17,20.44,20.60,100884.00,3.00,0,0,0,0,,,-1.00,-1.00,-1.00,-1.00,-1.00,-1.00
2022-12-21T14:26:34Z,"0002cc01000003e9","2250cdda1afd38b904f211146c628a34ec0b00000000000000ffffffffffffffffffffffff",3.55,,0.31,17,20.42,20.67,100900.00,22.00,0,0,0,0,,,-1.00,-1.00,-1.00,-1.00,-1.00,-1.00
2022-12-21T14:32:30Z,"0002cc01000003e9","2250cddb7efd38b104f2111469628a350f0800000000000000ffffffffffffffffffffffff",3.54,,0.31,17,20.41,20.73,100902.00,1.00,0,0,0,0,,,-1.00,-1.00,-1.00,-1.00,-1.00,-1.00
2022-12-21T14:38:26Z,"0002cc01000003e9","2250cddce2fd38b104fa111469628d35240800000000000000ffffffffffffffffffffffff",3.54,,0.31,17,20.41,20.76,100914.00,2.00,0,0,0,0,,,-1.00,-1.00,-1.00,-1.00,-1.00,-1.00
2022-12-21T14:44:22Z,"0002cc01000003e9","2250cdde46fd38b904f2111469628d35240800000000000000ffffffffffffffffffffffff",3.55,,0.31,17,20.41,20.76,100913.00,2.00,0,0,0,0,,,-1.00,-1.00,-1.00,-1.00,-1.00,-1.00
2022-12-21T14:50:18Z,"0002cc01000003e9","2250cddfaafd38b904f2111464628a35550880000000000000ffffffffffffffffffffffff",3.55,,0.31,17,20.39,20.83,100902.00,17.00,0,0,0,0,,,-1.00,-1.00,-1.00,-1.00,-1.00,-1.00
2022-12-21T14:56:15Z,"0002cc01000003e9","2250cde10ffd38b504f21114676289356a0d00000000000000ffffffffffffffffffffffff",3.54,,0.31,17,20.40,20.87,100899.00,13.00,0,0,0,0,,,-1.00,-1.00,-1.00,-1.00,-1.00,-1.00
2022-12-21T15:02:11Z,"0002cc01000003e9","2250cde273fd38b904f2111464628a358d0980000000000000ffffffffffffffffffffffff",3.55,,0.31,17,20.39,20.92,100902.00,19.00,0,0,0,0,,,-1.00,-1.00,-1.00,-1.00,-1.00,-1.00
2022-12-21T15:08:07Z,"0002cc01000003e9","2250cde3d7fd38b104fa111467628935a2f000000000000000ffffffffffffffffffffffff",3.54,,0.31,17,20.40,20.95,100898.00,0.00,0,0,0,0,,,-1.00,-1.00,-1.00,-1.00,-1.00,-1.00
2022-12-21T15:14:03Z,"0002cc01000003e9","2250cde53bfd38b104f2111464628735b70800000000000000ffffffffffffffffffffffff",3.54,,0.31,17,20.39,20.98,100889.00,1.00,0,0,0,0,,,-1.00,-1.00,-1.00,-1.00,-1.00,-1.00
2022-12-21T15:19:59Z,"0002cc01000003e9","2250cde69ffd38b904e6111464628235da0d80000000000000ffffffffffffffffffffffff",3.55,,0.31,17,20.39,21.04,100871.00,27.00,0,0,0,0,,,-1.00,-1.00,-1.00,-1.00,-1.00,-1.00
2022-12-21T15:25:55Z,"0002cc01000003e9","2250cde803fd38b104f2111464628235f60800000000000000ffffffffffffffffffffffff",3.54,,0.31,17,20.39,21.08,100871.00,1.00,0,0,0,0,,,-1.00,-1.00,-1.00,-1.00,-1.00,-1.00
2022-12-21T15:31:51Z,"0002cc01000003e9","2250cde967fd38b904e6111464628236190e00000000000000ffffffffffffffffffffffff",3.55,,0.31,17,20.39,21.13,100871.00,7.00,0,0,0,0,,,-1.00,-1.00,-1.00,-1.00,-1.00,-1.00
2022-12-21T15:37:47Z,"0002cc01000003e9","2250cdeacbfd38b904f21114676281362f0800000000000000ffffffffffffffffffffffff",3.55,,0.31,17,20.40,21.17,100864.00,2.00,0,0,0,0,,,-1.00,-1.00,-1.00,-1.00,-1.00,-1.00
2022-12-21T15:43:43Z,"0002cc01000003e9","2250cdec2ffd38b104f2111467628036440e00000000000000ffffffffffffffffffffffff",3.54,,0.31,17,20.40,21.20,100863.00,28.00,0,0,0,0,,,-1.00,-1.00,-1.00,-1.00,-1.00,-1.00
2022-12-21T15:49:39Z,"0002cc01000003e9","2250cded93fd38b904f2111469627f36600d80000000000000ffffffffffffffffffffffff",3.55,,0.31,17,20.41,21.24,100859.00,27.00,0,0,0,0,,,-1.00,-1.00,-1.00,-1.00,-1.00,-1.00
2022-12-21T15:55:35Z,"0002cc01000003e9","2250cdeef7fd38b904f211146f627e367d0c00000000000000ffffffffffffffffffffffff",3.55,,0.31,17,20.43,21.28,100853.00,6.00,0,0,0,0,,,-1.00,-1.00,-1.00,-1.00,-1.00,-1.00
2022-12-21T16:01:31Z,"0002cc01000003e9","2250cdf05bfd38b104e6111471627c368b0a40000000000000ffffffffffffffffffffffff",3.54,,0.31,17,20.44,21.31,100846.00,41.00,0,0,0,0,,,-1.00,-1.00,-1.00,-1.00,-1.00,-1.00
2022-12-21T16:07:27Z,"0002cc01000003e9","2250cdf1bffd38b104e6111471627a36af0c00000000000000ffffffffffffffffffffffff",3.54,,0.31,17,20.44,21.36,100836.00,12.00,0,0,0,0,,,-1.00,-1.00,-1.00,-1.00,-1.00,-1.00
2022-12-21T16:13:23Z,"0002cc01000003e9","2250cdf323fd38b504f2111471627436c4f000000000000000ffffffffffffffffffffffff",3.54,,0.31,17,20.44,21.39,100813.00,0.00,0,0,0,0,,,-1.00,-1.00,-1.00,-1.00,-1.00,-1.00
2022-12-21T16:19:19Z,"0002cc01000003e9","2250cdf487fd38b104f2111471627436d9f000000000000000ffffffffffffffffffffffff",3.54,,0.31,17,20.44,21.42,100814.00,0.00,0,0,0,0,,,-1.00,-1.00,-1.00,-1.00,-1.00,-1.00
2022-12-21T16:25:15Z,"0002cc01000003e9","2250cdf5ebfd38a804f2111474627336d20800000000000000ffffffffffffffffffffffff",3.54,,0.31,17,20.45,21.41,100811.00,16.00,0,0,0,0,,,-1.00,-1.00,-1.00,-1.00,-1.00,-1.00
2022-12-21T16:31:11Z,"0002cc01000003e9","2250cdf74ffd38b904f2111474627736b60f80000000000000ffffffffffffffffffffffff",3.55,,0.31,17,20.45,21.37,100827.00,31.00,0,0,0,0,,,-1.00,-1.00,-1.00,-1.00,-1.00,-1.00
2022-12-21T16:37:07Z,"0002cc01000003e9","2250cdf8b3fd38b104f2111474627436af0900000000000000ffffffffffffffffffffffff",3.54,,0.31,17,20.45,21.36,100815.00,9.00,0,0,0,0,,,-1.00,-1.00,-1.00,-1.00,-1.00,-1.00
2022-12-21T16:43:03Z,"0002cc01000003e9","2250cdfa17fd38b904f2111474627436bd0b80000000000000ffffffffffffffffffffffff",3.55,,0.31,17,20.45,21.38,100813.00,46.00,0,0,0,0,,,-1.00,-1.00,-1.00,-1.00,-1.00,-1.00
2022-12-21T16:49:00Z,"0002cc01000003e9","2250cdfb7cfd38b504f2111476627736d20f00000000000000ffffffffffffffffffffffff",3.54,,0.31,17,20.46,21.42,100824.00,15.00,0,0,0,0,,,-1.00,-1.00,-1.00,-1.00,-1.00,-1.00
2022-12-21T16:54:56Z,"0002cc01000003e9","2250cdfce0fd38b104fa111474627436ee08c0000000000000ffffffffffffffffffffffff",3.54,,0.31,17,20.45,21.46,100814.00,35.00,0,0,0,0,,,-1.00,-1.00,-1.00,-1.00,-1.00,-1.00
2022-12-21T17:00:52Z,"0002cc01000003e9","2250cdfe44fd38b904fa111476627536f50800000000000000ffffffffffffffffffffffff",3.55,,0.31,17,20.46,21.47,100818.00,1.00,0,0,0,0,,,-1.00,-1.00,-1.00,-1.00,-1.00,-1.00
2022-12-21T17:06:48Z,"0002cc01000003e9","2250cdffa8fd38b904f2111479627436d90f80000000000000ffffffffffffffffffffffff",3.55,,0.31,17,20.47,21.43,100812.00,31.00,0,0,0,0,,,-1.00,-1.00,-1.00,-1.00,-1.00,-1.00
2022-12-21T17:12:44Z,"0002cc01000003e9","2250ce010cfd38b104e611147b627036c50d40000000000000ffffffffffffffffffffffff",3.54,,0.31,17,20.48,21.39,100797.00,53.00,0,0,0,0,,,-1.00,-1.00,-1.00,-1.00,-1.00,-1.00
2022-12-21T17:18:40Z,"0002cc01000003e9","2250ce0270fd38a804f211147b626e36a20a40000000000000ffffffffffffffffffffffff",3.54,,0.31,17,20.48,21.34,100789.00,41.00,0,0,0,0,,,-1.00,-1.00,-1.00,-1.00,-1.00,-1.00
2022-12-21T17:24:36Z,"0002cc01000003e9","2250ce03d4fd38a404e611147e626736860b80000000000000ffffffffffffffffffffffff",3.54,,0.31,17,20.49,21.30,100762.00,23.00,0,0,0,0,,,-1.00,-1.00,-1.00,-1.00,-1.00,-1.00
2022-12-21T17:30:32Z,"0002cc01000003e9","2250ce0538fd38b904e611147e626036710e00000000000000ffffffffffffffffffffffff",3.55,,0.31,17,20.49,21.27,100732.00,28.00,0,0,0,0,,,-1.00,-1.00,-1.00,-1.00,-1.00,-1.00
2022-12-21T17:36:28Z,"0002cc01000003e9","2250ce069cfd38a804f2111481625c366a09c0000000000000ffffffffffffffffffffffff",3.54,,0.31,17,20.50,21.26,100718.00,39.00,0,0,0,0,,,-1.00,-1.00,-1.00,-1.00,-1.00,-1.00
2022-12-21T17:42:24Z,"0002cc01000003e9","2250ce0800fd38b104ee111481625a36550c00000000000000ffffffffffffffffffffffff",3.54,,0.31,17,20.50,21.22,100708.00,48.00,0,0,0,0,,,-1.00,-1.00,-1.00,-1.00,-1.00,-1.00
2022-12-21T17:48:20Z,"0002cc01000003e9","2250ce0964fd38a804e6111483625036470e00000000000000ffffffffffffffffffffffff",3.54,,0.31,17,20.51,21.20,100670.00,7.00,0,0,0,0,,,-1.00,-1.00,-1.00,-1.00,-1.00,-1.00
2022-12-21T17:54:16Z,"0002cc01000003e9","2250ce0ac8fd38b104f21114836249362b0d40000000000000ffffffffffffffffffffffff",3.54,,0.31,17,20.51,21.16,100643.00,212.00,0,0,0,0,,,-1.00,-1.00,-1.00,-1.00,-1.00,-1.00
2022-12-21T18:00:12Z,"0002cc01000003e9","2250ce0c2cfd38a804f2111492624d360308b8000000000000ffffffffffffffffffffffff",3.54,,0.31,17,20.57,21.10,100658.00,279.00,0,0,0,0,,,-1.00,-1.00,-1.00,-1.00,-1.00,-1.00
2022-12-21T18:06:08Z,"0002cc01000003e9","2250ce0d90fd38b104f21114a9624535f008b8000000000000ffffffffffffffffffffffff",3.54,,0.31,17,20.66,21.07,100624.00,279.00,0,0,0,0,,,-1.00,-1.00,-1.00,-1.00,-1.00,-1.00
2022-12-21T18:12:04Z,"0002cc01000003e9","2250ce0ef4fd38b104e61114c1623c35c208b0000000000000ffffffffffffffffffffffff",3.54,,0.31,17,20.75,21.00,100591.00,278.00,0,0,0,0,,,-1.00,-1.00,-1.00,-1.00,-1.00,-1.00
2022-12-21T18:18:00Z,"0002cc01000003e9","2250ce1058fd38a804e61114d0623535850908000000000000ffffffffffffffffffffffff",3.54,,0.31,17,20.81,20.91,100561.00,289.00,0,0,0,0,,,-1.00,-1.00,-1.00,-1.00,-1.00,-1.00
2022-12-21T18:23:56Z,"0002cc01000003e9","2250ce11bcfd38a804e61114dd623335780940000000000000ffffffffffffffffffffffff",3.54,,0.31,17,20.86,20.89,100554.00,296.00,0,0,0,0,,,-1.00,-1.00,-1.00,-1.00,-1.00,-1.00
2022-12-21T18:29:52Z,"0002cc01000003e9","2250ce1320fd38b104e61114e7622c35720970000000000000ffffffffffffffffffffffff",3.54,,0.31,17,20.90,20.88,100527.00,302.00,0,0,0,0,,,-1.00,-1.00,-1.00,-1.00,-1.00,-1.00
2022-12-21T18:35:48Z,"0002cc01000003e9","2250ce1484fd38a804e61114ec622b35420920000000000000ffffffffffffffffffffffff",3.54,,0.31,17,20.92,20.80,100522.00,292.00,0,0,0,0,,,-1.00,-1.00,-1.00,-1.00,-1.00,-1.00
2022-12-21T18:41:45Z,"0002cc01000003e9","2250ce15e9fd38b104e61114e9622735420940000000000000ffffffffffffffffffffffff",3.54,,0.31,17,20.91,20.80,100505.00,296.00,0,0,0,0,,,-1.00,-1.00,-1.00,-1.00,-1.00,-1.00
2022-12-21T18:47:41Z,"0002cc01000003e9","2250ce174dfd38a804e61114ec621f353b08f0000000000000ffffffffffffffffffffffff",3.54,,0.31,17,20.92,20.79,100475.00,286.00,0,0,0,0,,,-1.00,-1.00,-1.00,-1.00,-1.00,-1.00
2022-12-21T18:53:37Z,"0002cc01000003e9","2250ce18b1fd38a804e61114ef621b351f0918000000000000ffffffffffffffffffffffff",3.54,,0.31,17,20.93,20.75,100458.00,291.00,0,0,0,0,,,-1.00,-1.00,-1.00,-1.00,-1.00,-1.00
2022-12-21T18:59:33Z,"0002cc01000003e9","2250ce1a15fd38b104e61114ec621735260918000000000000ffffffffffffffffffffffff",3.54,,0.31,17,20.92,20.76,100443.00,291.00,0,0,0,0,,,-1.00,-1.00,-1.00,-1.00,-1.00,-1.00
2022-12-21T19:05:29Z,"0002cc01000003e9","2250ce1b79fd38b104e61114ec621235260880000000000000ffffffffffffffffffffffff",3.54,,0.31,17,20.92,20.76,100420.00,272.00,0,0,0,0,,,-1.00,-1.00,-1.00,-1.00,-1.00,-1.00
2022-12-21T19:11:25Z,"0002cc01000003e9","2250ce1cddfd38b104e61114f1621035110948000000000000ffffffffffffffffffffffff",3.54,,0.31,17,20.94,20.73,100413.00,297.00,0,0,0,0,,,-1.00,-1.00,-1.00,-1.00,-1.00,-1.00
2022-12-21T19:17:21Z,"0002cc01000003e9","2250ce1e41fd38a804e61114f46209350408c0000000000000ffffffffffffffffffffffff",3.54,,0.31,17,20.95,20.71,100387.00,280.00,0,0,0,0,,,-1.00,-1.00,-1.00,-1.00,-1.00,-1.00
2022-12-21T19:23:17Z,"0002cc01000003e9","2250ce1fa5fd38b104e61114fb6205353d09e0000000000000ffffffffffffffffffffffff",3.54,,0.31,17,20.98,20.80,100368.00,316.00,0,0,0,0,,,-1.00,-1.00,-1.00,-1.00,-1.00,-1.00
2022-12-21T19:29:13Z,"0002cc01000003e9","2250ce2109fd38a804ee111508620535760900000000000000ffffffffffffffffffffffff",3.54,,0.31,17,21.03,20.88,100370.00,288.00,0,0,0,0,,,-1.00,-1.00,-1.00,-1.00,-1.00,-1.00
2022-12-21T19:35:09Z,"0002cc01000003e9","2250ce226dfd38a804e6111515620535860950000000000000ffffffffffffffffffffffff",3.54,,0.31,17,21.08,20.91,100368.00,298.00,0,0,0,0,,,-1.00,-1.00,-1.00,-1.00,-1.00,-1.00
2022-12-21T19:41:05Z,"0002cc01000003e9","2250ce23d1fd38a404ee11151f61fe359d0970000000000000ffffffffffffffffffffffff",3.54,,0.31,17,21.12,20.94,100342.00,302.00,0,0,0,0,,,-1.00,-1.00,-1.00,-1.00,-1.00,-1.00
2022-12-21T19:47:01Z,"0002cc01000003e9","2250ce2535fd38a804da11152761fd35b20950000000000000ffffffffffffffffffffffff",3.54,,0.30,17,21.15,20.98,100339.00,298.00,0,0,0,0,,,-1.00,-1.00,-1.00,-1.00,-1.00,-1.00
2022-12-21T19:52:57Z,"0002cc01000003e9","2250ce2699fd38a404e611152c61f635e408a0000000000000ffffffffffffffffffffffff",3.54,,0.31,17,21.17,21.05,100308.00,276.00,0,0,0,0,,,-1.00,-1.00,-1.00,-1.00,-1.00,-1.00
2022-12-21T19:58:53Z,"0002cc01000003e9","2250ce27fdfd38a804e611153461f235d708e8000000000000ffffffffffffffffffffffff",3.54,,0.31,17,21.20,21.03,100293.00,285.00,0,0,0,0,,,-1.00,-1.00,-1.00,-1.00,-1.00,-1.00
2022-12-21T20:04:49Z,"0002cc01000003e9","2250ce2961fd38a804e611153b61ee35df0900000000000000ffffffffffffffffffffffff",3.54,,0.31,17,21.23,21.04,100277.00,288.00,0,0,0,0,,,-1.00,-1.00,-1.00,-1.00,-1.00,-1.00
2022-12-21T20:10:45Z,"0002cc01000003e9","2250ce2ac5fd38a004e611153961eb35830998000000000000ffffffffffffffffffffffff",3.54,,0.31,17,21.22,20.90,100264.00,307.00,0,0,0,0,,,-1.00,-1.00,-1.00,-1.00,-1.00,-1.00
2022-12-21T20:16:41Z,"0002cc01000003e9","2250ce2c29fd38b104e611153661e8359f0930000000000000ffffffffffffffffffffffff",3.54,,0.31,17,21.21,20.95,100254.00,294.00,0,0,0,0,,,-1.00,-1.00,-1.00,-1.00,-1.00,-1.00
2022-12-21T20:22:38Z,"0002cc01000003e9","2250ce2d8efd38a804e611153961e3359109c0000000000000ffffffffffffffffffffffff",3.54,,0.31,17,21.22,20.92,100233.00,312.00,0,0,0,0,,,-1.00,-1.00,-1.00,-1.00,-1.00,-1.00
2022-12-21T20:28:34Z,"0002cc01000003e9","2250ce2ef2fd38b104e611153b61e035760900000000000000ffffffffffffffffffffffff",3.54,,0.31,17,21.23,20.88,100221.00,288.00,0,0,0,0,,,-1.00,-1.00,-1.00,-1.00,-1.00,-1.00
2022-12-21T20:34:30Z,"0002cc01000003e9","2250ce3056fd38a804e611153b61df356708c0000000000000ffffffffffffffffffffffff",3.54,,0.31,17,21.23,20.86,100216.00,280.00,0,0,0,0,,,-1.00,-1.00,-1.00,-1.00,-1.00,-1.00
2022-12-21T20:40:26Z,"0002cc01000003e9","2250ce31bafd38a804e611154161e035530900000000000000ffffffffffffffffffffffff",3.54,,0.31,17,21.25,20.83,100220.00,288.00,0,0,0,0,,,-1.00,-1.00,-1.00,-1.00,-1.00,-1.00
2022-12-21T20:46:22Z,"0002cc01000003e9","2250ce331efd38b104e611154361d7356808f0000000000000ffffffffffffffffffffffff",3.54,,0.31,17,21.26,20.86,100186.00,286.00,0,0,0,0,,,-1.00,-1.00,-1.00,-1.00,-1.00,-1.00
2022-12-21T20:52:18Z,"0002cc01000003e9","2250ce3482fd38b104e611154661d435680928000000000000ffffffffffffffffffffffff",3.54,,0.31,17,21.27,20.86,100172.00,293.00,0,0,0,0,,,-1.00,-1.00,-1.00,-1.00,-1.00,-1.00
2022-12-21T20:58:14Z,"0002cc01000003e9","2250ce35e6fd38a004e611154661d3356f0910000000000000ffffffffffffffffffffffff",3.54,,0.31,17,21.27,20.87,100171.00,290.00,0,0,0,0,,,-1.00,-1.00,-1.00,-1.00,-1.00,-1.00
2022-12-21T21:04:10Z,"0002cc01000003e9","2250ce374afd38a804e611154661d4356908e8000000000000ffffffffffffffffffffffff",3.54,,0.31,17,21.27,20.86,100174.00,285.00,0,0,0,0,,,-1.00,-1.00,-1.00,-1.00,-1.00,-1.00
2022-12-21T21:10:06Z,"0002cc01000003e9","2250ce38aefd38ad04e611154661ce35620830000000000000ffffffffffffffffffffffff",3.54,,0.31,17,21.27,20.85,100148.00,262.00,0,0,0,0,,,-1.00,-1.00,-1.00,-1.00,-1.00,-1.00
2022-12-21T21:16:02Z,"0002cc01000003e9","2250ce3a12fd38ad04e611154661cc355b0888000000000000ffffffffffffffffffffffff",3.54,,0.31,17,21.27,20.84,100143.00,273.00,0,0,0,0,,,-1.00,-1.00,-1.00,-1.00,-1.00,-1.00
2022-12-21T21:21:58Z,"0002cc01000003e9","2250ce3b76fd38ad04e611154661d1355408f0000000000000ffffffffffffffffffffffff",3.54,,0.31,17,21.27,20.83,100163.00,286.00,0,0,0,0,,,-1.00,-1.00,-1.00,-1.00,-1.00,-1.00
2022-12-21T21:27:54Z,"0002cc01000003e9","2250ce3cdafd38b104e611154861cf35620930000000000000ffffffffffffffffffffffff",3.54,,0.31,17,21.28,20.85,100155.00,294.00,0,0,0,0,,,-1.00,-1.00,-1.00,-1.00,-1.00,-1.00
2022-12-21T21:33:50Z,"0002cc01000003e9","2250ce3e3efd38a004e611154861cf357008b8000000000000ffffffffffffffffffffffff",3.54,,0.31,17,21.28,20.87,100154.00,279.00,0,0,0,0,,,-1.00,-1.00,-1.00,-1.00,-1.00,-1.00
2022-12-21T21:39:46Z,"0002cc01000003e9","2250ce3fa2fd38ad04e611154d61d435700a10000000000000ffffffffffffffffffffffff",3.54,,0.31,17,21.30,20.87,100174.00,322.00,0,0,0,0,,,-1.00,-1.00,-1.00,-1.00,-1.00,-1.00
2022-12-21T21:45:42Z,"0002cc01000003e9","2250ce4106fd38ad04e611154d61d5357f08c8000000000000ffffffffffffffffffffffff",3.54,,0.31,17,21.30,20.90,100179.00,281.00,0,0,0,0,,,-1.00,-1.00,-1.00,-1.00,-1.00,-1.00
2022-12-21T21:51:38Z,"0002cc01000003e9","2250ce426afd38a004e611154d61d535770810000000000000ffffffffffffffffffffffff",3.54,,0.31,17,21.30,20.89,100177.00,258.00,0,0,0,0,,,-1.00,-1.00,-1.00,-1.00,-1.00,-1.00
2022-12-21T21:57:34Z,"0002cc01000003e9","2250ce43cefd38a004ee11155061d2358d0880000000000000ffffffffffffffffffffffff",3.54,,0.31,17,21.31,20.92,100166.00,272.00,0,0,0,0,,,-1.00,-1.00,-1.00,-1.00,-1.00,-1.00
2022-12-21T22:03:30Z,"0002cc01000003e9","2250ce4532fd38a004e611154d61cf359408b0000000000000ffffffffffffffffffffffff",3.54,,0.31,17,21.30,20.93,100152.00,278.00,0,0,0,0,,,-1.00,-1.00,-1.00,-1.00,-1.00,-1.00
2022-12-21T22:09:27Z,"0002cc01000003e9","2250ce4697fd38a004e611154d61d135a90858000000000000ffffffffffffffffffffffff",3.54,,0.31,17,21.30,20.96,100160.00,267.00,0,0,0,0,,,-1.00,-1.00,-1.00,-1.00,-1.00,-1.00
2022-12-21T22:15:23Z,"0002cc01000003e9","2250ce47fbfd38ad04e611155061ce35cd0ff0000000000000ffffffffffffffffffffffff",3.54,,0.31,17,21.31,21.02,100148.00,255.00,0,0,0,0,,,-1.00,-1.00,-1.00,-1.00,-1.00,-1.00
2022-12-21T22:21:19Z,"0002cc01000003e9","2250ce495ffd38ad04e611155261c935f008d8000000000000ffffffffffffffffffffffff",3.54,,0.31,17,21.32,21.07,100128.00,283.00,0,0,0,0,,,-1.00,-1.00,-1.00,-1.00,-1.00,-1.00
2022-12-21T22:27:15Z,"0002cc01000003e9","2250ce4ac3fd38ad04e611155561c8360d08a8000000000000ffffffffffffffffffffffff",3.54,,0.31,17,21.33,21.11,100126.00,277.00,0,0,0,0,,,-1.00,-1.00,-1.00,-1.00,-1.00,-1.00
2022-12-21T22:33:11Z,"0002cc01000003e9","2250ce4c27fd38ad04e611155a61c736140880000000000000ffffffffffffffffffffffff",3.54,,0.31,17,21.35,21.12,100120.00,272.00,0,0,0,0,,,-1.00,-1.00,-1.00,-1.00,-1.00,-1.00
2022-12-21T22:39:07Z,"0002cc01000003e9","2250ce4d8bfd38ad04e611155a61c335ff0880000000000000ffffffffffffffffffffffff",3.54,,0.31,17,21.35,21.09,100104.00,272.00,0,0,0,0,,,-1.00,-1.00,-1.00,-1.00,-1.00,-1.00
2022-12-21T22:45:03Z,"0002cc01000003e9","2250ce4eeffd38a004e611155a61be360d08c8000000000000ffffffffffffffffffffffff",3.54,,0.31,17,21.35,21.11,100084.00,281.00,0,0,0,0,,,-1.00,-1.00,-1.00,-1.00,-1.00,-1.00
2022-12-21T22:50:59Z,"0002cc01000003e9","2250ce5053fd38a004e611155a61b935ff0998000000000000ffffffffffffffffffffffff",3.54,,0.31,17,21.35,21.09,100067.00,307.00,0,0,0,0,,,-1.00,-1.00,-1.00,-1.00,-1.00,-1.00
2022-12-21T22:56:55Z,"0002cc01000003e9","2250ce51b7fd38ad04e611155861b535f708f0000000000000ffffffffffffffffffffffff",3.54,,0.31,17,21.34,21.08,100049.00,286.00,0,0,0,0,,,-1.00,-1.00,-1.00,-1.00,-1.00,-1.00
2022-12-21T23:02:51Z,"0002cc01000003e9","2250ce531bfd38ad04e611155261b4360508f0000000000000ffffffffffffffffffffffff",3.54,,0.31,17,21.32,21.10,100046.00,286.00,0,0,0,0,,,-1.00,-1.00,-1.00,-1.00,-1.00,-1.00
2022-12-21T23:08:47Z,"0002cc01000003e9","2250ce547ffd38a004e611155561b336130890000000000000ffffffffffffffffffffffff",3.54,,0.31,17,21.33,21.12,100043.00,274.00,0,0,0,0,,,-1.00,-1.00,-1.00,-1.00,-1.00,-1.00
2022-12-21T23:14:43Z,"0002cc01000003e9","2250ce55e3fd38a004e611155561ae364408a8000000000000ffffffffffffffffffffffff",3.54,,0.31,17,21.33,21.20,100023.00,277.00,0,0,0,0,,,-1.00,-1.00,-1.00,-1.00,-1.00,-1.00
2022-12-21T23:20:39Z,"0002cc01000003e9","2250ce5747fd38a004e611155561ad365308b0000000000000ffffffffffffffffffffffff",3.54,,0.31,17,21.33,21.22,100018.00,278.00,0,0,0,0,,,-1.00,-1.00,-1.00,-1.00,-1.00,-1.00
2022-12-21T23:26:35Z,"0002cc01000003e9","2250ce58abfd38a004e611155861ab36530850000000000000ffffffffffffffffffffffff",3.54,,0.31,17,21.34,21.22,100011.00,266.00,0,0,0,0,,,-1.00,-1.00,-1.00,-1.00,-1.00,-1.00
2022-12-21T23:32:31Z,"0002cc01000003e9","2250ce5a0ffd38ad04e611155561a836610880000000000000ffffffffffffffffffffffff",3.54,,0.31,17,21.33,21.24,99999.00,272.00,0,0,0,0,,,-1.00,-1.00,-1.00,-1.00,-1.00,-1.00
2022-12-21T23:38:27Z,"0002cc01000003e9","2250ce5b73fd38a004e611155861a2366808f0000000000000ffffffffffffffffffffffff",3.54,,0.31,17,21.34,21.25,99973.00,286.00,0,0,0,0,,,-1.00,-1.00,-1.00,-1.00,-1.00,-1.00
2022-12-21T23:44:23Z,"0002cc01000003e9","2250ce5cd7fd38ad04e6111550619e36760800000000000000ffffffffffffffffffffffff",3.54,,0.31,17,21.31,21.27,99958.00,16.00,0,0,0,0,,,-1.00,-1.00,-1.00,-1.00,-1.00,-1.00
2022-12-21T23:50:20Z,"0002cc01000003e9","2250ce5e3cfd38ad04e6111543619d36970e00000000000000ffffffffffffffffffffffff",3.54,,0.31,17,21.26,21.32,99954.00,7.00,0,0,0,0,,,-1.00,-1.00,-1.00,-1.00,-1.00,-1.00
2022-12-21T23:56:16Z,"0002cc01000003e9","2250ce5fa0fd38ad04e6111536619836ab0900000000000000ffffffffffffffffffffffff",3.54,,0.31,17,21.21,21.35,99933.00,9.00,0,0,0,0,,,-1.00,-1.00,-1.00,-1.00,-1.00,-1.00
