Time,DevEUI,Raw,Vbat,Vsystem,Vbus,BootCount,T,RH,P,Light,P[0].delta,P[0].total,P[1].delta,P[1].total,Act[7],Act[6],Act[5],Act[4],Act[3],Act[2],Act[1],Act[0]
2022-12-13T00:01:57Z,"0002cc01000003e9","2250c28375fd399204fa1115ac61c23fef0ed8000000000000ffffffffffffffffffffffff",3.60,,0.31,17,21.67,24.97,100103.00,475.00,0,0,0,0,,,-1.00,-1.00,-1.00,-1.00,-1.00,-1.00
2022-12-13T00:07:53Z,"0002cc01000003e9","2250c284d9fd399605031115b661c140610eb8000000000000ffffffffffffffffffffffff",3.60,,0.31,17,21.71,25.15,100097.00,471.00,0,0,0,0,,,-1.00,-1.00,-1.00,-1.00,-1.00,-1.00
2022-12-13T00:13:49Z,"0002cc01000003e9","2250c2863dfd399204fa1115bb61c1401b0e08000000000000ffffffffffffffffffffffff",3.60,,0.31,17,21.73,25.04,100096.00,449.00,0,0,0,0,,,-1.00,-1.00,-1.00,-1.00,-1.00,-1.00
2022-12-13T00:19:45Z,"0002cc01000003e9","2250c287a1fd39a205031115bb61bf400d0ee8000000000000ffffffffffffffffffffffff",3.60,,0.31,17,21.73,25.02,100088.00,477.00,0,0,0,0,,,-1.00,-1.00,-1.00,-1.00,-1.00,-1.00
2022-12-13T00:25:41Z,"0002cc01000003e9","2250c28905fd399a05031115b961bd40220e78000000000000ffffffffffffffffffffffff",3.60,,0.31,17,21.72,25.05,100080.00,463.00,0,0,0,0,,,-1.00,-1.00,-1.00,-1.00,-1.00,-114634.38
2022-12-13T00:31:37Z,"0002cc01000003e9","2250c28a69fd399205031115b161bd402f0ec8000000000000ffffffffffffffffffffffff",3.60,,0.31,17,21.69,25.07,100083.00,473.00,0,0,0,0,,,-1.00,-1.00,-1.00,-1.00,-1.00,-114628.23
2022-12-13T00:37:33Z,"0002cc01000003e9","2250c28bcdfd399204fa1115ac61bc403d0df8000000000000ffffffffffffffffffffffff",3.60,,0.31,17,21.67,25.09,100077.00,447.00,0,0,0,0,,,-1.00,-1.00,-1.00,-1.00,-1.00,-1.00
2022-12-13T00:43:29Z,"0002cc01000003e9","2250c28d31fd399a05031115a961bd40510e48000000000000ffffffffffffffffffffffff",3.60,,0.31,17,21.66,25.12,100083.00,457.00,0,0,0,0,,,-1.00,-1.00,-1.00,-1.00,-1.00,-1.00
2022-12-13T00:49:25Z,"0002cc01000003e9","2250c28e95fd399205031115a761bc406d0e20000000000000ffffffffffffffffffffffff",3.60,,0.31,17,21.65,25.17,100078.00,452.00,0,0,0,0,,,-1.00,-1.00,-1.00,-1.00,-1.00,-1.00
2022-12-13T00:55:21Z,"0002cc01000003e9","2250c28ff9fd399a04fa1115a261be40730e40000000000000ffffffffffffffffffffffff",3.60,,0.31,17,21.63,25.18,100084.00,456.00,0,0,0,0,,,-1.00,-1.00,-1.00,-1.00,-1.00,-1.00
2022-12-13T01:01:17Z,"0002cc01000003e9","2250c2915dfd399204fa11159f61bf40880e40000000000000ffffffffffffffffffffffff",3.60,,0.31,17,21.62,25.21,100090.00,456.00,0,0,0,0,,,-1.00,-1.00,-1.00,-1.00,-1.00,-1.00
2022-12-13T01:07:13Z,"0002cc01000003e9","2250c292c1fd399a05031115a261c240890dd0000000000000ffffffffffffffffffffffff",3.60,,0.31,17,21.63,25.21,100101.00,442.00,0,0,0,0,,,-1.00,-1.00,-1.00,-1.00,-1.00,-1.00
2022-12-13T01:13:09Z,"0002cc01000003e9","2250c29425fd399204fa1115a261c3409e0e70000000000000ffffffffffffffffffffffff",3.60,,0.31,17,21.63,25.24,100106.00,462.00,0,0,0,0,,,-1.00,-1.00,-1.00,-1.00,-1.00,-1.00
2022-12-13T01:19:05Z,"0002cc01000003e9","2250c29589fd399a05031115a261c040ac0e70000000000000ffffffffffffffffffffffff",3.60,,0.31,17,21.63,25.26,100095.00,462.00,0,0,0,0,,,-1.00,-1.00,-1.00,-1.00,-1.00,-1.00
2022-12-13T01:25:01Z,"0002cc01000003e9","2250c296edfd399e05031115a761c040a60f00000000000000ffffffffffffffffffffffff",3.60,,0.31,17,21.65,25.25,100093.00,480.00,0,0,0,0,,,-1.00,-1.00,-1.00,-1.00,-1.00,-1.00
2022-12-13T01:30:57Z,"0002cc01000003e9","2250c29851fd399a05031115ac61c240c20ea8000000000000ffffffffffffffffffffffff",3.60,,0.31,17,21.67,25.30,100100.00,469.00,0,0,0,0,,,-1.00,-1.00,-1.00,-1.00,-1.00,-1.00
2022-12-13T01:36:53Z,"0002cc01000003e9","2250c299b5fd399a05031115ac61c140c20e00000000000000ffffffffffffffffffffffff",3.60,,0.31,17,21.67,25.30,100099.00,448.00,0,0,0,0,,,-1.00,-1.00,-1.00,-1.00,-1.00,-1.00
2022-12-13T01:42:49Z,"0002cc01000003e9","2250c29b19fd399a05031115ac61bf40c90ea0000000000000ffffffffffffffffffffffff",3.60,,0.31,17,21.67,25.31,100090.00,468.00,0,0,0,0,,,-1.00,-1.00,-1.00,-1.00,-1.00,-1.00
2022-12-13T01:48:45Z,"0002cc01000003e9","2250c29c7dfd399a04fa1115ac61c140ec0e08000000000000ffffffffffffffffffffffff",3.60,,0.31,17,21.67,25.36,100099.00,449.00,0,0,0,0,,,-1.00,-1.00,-1.00,-1.00,-1.00,-1.00
2022-12-13T01:54:41Z,"0002cc01000003e9","2250c29de1fd399205031115a961bd40fa0ed0000000000000ffffffffffffffffffffffff",3.60,,0.31,17,21.66,25.38,100083.00,474.00,0,0,0,0,,,-1.00,-1.00,-1.00,-1.00,-1.00,-1.00
2022-12-13T02:00:38Z,"0002cc01000003e9","2250c29f46fd399205031115a961b841010e58000000000000ffffffffffffffffffffffff",3.60,,0.31,17,21.66,25.39,100062.00,459.00,0,0,0,0,,,-1.00,-1.00,-1.00,-1.00,-1.00,-1.00
2022-12-13T02:06:34Z,"0002cc01000003e9","2250c2a0aafd399a05031115a761b0410f0e40000000000000ffffffffffffffffffffffff",3.60,,0.31,17,21.65,25.41,100029.00,456.00,0,0,0,0,,,-1.00,-1.00,-1.00,-1.00,-1.00,-1.00
2022-12-13T02:12:30Z,"0002cc01000003e9","2250c2a20efd399205031115a461ae411d0e68000000000000ffffffffffffffffffffffff",3.60,,0.31,17,21.64,25.43,100020.00,461.00,0,0,0,0,,,-1.00,-1.00,-1.00,-1.00,-1.00,-1.00
2022-12-13T02:18:26Z,"0002cc01000003e9","2250c2a372fd398e05031115a261af410e0ea0000000000000ffffffffffffffffffffffff",3.60,,0.31,17,21.63,25.41,100026.00,468.00,0,0,0,0,,,-1.00,-1.00,-1.00,-1.00,-1.00,-1.00
2022-12-13T02:24:22Z,"0002cc01000003e9","2250c2a4d6fd399a05031115a261ac413f0dc0000000000000ffffffffffffffffffffffff",3.60,,0.31,17,21.63,25.49,100012.00,440.00,0,0,0,0,,,-1.00,-1.00,-1.00,-1.00,-1.00,-1.00
2022-12-13T02:30:18Z,"0002cc01000003e9","2250c2a63afd399a05031115a261ac413f0dc8000000000000ffffffffffffffffffffffff",3.60,,0.31,17,21.63,25.49,100012.00,441.00,0,0,0,0,,,-1.00,-1.00,-1.00,-1.00,-1.00,-1.00
2022-12-13T02:36:14Z,"0002cc01000003e9","2250c2a79efd399a050711159f61ac41460e58000000000000ffffffffffffffffffffffff",3.60,,0.31,17,21.62,25.50,100012.00,459.00,0,0,0,0,,,-1.00,-1.00,-1.00,-1.00,-1.00,-1.00
2022-12-13T02:42:10Z,"0002cc01000003e9","2250c2a902fd399604fa11159d61a9414d0df8000000000000ffffffffffffffffffffffff",3.60,,0.31,17,21.61,25.51,100001.00,447.00,0,0,0,0,,,-1.00,-1.00,-1.00,-1.00,-1.00,-1.00
2022-12-13T02:48:06Z,"0002cc01000003e9","2250c2aa66fd399a050311159f61a941460e48000000000000ffffffffffffffffffffffff",3.60,,0.31,17,21.62,25.50,100000.00,457.00,0,0,0,0,,,-1.00,-1.00,-1.00,-1.00,-1.00,-1.00
2022-12-13T02:54:02Z,"0002cc01000003e9","2250c2abcafd3992050311159a61a8413e0fa8000000000000ffffffffffffffffffffffff",3.60,,0.31,17,21.60,25.49,99999.00,501.00,0,0,0,0,,,-1.00,-1.00,-1.00,-1.00,-1.00,-1.00
2022-12-13T02:59:58Z,"0002cc01000003e9","2250c2ad2efd399a050311159a61a941290de0000000000000ffffffffffffffffffffffff",3.60,,0.31,17,21.60,25.45,100003.00,444.00,0,0,0,0,,,-1.00,-1.00,-1.00,-1.00,-1.00,-1.00
2022-12-13T03:05:54Z,"0002cc01000003e9","2250c2ae92fd399a050311159561ab41300ec0000000000000ffffffffffffffffffffffff",3.60,,0.31,17,21.58,25.46,100011.00,472.00,0,0,0,0,,,-1.00,-1.00,-1.00,-1.00,-1.00,-1.00
2022-12-13T03:11:50Z,"0002cc01000003e9","2250c2aff6fd399a050311159561a941210dd8000000000000ffffffffffffffffffffffff",3.60,,0.31,17,21.58,25.44,100003.00,443.00,0,0,0,0,,,-1.00,-1.00,-1.00,-1.00,-1.00,-1.00
2022-12-13T03:17:46Z,"0002cc01000003e9","2250c2b15afd3992050311159061aa41200e08000000000000ffffffffffffffffffffffff",3.60,,0.31,17,21.56,25.44,100005.00,449.00,0,0,0,0,,,-1.00,-1.00,-1.00,-1.00,-1.00,-1.00
2022-12-13T03:23:42Z,"0002cc01000003e9","2250c2b2befd398e050311158d61a7410b0eb8000000000000ffffffffffffffffffffffff",3.60,,0.31,17,21.55,25.41,99993.00,471.00,0,0,0,0,,,-1.00,-1.00,-1.00,-1.00,-1.00,-1.00
2022-12-13T03:29:38Z,"0002cc01000003e9","2250c2b422fd399a04fa11158b61aa40f60ec0000000000000ffffffffffffffffffffffff",3.60,,0.31,17,21.54,25.37,100006.00,472.00,0,0,0,0,,,-1.00,-1.00,-1.00,-1.00,-1.00,-1.00
2022-12-13T03:35:34Z,"0002cc01000003e9","2250c2b586fd3992050311158861a9410a0e00000000000000ffffffffffffffffffffffff",3.60,,0.31,17,21.53,25.41,100002.00,448.00,0,0,0,0,,,-1.00,-1.00,-1.00,-1.00,-1.00,-1.00
2022-12-13T03:41:30Z,"0002cc01000003e9","2250c2b6eafd3992050311158361a741090eb0000000000000ffffffffffffffffffffffff",3.60,,0.31,17,21.51,25.41,99995.00,470.00,0,0,0,0,,,-1.00,-1.00,-1.00,-1.00,-1.00,-1.00
2022-12-13T03:47:26Z,"0002cc01000003e9","2250c2b84efd399a050311158161a141170c00000000000000ffffffffffffffffffffffff",3.60,,0.31,17,21.50,25.43,99968.00,6.00,0,0,0,0,,,-1.00,-1.00,-1.00,-1.00,-1.00,-1.00
2022-12-13T03:53:22Z,"0002cc01000003e9","2250c2b9b2fd398e050f11156c619c41300800000000000000ffffffffffffffffffffffff",3.60,,0.32,17,21.42,25.46,99948.00,8.00,0,0,0,0,,,-1.00,-1.00,-1.00,-1.00,-1.00,-1.00
2022-12-13T03:59:18Z,"0002cc01000003e9","2250c2bb16fd399a050711155a619941500800000000000000ffffffffffffffffffffffff",3.60,,0.31,17,21.35,25.51,99937.00,4.00,0,0,0,0,,,-1.00,-1.00,-1.00,-1.00,-1.00,-1.00
2022-12-13T04:05:14Z,"0002cc01000003e9","2250c2bc7afd39920503111548619a417f0900000000000000ffffffffffffffffffffffff",3.60,,0.31,17,21.28,25.58,99943.00,18.00,0,0,0,0,,,-1.00,-1.00,-1.00,-1.00,-1.00,-1.00
2022-12-13T04:11:11Z,"0002cc01000003e9","2250c2bddffd3992050311153e619d41b6f000000000000000ffffffffffffffffffffffff",3.60,,0.31,17,21.24,25.67,99955.00,0.00,0,0,0,0,,,-1.00,-1.00,-1.00,-1.00,-1.00,-1.00
2022-12-13T04:17:06Z,"0002cc01000003e9","2250c2bf42fd39920503111534619d41de0b00000000000000ffffffffffffffffffffffff",3.60,,0.31,17,21.20,25.73,99954.00,11.00,0,0,0,0,,,-1.00,-1.00,-1.00,-1.00,-1.00,-1.00
2022-12-13T04:23:03Z,"0002cc01000003e9","2250c2c0a7fd399a050f11152c619f41f3f000000000000000ffffffffffffffffffffffff",3.60,,0.32,17,21.17,25.76,99961.00,0.00,0,0,0,0,,,-1.00,-1.00,-1.00,-1.00,-1.00,-1.00
2022-12-13T04:28:58Z,"0002cc01000003e9","2250c2c20afd399a050311152461a142150d00000000000000ffffffffffffffffffffffff",3.60,,0.31,17,21.14,25.81,99968.00,26.00,0,0,0,0,,,-1.00,-1.00,-1.00,-1.00,-1.00,-1.00
2022-12-13T04:34:55Z,"0002cc01000003e9","2250c2c36ffd3992050311151d61a742290c80000000000000ffffffffffffffffffffffff",3.60,,0.31,17,21.11,25.84,99995.00,25.00,0,0,0,0,,,-1.00,-1.00,-1.00,-1.00,-1.00,-1.00
2022-12-13T04:40:51Z,"0002cc01000003e9","2250c2c4d3fd399a050311151861a942440f00000000000000ffffffffffffffffffffffff",3.60,,0.31,17,21.09,25.88,100002.00,15.00,0,0,0,0,,,-1.00,-1.00,-1.00,-1.00,-1.00,-1.00
2022-12-13T04:46:47Z,"0002cc01000003e9","2250c2c637fd399a050311150d61a8425f0e00000000000000ffffffffffffffffffffffff",3.60,,0.31,17,21.05,25.93,99998.00,28.00,0,0,0,0,,,-1.00,-1.00,-1.00,-1.00,-1.00,-1.00
2022-12-13T04:52:43Z,"0002cc01000003e9","2250c2c79bfd3992050311150861a9426c0c00000000000000ffffffffffffffffffffffff",3.60,,0.31,17,21.03,25.95,100000.00,24.00,0,0,0,0,,,-1.00,-1.00,-1.00,-1.00,-1.00,-1.00
2022-12-13T04:58:39Z,"0002cc01000003e9","2250c2c8fffd399a050311150361ab42870b80000000000000ffffffffffffffffffffffff",3.60,,0.31,17,21.01,25.99,100008.00,23.00,0,0,0,0,,,-1.00,-1.00,-1.00,-1.00,-1.00,-1.00
2022-12-13T05:04:35Z,"0002cc01000003e9","2250c2ca63fd399a050f11150161a94295f000000000000000ffffffffffffffffffffffff",3.60,,0.32,17,21.00,26.01,100003.00,0.00,0,0,0,0,,,-1.00,-1.00,-1.00,-1.00,-1.00,-1.00
2022-12-13T05:10:31Z,"0002cc01000003e9","2250c2cbc7fd399a050f1114fb61a6429b0c00000000000000ffffffffffffffffffffffff",3.60,,0.32,17,20.98,26.02,99991.00,12.00,0,0,0,0,,,-1.00,-1.00,-1.00,-1.00,-1.00,-1.00
2022-12-13T05:16:27Z,"0002cc01000003e9","2250c2cd2bfd3992050f1114f461a242af0800000000000000ffffffffffffffffffffffff",3.60,,0.32,17,20.95,26.05,99975.00,8.00,0,0,0,0,,,-1.00,-1.00,-1.00,-1.00,-1.00,-1.00
2022-12-13T05:22:23Z,"0002cc01000003e9","2250c2ce8ffd398e050f1114ef619c42cb0a00000000000000ffffffffffffffffffffffff",3.60,,0.32,17,20.93,26.09,99950.00,5.00,0,0,0,0,,,-1.00,-1.00,-1.00,-1.00,-1.00,-1.00
2022-12-13T05:28:19Z,"0002cc01000003e9","2250c2cff3fd399a050f1114e9619942df08c0000000000000ffffffffffffffffffffffff",3.60,,0.32,17,20.91,26.12,99937.00,35.00,0,0,0,0,,,-1.00,-1.00,-1.00,-1.00,-1.00,-1.00
2022-12-13T05:34:15Z,"0002cc01000003e9","2250c2d157fd399205031114e7619842fb0800000000000000ffffffffffffffffffffffff",3.60,,0.31,17,20.90,26.16,99932.00,2.00,0,0,0,0,,,-1.00,-1.00,-1.00,-1.00,-1.00,-1.00
2022-12-13T05:40:11Z,"0002cc01000003e9","2250c2d2bbfd399205031114e2619443070c80000000000000ffffffffffffffffffffffff",3.60,,0.31,17,20.88,26.18,99916.00,50.00,0,0,0,0,,,-1.00,-1.00,-1.00,-1.00,-1.00,-1.00
2022-12-13T05:46:07Z,"0002cc01000003e9","2250c2d41ffd3992050f1114dd6190430e0a00000000000000ffffffffffffffffffffffff",3.60,,0.32,17,20.86,26.19,99900.00,5.00,0,0,0,0,,,-1.00,-1.00,-1.00,-1.00,-1.00,-1.00
2022-12-13T05:52:03Z,"0002cc01000003e9","2250c2d583fd399a05071114d8618c43220800000000000000ffffffffffffffffffffffff",3.60,,0.31,17,20.84,26.22,99885.00,2.00,0,0,0,0,,,-1.00,-1.00,-1.00,-1.00,-1.00,-1.00
2022-12-13T05:57:59Z,"0002cc01000003e9","2250c2d6e7fd399a05031114d2618543370c80000000000000ffffffffffffffffffffffff",3.60,,0.31,17,20.82,26.26,99859.00,50.00,0,0,0,0,,,-1.00,-1.00,-1.00,-1.00,-1.00,-1.00
2022-12-13T06:03:55Z,"0002cc01000003e9","2250c2d84bfd399205031114d0618143440a80000000000000ffffffffffffffffffffffff",3.60,,0.31,17,20.81,26.28,99843.00,21.00,0,0,0,0,,,-1.00,-1.00,-1.00,-1.00,-1.00,-1.00
2022-12-13T06:09:51Z,"0002cc01000003e9","2250c2d9affd399a050f1114cb617e436ef000000000000000ffffffffffffffffffffffff",3.60,,0.32,17,20.79,26.34,99830.00,0.00,0,0,0,0,,,-1.00,-1.00,-1.00,-1.00,-1.00,-1.00
2022-12-13T06:15:47Z,"0002cc01000003e9","2250c2db13fd399a05031114c8617b4374f000000000000000ffffffffffffffffffffffff",3.60,,0.31,17,20.78,26.35,99819.00,0.00,0,0,0,0,,,-1.00,-1.00,-1.00,-1.00,-1.00,-1.00
2022-12-13T06:21:43Z,"0002cc01000003e9","2250c2dc77fd399205031114c3617c437a0c00000000000000ffffffffffffffffffffffff",3.60,,0.31,17,20.76,26.36,99823.00,3.00,0,0,0,0,,,-1.00,-1.00,-1.00,-1.00,-1.00,-1.00
2022-12-13T06:27:39Z,"0002cc01000003e9","2250c2dddbfd399a05031114c3617a436cf000000000000000ffffffffffffffffffffffff",3.60,,0.31,17,20.76,26.34,99813.00,0.00,0,0,0,0,,,-1.00,-1.00,-1.00,-1.00,-1.00,-1.00
2022-12-13T06:33:36Z,"0002cc01000003e9","2250c2df40fd399204fa1114c1617843730c00000000000000ffffffffffffffffffffffff",3.60,,0.31,17,20.75,26.35,99804.00,6.00,0,0,0,0,,,-1.00,-1.00,-1.00,-1.00,-1.00,-1.00
2022-12-13T06:39:32Z,"0002cc01000003e9","2250c2e0a4fd3992050f1114c1617b437a0800000000000000ffffffffffffffffffffffff",3.60,,0.32,17,20.75,26.36,99816.00,4.00,0,0,0,0,,,-1.00,-1.00,-1.00,-1.00,-1.00,-1.00
2022-12-13T06:45:28Z,"0002cc01000003e9","2250c2e208fd3992050f1114bb617943790a00000000000000ffffffffffffffffffffffff",3.60,,0.32,17,20.73,26.36,99811.00,5.00,0,0,0,0,,,-1.00,-1.00,-1.00,-1.00,-1.00,-1.00
2022-12-13T06:51:24Z,"0002cc01000003e9","2250c2e36cfd399205031114b9617643800c80000000000000ffffffffffffffffffffffff",3.60,,0.31,17,20.72,26.37,99799.00,25.00,0,0,0,0,,,-1.00,-1.00,-1.00,-1.00,-1.00,-1.00
2022-12-13T06:57:20Z,"0002cc01000003e9","2250c2e4d0fd399205031114b4617443940800000000000000ffffffffffffffffffffffff",3.60,,0.31,17,20.70,26.40,99791.00,16.00,0,0,0,0,,,-1.00,-1.00,-1.00,-1.00,-1.00,-1.00
2022-12-13T07:03:16Z,"0002cc01000003e9","2250c2e634fd399205031114af616f43940b00000000000000ffffffffffffffffffffffff",3.60,,0.31,17,20.68,26.40,99771.00,11.00,0,0,0,0,,,-1.00,-1.00,-1.00,-1.00,-1.00,-1.00
2022-12-13T07:09:12Z,"0002cc01000003e9","2250c2e798fd399205031114ac616d439a0980000000000000ffffffffffffffffffffffff",3.60,,0.31,17,20.67,26.41,99761.00,19.00,0,0,0,0,,,-1.00,-1.00,-1.00,-1.00,-1.00,-1.00
2022-12-13T07:15:08Z,"0002cc01000003e9","2250c2e8fcfd399a05031114a7617043920980000000000000ffffffffffffffffffffffff",3.60,,0.31,17,20.65,26.39,99773.00,19.00,0,0,0,0,,,-1.00,-1.00,-1.00,-1.00,-1.00,-1.00
2022-12-13T07:21:04Z,"0002cc01000003e9","2250c2ea60fd399605031114a7616d437d0b80000000000000ffffffffffffffffffffffff",3.60,,0.31,17,20.65,26.36,99762.00,23.00,0,0,0,0,,,-1.00,-1.00,-1.00,-1.00,-1.00,-1.00
2022-12-13T07:27:00Z,"0002cc01000003e9","2250c2ebc4fd3992050f1114a4616b4360f000000000000000ffffffffffffffffffffffff",3.60,,0.32,17,20.64,26.32,99753.00,0.00,0,0,0,0,,,-1.00,-1.00,-1.00,-1.00,-1.00,-1.00
2022-12-13T07:32:56Z,"0002cc01000003e9","2250c2ed28fd399205031114a2616e43520800000000000000ffffffffffffffffffffffff",3.60,,0.31,17,20.63,26.30,99764.00,8.00,0,0,0,0,,,-1.00,-1.00,-1.00,-1.00,-1.00,-1.00
2022-12-13T07:38:52Z,"0002cc01000003e9","2250c2ee8cfd3992050311149f617243440a80000000000000ffffffffffffffffffffffff",3.60,,0.31,17,20.62,26.28,99780.00,21.00,0,0,0,0,,,-1.00,-1.00,-1.00,-1.00,-1.00,-1.00
2022-12-13T07:44:48Z,"0002cc01000003e9","2250c2eff0fd3992050311149d616f432e0f00000000000000ffffffffffffffffffffffff",3.60,,0.31,17,20.61,26.24,99768.00,15.00,0,0,0,0,,,-1.00,-1.00,-1.00,-1.00,-1.00,-1.00
2022-12-13T07:50:44Z,"0002cc01000003e9","2250c2f154fd3992050711149a616a43200880000000000000ffffffffffffffffffffffff",3.60,,0.31,17,20.60,26.22,99751.00,17.00,0,0,0,0,,,-1.00,-1.00,-1.00,-1.00,-1.00,-1.00
2022-12-13T07:56:40Z,"0002cc01000003e9","2250c2f2b8fd39920503111498616743120980000000000000ffffffffffffffffffffffff",3.60,,0.31,17,20.59,26.20,99736.00,19.00,0,0,0,0,,,-1.00,-1.00,-1.00,-1.00,-1.00,-1.00
2022-12-13T08:02:36Z,"0002cc01000003e9","2250c2f41cfd3992050f111492616a43020e00000000000000ffffffffffffffffffffffff",3.60,,0.32,17,20.57,26.18,99749.00,7.00,0,0,0,0,,,-1.00,-1.00,-1.00,-1.00,-1.00,-1.00
2022-12-13T08:08:32Z,"0002cc01000003e9","2250c2f580fd398a0503111490616b43020a00000000000000ffffffffffffffffffffffff",3.60,,0.31,17,20.56,26.18,99755.00,20.00,0,0,0,0,,,-1.00,-1.00,-1.00,-1.00,-1.00,-1.00
2022-12-13T08:14:28Z,"0002cc01000003e9","2250c2f6e4fd399a050f11148d616e43090800000000000000ffffffffffffffffffffffff",3.60,,0.32,17,20.55,26.19,99766.00,32.00,0,0,0,0,,,-1.00,-1.00,-1.00,-1.00,-1.00,-1.00
2022-12-13T08:20:24Z,"0002cc01000003e9","2250c2f848fd3992050311148b616d43090940000000000000ffffffffffffffffffffffff",3.60,,0.31,17,20.54,26.19,99763.00,37.00,0,0,0,0,,,-1.00,-1.00,-1.00,-1.00,-1.00,-1.00
2022-12-13T08:26:20Z,"0002cc01000003e9","2250c2f9acfd398a050f111488616c43080800000000000000ffffffffffffffffffffffff",3.60,,0.32,17,20.53,26.18,99758.00,1.00,0,0,0,0,,,-1.00,-1.00,-1.00,-1.00,-1.00,-1.00
2022-12-13T08:32:16Z,"0002cc01000003e9","2250c2fb10fd399205031114866175430e0900000000000000ffffffffffffffffffffffff",3.60,,0.31,17,20.52,26.19,99794.00,9.00,0,0,0,0,,,-1.00,-1.00,-1.00,-1.00,-1.00,-1.00
2022-12-13T08:38:12Z,"0002cc01000003e9","2250c2fc74fd398a05031114836170430e0f00000000000000ffffffffffffffffffffffff",3.60,,0.31,17,20.51,26.19,99773.00,15.00,0,0,0,0,,,-1.00,-1.00,-1.00,-1.00,-1.00,-1.00
2022-12-13T08:44:08Z,"0002cc01000003e9","2250c2fdd8fd399205031114836173430ef000000000000000ffffffffffffffffffffffff",3.60,,0.31,17,20.51,26.19,99784.00,0.00,0,0,0,0,,,-1.00,-1.00,-1.00,-1.00,-1.00,-1.00
2022-12-13T08:50:04Z,"0002cc01000003e9","2250c2ff3cfd399205071114816172430ef000000000000000ffffffffffffffffffffffff",3.60,,0.31,17,20.50,26.19,99781.00,0.00,0,0,0,0,,,-1.00,-1.00,-1.00,-1.00,-1.00,-1.00
2022-12-13T08:56:01Z,"0002cc01000003e9","2250c300a1fd398a0503111481616f43070e00000000000000ffffffffffffffffffffffff",3.60,,0.31,17,20.50,26.18,99770.00,7.00,0,0,0,0,,,-1.00,-1.00,-1.00,-1.00,-1.00,-1.00
2022-12-13T09:01:57Z,"0002cc01000003e9","2250c30205fd398a0503111481616d42f90800000000000000ffffffffffffffffffffffff",3.60,,0.31,17,20.50,26.16,99761.00,2.00,0,0,0,0,,,-1.00,-1.00,-1.00,-1.00,-1.00,-1.00
2022-12-13T09:07:53Z,"0002cc01000003e9","2250c30369fd39920507111481616a42f90a00000000000000ffffffffffffffffffffffff",3.60,,0.31,17,20.50,26.16,99749.00,10.00,0,0,0,0,,,-1.00,-1.00,-1.00,-1.00,-1.00,-1.00
2022-12-13T09:13:49Z,"0002cc01000003e9","2250c304cdfd3992050f11147e616842f90f00000000000000ffffffffffffffffffffffff",3.60,,0.32,17,20.49,26.16,99740.00,15.00,0,0,0,0,,,-1.00,-1.00,-1.00,-1.00,-1.00,-1.00
2022-12-13T09:19:45Z,"0002cc01000003e9","2250c30631fd39920503111479616e42ff0d00000000000000ffffffffffffffffffffffff",3.60,,0.31,17,20.47,26.17,99765.00,13.00,0,0,0,0,,,-1.00,-1.00,-1.00,-1.00,-1.00,-1.00
2022-12-13T09:25:41Z,"0002cc01000003e9","2250c30795fd3986050f111476616d4305f000000000000000ffffffffffffffffffffffff",3.60,,0.32,17,20.46,26.18,99762.00,0.00,0,0,0,0,,,-1.00,-1.00,-1.00,-1.00,-1.00,-1.00
2022-12-13T09:31:37Z,"0002cc01000003e9","2250c308f9fd398a050f111476616f4305f000000000000000ffffffffffffffffffffffff",3.60,,0.32,17,20.46,26.18,99770.00,0.00,0,0,0,0,,,-1.00,-1.00,-1.00,-1.00,-1.00,-1.00
2022-12-13T09:37:33Z,"0002cc01000003e9","2250c30a5dfd39920503111474616d42fe0800000000000000ffffffffffffffffffffffff",3.60,,0.31,17,20.45,26.17,99762.00,16.00,0,0,0,0,,,-1.00,-1.00,-1.00,-1.00,-1.00,-1.00
2022-12-13T09:43:29Z,"0002cc01000003e9","2250c30bc1fd3992050f111471616b42f70a00000000000000ffffffffffffffffffffffff",3.60,,0.32,17,20.44,26.16,99755.00,40.00,0,0,0,0,,,-1.00,-1.00,-1.00,-1.00,-1.00,-1.00
2022-12-13T09:49:25Z,"0002cc01000003e9","2250c30d25fd3992050f111471616d42e90a80000000000000ffffffffffffffffffffffff",3.60,,0.32,17,20.44,26.14,99762.00,21.00,0,0,0,0,,,-1.00,-1.00,-1.00,-1.00,-1.00,-1.00
2022-12-13T09:55:21Z,"0002cc01000003e9","2250c30e89fd398e050f11146c616f42e70d00000000000000ffffffffffffffffffffffff",3.60,,0.32,17,20.42,26.13,99768.00,13.00,0,0,0,0,,,-1.00,-1.00,-1.00,-1.00,-1.00,-1.00
2022-12-13T10:01:17Z,"0002cc01000003e9","2250c30fedfd3992050f111467616e42e70e00000000000000ffffffffffffffffffffffff",3.60,,0.32,17,20.40,26.13,99765.00,14.00,0,0,0,0,,,-1.00,-1.00,-1.00,-1.00,-1.00,-1.00
2022-12-13T10:07:13Z,"0002cc01000003e9","2250c31151fd3992050f111462617042dff000000000000000ffffffffffffffffffffffff",3.60,,0.32,17,20.38,26.12,99774.00,0.00,0,0,0,0,,,-1.00,-1.00,-1.00,-1.00,-1.00,-1.00
2022-12-13T10:13:09Z,"0002cc01000003e9","2250c312b5fd3992050f11145a617042e509c0000000000000ffffffffffffffffffffffff",3.60,,0.32,17,20.35,26.13,99773.00,39.00,0,0,0,0,,,-1.00,-1.00,-1.00,-1.00,-1.00,-1.00
2022-12-13T10:19:05Z,"0002cc01000003e9","2250c31419fd3992050f111455616e42e40f00000000000000ffffffffffffffffffffffff",3.60,,0.32,17,20.33,26.13,99765.00,30.00,0,0,0,0,,,-1.00,-1.00,-1.00,-1.00,-1.00,-1.00
2022-12-13T10:25:01Z,"0002cc01000003e9","2250c3157dfd398a050f111452616542eb0980000000000000ffffffffffffffffffffffff",3.60,,0.32,17,20.32,26.14,99729.00,19.00,0,0,0,0,,,-1.00,-1.00,-1.00,-1.00,-1.00,-1.00
2022-12-13T10:30:57Z,"0002cc01000003e9","2250c316e1fd39920503111458616742eb0e00000000000000ffffffffffffffffffffffff",3.60,,0.31,17,20.34,26.14,99737.00,7.00,0,0,0,0,,,-1.00,-1.00,-1.00,-1.00,-1.00,-1.00
2022-12-13T10:36:53Z,"0002cc01000003e9","2250c31845fd39920503111458616242ec0980000000000000ffffffffffffffffffffffff",3.60,,0.31,17,20.34,26.14,99718.00,19.00,0,0,0,0,,,-1.00,-1.00,-1.00,-1.00,-1.00,-1.00
2022-12-13T10:42:49Z,"0002cc01000003e9","2250c319a9fd3992050f111458616242ec0800000000000000ffffffffffffffffffffffff",3.60,,0.32,17,20.34,26.14,99716.00,32.00,0,0,0,0,,,-1.00,-1.00,-1.00,-1.00,-1.00,-1.00
2022-12-13T10:48:45Z,"0002cc01000003e9","2250c31b0dfd3992050f111458616242ec0b80000000000000ffffffffffffffffffffffff",3.60,,0.32,17,20.34,26.14,99717.00,23.00,0,0,0,0,,,-1.00,-1.00,-1.00,-1.00,-1.00,-1.00
2022-12-13T10:54:41Z,"0002cc01000003e9","2250c31c71fd398a050f111455616542f90b40000000000000ffffffffffffffffffffffff",3.60,,0.32,17,20.33,26.16,99730.00,45.00,0,0,0,0,,,-1.00,-1.00,-1.00,-1.00,-1.00,-1.00
2022-12-13T11:00:37Z,"0002cc01000003e9","2250c31dd5fd39920503111455616142f90f00000000000000ffffffffffffffffffffffff",3.60,,0.31,17,20.33,26.16,99715.00,30.00,0,0,0,0,,,-1.00,-1.00,-1.00,-1.00,-1.00,-1.00
2022-12-13T11:06:33Z,"0002cc01000003e9","2250c31f39fd3992050f111458616142f90e00000000000000ffffffffffffffffffffffff",3.60,,0.32,17,20.34,26.16,99713.00,14.00,0,0,0,0,,,-1.00,-1.00,-1.00,-1.00,-1.00,-1.00
2022-12-13T11:12:30Z,"0002cc01000003e9","2250c3209efd3992050f111458615c42f20800000000000000ffffffffffffffffffffffff",3.60,,0.32,17,20.34,26.15,99694.00,8.00,0,0,0,0,,,-1.00,-1.00,-1.00,-1.00,-1.00,-1.00
2022-12-13T11:18:26Z,"0002cc01000003e9","2250c32202fd39920503111458615c42ec0c00000000000000ffffffffffffffffffffffff",3.60,,0.31,17,20.34,26.14,99693.00,12.00,0,0,0,0,,,-1.00,-1.00,-1.00,-1.00,-1.00,-1.00
2022-12-13T11:24:22Z,"0002cc01000003e9","2250c32366fd39920503111458615a42e508c0000000000000ffffffffffffffffffffffff",3.60,,0.31,17,20.34,26.13,99686.00,35.00,0,0,0,0,,,-1.00,-1.00,-1.00,-1.00,-1.00,-1.00
2022-12-13T11:30:18Z,"0002cc01000003e9","2250c324cafd398a050f111458615842e5f000000000000000ffffffffffffffffffffffff",3.60,,0.32,17,20.34,26.13,99678.00,0.00,0,0,0,0,,,-1.00,-1.00,-1.00,-1.00,-1.00,-1.00
2022-12-13T11:36:14Z,"0002cc01000003e9","2250c3262efd3992050f11145a615842e50800000000000000ffffffffffffffffffffffff",3.60,,0.32,17,20.35,26.13,99679.00,32.00,0,0,0,0,,,-1.00,-1.00,-1.00,-1.00,-1.00,-1.00
2022-12-13T11:42:10Z,"0002cc01000003e9","2250c32792fd398e050f111467615c42d20880000000000000ffffffffffffffffffffffff",3.60,,0.32,17,20.40,26.10,99695.00,17.00,0,0,0,0,,,-1.00,-1.00,-1.00,-1.00,-1.00,-1.00
2022-12-13T11:48:06Z,"0002cc01000003e9","2250c328f6fd3992050f111474615b42bf0f00000000000000ffffffffffffffffffffffff",3.60,,0.32,17,20.45,26.07,99691.00,15.00,0,0,0,0,,,-1.00,-1.00,-1.00,-1.00,-1.00,-1.00
2022-12-13T11:54:02Z,"0002cc01000003e9","2250c32a5afd39920503111481615542b30e00000000000000ffffffffffffffffffffffff",3.60,,0.31,17,20.50,26.05,99667.00,14.00,0,0,0,0,,,-1.00,-1.00,-1.00,-1.00,-1.00,-1.00
2022-12-13T11:59:58Z,"0002cc01000003e9","2250c32bbefd3982050f11148d614d4299f000000000000000ffffffffffffffffffffffff",3.59,,0.32,17,20.55,26.01,99634.00,0.00,0,0,0,0,,,-1.00,-1.00,-1.00,-1.00,-1.00,-1.00
2022-12-13T12:05:54Z,"0002cc01000003e9","2250c32d22fd398a0503111495615142770a00000000000000ffffffffffffffffffffffff",3.60,,0.31,17,20.58,25.96,99650.00,40.00,0,0,0,0,,,-1.00,-1.00,-1.00,-1.00,-1.00,-1.00
2022-12-13T12:11:50Z,"0002cc01000003e9","2250c32e86fd3992050311149d6148425c0f00000000000000ffffffffffffffffffffffff",3.60,,0.31,17,20.61,25.92,99612.00,15.00,0,0,0,0,,,-1.00,-1.00,-1.00,-1.00,-1.00,-1.00
2022-12-13T12:17:46Z,"0002cc01000003e9","2250c32feafd3992050311149f614342390880000000000000ffffffffffffffffffffffff",3.60,,0.31,17,20.62,25.87,99593.00,17.00,0,0,0,0,,,-1.00,-1.00,-1.00,-1.00,-1.00,-1.00
2022-12-13T12:23:42Z,"0002cc01000003e9","2250c3314efd3992050f1114986143422a0c00000000000000ffffffffffffffffffffffff",3.60,,0.32,17,20.59,25.85,99593.00,3.00,0,0,0,0,,,-1.00,-1.00,-1.00,-1.00,-1.00,-1.00
2022-12-13T12:29:38Z,"0002cc01000003e9","2250c332b2fd39920503111492614442450c80000000000000ffffffffffffffffffffffff",3.60,,0.31,17,20.57,25.89,99597.00,25.00,0,0,0,0,,,-1.00,-1.00,-1.00,-1.00,-1.00,-1.00
2022-12-13T12:35:34Z,"0002cc01000003e9","2250c33416fd3992050311148d6145424b0a00000000000000ffffffffffffffffffffffff",3.60,,0.31,17,20.55,25.90,99601.00,5.00,0,0,0,0,,,-1.00,-1.00,-1.00,-1.00,-1.00,-1.00
2022-12-13T12:41:30Z,"0002cc01000003e9","2250c3357afd3982050f111486614e42510800000000000000ffffffffffffffffffffffff",3.59,,0.32,17,20.52,25.91,99636.00,2.00,0,0,0,0,,,-1.00,-1.00,-1.00,-1.00,-1.00,-1.00
2022-12-13T12:47:26Z,"0002cc01000003e9","2250c336defd3992050f111481614e426d0e00000000000000ffffffffffffffffffffffff",3.60,,0.32,17,20.50,25.95,99639.00,14.00,0,0,0,0,,,-1.00,-1.00,-1.00,-1.00,-1.00,-1.00
2022-12-13T12:53:22Z,"0002cc01000003e9","2250c33842fd399205031114816150426d0880000000000000ffffffffffffffffffffffff",3.60,,0.31,17,20.50,25.95,99644.00,34.00,0,0,0,0,,,-1.00,-1.00,-1.00,-1.00,-1.00,-1.00
2022-12-13T12:59:18Z,"0002cc01000003e9","2250c339a6fd398e05031114816149427b0880000000000000ffffffffffffffffffffffff",3.60,,0.31,17,20.50,25.97,99617.00,17.00,0,0,0,0,,,-1.00,-1.00,-1.00,-1.00,-1.00,-1.00
2022-12-13T13:05:14Z,"0002cc01000003e9","2250c33b0afd39920503111481614542890800000000000000ffffffffffffffffffffffff",3.60,,0.31,17,20.50,25.99,99603.00,16.00,0,0,0,0,,,-1.00,-1.00,-1.00,-1.00,-1.00,-1.00
2022-12-13T13:11:10Z,"0002cc01000003e9","2250c33c6efd398e0503111481614742900e00000000000000ffffffffffffffffffffffff",3.60,,0.31,17,20.50,26.00,99609.00,14.00,0,0,0,0,,,-1.00,-1.00,-1.00,-1.00,-1.00,-1.00
2022-12-13T13:17:06Z,"0002cc01000003e9","2250c33dd2fd398a050f111481614542970e00000000000000ffffffffffffffffffffffff",3.60,,0.32,17,20.50,26.01,99600.00,7.00,0,0,0,0,,,-1.00,-1.00,-1.00,-1.00,-1.00,-1.00
2022-12-13T13:23:02Z,"0002cc01000003e9","2250c33f36fd3982050f1114816147429e0b00000000000000ffffffffffffffffffffffff",3.59,,0.32,17,20.50,26.02,99610.00,22.00,0,0,0,0,,,-1.00,-1.00,-1.00,-1.00,-1.00,-1.00
2022-12-13T13:28:58Z,"0002cc01000003e9","2250c3409afd3992050f111481614b42ac0a00000000000000ffffffffffffffffffffffff",3.60,,0.32,17,20.50,26.04,99624.00,10.00,0,0,0,0,,,-1.00,-1.00,-1.00,-1.00,-1.00,-1.00
2022-12-13T13:34:54Z,"0002cc01000003e9","2250c341fefd398a0503111481614942b30c00000000000000ffffffffffffffffffffffff",3.60,,0.31,17,20.50,26.05,99616.00,6.00,0,0,0,0,,,-1.00,-1.00,-1.00,-1.00,-1.00,-1.00
2022-12-13T13:40:51Z,"0002cc01000003e9","2250c34363fd398e0503111481614c42c10a80000000000000ffffffffffffffffffffffff",3.60,,0.31,17,20.50,26.08,99628.00,21.00,0,0,0,0,,,-1.00,-1.00,-1.00,-1.00,-1.00,-1.00
2022-12-13T13:46:47Z,"0002cc01000003e9","2250c344c7fd39920503111481614f42c10f00000000000000ffffffffffffffffffffffff",3.60,,0.31,17,20.50,26.08,99642.00,30.00,0,0,0,0,,,-1.00,-1.00,-1.00,-1.00,-1.00,-1.00
2022-12-13T13:52:43Z,"0002cc01000003e9","2250c3462bfd3992050f111483614f42ba0d80000000000000ffffffffffffffffffffffff",3.60,,0.32,17,20.51,26.07,99643.00,27.00,0,0,0,0,,,-1.00,-1.00,-1.00,-1.00,-1.00,-1.00
2022-12-13T13:58:39Z,"0002cc01000003e9","2250c3478ffd398a050f111483614f42c10e80000000000000ffffffffffffffffffffffff",3.60,,0.32,17,20.51,26.08,99643.00,29.00,0,0,0,0,,,-1.00,-1.00,-1.00,-1.00,-1.00,-1.00
2022-12-13T14:04:35Z,"0002cc01000003e9","2250c348f3fd398e0503111486615442c90940000000000000ffffffffffffffffffffffff",3.60,,0.31,17,20.52,26.09,99663.00,37.00,0,0,0,0,,,-1.00,-1.00,-1.00,-1.00,-1.00,-1.00
2022-12-13T14:10:31Z,"0002cc01000003e9","2250c34a57fd398a0507111488615142bb0a00000000000000ffffffffffffffffffffffff",3.60,,0.31,17,20.53,26.07,99651.00,20.00,0,0,0,0,,,-1.00,-1.00,-1.00,-1.00,-1.00,-1.00
2022-12-13T14:16:27Z,"0002cc01000003e9","2250c34bbbfd398e0503111488614742bb0880000000000000ffffffffffffffffffffffff",3.60,,0.31,17,20.53,26.07,99611.00,34.00,0,0,0,0,,,-1.00,-1.00,-1.00,-1.00,-1.00,-1.00
2022-12-13T14:22:23Z,"0002cc01000003e9","2250c34d1ffd39920503111488614442c20c00000000000000ffffffffffffffffffffffff",3.60,,0.31,17,20.53,26.08,99597.00,12.00,0,0,0,0,,,-1.00,-1.00,-1.00,-1.00,-1.00,-1.00
2022-12-13T14:28:19Z,"0002cc01000003e9","2250c34e83fd3992050311148b614a42c20800000000000000ffffffffffffffffffffffff",3.60,,0.31,17,20.54,26.08,99620.00,8.00,0,0,0,0,,,-1.00,-1.00,-1.00,-1.00,-1.00,-1.00
2022-12-13T14:34:15Z,"0002cc01000003e9","2250c34fe7fd3992050311148b614942c90f00000000000000ffffffffffffffffffffffff",3.60,,0.31,17,20.54,26.09,99619.00,15.00,0,0,0,0,,,-1.00,-1.00,-1.00,-1.00,-1.00,-1.00
2022-12-13T14:40:11Z,"0002cc01000003e9","2250c3514bfd3992050f11148d615242ca0980000000000000ffffffffffffffffffffffff",3.60,,0.32,17,20.55,26.09,99655.00,19.00,0,0,0,0,,,-1.00,-1.00,-1.00,-1.00,-1.00,-1.00
2022-12-13T14:46:07Z,"0002cc01000003e9","2250c352affd3992050f11148d614f42d70b00000000000000ffffffffffffffffffffffff",3.60,,0.32,17,20.55,26.11,99641.00,22.00,0,0,0,0,,,-1.00,-1.00,-1.00,-1.00,-1.00,-1.00
2022-12-13T14:52:03Z,"0002cc01000003e9","2250c35413fd3982050311148b614b42e50c00000000000000ffffffffffffffffffffffff",3.59,,0.31,17,20.54,26.13,99624.00,3.00,0,0,0,0,,,-1.00,-1.00,-1.00,-1.00,-1.00,-1.00
2022-12-13T14:57:59Z,"0002cc01000003e9","2250c35577fd3992050f111488614d42f30f80000000000000ffffffffffffffffffffffff",3.60,,0.32,17,20.53,26.15,99632.00,31.00,0,0,0,0,,,-1.00,-1.00,-1.00,-1.00,-1.00,-1.00
2022-12-13T15:03:55Z,"0002cc01000003e9","2250c356dbfd398a0503111488614a4301f000000000000000ffffffffffffffffffffffff",3.60,,0.31,17,20.53,26.17,99620.00,0.00,0,0,0,0,,,-1.00,-1.00,-1.00,-1.00,-1.00,-1.00
2022-12-13T15:09:51Z,"0002cc01000003e9","2250c3583ffd39920503111486614243150d80000000000000ffffffffffffffffffffffff",3.60,,0.31,17,20.52,26.21,99590.00,27.00,0,0,0,0,,,-1.00,-1.00,-1.00,-1.00,-1.00,-1.00
2022-12-13T15:15:47Z,"0002cc01000003e9","2250c359a3fd398e0503111486614243400800000000000000ffffffffffffffffffffffff",3.60,,0.31,17,20.52,26.27,99588.00,16.00,0,0,0,0,,,-1.00,-1.00,-1.00,-1.00,-1.00,-1.00
2022-12-13T15:21:43Z,"0002cc01000003e9","2250c35b07fd398e050f1114836144435b0d00000000000000ffffffffffffffffffffffff",3.60,,0.32,17,20.51,26.31,99599.00,13.00,0,0,0,0,,,-1.00,-1.00,-1.00,-1.00,-1.00,-1.00
2022-12-13T15:27:39Z,"0002cc01000003e9","2250c35c6bfd398e050f11148161474393f000000000000000ffffffffffffffffffffffff",3.60,,0.32,17,20.50,26.40,99611.00,0.00,0,0,0,0,,,-1.00,-1.00,-1.00,-1.00,-1.00,-1.00
2022-12-13T15:33:35Z,"0002cc01000003e9","2250c35dcffd3992050f111481614943c4f000000000000000ffffffffffffffffffffffff",3.60,,0.32,17,20.50,26.47,99618.00,0.00,0,0,0,0,,,-1.00,-1.00,-1.00,-1.00,-1.00,-1.00
2022-12-13T15:39:31Z,"0002cc01000003e9","2250c35f33fd39820503111481614a43c40d00000000000000ffffffffffffffffffffffff",3.59,,0.31,17,20.50,26.47,99622.00,13.00,0,0,0,0,,,-1.00,-1.00,-1.00,-1.00,-1.00,-1.00
2022-12-13T15:45:28Z,"0002cc01000003e9","2250c36098fd39820503111483615043d2f000000000000000ffffffffffffffffffffffff",3.59,,0.31,17,20.51,26.49,99644.00,0.00,0,0,0,0,,,-1.00,-1.00,-1.00,-1.00,-1.00,-1.00
2022-12-13T15:51:24Z,"0002cc01000003e9","2250c361fcfd398a0503111483615343daf000000000000000ffffffffffffffffffffffff",3.60,,0.31,17,20.51,26.50,99657.00,0.00,0,0,0,0,,,-1.00,-1.00,-1.00,-1.00,-1.00,-1.00
2022-12-13T15:57:20Z,"0002cc01000003e9","2250c36360fd398e0503111483615543fd0c00000000000000ffffffffffffffffffffffff",3.60,,0.31,17,20.51,26.56,99666.00,3.00,0,0,0,0,,,-1.00,-1.00,-1.00,-1.00,-1.00,-1.00
2022-12-13T16:03:16Z,"0002cc01000003e9","2250c364c4fd3982050f111486614d4404f000000000000000ffffffffffffffffffffffff",3.59,,0.32,17,20.52,26.57,99635.00,0.00,0,0,0,0,,,-1.00,-1.00,-1.00,-1.00,-1.00,-1.00
2022-12-13T16:09:12Z,"0002cc01000003e9","2250c36628fd398e05031114816148442e0c00000000000000ffffffffffffffffffffffff",3.60,,0.31,17,20.50,26.63,99612.00,6.00,0,0,0,0,,,-1.00,-1.00,-1.00,-1.00,-1.00,-1.00
2022-12-13T16:15:08Z,"0002cc01000003e9","2250c3678cfd398e05071114836151445f0a00000000000000ffffffffffffffffffffffff",3.60,,0.31,17,20.51,26.71,99649.00,10.00,0,0,0,0,,,-1.00,-1.00,-1.00,-1.00,-1.00,-1.00
2022-12-13T16:21:04Z,"0002cc01000003e9","2250c368f0fd398e050f111483614f445f0800000000000000ffffffffffffffffffffffff",3.60,,0.32,17,20.51,26.71,99640.00,1.00,0,0,0,0,,,-1.00,-1.00,-1.00,-1.00,-1.00,-1.00
2022-12-13T16:27:00Z,"0002cc01000003e9","2250c36a54fd398e050f111483614b44740a00000000000000ffffffffffffffffffffffff",3.60,,0.32,17,20.51,26.74,99624.00,10.00,0,0,0,0,,,-1.00,-1.00,-1.00,-1.00,-1.00,-1.00
2022-12-13T16:32:56Z,"0002cc01000003e9","2250c36bb8fd398e0503111483613e44acf000000000000000ffffffffffffffffffffffff",3.60,,0.31,17,20.51,26.83,99573.00,0.00,0,0,0,0,,,-1.00,-1.00,-1.00,-1.00,-1.00,-1.00
2022-12-13T16:38:52Z,"0002cc01000003e9","2250c36d1cfd398e0507111486613f44d70800000000000000ffffffffffffffffffffffff",3.60,,0.31,17,20.52,26.89,99576.00,32.00,0,0,0,0,,,-1.00,-1.00,-1.00,-1.00,-1.00,-1.00
2022-12-13T16:44:48Z,"0002cc01000003e9","2250c36e80fd398e050f1114866142451d0e00000000000000ffffffffffffffffffffffff",3.60,,0.32,17,20.52,27.00,99591.00,7.00,0,0,0,0,,,-1.00,-1.00,-1.00,-1.00,-1.00,-1.00
2022-12-13T16:50:44Z,"0002cc01000003e9","2250c36fe4fd398e05031114886143456bf000000000000000ffffffffffffffffffffffff",3.60,,0.31,17,20.53,27.12,99595.00,0.00,0,0,0,0,,,-1.00,-1.00,-1.00,-1.00,-1.00,-1.00
2022-12-13T16:56:40Z,"0002cc01000003e9","2250c37148fd398e050f11148b6145461a0bd0000000000000ffffffffffffffffffffffff",3.60,,0.32,17,20.54,27.38,99601.00,378.00,0,0,0,0,,,-1.00,-1.00,-1.00,-1.00,-1.00,-1.00
2022-12-13T17:02:36Z,"0002cc01000003e9","2250c372acfd398e050311149d614446710d20000000000000ffffffffffffffffffffffff",3.60,,0.31,17,20.61,27.52,99598.00,420.00,0,0,0,0,,,-1.00,-1.00,-1.00,-1.00,-1.00,-1.00
2022-12-13T17:08:32Z,"0002cc01000003e9","2250c37410fd398205031114af614446970e18000000000000ffffffffffffffffffffffff",3.59,,0.31,17,20.68,27.58,99598.00,451.00,0,0,0,0,,,-1.00,-1.00,-1.00,-1.00,-1.00,-1.00
2022-12-13T17:14:28Z,"0002cc01000003e9","2250c37574fd398e05031114d86142477e0f80000000000000ffffffffffffffffffffffff",3.60,,0.31,17,20.84,27.93,99591.00,496.00,0,0,0,0,,,-1.00,-1.00,-1.00,-1.00,-1.00,-1.00
2022-12-13T17:20:24Z,"0002cc01000003e9","2250c376d8fd398e0503111508613b47f01884000000000000ffffffffffffffffffffffff",3.60,,0.31,17,21.03,28.10,99562.00,545.00,0,0,0,0,,,-1.00,-1.00,-1.00,-1.00,-1.00,-1.00
2022-12-13T17:26:20Z,"0002cc01000003e9","2250c3783cfd398205031115126134476b18fc000000000000ffffffffffffffffffffffff",3.59,,0.31,17,21.07,27.90,99532.00,575.00,0,0,0,0,,,-1.00,-1.00,-1.00,-1.00,-1.00,-1.00
2022-12-13T17:32:16Z,"0002cc01000003e9","2250c379a0fd39820503111510612d47d51870000000000000ffffffffffffffffffffffff",3.59,,0.31,17,21.06,28.06,99507.00,540.00,0,0,0,0,,,-1.00,-1.00,-1.00,-1.00,-1.00,-1.00
2022-12-13T17:38:12Z,"0002cc01000003e9","2250c37b04fd398e050311150b612748441860000000000000ffffffffffffffffffffffff",3.60,,0.31,17,21.04,28.23,99483.00,536.00,0,0,0,0,,,-1.00,-1.00,-1.00,-1.00,-1.00,-1.00
2022-12-13T17:44:09Z,"0002cc01000003e9","2250c37c69fd398205031115106125488b189c000000000000ffffffffffffffffffffffff",3.59,,0.31,17,21.06,28.34,99472.00,551.00,0,0,0,0,,,-1.00,-1.00,-1.00,-1.00,-1.00,-1.00
2022-12-13T17:50:04Z,"0002cc01000003e9","2250c37dccfd398e0503111518611d48bd18a4000000000000ffffffffffffffffffffffff",3.60,,0.31,17,21.09,28.41,99442.00,553.00,0,0,0,0,,,-1.00,-1.00,-1.00,-1.00,-1.00,-1.00
2022-12-13T17:56:00Z,"0002cc01000003e9","2250c37f30fd398e050311151f611b48f7189c000000000000ffffffffffffffffffffffff",3.60,,0.31,17,21.12,28.50,99435.00,551.00,0,0,0,0,,,-1.00,-1.00,-1.00,-1.00,-1.00,-1.00
2022-12-13T18:01:57Z,"0002cc01000003e9","2250c38095fd398e05071115226115494418e8000000000000ffffffffffffffffffffffff",3.60,,0.31,17,21.13,28.62,99410.00,570.00,0,0,0,0,,,-1.00,-1.00,-1.00,-1.00,-1.00,-1.00
2022-12-13T18:07:53Z,"0002cc01000003e9","2250c381f9fd39860503111524611149b518d0000000000000ffffffffffffffffffffffff",3.60,,0.31,17,21.14,28.79,99395.00,564.00,0,0,0,0,,,-1.00,-1.00,-1.00,-1.00,-1.00,-1.00
2022-12-13T18:13:49Z,"0002cc01000003e9","2250c3835dfd398e04fa111539610c4b73185c000000000000ffffffffffffffffffffffff",3.60,,0.31,17,21.22,29.47,99374.00,535.00,0,0,0,0,,,-1.00,-1.00,-1.00,-1.00,-1.00,-1.00
2022-12-13T18:19:45Z,"0002cc01000003e9","2250c384c1fd398e050311155261074b0e1870000000000000ffffffffffffffffffffffff",3.60,,0.31,17,21.32,29.32,99354.00,540.00,0,0,0,0,,,-1.00,-1.00,-1.00,-1.00,-1.00,-1.00
2022-12-13T18:25:41Z,"0002cc01000003e9","2250c38625fd3986050711156461054b031864000000000000ffffffffffffffffffffffff",3.60,,0.31,17,21.39,29.30,99346.00,537.00,0,0,0,0,,,-1.00,-1.00,-1.00,-1.00,-1.00,-1.00
2022-12-13T18:31:37Z,"0002cc01000003e9","2250c38789fd398e0503111567610b4b1118b4000000000000ffffffffffffffffffffffff",3.60,,0.31,17,21.40,29.32,99371.00,557.00,0,0,0,0,,,-1.00,-1.00,-1.00,-1.00,-1.00,-1.00
2022-12-13T18:37:33Z,"0002cc01000003e9","2250c388edfd3982050311156261014b1018a0000000000000ffffffffffffffffffffffff",3.59,,0.31,17,21.38,29.32,99329.00,552.00,0,0,0,0,,,-1.00,-1.00,-1.00,-1.00,-1.00,-1.00
2022-12-13T18:43:29Z,"0002cc01000003e9","2250c38a51fd398e04fa11155d60fa4b6b1880000000000000ffffffffffffffffffffffff",3.60,,0.31,17,21.36,29.46,99303.00,544.00,0,0,0,0,,,-1.00,-1.00,-1.00,-1.00,-1.00,-1.00
2022-12-13T18:49:25Z,"0002cc01000003e9","2250c38bb5fd3982050311155d60fc4bbf1860000000000000ffffffffffffffffffffffff",3.59,,0.31,17,21.36,29.59,99311.00,536.00,0,0,0,0,,,-1.00,-1.00,-1.00,-1.00,-1.00,-1.00
2022-12-13T18:55:21Z,"0002cc01000003e9","2250c38d19fd398e050311155d60f64c131898000000000000ffffffffffffffffffffffff",3.60,,0.31,17,21.36,29.72,99284.00,550.00,0,0,0,0,,,-1.00,-1.00,-1.00,-1.00,-1.00,-1.00
2022-12-13T19:01:17Z,"0002cc01000003e9","2250c38e7dfd398204fa11156260ef4c7d18e0000000000000ffffffffffffffffffffffff",3.59,,0.31,17,21.38,29.88,99257.00,568.00,0,0,0,0,,,-1.00,-1.00,-1.00,-1.00,-1.00,-1.00
2022-12-13T19:07:13Z,"0002cc01000003e9","2250c38fe1fd398604fa11156260ee4ccb1908000000000000ffffffffffffffffffffffff",3.60,,0.31,17,21.38,30.00,99252.00,578.00,0,0,0,0,,,-1.00,-1.00,-1.00,-1.00,-1.00,-1.00
2022-12-13T19:13:09Z,"0002cc01000003e9","2250c39145fd397d050711156260ed4d491908000000000000ffffffffffffffffffffffff",3.59,,0.31,17,21.38,30.19,99249.00,578.00,0,0,0,0,,,-1.00,-1.00,-1.00,-1.00,-1.00,-1.00
2022-12-13T19:19:05Z,"0002cc01000003e9","2250c392a9fd398e050311155a60e54df018b8000000000000ffffffffffffffffffffffff",3.60,,0.31,17,21.35,30.45,99219.00,558.00,0,0,0,0,,,-1.00,-1.00,-1.00,-1.00,-1.00,-1.00
2022-12-13T19:25:01Z,"0002cc01000003e9","2250c3940dfd398e050311155a60eb4e4b18c0000000000000ffffffffffffffffffffffff",3.60,,0.31,17,21.35,30.58,99240.00,560.00,0,0,0,0,,,-1.00,-1.00,-1.00,-1.00,-1.00,-1.00
2022-12-13T19:30:57Z,"0002cc01000003e9","2250c39571fd398e050311155a60eb4e6e18d0000000000000ffffffffffffffffffffffff",3.60,,0.31,17,21.35,30.64,99242.00,564.00,0,0,0,0,,,-1.00,-1.00,-1.00,-1.00,-1.00,-1.00
2022-12-13T19:36:53Z,"0002cc01000003e9","2250c396d5fd398e050711155a60e64e7c1864000000000000ffffffffffffffffffffffff",3.60,,0.31,17,21.35,30.66,99222.00,537.00,0,0,0,0,,,-1.00,-1.00,-1.00,-1.00,-1.00,-1.00
2022-12-13T19:42:49Z,"0002cc01000003e9","2250c39839fd398e050311155d60e34f34187c000000000000ffffffffffffffffffffffff",3.60,,0.31,17,21.36,30.94,99209.00,543.00,0,0,0,0,,,-1.00,-1.00,-1.00,-1.00,-1.00,-1.00
2022-12-13T19:48:46Z,"0002cc01000003e9","2250c3999efd398e050311156260dc504618b0000000000000ffffffffffffffffffffffff",3.60,,0.31,17,21.38,31.36,99180.00,556.00,0,0,0,0,,,-1.00,-1.00,-1.00,-1.00,-1.00,-1.00
2022-12-13T19:54:41Z,"0002cc01000003e9","2250c39b01fd3986050311157460d84fa718b8000000000000ffffffffffffffffffffffff",3.60,,0.31,17,21.45,31.12,99167.00,558.00,0,0,0,0,,,-1.00,-1.00,-1.00,-1.00,-1.00,-1.00
2022-12-13T20:00:37Z,"0002cc01000003e9","2250c39c65fd3982050311157660d94f7e18b8000000000000ffffffffffffffffffffffff",3.59,,0.31,17,21.46,31.05,99169.00,558.00,0,0,0,0,,,-1.00,-1.00,-1.00,-1.00,-1.00,-1.00
2022-12-13T20:06:34Z,"0002cc01000003e9","2250c39dcafd398604fa11158160d150f4181c000000000000ffffffffffffffffffffffff",3.60,,0.31,17,21.50,31.62,99139.00,519.00,0,0,0,0,,,-1.00,-1.00,-1.00,-1.00,-1.00,-1.00
2022-12-13T20:12:30Z,"0002cc01000003e9","2250c39f2efd398e04fa11159560d152b218a4000000000000ffffffffffffffffffffffff",3.60,,0.31,17,21.58,32.30,99136.00,553.00,0,0,0,0,,,-1.00,-1.00,-1.00,-1.00,-1.00,-1.00
2022-12-13T20:18:26Z,"0002cc01000003e9","2250c3a092fd398e050f11159f60cd502718e0000000000000ffffffffffffffffffffffff",3.60,,0.32,17,21.62,31.31,99120.00,568.00,0,0,0,0,,,-1.00,-1.00,-1.00,-1.00,-1.00,-1.00
2022-12-13T20:24:22Z,"0002cc01000003e9","2250c3a1f6fd3986050311159860c84fe61874000000000000ffffffffffffffffffffffff",3.60,,0.31,17,21.59,31.21,99101.00,541.00,0,0,0,0,,,-1.00,-1.00,-1.00,-1.00,-1.00,-1.00
2022-12-13T20:30:18Z,"0002cc01000003e9","2250c3a35afd3986050f11159d60cb4fee18b4000000000000ffffffffffffffffffffffff",3.60,,0.32,17,21.61,31.22,99114.00,557.00,0,0,0,0,,,-1.00,-1.00,-1.00,-1.00,-1.00,-1.00
2022-12-13T20:36:14Z,"0002cc01000003e9","2250c3a4befd397d04fa11159a60c54fd91868000000000000ffffffffffffffffffffffff",3.59,,0.31,17,21.60,31.19,99089.00,538.00,0,0,0,0,,,-1.00,-1.00,-1.00,-1.00,-1.00,-1.00
2022-12-13T20:42:10Z,"0002cc01000003e9","2250c3a622fd397904fa11159560c2509c193c000000000000ffffffffffffffffffffffff",3.59,,0.31,17,21.58,31.49,99076.00,591.00,0,0,0,0,,,-1.00,-1.00,-1.00,-1.00,-1.00,-1.00
2022-12-13T20:48:06Z,"0002cc01000003e9","2250c3a786fd398204fa11159060cb5080190c000000000000ffffffffffffffffffffffff",3.59,,0.31,17,21.56,31.45,99112.00,579.00,0,0,0,0,,,-1.00,-1.00,-1.00,-1.00,-1.00,-1.00
2022-12-13T20:54:02Z,"0002cc01000003e9","2250c3a8eafd3986050711159860c850881964000000000000ffffffffffffffffffffffff",3.60,,0.31,17,21.59,31.46,99100.00,601.00,0,0,0,0,,,-1.00,-1.00,-1.00,-1.00,-1.00,-1.00
2022-12-13T20:59:58Z,"0002cc01000003e9","2250c3aa4efd398604fa11159d60c650ba190c000000000000ffffffffffffffffffffffff",3.60,,0.31,17,21.61,31.53,99095.00,579.00,0,0,0,0,,,-1.00,-1.00,-1.00,-1.00,-1.00,-1.00
2022-12-13T21:05:54Z,"0002cc01000003e9","2250c3abb2fd398605071115a460c251171910000000000000ffffffffffffffffffffffff",3.60,,0.31,17,21.64,31.68,99077.00,580.00,0,0,0,0,,,-1.00,-1.00,-1.00,-1.00,-1.00,-1.00
2022-12-13T21:11:50Z,"0002cc01000003e9","2250c3ad16fd397d04fa1115a760b9516c1960000000000000ffffffffffffffffffffffff",3.59,,0.31,17,21.65,31.81,99040.00,600.00,0,0,0,0,,,-1.00,-1.00,-1.00,-1.00,-1.00,-1.00
2022-12-13T21:17:46Z,"0002cc01000003e9","2250c3ae7afd397d04fa1115a960b8520d1930000000000000ffffffffffffffffffffffff",3.59,,0.31,17,21.66,32.05,99039.00,588.00,0,0,0,0,,,-1.00,-1.00,-1.00,-1.00,-1.00,-1.00
2022-12-13T21:23:42Z,"0002cc01000003e9","2250c3afdefd397d05031115a960b3528b1924000000000000ffffffffffffffffffffffff",3.59,,0.31,17,21.66,32.24,99017.00,585.00,0,0,0,0,,,-1.00,-1.00,-1.00,-1.00,-1.00,-1.00
2022-12-13T21:29:38Z,"0002cc01000003e9","2250c3b142fd398204fa1115af60ad528d1908000000000000ffffffffffffffffffffffff",3.59,,0.31,17,21.68,32.25,98995.00,578.00,0,0,0,0,,,-1.00,-1.00,-1.00,-1.00,-1.00,-1.00
2022-12-13T21:35:34Z,"0002cc01000003e9","2250c3b2a6fd398605031115b160b052a21930000000000000ffffffffffffffffffffffff",3.60,,0.31,17,21.69,32.28,99007.00,588.00,0,0,0,0,,,-1.00,-1.00,-1.00,-1.00,-1.00,-1.00
2022-12-13T21:41:30Z,"0002cc01000003e9","2250c3b40afd398204fa1115b460af53051934000000000000ffffffffffffffffffffffff",3.59,,0.31,17,21.70,32.43,99003.00,589.00,0,0,0,0,,,-1.00,-1.00,-1.00,-1.00,-1.00,-1.00
2022-12-13T21:47:26Z,"0002cc01000003e9","2250c3b56efd398605031115b460ab530518f4000000000000ffffffffffffffffffffffff",3.60,,0.31,17,21.70,32.43,98984.00,573.00,0,0,0,0,,,-1.00,-1.00,-1.00,-1.00,-1.00,-1.00
2022-12-13T21:53:23Z,"0002cc01000003e9","2250c3b6d3fd397d04fa1115b660a6537618ec000000000000ffffffffffffffffffffffff",3.59,,0.31,17,21.71,32.60,98964.00,571.00,0,0,0,0,,,-1.00,-1.00,-1.00,-1.00,-1.00,-1.00
2022-12-13T21:59:18Z,"0002cc01000003e9","2250c3b836fd398604fa1115bb60a053af1900000000000000ffffffffffffffffffffffff",3.60,,0.31,17,21.73,32.69,98942.00,576.00,0,0,0,0,,,-1.00,-1.00,-1.00,-1.00,-1.00,-1.00
2022-12-13T22:05:15Z,"0002cc01000003e9","2250c3b99bfd397d05071115bb609a540418c4000000000000ffffffffffffffffffffffff",3.59,,0.31,17,21.73,32.82,98916.00,561.00,0,0,0,0,,,-1.00,-1.00,-1.00,-1.00,-1.00,-1.00
2022-12-13T22:11:11Z,"0002cc01000003e9","2250c3bafffd397904fa1115c1609b546d18e8000000000000ffffffffffffffffffffffff",3.59,,0.31,17,21.75,32.98,98920.00,570.00,0,0,0,0,,,-1.00,-1.00,-1.00,-1.00,-1.00,-1.00
2022-12-13T22:17:07Z,"0002cc01000003e9","2250c3bc63fd398604fa1115c1609c54f3194c000000000000ffffffffffffffffffffffff",3.60,,0.31,17,21.75,33.18,98924.00,595.00,0,0,0,0,,,-1.00,-1.00,-1.00,-1.00,-1.00,-1.00
2022-12-13T22:23:03Z,"0002cc01000003e9","2250c3bdc7fd398604fa1115c1609a55aa1960000000000000ffffffffffffffffffffffff",3.60,,0.31,17,21.75,33.46,98919.00,600.00,0,0,0,0,,,-1.00,-1.00,-1.00,-1.00,-1.00,-1.00
2022-12-13T22:28:59Z,"0002cc01000003e9","2250c3bf2bfd398604fa1115c1609f55b81910000000000000ffffffffffffffffffffffff",3.60,,0.31,17,21.75,33.48,98938.00,580.00,0,0,0,0,,,-1.00,-1.00,-1.00,-1.00,-1.00,-1.00
2022-12-13T22:34:55Z,"0002cc01000003e9","2250c3c08ffd398604fa1115c3609d56211938000000000000ffffffffffffffffffffffff",3.60,,0.31,17,21.76,33.64,98928.00,590.00,0,0,0,0,,,-1.00,-1.00,-1.00,-1.00,-1.00,-1.00
2022-12-13T22:40:51Z,"0002cc01000003e9","2250c3c1f3fd398604fa1115c6609c564418fc000000000000ffffffffffffffffffffffff",3.60,,0.31,17,21.77,33.70,98924.00,575.00,0,0,0,0,,,-1.00,-1.00,-1.00,-1.00,-1.00,-1.00
2022-12-13T22:46:47Z,"0002cc01000003e9","2250c3c357fd398604fa1115c6609f56611934000000000000ffffffffffffffffffffffff",3.60,,0.31,17,21.77,33.74,98938.00,589.00,0,0,0,0,,,-1.00,-1.00,-1.00,-1.00,-1.00,-1.00
2022-12-13T22:52:43Z,"0002cc01000003e9","2250c3c4bbfd397d04fa1115c1609c56a718d8000000000000ffffffffffffffffffffffff",3.59,,0.31,17,21.75,33.85,98925.00,566.00,0,0,0,0,,,-1.00,-1.00,-1.00,-1.00,-1.00,-1.00
2022-12-13T22:58:39Z,"0002cc01000003e9","2250c3c61ffd398604fa1115c3609756df1938000000000000ffffffffffffffffffffffff",3.60,,0.31,17,21.76,33.93,98906.00,590.00,0,0,0,0,,,-1.00,-1.00,-1.00,-1.00,-1.00,-1.00
2022-12-13T23:04:35Z,"0002cc01000003e9","2250c3c783fd397505031115c3609d56d11904000000000000ffffffffffffffffffffffff",3.59,,0.31,17,21.76,33.91,98928.00,577.00,0,0,0,0,,,-1.00,-1.00,-1.00,-1.00,-1.00,-1.00
2022-12-13T23:10:31Z,"0002cc01000003e9","2250c3c8e7fd3986050f1115c160a5573318e4000000000000ffffffffffffffffffffffff",3.60,,0.32,17,21.75,34.06,98960.00,569.00,0,0,0,0,,,-1.00,-1.00,-1.00,-1.00,-1.00,-1.00
2022-12-13T23:16:27Z,"0002cc01000003e9","2250c3ca4bfd398605031115c160b5579c1918000000000000ffffffffffffffffffffffff",3.60,,0.31,17,21.75,34.22,99024.00,582.00,0,0,0,0,,,-1.00,-1.00,-1.00,-1.00,-1.00,-1.00
2022-12-13T23:22:23Z,"0002cc01000003e9","2250c3cbaffd398604fa1115c160c558441918000000000000ffffffffffffffffffffffff",3.60,,0.31,17,21.75,34.48,99091.00,582.00,0,0,0,0,,,-1.00,-1.00,-1.00,-1.00,-1.00,-1.00
2022-12-13T23:28:19Z,"0002cc01000003e9","2250c3cd13fd397d04fa1115c160c458c91944000000000000ffffffffffffffffffffffff",3.59,,0.31,17,21.75,34.68,99085.00,593.00,0,0,0,0,,,-1.00,-1.00,-1.00,-1.00,-1.00,-1.00
2022-12-13T23:34:15Z,"0002cc01000003e9","2250c3ce77fd398605031115c160b75910190c000000000000ffffffffffffffffffffffff",3.60,,0.31,17,21.75,34.79,99034.00,579.00,0,0,0,0,,,-1.00,-1.00,-1.00,-1.00,-1.00,-1.00
2022-12-13T23:40:11Z,"0002cc01000003e9","2250c3cfdbfd397d05071115be60b759a91934000000000000ffffffffffffffffffffffff",3.59,,0.31,17,21.74,35.02,99032.00,589.00,0,0,0,0,,,-1.00,-1.00,-1.00,-1.00,-1.00,-1.00
2022-12-13T23:46:07Z,"0002cc01000003e9","2250c3d13ffd398205071115c160b559db18f8000000000000ffffffffffffffffffffffff",3.59,,0.31,17,21.75,35.10,99025.00,574.00,0,0,0,0,,,-1.00,-1.00,-1.00,-1.00,-1.00,-1.00
2022-12-13T23:52:03Z,"0002cc01000003e9","2250c3d2a3fd397d05031115be60ab5ab318ec000000000000ffffffffffffffffffffffff",3.59,,0.31,17,21.74,35.43,98984.00,571.00,0,0,0,0,,,-1.00,-1.00,-1.00,-1.00,-1.00,-1.00
2022-12-13T23:57:59Z,"0002cc01000003e9","2250c3d407fd398604fa1115bb60a65ad7193c000000000000ffffffffffffffffffffffff",3.60,,0.31,17,21.73,35.48,98965.00,591.00,0,0,0,0,,,-1.00,-1.00,-1.00,-1.00,-1.00,-1.00
