Time,DevEUI,Raw,Vbat,Vsystem,Vbus,BootCount,T,RH,P,Light,P[0].delta,P[0].total,P[1].delta,P[1].total,Act[7],Act[6],Act[5],Act[4],Act[3],Act[2],Act[1],Act[0]
2022-12-24T00:00:23Z,"0002cc01000003e9","2250d10397fd386304de111534620910300870000000000000ffffffffffffffffffffffff",3.52,,0.30,17,21.20,6.32,100387.00,270.00,0,0,0,0,,,-1.00,-1.00,-1.00,-1.00,-1.00,-1.00
2022-12-24T00:06:19Z,"0002cc01000003e9","2250d104fbfd385b04de111539620810310848000000000000ffffffffffffffffffffffff",3.52,,0.30,17,21.22,6.32,100382.00,265.00,0,0,0,0,,,-1.00,-1.00,-1.00,-1.00,-1.00,-1.00
2022-12-24T00:12:16Z,"0002cc01000003e9","2250d10660fd385b04e6111536620510380f90000000000000ffffffffffffffffffffffff",3.52,,0.31,17,21.21,6.33,100370.00,249.00,0,0,0,0,,,-1.00,-1.00,-1.00,-1.00,-1.00,-1.00
2022-12-24T00:18:12Z,"0002cc01000003e9","2250d107c4fd385b04de1115396203103f0848000000000000ffffffffffffffffffffffff",3.52,,0.30,17,21.22,6.35,100363.00,265.00,0,0,0,0,,,-1.00,-1.00,-1.00,-1.00,-1.00,-1.00
2022-12-24T00:24:08Z,"0002cc01000003e9","2250d10928fd385b04de111539620510220ea0000000000000ffffffffffffffffffffffff",3.52,,0.30,17,21.22,6.30,100371.00,234.00,0,0,0,0,,,-1.00,-1.00,-1.00,-1.00,-1.00,-1.00
2022-12-24T00:30:04Z,"0002cc01000003e9","2250d10a8cfd385204de11153662071038f000000000000000ffffffffffffffffffffffff",3.52,,0.30,17,21.21,6.33,100378.00,0.00,0,0,0,0,,,-1.00,-1.00,-1.00,-1.00,-1.00,-1.00
2022-12-24T00:36:00Z,"0002cc01000003e9","2250d10bf0fd385b04de11151f620510840b00000000000000ffffffffffffffffffffffff",3.52,,0.30,17,21.12,6.45,100371.00,22.00,0,0,0,0,,,-1.00,-1.00,-1.00,-1.00,-1.00,-1.00
2022-12-24T00:41:56Z,"0002cc01000003e9","2250d10d54fd385b04de111508620210830e00000000000000ffffffffffffffffffffffff",3.52,,0.30,17,21.03,6.45,100356.00,7.00,0,0,0,0,,,-1.00,-1.00,-1.00,-1.00,-1.00,-1.00
2022-12-24T00:47:52Z,"0002cc01000003e9","2250d10eb8fd385b04e61114f461fe1082f000000000000000ffffffffffffffffffffffff",3.52,,0.31,17,20.95,6.45,100343.00,0.00,0,0,0,0,,,-1.00,-1.00,-1.00,-1.00,-1.00,-1.00
2022-12-24T00:53:48Z,"0002cc01000003e9","2250d1101cfd385b04e61114e462001089f000000000000000ffffffffffffffffffffffff",3.52,,0.31,17,20.89,6.46,100351.00,0.00,0,0,0,0,,,-1.00,-1.00,-1.00,-1.00,-1.00,-1.00
2022-12-24T00:59:44Z,"0002cc01000003e9","2250d11180fd385204de1114d861fd108ff000000000000000ffffffffffffffffffffffff",3.52,,0.30,17,20.84,6.47,100337.00,0.00,0,0,0,0,,,-1.00,-1.00,-1.00,-1.00,-1.00,-1.00
2022-12-24T01:05:40Z,"0002cc01000003e9","2250d112e4fd385b04de1114cb61fd109d0c00000000000000ffffffffffffffffffffffff",3.52,,0.30,17,20.79,6.49,100339.00,12.00,0,0,0,0,,,-1.00,-1.00,-1.00,-1.00,-1.00,-1.00
2022-12-24T01:11:36Z,"0002cc01000003e9","2250d11448fd385204e61114c161fb10a4f000000000000000ffffffffffffffffffffffff",3.52,,0.31,17,20.75,6.50,100329.00,0.00,0,0,0,0,,,-1.00,-1.00,-1.00,-1.00,-1.00,-1.00
2022-12-24T01:17:32Z,"0002cc01000003e9","2250d115acfd385b04e61114bb61fa10abf000000000000000ffffffffffffffffffffffff",3.52,,0.31,17,20.73,6.51,100327.00,0.00,0,0,0,0,,,-1.00,-1.00,-1.00,-1.00,-1.00,-1.00
2022-12-24T01:23:28Z,"0002cc01000003e9","2250d11710fd385204de1114b661f810b2f000000000000000ffffffffffffffffffffffff",3.52,,0.30,17,20.71,6.52,100318.00,0.00,0,0,0,0,,,-1.00,-1.00,-1.00,-1.00,-1.00,-1.00
2022-12-24T01:29:25Z,"0002cc01000003e9","2250d11875fd385b04de1114b161fc10bff000000000000000ffffffffffffffffffffffff",3.52,,0.30,17,20.69,6.54,100332.00,0.00,0,0,0,0,,,-1.00,-1.00,-1.00,-1.00,-1.00,-1.00
2022-12-24T01:35:20Z,"0002cc01000003e9","2250d119d8fd385b04de1114ac61fb10c60c00000000000000ffffffffffffffffffffffff",3.52,,0.30,17,20.67,6.55,100331.00,12.00,0,0,0,0,,,-1.00,-1.00,-1.00,-1.00,-1.00,-1.00
2022-12-24T01:41:17Z,"0002cc01000003e9","2250d11b3dfd385b04e61114a461fb10cdf000000000000000ffffffffffffffffffffffff",3.52,,0.31,17,20.64,6.56,100329.00,0.00,0,0,0,0,,,-1.00,-1.00,-1.00,-1.00,-1.00,-1.00
2022-12-24T01:47:13Z,"0002cc01000003e9","2250d11ca1fd385204da11149f61fc10cd0c00000000000000ffffffffffffffffffffffff",3.52,,0.30,17,20.62,6.56,100333.00,3.00,0,0,0,0,,,-1.00,-1.00,-1.00,-1.00,-1.00,-1.00
2022-12-24T01:53:09Z,"0002cc01000003e9","2250d11e05fd384e04e611149a61fb10d40800000000000000ffffffffffffffffffffffff",3.52,,0.31,17,20.60,6.57,100330.00,4.00,0,0,0,0,,,-1.00,-1.00,-1.00,-1.00,-1.00,-1.00
2022-12-24T01:59:05Z,"0002cc01000003e9","2250d11f69fd385b04de11149561fa10db0800000000000000ffffffffffffffffffffffff",3.52,,0.30,17,20.58,6.58,100325.00,16.00,0,0,0,0,,,-1.00,-1.00,-1.00,-1.00,-1.00,-1.00
2022-12-24T02:05:01Z,"0002cc01000003e9","2250d120cdfd386304de11149261fa10e2f000000000000000ffffffffffffffffffffffff",3.52,,0.30,17,20.57,6.59,100325.00,0.00,0,0,0,0,,,-1.00,-1.00,-1.00,-1.00,-1.00,-1.00
2022-12-24T02:10:57Z,"0002cc01000003e9","2250d12231fd385b04e611148861f610e1f000000000000000ffffffffffffffffffffffff",3.52,,0.31,17,20.53,6.59,100308.00,0.00,0,0,0,0,,,-1.00,-1.00,-1.00,-1.00,-1.00,-1.00
2022-12-24T02:16:53Z,"0002cc01000003e9","2250d12395fd385204de11148661f510e8f000000000000000ffffffffffffffffffffffff",3.52,,0.30,17,20.52,6.60,100306.00,0.00,0,0,0,0,,,-1.00,-1.00,-1.00,-1.00,-1.00,-1.00
2022-12-24T02:22:49Z,"0002cc01000003e9","2250d124f9fd385b04e611148161f511040a00000000000000ffffffffffffffffffffffff",3.52,,0.31,17,20.50,6.65,100305.00,5.00,0,0,0,0,,,-1.00,-1.00,-1.00,-1.00,-1.00,-1.00
2022-12-24T02:28:45Z,"0002cc01000003e9","2250d1265dfd385204e611147b61f31104f000000000000000ffffffffffffffffffffffff",3.52,,0.31,17,20.48,6.65,100296.00,0.00,0,0,0,0,,,-1.00,-1.00,-1.00,-1.00,-1.00,-1.00
2022-12-24T02:34:41Z,"0002cc01000003e9","2250d127c1fd385204e611147961f411040900000000000000ffffffffffffffffffffffff",3.52,,0.31,17,20.47,6.65,100303.00,9.00,0,0,0,0,,,-1.00,-1.00,-1.00,-1.00,-1.00,-1.00
2022-12-24T02:40:37Z,"0002cc01000003e9","2250d12925fd385204de11147161ef11190b00000000000000ffffffffffffffffffffffff",3.52,,0.30,17,20.44,6.68,100283.00,11.00,0,0,0,0,,,-1.00,-1.00,-1.00,-1.00,-1.00,-1.00
2022-12-24T02:46:33Z,"0002cc01000003e9","2250d12a89fd385b04e611146961f01120f000000000000000ffffffffffffffffffffffff",3.52,,0.31,17,20.41,6.69,100287.00,0.00,0,0,0,0,,,-1.00,-1.00,-1.00,-1.00,-1.00,-1.00
2022-12-24T02:52:29Z,"0002cc01000003e9","2250d12bedfd385204de11146261f2112d0c00000000000000ffffffffffffffffffffffff",3.52,,0.30,17,20.38,6.71,100293.00,3.00,0,0,0,0,,,-1.00,-1.00,-1.00,-1.00,-1.00,-1.00
2022-12-24T02:58:25Z,"0002cc01000003e9","2250d12d51fd385b04e611145861f311420a00000000000000ffffffffffffffffffffffff",3.52,,0.31,17,20.34,6.74,100298.00,10.00,0,0,0,0,,,-1.00,-1.00,-1.00,-1.00,-1.00,-1.00
2022-12-24T03:04:21Z,"0002cc01000003e9","2250d12eb5fd385204de11145261f411490c00000000000000ffffffffffffffffffffffff",3.52,,0.30,17,20.32,6.75,100300.00,3.00,0,0,0,0,,,-1.00,-1.00,-1.00,-1.00,-1.00,-1.00
2022-12-24T03:10:18Z,"0002cc01000003e9","2250d1301afd385204e611144861f111570800000000000000ffffffffffffffffffffffff",3.52,,0.31,17,20.28,6.77,100290.00,2.00,0,0,0,0,,,-1.00,-1.00,-1.00,-1.00,-1.00,-1.00
2022-12-24T03:16:14Z,"0002cc01000003e9","2250d1317efd385b04e611144361f2115df000000000000000ffffffffffffffffffffffff",3.52,,0.31,17,20.26,6.78,100293.00,0.00,0,0,0,0,,,-1.00,-1.00,-1.00,-1.00,-1.00,-1.00
2022-12-24T03:22:10Z,"0002cc01000003e9","2250d132e2fd385204e611143e61f2116b0c00000000000000ffffffffffffffffffffffff",3.52,,0.31,17,20.24,6.80,100294.00,12.00,0,0,0,0,,,-1.00,-1.00,-1.00,-1.00,-1.00,-1.00
2022-12-24T03:28:06Z,"0002cc01000003e9","2250d13446fd385204f211143961f211720880000000000000ffffffffffffffffffffffff",3.52,,0.31,17,20.22,6.82,100295.00,17.00,0,0,0,0,,,-1.00,-1.00,-1.00,-1.00,-1.00,-1.00
2022-12-24T03:34:02Z,"0002cc01000003e9","2250d135aafd385b04e611143461f011880a00000000000000ffffffffffffffffffffffff",3.52,,0.31,17,20.20,6.85,100287.00,10.00,0,0,0,0,,,-1.00,-1.00,-1.00,-1.00,-1.00,-1.00
2022-12-24T03:39:58Z,"0002cc01000003e9","2250d1370efd385204e611143161ef118e0c00000000000000ffffffffffffffffffffffff",3.52,,0.31,17,20.19,6.86,100283.00,12.00,0,0,0,0,,,-1.00,-1.00,-1.00,-1.00,-1.00,-1.00
2022-12-24T03:45:54Z,"0002cc01000003e9","2250d13872fd384a04e611142c61ee119cf000000000000000ffffffffffffffffffffffff",3.52,,0.31,17,20.17,6.88,100279.00,0.00,0,0,0,0,,,-1.00,-1.00,-1.00,-1.00,-1.00,-1.00
2022-12-24T03:51:50Z,"0002cc01000003e9","2250d139d6fd385b04e611142461eb11b1f000000000000000ffffffffffffffffffffffff",3.52,,0.31,17,20.14,6.91,100267.00,0.00,0,0,0,0,,,-1.00,-1.00,-1.00,-1.00,-1.00,-1.00
2022-12-24T03:57:46Z,"0002cc01000003e9","2250d13b3afd385b04e611141f61e911b8f000000000000000ffffffffffffffffffffffff",3.52,,0.31,17,20.12,6.92,100257.00,0.00,0,0,0,0,,,-1.00,-1.00,-1.00,-1.00,-1.00,-1.00
2022-12-24T04:03:42Z,"0002cc01000003e9","2250d13c9efd385204e611141a61e911c6f000000000000000ffffffffffffffffffffffff",3.52,,0.31,17,20.10,6.94,100257.00,0.00,0,0,0,0,,,-1.00,-1.00,-1.00,-1.00,-1.00,-1.00
2022-12-24T04:09:38Z,"0002cc01000003e9","2250d13e02fd385204e611141561eb11cd0c00000000000000ffffffffffffffffffffffff",3.52,,0.31,17,20.08,6.95,100267.00,6.00,0,0,0,0,,,-1.00,-1.00,-1.00,-1.00,-1.00,-1.00
2022-12-24T04:15:34Z,"0002cc01000003e9","2250d13f66fd385b04e611141261ea11e2f000000000000000ffffffffffffffffffffffff",3.52,,0.31,17,20.07,6.99,100262.00,0.00,0,0,0,0,,,-1.00,-1.00,-1.00,-1.00,-1.00,-1.00
2022-12-24T04:21:30Z,"0002cc01000003e9","2250d140cafd385204e611140b61e811f60900000000000000ffffffffffffffffffffffff",3.52,,0.31,17,20.04,7.02,100253.00,9.00,0,0,0,0,,,-1.00,-1.00,-1.00,-1.00,-1.00,-1.00
2022-12-24T04:27:26Z,"0002cc01000003e9","2250d1422efd385204e611140861e81212f000000000000000ffffffffffffffffffffffff",3.52,,0.31,17,20.03,7.06,100253.00,0.00,0,0,0,0,,,-1.00,-1.00,-1.00,-1.00,-1.00,-1.00
2022-12-24T04:33:23Z,"0002cc01000003e9","2250d14393fd385204e611140b61e7122ff000000000000000ffffffffffffffffffffffff",3.52,,0.31,17,20.04,7.10,100248.00,0.00,0,0,0,0,,,-1.00,-1.00,-1.00,-1.00,-1.00,-1.00
2022-12-24T04:39:19Z,"0002cc01000003e9","2250d144f7fd385704e611141261e812440b00000000000000ffffffffffffffffffffffff",3.52,,0.31,17,20.07,7.14,100252.00,11.00,0,0,0,0,,,-1.00,-1.00,-1.00,-1.00,-1.00,-1.00
2022-12-24T04:45:15Z,"0002cc01000003e9","2250d1465bfd385b04de11141861e8124b0e00000000000000ffffffffffffffffffffffff",3.52,,0.30,17,20.09,7.15,100253.00,7.00,0,0,0,0,,,-1.00,-1.00,-1.00,-1.00,-1.00,-1.00
2022-12-24T04:51:11Z,"0002cc01000003e9","2250d147bffd385204e611141a61e812440c00000000000000ffffffffffffffffffffffff",3.52,,0.31,17,20.10,7.14,100255.00,12.00,0,0,0,0,,,-1.00,-1.00,-1.00,-1.00,-1.00,-1.00
2022-12-24T04:57:07Z,"0002cc01000003e9","2250d14923fd385204e611141d61e8123d0900000000000000ffffffffffffffffffffffff",3.52,,0.31,17,20.11,7.12,100254.00,9.00,0,0,0,0,,,-1.00,-1.00,-1.00,-1.00,-1.00,-1.00
2022-12-24T05:03:03Z,"0002cc01000003e9","2250d14a87fd385204e611141a61eb123d0800000000000000ffffffffffffffffffffffff",3.52,,0.31,17,20.10,7.12,100265.00,2.00,0,0,0,0,,,-1.00,-1.00,-1.00,-1.00,-1.00,-1.00
2022-12-24T05:08:59Z,"0002cc01000003e9","2250d14bebfd384a04e611141561e712440c00000000000000ffffffffffffffffffffffff",3.52,,0.31,17,20.08,7.14,100248.00,6.00,0,0,0,0,,,-1.00,-1.00,-1.00,-1.00,-1.00,-1.00
2022-12-24T05:14:55Z,"0002cc01000003e9","2250d14d4ffd385704e611141561ea125a0c00000000000000ffffffffffffffffffffffff",3.52,,0.31,17,20.08,7.17,100261.00,3.00,0,0,0,0,,,-1.00,-1.00,-1.00,-1.00,-1.00,-1.00
2022-12-24T05:20:51Z,"0002cc01000003e9","2250d14eb3fd385204e611141561e9126ff000000000000000ffffffffffffffffffffffff",3.52,,0.31,17,20.08,7.20,100257.00,0.00,0,0,0,0,,,-1.00,-1.00,-1.00,-1.00,-1.00,-1.00
2022-12-24T05:26:47Z,"0002cc01000003e9","2250d15017fd385704e611141561e612760d00000000000000ffffffffffffffffffffffff",3.52,,0.31,17,20.08,7.21,100244.00,13.00,0,0,0,0,,,-1.00,-1.00,-1.00,-1.00,-1.00,-1.00
2022-12-24T05:32:43Z,"0002cc01000003e9","2250d1517bfd385204da11141861e3128b0b00000000000000ffffffffffffffffffffffff",3.52,,0.30,17,20.09,7.24,100233.00,22.00,0,0,0,0,,,-1.00,-1.00,-1.00,-1.00,-1.00,-1.00
2022-12-24T05:38:39Z,"0002cc01000003e9","2250d152dffd385704e611141a61e71299f000000000000000ffffffffffffffffffffffff",3.52,,0.31,17,20.10,7.26,100251.00,0.00,0,0,0,0,,,-1.00,-1.00,-1.00,-1.00,-1.00,-1.00
2022-12-24T05:44:35Z,"0002cc01000003e9","2250d15443fd385b04f211141f61e712a8f000000000000000ffffffffffffffffffffffff",3.52,,0.31,17,20.12,7.29,100249.00,0.00,0,0,0,0,,,-1.00,-1.00,-1.00,-1.00,-1.00,-1.00
2022-12-24T05:50:31Z,"0002cc01000003e9","2250d155a7fd384e04e611142461e812bdf000000000000000ffffffffffffffffffffffff",3.52,,0.31,17,20.14,7.32,100253.00,0.00,0,0,0,0,,,-1.00,-1.00,-1.00,-1.00,-1.00,-1.00
2022-12-24T05:56:28Z,"0002cc01000003e9","2250d1570cfd385704da11142c61e412daf000000000000000ffffffffffffffffffffffff",3.52,,0.30,17,20.17,7.36,100236.00,0.00,0,0,0,0,,,-1.00,-1.00,-1.00,-1.00,-1.00,-1.00
2022-12-24T06:02:24Z,"0002cc01000003e9","2250d15870fd385204e611143461e312d2f000000000000000ffffffffffffffffffffffff",3.52,,0.31,17,20.20,7.35,100234.00,0.00,0,0,0,0,,,-1.00,-1.00,-1.00,-1.00,-1.00,-1.00
2022-12-24T06:08:20Z,"0002cc01000003e9","2250d159d4fd385704e611143661e612d20c00000000000000ffffffffffffffffffffffff",3.52,,0.31,17,20.21,7.35,100246.00,12.00,0,0,0,0,,,-1.00,-1.00,-1.00,-1.00,-1.00,-1.00
2022-12-24T06:14:16Z,"0002cc01000003e9","2250d15b38fd385704de11143961e712cbf000000000000000ffffffffffffffffffffffff",3.52,,0.30,17,20.22,7.34,100251.00,0.00,0,0,0,0,,,-1.00,-1.00,-1.00,-1.00,-1.00,-1.00
2022-12-24T06:20:12Z,"0002cc01000003e9","2250d15c9cfd385704de11143961e212cbf000000000000000ffffffffffffffffffffffff",3.52,,0.30,17,20.22,7.34,100230.00,0.00,0,0,0,0,,,-1.00,-1.00,-1.00,-1.00,-1.00,-1.00
2022-12-24T06:26:08Z,"0002cc01000003e9","2250d15e00fd384a04de11143461e212af0a00000000000000ffffffffffffffffffffffff",3.52,,0.30,17,20.20,7.30,100228.00,5.00,0,0,0,0,,,-1.00,-1.00,-1.00,-1.00,-1.00,-1.00
2022-12-24T06:32:04Z,"0002cc01000003e9","2250d15f64fd385204da11142f61e212a10a00000000000000ffffffffffffffffffffffff",3.52,,0.30,17,20.18,7.28,100229.00,10.00,0,0,0,0,,,-1.00,-1.00,-1.00,-1.00,-1.00,-1.00
2022-12-24T06:38:00Z,"0002cc01000003e9","2250d160c8fd384a04e611142961e112b60c00000000000000ffffffffffffffffffffffff",3.52,,0.31,17,20.16,7.31,100227.00,12.00,0,0,0,0,,,-1.00,-1.00,-1.00,-1.00,-1.00,-1.00
2022-12-24T06:43:56Z,"0002cc01000003e9","2250d1622cfd384a04de11142c61e212cb0a00000000000000ffffffffffffffffffffffff",3.52,,0.30,17,20.17,7.34,100229.00,10.00,0,0,0,0,,,-1.00,-1.00,-1.00,-1.00,-1.00,-1.00
2022-12-24T06:49:52Z,"0002cc01000003e9","2250d16390fd384a04e611142c61e012e10d00000000000000ffffffffffffffffffffffff",3.52,,0.31,17,20.17,7.37,100222.00,13.00,0,0,0,0,,,-1.00,-1.00,-1.00,-1.00,-1.00,-1.00
2022-12-24T06:55:48Z,"0002cc01000003e9","2250d164f4fd384a04e611142c61de12e10800000000000000ffffffffffffffffffffffff",3.52,,0.31,17,20.17,7.37,100215.00,8.00,0,0,0,0,,,-1.00,-1.00,-1.00,-1.00,-1.00,-1.00
2022-12-24T07:01:44Z,"0002cc01000003e9","2250d16658fd385204e611142c61e012d20c00000000000000ffffffffffffffffffffffff",3.52,,0.31,17,20.17,7.35,100222.00,6.00,0,0,0,0,,,-1.00,-1.00,-1.00,-1.00,-1.00,-1.00
2022-12-24T07:07:40Z,"0002cc01000003e9","2250d167bcfd384a04de11142761e012cbf000000000000000ffffffffffffffffffffffff",3.52,,0.30,17,20.15,7.34,100223.00,0.00,0,0,0,0,,,-1.00,-1.00,-1.00,-1.00,-1.00,-1.00
2022-12-24T07:13:37Z,"0002cc01000003e9","2250d16921fd384a04da11141f61df12d90b00000000000000ffffffffffffffffffffffff",3.52,,0.30,17,20.12,7.36,100218.00,22.00,0,0,0,0,,,-1.00,-1.00,-1.00,-1.00,-1.00,-1.00
2022-12-24T07:19:33Z,"0002cc01000003e9","2250d16a85fd384a04da11141a61dc12df0e00000000000000ffffffffffffffffffffffff",3.52,,0.30,17,20.10,7.37,100207.00,14.00,0,0,0,0,,,-1.00,-1.00,-1.00,-1.00,-1.00,-1.00
2022-12-24T07:25:29Z,"0002cc01000003e9","2250d16be9fd384a04de11141561dd12fbf000000000000000ffffffffffffffffffffffff",3.52,,0.30,17,20.08,7.42,100211.00,0.00,0,0,0,0,,,-1.00,-1.00,-1.00,-1.00,-1.00,-1.00
2022-12-24T07:31:25Z,"0002cc01000003e9","2250d16d4dfd384a04e611141561e01311f000000000000000ffffffffffffffffffffffff",3.52,,0.31,17,20.08,7.45,100222.00,0.00,0,0,0,0,,,-1.00,-1.00,-1.00,-1.00,-1.00,-1.00
2022-12-24T07:37:21Z,"0002cc01000003e9","2250d16eb1fd385704de11141a61df1334f000000000000000ffffffffffffffffffffffff",3.52,,0.30,17,20.10,7.50,100219.00,0.00,0,0,0,0,,,-1.00,-1.00,-1.00,-1.00,-1.00,-1.00
2022-12-24T07:43:17Z,"0002cc01000003e9","2250d17015fd384a04de11141f61de1342f000000000000000ffffffffffffffffffffffff",3.52,,0.30,17,20.12,7.52,100213.00,0.00,0,0,0,0,,,-1.00,-1.00,-1.00,-1.00,-1.00,-1.00
2022-12-24T07:49:13Z,"0002cc01000003e9","2250d17179fd384a04e611142461dc134a0800000000000000ffffffffffffffffffffffff",3.52,,0.31,17,20.14,7.53,100205.00,1.00,0,0,0,0,,,-1.00,-1.00,-1.00,-1.00,-1.00,-1.00
2022-12-24T07:55:09Z,"0002cc01000003e9","2250d172ddfd384a04da11142961d81351f000000000000000ffffffffffffffffffffffff",3.52,,0.30,17,20.16,7.55,100191.00,0.00,0,0,0,0,,,-1.00,-1.00,-1.00,-1.00,-1.00,-1.00
2022-12-24T08:01:05Z,"0002cc01000003e9","2250d17441fd385204da11142c61d91351f000000000000000ffffffffffffffffffffffff",3.52,,0.30,17,20.17,7.55,100194.00,0.00,0,0,0,0,,,-1.00,-1.00,-1.00,-1.00,-1.00,-1.00
2022-12-24T08:07:01Z,"0002cc01000003e9","2250d175a5fd384a04e611142f61d813510b00000000000000ffffffffffffffffffffffff",3.52,,0.31,17,20.18,7.55,100190.00,22.00,0,0,0,0,,,-1.00,-1.00,-1.00,-1.00,-1.00,-1.00
2022-12-24T08:12:57Z,"0002cc01000003e9","2250d17709fd384a04e611143161d81343f000000000000000ffffffffffffffffffffffff",3.52,,0.31,17,20.19,7.52,100191.00,0.00,0,0,0,0,,,-1.00,-1.00,-1.00,-1.00,-1.00,-1.00
2022-12-24T08:18:53Z,"0002cc01000003e9","2250d1786dfd384604de11142c61dd132ef000000000000000ffffffffffffffffffffffff",3.52,,0.30,17,20.17,7.49,100210.00,0.00,0,0,0,0,,,-1.00,-1.00,-1.00,-1.00,-1.00,-1.00
2022-12-24T08:24:49Z,"0002cc01000003e9","2250d179d1fd385704e611142761de1335f000000000000000ffffffffffffffffffffffff",3.52,,0.31,17,20.15,7.50,100215.00,0.00,0,0,0,0,,,-1.00,-1.00,-1.00,-1.00,-1.00,-1.00
2022-12-24T08:30:45Z,"0002cc01000003e9","2250d17b35fd384a04e611142461de133bf000000000000000ffffffffffffffffffffffff",3.52,,0.31,17,20.14,7.51,100214.00,0.00,0,0,0,0,,,-1.00,-1.00,-1.00,-1.00,-1.00,-1.00
2022-12-24T08:36:42Z,"0002cc01000003e9","2250d17c9afd384604e611142261dd1342f000000000000000ffffffffffffffffffffffff",3.52,,0.31,17,20.13,7.52,100211.00,0.00,0,0,0,0,,,-1.00,-1.00,-1.00,-1.00,-1.00,-1.00
2022-12-24T08:42:38Z,"0002cc01000003e9","2250d17dfefd384604ee11142261df13510a00000000000000ffffffffffffffffffffffff",3.52,,0.31,17,20.13,7.54,100216.00,5.00,0,0,0,0,,,-1.00,-1.00,-1.00,-1.00,-1.00,-1.00
2022-12-24T08:48:34Z,"0002cc01000003e9","2250d17f62fd384a04e611141f61df134af000000000000000ffffffffffffffffffffffff",3.52,,0.31,17,20.12,7.53,100217.00,0.00,0,0,0,0,,,-1.00,-1.00,-1.00,-1.00,-1.00,-1.00
2022-12-24T08:54:30Z,"0002cc01000003e9","2250d180c6fd385704e611141861df1350f000000000000000ffffffffffffffffffffffff",3.52,,0.31,17,20.09,7.54,100217.00,0.00,0,0,0,0,,,-1.00,-1.00,-1.00,-1.00,-1.00,-1.00
2022-12-24T09:00:26Z,"0002cc01000003e9","2250d1822afd384a04e611141561e013650900000000000000ffffffffffffffffffffffff",3.52,,0.31,17,20.08,7.58,100220.00,9.00,0,0,0,0,,,-1.00,-1.00,-1.00,-1.00,-1.00,-1.00
2022-12-24T09:06:22Z,"0002cc01000003e9","2250d1838efd384604e611141261e113570800000000000000ffffffffffffffffffffffff",3.52,,0.31,17,20.07,7.55,100224.00,8.00,0,0,0,0,,,-1.00,-1.00,-1.00,-1.00,-1.00,-1.00
2022-12-24T09:12:18Z,"0002cc01000003e9","2250d184f2fd384e04e611140d61e11365f000000000000000ffffffffffffffffffffffff",3.52,,0.31,17,20.05,7.58,100227.00,0.00,0,0,0,0,,,-1.00,-1.00,-1.00,-1.00,-1.00,-1.00
2022-12-24T09:18:14Z,"0002cc01000003e9","2250d18656fd384a04e611140b61e7136cf000000000000000ffffffffffffffffffffffff",3.52,,0.31,17,20.04,7.59,100249.00,0.00,0,0,0,0,,,-1.00,-1.00,-1.00,-1.00,-1.00,-1.00
2022-12-24T09:24:10Z,"0002cc01000003e9","2250d187bafd385704e611140361e913720800000000000000ffffffffffffffffffffffff",3.52,,0.31,17,20.01,7.60,100257.00,2.00,0,0,0,0,,,-1.00,-1.00,-1.00,-1.00,-1.00,-1.00
2022-12-24T09:30:06Z,"0002cc01000003e9","2250d1891efd384a04de1113fe61e8137af000000000000000ffffffffffffffffffffffff",3.52,,0.30,17,19.99,7.61,100254.00,0.00,0,0,0,0,,,-1.00,-1.00,-1.00,-1.00,-1.00,-1.00
2022-12-24T09:36:02Z,"0002cc01000003e9","2250d18a82fd384604e61113f961e51387f000000000000000ffffffffffffffffffffffff",3.52,,0.31,17,19.97,7.63,100243.00,0.00,0,0,0,0,,,-1.00,-1.00,-1.00,-1.00,-1.00,-1.00
2022-12-24T09:41:58Z,"0002cc01000003e9","2250d18be6fd384604de1113f461e51395f000000000000000ffffffffffffffffffffffff",3.52,,0.30,17,19.95,7.65,100240.00,0.00,0,0,0,0,,,-1.00,-1.00,-1.00,-1.00,-1.00,-1.00
2022-12-24T09:47:54Z,"0002cc01000003e9","2250d18d4afd384a04da1113f161e213b108c0000000000000ffffffffffffffffffffffff",3.52,,0.30,17,19.94,7.69,100230.00,35.00,0,0,0,0,,,-1.00,-1.00,-1.00,-1.00,-1.00,-1.00
2022-12-24T09:53:50Z,"0002cc01000003e9","2250d18eaefd384e04e61113f661e313cd0900000000000000ffffffffffffffffffffffff",3.52,,0.31,17,19.96,7.74,100235.00,9.00,0,0,0,0,,,-1.00,-1.00,-1.00,-1.00,-1.00,-1.00
2022-12-24T09:59:47Z,"0002cc01000003e9","2250d19013fd384a04de1113f961e413d4f000000000000000ffffffffffffffffffffffff",3.52,,0.30,17,19.97,7.75,100236.00,0.00,0,0,0,0,,,-1.00,-1.00,-1.00,-1.00,-1.00,-1.00
2022-12-24T10:05:43Z,"0002cc01000003e9","2250d19177fd385704e61113f961e413c6f000000000000000ffffffffffffffffffffffff",3.52,,0.31,17,19.97,7.72,100237.00,0.00,0,0,0,0,,,-1.00,-1.00,-1.00,-1.00,-1.00,-1.00
2022-12-24T10:11:39Z,"0002cc01000003e9","2250d192dbfd384604f21113f961e713b8f000000000000000ffffffffffffffffffffffff",3.52,,0.31,17,19.97,7.70,100248.00,0.00,0,0,0,0,,,-1.00,-1.00,-1.00,-1.00,-1.00,-1.00
2022-12-24T10:17:35Z,"0002cc01000003e9","2250d1943ffd384a04e21113f661e613cd0800000000000000ffffffffffffffffffffffff",3.52,,0.31,17,19.96,7.74,100244.00,2.00,0,0,0,0,,,-1.00,-1.00,-1.00,-1.00,-1.00,-1.00
2022-12-24T10:23:31Z,"0002cc01000003e9","2250d195a3fd384e04e61113f461e713dbf000000000000000ffffffffffffffffffffffff",3.52,,0.31,17,19.95,7.76,100249.00,0.00,0,0,0,0,,,-1.00,-1.00,-1.00,-1.00,-1.00,-1.00
2022-12-24T10:29:27Z,"0002cc01000003e9","2250d19707fd384604e61113f161e813ea0a00000000000000ffffffffffffffffffffffff",3.52,,0.31,17,19.94,7.78,100255.00,10.00,0,0,0,0,,,-1.00,-1.00,-1.00,-1.00,-1.00,-1.00
2022-12-24T10:35:23Z,"0002cc01000003e9","2250d1986bfd384e04e61113f461e913ea0800000000000000ffffffffffffffffffffffff",3.52,,0.31,17,19.95,7.78,100256.00,1.00,0,0,0,0,,,-1.00,-1.00,-1.00,-1.00,-1.00,-1.00
2022-12-24T10:41:19Z,"0002cc01000003e9","2250d199cffd384e04e61113f461e813f1f000000000000000ffffffffffffffffffffffff",3.52,,0.31,17,19.95,7.79,100254.00,0.00,0,0,0,0,,,-1.00,-1.00,-1.00,-1.00,-1.00,-1.00
2022-12-24T10:47:15Z,"0002cc01000003e9","2250d19b33fd384604e61113f161ed13f8f000000000000000ffffffffffffffffffffffff",3.52,,0.31,17,19.94,7.80,100273.00,0.00,0,0,0,0,,,-1.00,-1.00,-1.00,-1.00,-1.00,-1.00
2022-12-24T10:53:11Z,"0002cc01000003e9","2250d19c97fd384604ee1113f461ed13f80800000000000000ffffffffffffffffffffffff",3.52,,0.31,17,19.95,7.80,100273.00,2.00,0,0,0,0,,,-1.00,-1.00,-1.00,-1.00,-1.00,-1.00
2022-12-24T10:59:07Z,"0002cc01000003e9","2250d19dfbfd384a04e21113f161ed13f80800000000000000ffffffffffffffffffffffff",3.52,,0.31,17,19.94,7.80,100275.00,32.00,0,0,0,0,,,-1.00,-1.00,-1.00,-1.00,-1.00,-1.00
2022-12-24T11:05:03Z,"0002cc01000003e9","2250d19f5ffd384204e61113ef61ed13f80800000000000000ffffffffffffffffffffffff",3.52,,0.31,17,19.93,7.80,100275.00,1.00,0,0,0,0,,,-1.00,-1.00,-1.00,-1.00,-1.00,-1.00
2022-12-24T11:10:59Z,"0002cc01000003e9","2250d1a0c3fd384e04e61113ef61ee13ff0c00000000000000ffffffffffffffffffffffff",3.52,,0.31,17,19.93,7.81,100278.00,3.00,0,0,0,0,,,-1.00,-1.00,-1.00,-1.00,-1.00,-1.00
2022-12-24T11:16:56Z,"0002cc01000003e9","2250d1a228fd384a04da1113ec61ed13ff0b00000000000000ffffffffffffffffffffffff",3.52,,0.30,17,19.92,7.81,100274.00,22.00,0,0,0,0,,,-1.00,-1.00,-1.00,-1.00,-1.00,-1.00
2022-12-24T11:22:51Z,"0002cc01000003e9","2250d1a38bfd384604e61113ec61ef140df000000000000000ffffffffffffffffffffffff",3.52,,0.31,17,19.92,7.83,100283.00,0.00,0,0,0,0,,,-1.00,-1.00,-1.00,-1.00,-1.00,-1.00
2022-12-24T11:28:48Z,"0002cc01000003e9","2250d1a4f0fd384604e61113ec61ef14050800000000000000ffffffffffffffffffffffff",3.52,,0.31,17,19.92,7.82,100280.00,4.00,0,0,0,0,,,-1.00,-1.00,-1.00,-1.00,-1.00,-1.00
2022-12-24T11:34:44Z,"0002cc01000003e9","2250d1a654fd384e04e61113e761f213fef000000000000000ffffffffffffffffffffffff",3.52,,0.31,17,19.90,7.81,100292.00,0.00,0,0,0,0,,,-1.00,-1.00,-1.00,-1.00,-1.00,-1.00
2022-12-24T11:40:40Z,"0002cc01000003e9","2250d1a7b8fd384604de1113e261f5140c0a00000000000000ffffffffffffffffffffffff",3.52,,0.30,17,19.88,7.83,100305.00,10.00,0,0,0,0,,,-1.00,-1.00,-1.00,-1.00,-1.00,-1.00
2022-12-24T11:46:36Z,"0002cc01000003e9","2250d1a91cfd384e04e61113dd61f2141af000000000000000ffffffffffffffffffffffff",3.52,,0.31,17,19.86,7.85,100295.00,0.00,0,0,0,0,,,-1.00,-1.00,-1.00,-1.00,-1.00,-1.00
2022-12-24T11:52:32Z,"0002cc01000003e9","2250d1aa80fd384e04e61113dd61f31413f000000000000000ffffffffffffffffffffffff",3.52,,0.31,17,19.86,7.84,100299.00,0.00,0,0,0,0,,,-1.00,-1.00,-1.00,-1.00,-1.00,-1.00
2022-12-24T11:58:28Z,"0002cc01000003e9","2250d1abe4fd384604e61113e261f11413f000000000000000ffffffffffffffffffffffff",3.52,,0.31,17,19.88,7.84,100291.00,0.00,0,0,0,0,,,-1.00,-1.00,-1.00,-1.00,-1.00,-1.00
2022-12-24T12:04:24Z,"0002cc01000003e9","2250d1ad48fd384604e61113ec61f3141a0800000000000000ffffffffffffffffffffffff",3.52,,0.31,17,19.92,7.85,100299.00,4.00,0,0,0,0,,,-1.00,-1.00,-1.00,-1.00,-1.00,-1.00
2022-12-24T12:10:20Z,"0002cc01000003e9","2250d1aeacfd384604de1113f661f614220a00000000000000ffffffffffffffffffffffff",3.52,,0.30,17,19.96,7.86,100310.00,20.00,0,0,0,0,,,-1.00,-1.00,-1.00,-1.00,-1.00,-1.00
2022-12-24T12:16:16Z,"0002cc01000003e9","2250d1b010fd384604e611140361fa142af000000000000000ffffffffffffffffffffffff",3.52,,0.31,17,20.01,7.88,100325.00,0.00,0,0,0,0,,,-1.00,-1.00,-1.00,-1.00,-1.00,-1.00
2022-12-24T12:22:12Z,"0002cc01000003e9","2250d1b174fd384604e611140b61fb14380800000000000000ffffffffffffffffffffffff",3.52,,0.31,17,20.04,7.90,100331.00,8.00,0,0,0,0,,,-1.00,-1.00,-1.00,-1.00,-1.00,-1.00
2022-12-24T12:28:08Z,"0002cc01000003e9","2250d1b2d8fd384e04e611141861fe1440f000000000000000ffffffffffffffffffffffff",3.52,,0.31,17,20.09,7.91,100341.00,0.00,0,0,0,0,,,-1.00,-1.00,-1.00,-1.00,-1.00,-1.00
2022-12-24T12:34:04Z,"0002cc01000003e9","2250d1b43cfd384604e611141d61fc144ef000000000000000ffffffffffffffffffffffff",3.52,,0.31,17,20.11,7.93,100335.00,0.00,0,0,0,0,,,-1.00,-1.00,-1.00,-1.00,-1.00,-1.00
2022-12-24T12:40:01Z,"0002cc01000003e9","2250d1b5a1fd384604ee11142461fb143a0800000000000000ffffffffffffffffffffffff",3.52,,0.31,17,20.14,7.90,100328.00,8.00,0,0,0,0,,,-1.00,-1.00,-1.00,-1.00,-1.00,-1.00
2022-12-24T12:45:57Z,"0002cc01000003e9","2250d1b705fd384e04de11142961fe143af000000000000000ffffffffffffffffffffffff",3.52,,0.30,17,20.16,7.90,100341.00,0.00,0,0,0,0,,,-1.00,-1.00,-1.00,-1.00,-1.00,-1.00
2022-12-24T12:51:53Z,"0002cc01000003e9","2250d1b869fd384604e611142f62001424f000000000000000ffffffffffffffffffffffff",3.52,,0.31,17,20.18,7.87,100351.00,0.00,0,0,0,0,,,-1.00,-1.00,-1.00,-1.00,-1.00,-1.00
2022-12-24T12:57:49Z,"0002cc01000003e9","2250d1b9cdfd384604e61114346200141e0c00000000000000ffffffffffffffffffffffff",3.52,,0.31,17,20.20,7.86,100351.00,3.00,0,0,0,0,,,-1.00,-1.00,-1.00,-1.00,-1.00,-1.00
2022-12-24T13:03:45Z,"0002cc01000003e9","2250d1bb31fd384e04e61114396203141e0c80000000000000ffffffffffffffffffffffff",3.52,,0.31,17,20.22,7.86,100360.00,25.00,0,0,0,0,,,-1.00,-1.00,-1.00,-1.00,-1.00,-1.00
2022-12-24T13:09:41Z,"0002cc01000003e9","2250d1bc95fd384e04da11143e620114250c00000000000000ffffffffffffffffffffffff",3.52,,0.30,17,20.24,7.87,100353.00,3.00,0,0,0,0,,,-1.00,-1.00,-1.00,-1.00,-1.00,-1.00
2022-12-24T13:15:37Z,"0002cc01000003e9","2250d1bdf9fd384a04da11144161ff14110a00000000000000ffffffffffffffffffffffff",3.52,,0.30,17,20.25,7.84,100344.00,10.00,0,0,0,0,,,-1.00,-1.00,-1.00,-1.00,-1.00,-1.00
2022-12-24T13:21:33Z,"0002cc01000003e9","2250d1bf5dfd383e04da11144361ff1411f000000000000000ffffffffffffffffffffffff",3.52,,0.30,17,20.26,7.84,100347.00,0.00,0,0,0,0,,,-1.00,-1.00,-1.00,-1.00,-1.00,-1.00
2022-12-24T13:27:29Z,"0002cc01000003e9","2250d1c0c1fd383e04e611144661ff1418f000000000000000ffffffffffffffffffffffff",3.52,,0.31,17,20.27,7.85,100346.00,0.00,0,0,0,0,,,-1.00,-1.00,-1.00,-1.00,-1.00,-1.00
2022-12-24T13:33:25Z,"0002cc01000003e9","2250d1c225fd383e04e6111448620014180c00000000000000ffffffffffffffffffffffff",3.52,,0.31,17,20.28,7.85,100349.00,6.00,0,0,0,0,,,-1.00,-1.00,-1.00,-1.00,-1.00,-1.00
2022-12-24T13:39:21Z,"0002cc01000003e9","2250d1c389fd384604e6111446620214180c00000000000000ffffffffffffffffffffffff",3.52,,0.31,17,20.27,7.85,100357.00,3.00,0,0,0,0,,,-1.00,-1.00,-1.00,-1.00,-1.00,-1.00
2022-12-24T13:45:17Z,"0002cc01000003e9","2250d1c4edfd383e04da111446620414110e00000000000000ffffffffffffffffffffffff",3.52,,0.30,17,20.27,7.84,100365.00,7.00,0,0,0,0,,,-1.00,-1.00,-1.00,-1.00,-1.00,-1.00
2022-12-24T13:51:13Z,"0002cc01000003e9","2250d1c651fd383e04da111443620814180800000000000000ffffffffffffffffffffffff",3.52,,0.30,17,20.26,7.85,100380.00,2.00,0,0,0,0,,,-1.00,-1.00,-1.00,-1.00,-1.00,-1.00
2022-12-24T13:57:09Z,"0002cc01000003e9","2250d1c7b5fd383e04de11143e620c1411f000000000000000ffffffffffffffffffffffff",3.52,,0.30,17,20.24,7.84,100396.00,0.00,0,0,0,0,,,-1.00,-1.00,-1.00,-1.00,-1.00,-1.00
2022-12-24T14:03:06Z,"0002cc01000003e9","2250d1c91afd383e04e611143b620c14100d80000000000000ffffffffffffffffffffffff",3.52,,0.31,17,20.23,7.84,100397.00,27.00,0,0,0,0,,,-1.00,-1.00,-1.00,-1.00,-1.00,-1.00
2022-12-24T14:09:02Z,"0002cc01000003e9","2250d1ca7efd383e04e6111439620c14250b00000000000000ffffffffffffffffffffffff",3.52,,0.31,17,20.22,7.87,100399.00,11.00,0,0,0,0,,,-1.00,-1.00,-1.00,-1.00,-1.00,-1.00
2022-12-24T14:14:58Z,"0002cc01000003e9","2250d1cbe2fd383e04e6111431620b14010900000000000000ffffffffffffffffffffffff",3.52,,0.31,17,20.19,7.81,100393.00,18.00,0,0,0,0,,,-1.00,-1.00,-1.00,-1.00,-1.00,-1.00
2022-12-24T14:20:54Z,"0002cc01000003e9","2250d1cd46fd383e04de111431620d140f0900000000000000ffffffffffffffffffffffff",3.52,,0.30,17,20.19,7.84,100401.00,18.00,0,0,0,0,,,-1.00,-1.00,-1.00,-1.00,-1.00,-1.00
2022-12-24T14:26:50Z,"0002cc01000003e9","2250d1ceaafd383a04de11142f621214080a00000000000000ffffffffffffffffffffffff",3.51,,0.30,17,20.18,7.83,100421.00,5.00,0,0,0,0,,,-1.00,-1.00,-1.00,-1.00,-1.00,-1.00
2022-12-24T14:32:46Z,"0002cc01000003e9","2250d1d00efd384a04da1114296213141d0880000000000000ffffffffffffffffffffffff",3.52,,0.30,17,20.16,7.86,100426.00,34.00,0,0,0,0,,,-1.00,-1.00,-1.00,-1.00,-1.00,-1.00
2022-12-24T14:38:42Z,"0002cc01000003e9","2250d1d172fd384e04de111427621314240a00000000000000ffffffffffffffffffffffff",3.52,,0.30,17,20.15,7.87,100426.00,5.00,0,0,0,0,,,-1.00,-1.00,-1.00,-1.00,-1.00,-1.00
2022-12-24T14:44:38Z,"0002cc01000003e9","2250d1d2d6fd384a04da1114296214140f0c00000000000000ffffffffffffffffffffffff",3.52,,0.30,17,20.16,7.84,100428.00,48.00,0,0,0,0,,,-1.00,-1.00,-1.00,-1.00,-1.00,-1.00
2022-12-24T14:50:34Z,"0002cc01000003e9","2250d1d43afd383e04da1114296213141df000000000000000ffffffffffffffffffffffff",3.52,,0.30,17,20.16,7.86,100427.00,0.00,0,0,0,0,,,-1.00,-1.00,-1.00,-1.00,-1.00,-1.00
2022-12-24T14:56:30Z,"0002cc01000003e9","2250d1d59efd384604da111427621214320b00000000000000ffffffffffffffffffffffff",3.52,,0.30,17,20.15,7.89,100420.00,11.00,0,0,0,0,,,-1.00,-1.00,-1.00,-1.00,-1.00,-1.00
2022-12-24T15:02:26Z,"0002cc01000003e9","2250d1d702fd383e04de1114276213143a0800000000000000ffffffffffffffffffffffff",3.52,,0.30,17,20.15,7.90,100425.00,2.00,0,0,0,0,,,-1.00,-1.00,-1.00,-1.00,-1.00,-1.00
2022-12-24T15:08:22Z,"0002cc01000003e9","2250d1d866fd383e04de1114246212143a0900000000000000ffffffffffffffffffffffff",3.52,,0.30,17,20.14,7.90,100423.00,9.00,0,0,0,0,,,-1.00,-1.00,-1.00,-1.00,-1.00,-1.00
2022-12-24T15:14:18Z,"0002cc01000003e9","2250d1d9cafd383e04da111424621214410a80000000000000ffffffffffffffffffffffff",3.52,,0.30,17,20.14,7.91,100420.00,42.00,0,0,0,0,,,-1.00,-1.00,-1.00,-1.00,-1.00,-1.00
2022-12-24T15:20:14Z,"0002cc01000003e9","2250d1db2efd384604e611142262141440f000000000000000ffffffffffffffffffffffff",3.52,,0.31,17,20.13,7.91,100430.00,0.00,0,0,0,0,,,-1.00,-1.00,-1.00,-1.00,-1.00,-1.00
2022-12-24T15:26:11Z,"0002cc01000003e9","2250d1dc93fd383e04de111422621814470800000000000000ffffffffffffffffffffffff",3.52,,0.30,17,20.13,7.92,100447.00,8.00,0,0,0,0,,,-1.00,-1.00,-1.00,-1.00,-1.00,-1.00
2022-12-24T15:32:07Z,"0002cc01000003e9","2250d1ddf7fd383a04e611141f621a14470e00000000000000ffffffffffffffffffffffff",3.51,,0.31,17,20.12,7.92,100455.00,14.00,0,0,0,0,,,-1.00,-1.00,-1.00,-1.00,-1.00,-1.00
2022-12-24T15:38:03Z,"0002cc01000003e9","2250d1df5bfd383e04e611141d621e14550800000000000000ffffffffffffffffffffffff",3.52,,0.31,17,20.11,7.94,100468.00,1.00,0,0,0,0,,,-1.00,-1.00,-1.00,-1.00,-1.00,-1.00
2022-12-24T15:43:59Z,"0002cc01000003e9","2250d1e0bffd383e04e6111418621f14630e80000000000000ffffffffffffffffffffffff",3.52,,0.31,17,20.09,7.96,100473.00,29.00,0,0,0,0,,,-1.00,-1.00,-1.00,-1.00,-1.00,-1.00
2022-12-24T15:49:55Z,"0002cc01000003e9","2250d1e223fd383e04e61114126220146a0c00000000000000ffffffffffffffffffffffff",3.52,,0.31,17,20.07,7.97,100476.00,6.00,0,0,0,0,,,-1.00,-1.00,-1.00,-1.00,-1.00,-1.00
2022-12-24T15:55:51Z,"0002cc01000003e9","2250d1e387fd383e04da111415622214710a80000000000000ffffffffffffffffffffffff",3.52,,0.30,17,20.08,7.99,100484.00,21.00,0,0,0,0,,,-1.00,-1.00,-1.00,-1.00,-1.00,-1.00
2022-12-24T16:01:47Z,"0002cc01000003e9","2250d1e4ebfd383e04e6111412622214780800000000000000ffffffffffffffffffffffff",3.52,,0.31,17,20.07,8.00,100487.00,2.00,0,0,0,0,,,-1.00,-1.00,-1.00,-1.00,-1.00,-1.00
2022-12-24T16:07:43Z,"0002cc01000003e9","2250d1e64ffd383e04da1114156223147f0880000000000000ffffffffffffffffffffffff",3.52,,0.30,17,20.08,8.01,100491.00,17.00,0,0,0,0,,,-1.00,-1.00,-1.00,-1.00,-1.00,-1.00
2022-12-24T16:13:39Z,"0002cc01000003e9","2250d1e7b3fd384604e61114156225147ff000000000000000ffffffffffffffffffffffff",3.52,,0.31,17,20.08,8.01,100499.00,0.00,0,0,0,0,,,-1.00,-1.00,-1.00,-1.00,-1.00,-1.00
2022-12-24T16:19:35Z,"0002cc01000003e9","2250d1e917fd383e04e611141a622a147ff000000000000000ffffffffffffffffffffffff",3.52,,0.31,17,20.10,8.01,100517.00,0.00,0,0,0,0,,,-1.00,-1.00,-1.00,-1.00,-1.00,-1.00
2022-12-24T16:25:31Z,"0002cc01000003e9","2250d1ea7bfd384604de11141f622c148ef000000000000000ffffffffffffffffffffffff",3.52,,0.30,17,20.12,8.03,100527.00,0.00,0,0,0,0,,,-1.00,-1.00,-1.00,-1.00,-1.00,-1.00
2022-12-24T16:31:27Z,"0002cc01000003e9","2250d1ebdffd383e04da111424622b148e0900000000000000ffffffffffffffffffffffff",3.52,,0.30,17,20.14,8.03,100523.00,18.00,0,0,0,0,,,-1.00,-1.00,-1.00,-1.00,-1.00,-1.00
2022-12-24T16:37:23Z,"0002cc01000003e9","2250d1ed43fd383e04e6111429622b14a30b00000000000000ffffffffffffffffffffffff",3.52,,0.31,17,20.16,8.06,100523.00,22.00,0,0,0,0,,,-1.00,-1.00,-1.00,-1.00,-1.00,-1.00
2022-12-24T16:43:19Z,"0002cc01000003e9","2250d1eea7fd383e04e6111434622c14b20a00000000000000ffffffffffffffffffffffff",3.52,,0.31,17,20.20,8.08,100527.00,5.00,0,0,0,0,,,-1.00,-1.00,-1.00,-1.00,-1.00,-1.00
2022-12-24T16:49:16Z,"0002cc01000003e9","2250d1f00cfd383a04e611143b622d14b90a00000000000000ffffffffffffffffffffffff",3.51,,0.31,17,20.23,8.09,100528.00,5.00,0,0,0,0,,,-1.00,-1.00,-1.00,-1.00,-1.00,-1.00
2022-12-24T16:55:12Z,"0002cc01000003e9","2250d1f170fd383e04de11143e622c14c80800000000000000ffffffffffffffffffffffff",3.52,,0.30,17,20.24,8.12,100526.00,16.00,0,0,0,0,,,-1.00,-1.00,-1.00,-1.00,-1.00,-1.00
2022-12-24T17:01:08Z,"0002cc01000003e9","2250d1f2d4fd383e04e6111441622814d60e80000000000000ffffffffffffffffffffffff",3.52,,0.31,17,20.25,8.14,100511.00,29.00,0,0,0,0,,,-1.00,-1.00,-1.00,-1.00,-1.00,-1.00
2022-12-24T17:07:04Z,"0002cc01000003e9","2250d1f438fd384604da11143e622914e40980000000000000ffffffffffffffffffffffff",3.52,,0.30,17,20.24,8.16,100515.00,38.00,0,0,0,0,,,-1.00,-1.00,-1.00,-1.00,-1.00,-1.00
2022-12-24T17:13:00Z,"0002cc01000003e9","2250d1f59cfd383e04e611143b622814f9f000000000000000ffffffffffffffffffffffff",3.52,,0.31,17,20.23,8.19,100509.00,0.00,0,0,0,0,,,-1.00,-1.00,-1.00,-1.00,-1.00,-1.00
2022-12-24T17:18:56Z,"0002cc01000003e9","2250d1f700fd383a04de111436622b150d0800000000000000ffffffffffffffffffffffff",3.51,,0.30,17,20.21,8.22,100522.00,8.00,0,0,0,0,,,-1.00,-1.00,-1.00,-1.00,-1.00,-1.00
2022-12-24T17:24:52Z,"0002cc01000003e9","2250d1f864fd384604de111434622a15140d80000000000000ffffffffffffffffffffffff",3.52,,0.30,17,20.20,8.23,100517.00,27.00,0,0,0,0,,,-1.00,-1.00,-1.00,-1.00,-1.00,-1.00
2022-12-24T17:30:48Z,"0002cc01000003e9","2250d1f9c8fd383a04da11142f6229151b0d00000000000000ffffffffffffffffffffffff",3.51,,0.30,17,20.18,8.25,100515.00,26.00,0,0,0,0,,,-1.00,-1.00,-1.00,-1.00,-1.00,-1.00
2022-12-24T17:36:44Z,"0002cc01000003e9","2250d1fb2cfd383e04e611142c622915290a00000000000000ffffffffffffffffffffffff",3.52,,0.31,17,20.17,8.27,100514.00,20.00,0,0,0,0,,,-1.00,-1.00,-1.00,-1.00,-1.00,-1.00
2022-12-24T17:42:40Z,"0002cc01000003e9","2250d1fc90fd383e04da111427623015370a00000000000000ffffffffffffffffffffffff",3.52,,0.30,17,20.15,8.29,100542.00,20.00,0,0,0,0,,,-1.00,-1.00,-1.00,-1.00,-1.00,-1.00
2022-12-24T17:48:36Z,"0002cc01000003e9","2250d1fdf4fd383e04da111422622f15610940000000000000ffffffffffffffffffffffff",3.52,,0.30,17,20.13,8.35,100537.00,37.00,0,0,0,0,,,-1.00,-1.00,-1.00,-1.00,-1.00,-1.00
2022-12-24T17:54:32Z,"0002cc01000003e9","2250d1ff58fd383e04e611141d622e157609c0000000000000ffffffffffffffffffffffff",3.52,,0.31,17,20.11,8.38,100535.00,39.00,0,0,0,0,,,-1.00,-1.00,-1.00,-1.00,-1.00,-1.00
2022-12-24T18:00:29Z,"0002cc01000003e9","2250d200bdfd383e04e6111418623115840800000000000000ffffffffffffffffffffffff",3.52,,0.31,17,20.09,8.40,100544.00,2.00,0,0,0,0,,,-1.00,-1.00,-1.00,-1.00,-1.00,-1.00
2022-12-24T18:06:25Z,"0002cc01000003e9","2250d20221fd383e04e6111415622c15a00a00000000000000ffffffffffffffffffffffff",3.52,,0.31,17,20.08,8.45,100527.00,10.00,0,0,0,0,,,-1.00,-1.00,-1.00,-1.00,-1.00,-1.00
2022-12-24T18:12:21Z,"0002cc01000003e9","2250d20385fd383a04e6111412622715bc0b40000000000000ffffffffffffffffffffffff",3.51,,0.31,17,20.07,8.49,100504.00,45.00,0,0,0,0,,,-1.00,-1.00,-1.00,-1.00,-1.00,-1.00
2022-12-24T18:18:17Z,"0002cc01000003e9","2250d204e9fd383604e6111412622615df0800000000000000ffffffffffffffffffffffff",3.51,,0.31,17,20.07,8.54,100500.00,8.00,0,0,0,0,,,-1.00,-1.00,-1.00,-1.00,-1.00,-1.00
2022-12-24T18:24:13Z,"0002cc01000003e9","2250d2064dfd383e04e6111412622515f40b80000000000000ffffffffffffffffffffffff",3.52,,0.31,17,20.07,8.58,100499.00,46.00,0,0,0,0,,,-1.00,-1.00,-1.00,-1.00,-1.00,-1.00
2022-12-24T18:30:09Z,"0002cc01000003e9","2250d207b1fd383e04da1114156223160a0c00000000000000ffffffffffffffffffffffff",3.52,,0.30,17,20.08,8.61,100489.00,3.00,0,0,0,0,,,-1.00,-1.00,-1.00,-1.00,-1.00,-1.00
2022-12-24T18:36:05Z,"0002cc01000003e9","2250d20915fd384204da111441622216040b80000000000000ffffffffffffffffffffffff",3.52,,0.30,17,20.25,8.60,100485.00,23.00,0,0,0,0,,,-1.00,-1.00,-1.00,-1.00,-1.00,-1.00
2022-12-24T18:42:01Z,"0002cc01000003e9","2250d20a79fd383e04da111450622616290e00000000000000ffffffffffffffffffffffff",3.52,,0.30,17,20.31,8.66,100500.00,7.00,0,0,0,0,,,-1.00,-1.00,-1.00,-1.00,-1.00,-1.00
2022-12-24T18:47:57Z,"0002cc01000003e9","2250d20bddfd383a04e61114466226161af000000000000000ffffffffffffffffffffffff",3.51,,0.31,17,20.27,8.63,100503.00,0.00,0,0,0,0,,,-1.00,-1.00,-1.00,-1.00,-1.00,-1.00
2022-12-24T18:53:53Z,"0002cc01000003e9","2250d20d41fd383a04da11143b622716210f00000000000000ffffffffffffffffffffffff",3.51,,0.30,17,20.23,8.64,100507.00,30.00,0,0,0,0,,,-1.00,-1.00,-1.00,-1.00,-1.00,-1.00
2022-12-24T18:59:49Z,"0002cc01000003e9","2250d20ea5fd383e04de11142f622516350b00000000000000ffffffffffffffffffffffff",3.52,,0.30,17,20.18,8.67,100499.00,11.00,0,0,0,0,,,-1.00,-1.00,-1.00,-1.00,-1.00,-1.00
2022-12-24T19:05:45Z,"0002cc01000003e9","2250d21009fd384204e6111429622216350d80000000000000ffffffffffffffffffffffff",3.52,,0.31,17,20.16,8.67,100487.00,27.00,0,0,0,0,,,-1.00,-1.00,-1.00,-1.00,-1.00,-1.00
2022-12-24T19:11:41Z,"0002cc01000003e9","2250d2116dfd383a04da11142f622316430f00000000000000ffffffffffffffffffffffff",3.51,,0.30,17,20.18,8.70,100490.00,15.00,0,0,0,0,,,-1.00,-1.00,-1.00,-1.00,-1.00,-1.00
2022-12-24T19:17:37Z,"0002cc01000003e9","2250d212d1fd383e04e611142f622116510f00000000000000ffffffffffffffffffffffff",3.52,,0.31,17,20.18,8.72,100482.00,30.00,0,0,0,0,,,-1.00,-1.00,-1.00,-1.00,-1.00,-1.00
2022-12-24T19:23:34Z,"0002cc01000003e9","2250d21436fd383a04da1114296221166df000000000000000ffffffffffffffffffffffff",3.51,,0.30,17,20.16,8.76,100482.00,0.00,0,0,0,0,,,-1.00,-1.00,-1.00,-1.00,-1.00,-1.00
2022-12-24T19:29:30Z,"0002cc01000003e9","2250d2159afd384204ee1114276222167b0800000000000000ffffffffffffffffffffffff",3.52,,0.31,17,20.15,8.78,100484.00,16.00,0,0,0,0,,,-1.00,-1.00,-1.00,-1.00,-1.00,-1.00
2022-12-24T19:35:26Z,"0002cc01000003e9","2250d216fefd383a04da111424622116820840000000000000ffffffffffffffffffffffff",3.51,,0.30,17,20.14,8.79,100483.00,33.00,0,0,0,0,,,-1.00,-1.00,-1.00,-1.00,-1.00,-1.00
2022-12-24T19:41:22Z,"0002cc01000003e9","2250d21862fd383a04de11142f622016a60f00000000000000ffffffffffffffffffffffff",3.51,,0.30,17,20.18,8.85,100476.00,30.00,0,0,0,0,,,-1.00,-1.00,-1.00,-1.00,-1.00,-1.00
2022-12-24T19:47:18Z,"0002cc01000003e9","2250d219c6fd383a04e6111431621f169808c0000000000000ffffffffffffffffffffffff",3.51,,0.31,17,20.19,8.83,100474.00,35.00,0,0,0,0,,,-1.00,-1.00,-1.00,-1.00,-1.00,-1.00
2022-12-24T19:53:14Z,"0002cc01000003e9","2250d21b2afd382e04e611142f621f16a60880000000000000ffffffffffffffffffffffff",3.51,,0.31,17,20.18,8.85,100474.00,17.00,0,0,0,0,,,-1.00,-1.00,-1.00,-1.00,-1.00,-1.00
2022-12-24T19:59:10Z,"0002cc01000003e9","2250d21c8efd383a04da11142c621f16910e80000000000000ffffffffffffffffffffffff",3.51,,0.30,17,20.17,8.81,100474.00,29.00,0,0,0,0,,,-1.00,-1.00,-1.00,-1.00,-1.00,-1.00
2022-12-24T20:05:06Z,"0002cc01000003e9","2250d21df2fd383a04da1114296220169f0bc0000000000000ffffffffffffffffffffffff",3.51,,0.30,17,20.16,8.84,100476.00,47.00,0,0,0,0,,,-1.00,-1.00,-1.00,-1.00,-1.00,-1.00
2022-12-24T20:11:02Z,"0002cc01000003e9","2250d21f56fd383a04de111427621e16bb09c0000000000000ffffffffffffffffffffffff",3.51,,0.30,17,20.15,8.88,100471.00,39.00,0,0,0,0,,,-1.00,-1.00,-1.00,-1.00,-1.00,-1.00
2022-12-24T20:16:58Z,"0002cc01000003e9","2250d220bafd383a04e6111424621d16bb0f80000000000000ffffffffffffffffffffffff",3.51,,0.31,17,20.14,8.88,100465.00,31.00,0,0,0,0,,,-1.00,-1.00,-1.00,-1.00,-1.00,-1.00
2022-12-24T20:22:54Z,"0002cc01000003e9","2250d2221efd384204da111424621e16c90980000000000000ffffffffffffffffffffffff",3.52,,0.30,17,20.14,8.90,100470.00,38.00,0,0,0,0,,,-1.00,-1.00,-1.00,-1.00,-1.00,-1.00
2022-12-24T20:28:50Z,"0002cc01000003e9","2250d22382fd383a04e6111424622016d00f00000000000000ffffffffffffffffffffffff",3.51,,0.31,17,20.14,8.91,100476.00,60.00,0,0,0,0,,,-1.00,-1.00,-1.00,-1.00,-1.00,-1.00
2022-12-24T20:34:46Z,"0002cc01000003e9","2250d224e6fd383a04e6111424622116de0900000000000000ffffffffffffffffffffffff",3.51,,0.31,17,20.14,8.93,100483.00,36.00,0,0,0,0,,,-1.00,-1.00,-1.00,-1.00,-1.00,-1.00
2022-12-24T20:40:43Z,"0002cc01000003e9","2250d2264bfd383a04e6111427622216e50bc0000000000000ffffffffffffffffffffffff",3.51,,0.31,17,20.15,8.94,100484.00,47.00,0,0,0,0,,,-1.00,-1.00,-1.00,-1.00,-1.00,-1.00
2022-12-24T20:46:39Z,"0002cc01000003e9","2250d227affd383604e2111427622216d70840000000000000ffffffffffffffffffffffff",3.51,,0.31,17,20.15,8.92,100485.00,66.00,0,0,0,0,,,-1.00,-1.00,-1.00,-1.00,-1.00,-1.00
2022-12-24T20:52:35Z,"0002cc01000003e9","2250d22913fd383a04de111429622416e50f80000000000000ffffffffffffffffffffffff",3.51,,0.30,17,20.16,8.94,100492.00,31.00,0,0,0,0,,,-1.00,-1.00,-1.00,-1.00,-1.00,-1.00
2022-12-24T20:58:31Z,"0002cc01000003e9","2250d22a77fd383a04e611142c622516ec08c0000000000000ffffffffffffffffffffffff",3.51,,0.31,17,20.17,8.95,100498.00,35.00,0,0,0,0,,,-1.00,-1.00,-1.00,-1.00,-1.00,-1.00
2022-12-24T21:04:27Z,"0002cc01000003e9","2250d22bdbfd383a04da11142f622716d70d80000000000000ffffffffffffffffffffffff",3.51,,0.30,17,20.18,8.92,100505.00,27.00,0,0,0,0,,,-1.00,-1.00,-1.00,-1.00,-1.00,-1.00
2022-12-24T21:10:23Z,"0002cc01000003e9","2250d22d3ffd383a04e6111431622716c20d80000000000000ffffffffffffffffffffffff",3.51,,0.31,17,20.19,8.89,100505.00,27.00,0,0,0,0,,,-1.00,-1.00,-1.00,-1.00,-1.00,-1.00
2022-12-24T21:16:19Z,"0002cc01000003e9","2250d22ea3fd383a04da11142f622816d00840000000000000ffffffffffffffffffffffff",3.51,,0.30,17,20.18,8.91,100511.00,33.00,0,0,0,0,,,-1.00,-1.00,-1.00,-1.00,-1.00,-1.00
2022-12-24T21:22:15Z,"0002cc01000003e9","2250d23007fd383a04da11142f622916de0800000000000000ffffffffffffffffffffffff",3.51,,0.30,17,20.18,8.93,100512.00,16.00,0,0,0,0,,,-1.00,-1.00,-1.00,-1.00,-1.00,-1.00
2022-12-24T21:28:11Z,"0002cc01000003e9","2250d2316bfd383204da11142c622a16c20a00000000000000ffffffffffffffffffffffff",3.51,,0.30,17,20.17,8.89,100516.00,20.00,0,0,0,0,,,-1.00,-1.00,-1.00,-1.00,-1.00,-1.00
2022-12-24T21:34:07Z,"0002cc01000003e9","2250d232cffd384204e611142c622b169f0d00000000000000ffffffffffffffffffffffff",3.52,,0.31,17,20.17,8.84,100522.00,13.00,0,0,0,0,,,-1.00,-1.00,-1.00,-1.00,-1.00,-1.00
2022-12-24T21:40:03Z,"0002cc01000003e9","2250d23433fd384204e61114296229169f0e00000000000000ffffffffffffffffffffffff",3.52,,0.31,17,20.16,8.84,100514.00,14.00,0,0,0,0,,,-1.00,-1.00,-1.00,-1.00,-1.00,-1.00
2022-12-24T21:45:59Z,"0002cc01000003e9","2250d23597fd383204de111429622816820e00000000000000ffffffffffffffffffffffff",3.51,,0.30,17,20.16,8.79,100508.00,14.00,0,0,0,0,,,-1.00,-1.00,-1.00,-1.00,-1.00,-1.00
2022-12-24T21:51:55Z,"0002cc01000003e9","2250d236fbfd383a04e611142c622816820a80000000000000ffffffffffffffffffffffff",3.51,,0.31,17,20.17,8.79,100509.00,21.00,0,0,0,0,,,-1.00,-1.00,-1.00,-1.00,-1.00,-1.00
2022-12-24T21:57:51Z,"0002cc01000003e9","2250d2385ffd383204e6111429622916980880000000000000ffffffffffffffffffffffff",3.51,,0.31,17,20.16,8.83,100512.00,17.00,0,0,0,0,,,-1.00,-1.00,-1.00,-1.00,-1.00,-1.00
2022-12-24T22:03:48Z,"0002cc01000003e9","2250d239c4fd383a04da1114296229168a0800000000000000ffffffffffffffffffffffff",3.51,,0.30,17,20.16,8.80,100515.00,2.00,0,0,0,0,,,-1.00,-1.00,-1.00,-1.00,-1.00,-1.00
2022-12-24T22:09:44Z,"0002cc01000003e9","2250d23b28fd383204e6111427622916740e00000000000000ffffffffffffffffffffffff",3.51,,0.31,17,20.15,8.77,100513.00,7.00,0,0,0,0,,,-1.00,-1.00,-1.00,-1.00,-1.00,-1.00
2022-12-24T22:15:40Z,"0002cc01000003e9","2250d23c8cfd383a04e6111427622816580a80000000000000ffffffffffffffffffffffff",3.51,,0.31,17,20.15,8.73,100511.00,21.00,0,0,0,0,,,-1.00,-1.00,-1.00,-1.00,-1.00,-1.00
2022-12-24T22:21:36Z,"0002cc01000003e9","2250d23df0fd383a04e61114246227164a0a00000000000000ffffffffffffffffffffffff",3.51,,0.31,17,20.14,8.71,100504.00,5.00,0,0,0,0,,,-1.00,-1.00,-1.00,-1.00,-1.00,-1.00
2022-12-24T22:27:32Z,"0002cc01000003e9","2250d23f54fd383a04da111422622a16510c00000000000000ffffffffffffffffffffffff",3.51,,0.30,17,20.13,8.72,100519.00,12.00,0,0,0,0,,,-1.00,-1.00,-1.00,-1.00,-1.00,-1.00
2022-12-24T22:33:28Z,"0002cc01000003e9","2250d240b8fd383204da11141f622a16510e00000000000000ffffffffffffffffffffffff",3.51,,0.30,17,20.12,8.72,100518.00,7.00,0,0,0,0,,,-1.00,-1.00,-1.00,-1.00,-1.00,-1.00
2022-12-24T22:39:24Z,"0002cc01000003e9","2250d2421cfd383a04ee11141f6229164af000000000000000ffffffffffffffffffffffff",3.51,,0.31,17,20.12,8.71,100513.00,0.00,0,0,0,0,,,-1.00,-1.00,-1.00,-1.00,-1.00,-1.00
2022-12-24T22:45:20Z,"0002cc01000003e9","2250d24380fd383a04e611141d6229165e0a00000000000000ffffffffffffffffffffffff",3.51,,0.31,17,20.11,8.74,100515.00,10.00,0,0,0,0,,,-1.00,-1.00,-1.00,-1.00,-1.00,-1.00
2022-12-24T22:51:16Z,"0002cc01000003e9","2250d244e4fd383204e611141a6227166c0b00000000000000ffffffffffffffffffffffff",3.51,,0.31,17,20.10,8.76,100507.00,11.00,0,0,0,0,,,-1.00,-1.00,-1.00,-1.00,-1.00,-1.00
2022-12-24T22:57:12Z,"0002cc01000003e9","2250d24648fd383204da11141a62261673f000000000000000ffffffffffffffffffffffff",3.51,,0.30,17,20.10,8.77,100503.00,0.00,0,0,0,0,,,-1.00,-1.00,-1.00,-1.00,-1.00,-1.00
2022-12-24T23:03:08Z,"0002cc01000003e9","2250d247acfd383a04e6111418622516810e00000000000000ffffffffffffffffffffffff",3.51,,0.31,17,20.09,8.79,100497.00,14.00,0,0,0,0,,,-1.00,-1.00,-1.00,-1.00,-1.00,-1.00
2022-12-24T23:09:04Z,"0002cc01000003e9","2250d24910fd383204e611141862261696f000000000000000ffffffffffffffffffffffff",3.51,,0.31,17,20.09,8.82,100503.00,0.00,0,0,0,0,,,-1.00,-1.00,-1.00,-1.00,-1.00,-1.00
2022-12-24T23:15:00Z,"0002cc01000003e9","2250d24a74fd383604da111418622916960a00000000000000ffffffffffffffffffffffff",3.51,,0.30,17,20.09,8.82,100512.00,20.00,0,0,0,0,,,-1.00,-1.00,-1.00,-1.00,-1.00,-1.00
2022-12-24T23:20:57Z,"0002cc01000003e9","2250d24bd9fd383204e211141862291688f000000000000000ffffffffffffffffffffffff",3.51,,0.31,17,20.09,8.80,100513.00,0.00,0,0,0,0,,,-1.00,-1.00,-1.00,-1.00,-1.00,-1.00
2022-12-24T23:26:52Z,"0002cc01000003e9","2250d24d3cfd383204da111415622b168ff000000000000000ffffffffffffffffffffffff",3.51,,0.30,17,20.08,8.81,100520.00,0.00,0,0,0,0,,,-1.00,-1.00,-1.00,-1.00,-1.00,-1.00
2022-12-24T23:32:49Z,"0002cc01000003e9","2250d24ea1fd383204e6111415622916a4f000000000000000ffffffffffffffffffffffff",3.51,,0.31,17,20.08,8.84,100515.00,0.00,0,0,0,0,,,-1.00,-1.00,-1.00,-1.00,-1.00,-1.00
2022-12-24T23:38:45Z,"0002cc01000003e9","2250d25005fd383204da111412622a16cf0c00000000000000ffffffffffffffffffffffff",3.51,,0.30,17,20.07,8.91,100518.00,6.00,0,0,0,0,,,-1.00,-1.00,-1.00,-1.00,-1.00,-1.00
2022-12-24T23:44:41Z,"0002cc01000003e9","2250d25169fd383a04da111410622b16ebf000000000000000ffffffffffffffffffffffff",3.51,,0.30,17,20.06,8.95,100522.00,0.00,0,0,0,0,,,-1.00,-1.00,-1.00,-1.00,-1.00,-1.00
2022-12-24T23:50:37Z,"0002cc01000003e9","2250d252cdfd383204e61114106229170e0d00000000000000ffffffffffffffffffffffff",3.51,,0.31,17,20.06,9.01,100513.00,13.00,0,0,0,0,,,-1.00,-1.00,-1.00,-1.00,-1.00,-1.00
2022-12-24T23:56:33Z,"0002cc01000003e9","2250d25431fd383a04e61114126229172a0a00000000000000ffffffffffffffffffffffff",3.51,,0.31,17,20.07,9.05,100512.00,5.00,0,0,0,0,,,-1.00,-1.00,-1.00,-1.00,-1.00,-1.00
