Time,DevEUI,Raw,Vbat,Vsystem,Vbus,BootCount,T,RH,P,Light,P[0].delta,P[0].total,P[1].delta,P[1].total,Act[7],Act[6],Act[5],Act[4],Act[3],Act[2],Act[1],Act[0]
2022-12-14T00:03:56Z,"0002cc01000003e9","2250c3d56cfd398204fa1115c1609e5b2b1934000000000000ffffffffffffffffffffffff",3.59,,0.31,17,21.75,35.61,98933.00,589.00,0,0,0,0,,,-1.00,-1.00,-1.00,-1.00,-1.00,-1.00
2022-12-14T00:09:51Z,"0002cc01000003e9","2250c3d6cffd398605031115c3609a5bd51928000000000000ffffffffffffffffffffffff",3.60,,0.31,17,21.76,35.87,98918.00,586.00,0,0,0,0,,,-1.00,-1.00,-1.00,-1.00,-1.00,-1.00
2022-12-14T00:15:48Z,"0002cc01000003e9","2250c3d834fd398205031115c360975bff18dc000000000000ffffffffffffffffffffffff",3.59,,0.31,17,21.76,35.94,98907.00,567.00,0,0,0,0,,,-1.00,-1.00,-1.00,-1.00,-1.00,-1.00
2022-12-14T00:21:44Z,"0002cc01000003e9","2250c3d998fd397d04fa1115c160915bfe195c000000000000ffffffffffffffffffffffff",3.59,,0.31,17,21.75,35.94,98883.00,599.00,0,0,0,0,,,-1.00,-1.00,-1.00,-1.00,-1.00,-1.00
2022-12-14T00:27:40Z,"0002cc01000003e9","2250c3dafcfd397d05031115be608e5c671948000000000000ffffffffffffffffffffffff",3.59,,0.31,17,21.74,36.10,98868.00,594.00,0,0,0,0,,,-1.00,-1.00,-1.00,-1.00,-1.00,-1.00
2022-12-14T00:33:36Z,"0002cc01000003e9","2250c3dc60fd397d05031115be60945c2e0fb0000000000000ffffffffffffffffffffffff",3.59,,0.31,17,21.74,36.01,98895.00,502.00,0,0,0,0,,,-1.00,-1.00,-1.00,-1.00,-1.00,-1.00
2022-12-14T00:39:32Z,"0002cc01000003e9","2250c3ddc4fd397d04fa1115c1608c5cbc1884000000000000ffffffffffffffffffffffff",3.59,,0.31,17,21.75,36.22,98860.00,545.00,0,0,0,0,,,-1.00,-1.00,-1.00,-1.00,-1.00,-1.00
2022-12-14T00:45:28Z,"0002cc01000003e9","2250c3df28fd397d04fa1115c8608f5d20194c000000000000ffffffffffffffffffffffff",3.59,,0.31,17,21.78,36.38,98875.00,595.00,0,0,0,0,,,-1.00,-1.00,-1.00,-1.00,-1.00,-1.00
2022-12-14T00:51:24Z,"0002cc01000003e9","2250c3e08cfd398604fa1115cd608f5d3518f0000000000000ffffffffffffffffffffffff",3.60,,0.31,17,21.80,36.41,98873.00,572.00,0,0,0,0,,,-1.00,-1.00,-1.00,-1.00,-1.00,-1.00
2022-12-14T00:57:20Z,"0002cc01000003e9","2250c3e1f0fd398604fa1115d8608f5d23193c000000000000ffffffffffffffffffffffff",3.60,,0.31,17,21.84,36.38,98872.00,591.00,0,0,0,0,,,-1.00,-1.00,-1.00,-1.00,-1.00,-1.00
2022-12-14T01:03:16Z,"0002cc01000003e9","2250c3e354fd398605031115d8608b5d45189c000000000000ffffffffffffffffffffffff",3.60,,0.31,17,21.84,36.43,98859.00,551.00,0,0,0,0,,,-1.00,-1.00,-1.00,-1.00,-1.00,-1.00
2022-12-14T01:09:12Z,"0002cc01000003e9","2250c3e4b8fd398605031115d8608a5ef90d00000000000000ffffffffffffffffffffffff",3.60,,0.31,17,21.84,37.10,98852.00,26.00,0,0,0,0,,,-1.00,-1.00,-1.00,-1.00,-1.00,-1.00
2022-12-14T01:15:08Z,"0002cc01000003e9","2250c3e61cfd398204fa1115cd608a5eb70800000000000000ffffffffffffffffffffffff",3.59,,0.31,17,21.80,37.00,98855.00,2.00,0,0,0,0,,,-1.00,-1.00,-1.00,-1.00,-1.00,-1.00
2022-12-14T01:21:04Z,"0002cc01000003e9","2250c3e780fd398605031115b4607d5f990e00000000000000ffffffffffffffffffffffff",3.60,,0.31,17,21.70,37.34,98801.00,7.00,0,0,0,0,,,-1.00,-1.00,-1.00,-1.00,-1.00,-1.00
2022-12-14T01:27:00Z,"0002cc01000003e9","2250c3e8e4fd3975050711159d60766060f000000000000000ffffffffffffffffffffffff",3.59,,0.31,17,21.61,37.65,98773.00,0.00,0,0,0,0,,,-1.00,-1.00,-1.00,-1.00,-1.00,-1.00
2022-12-14T01:32:56Z,"0002cc01000003e9","2250c3ea48fd398604fa11158d607e60daf000000000000000ffffffffffffffffffffffff",3.60,,0.31,17,21.55,37.83,98805.00,0.00,0,0,0,0,,,-1.00,-1.00,-1.00,-1.00,-1.00,-1.00
2022-12-14T01:38:52Z,"0002cc01000003e9","2250c3ebacfd3986050711157e6077614e0e00000000000000ffffffffffffffffffffffff",3.60,,0.31,17,21.49,38.01,98776.00,7.00,0,0,0,0,,,-1.00,-1.00,-1.00,-1.00,-1.00,-1.00
2022-12-14T01:44:48Z,"0002cc01000003e9","2250c3ed10fd398604fa111574607a61990900000000000000ffffffffffffffffffffffff",3.60,,0.31,17,21.45,38.12,98791.00,18.00,0,0,0,0,,,-1.00,-1.00,-1.00,-1.00,-1.00,-1.00
2022-12-14T01:50:44Z,"0002cc01000003e9","2250c3ee74fd397d050311156c607762400800000000000000ffffffffffffffffffffffff",3.59,,0.31,17,21.42,38.38,98776.00,2.00,0,0,0,0,,,-1.00,-1.00,-1.00,-1.00,-1.00,-1.00
2022-12-14T01:56:40Z,"0002cc01000003e9","2250c3efd8fd398604fa111567607462990880000000000000ffffffffffffffffffffffff",3.60,,0.31,17,21.40,38.52,98767.00,17.00,0,0,0,0,,,-1.00,-1.00,-1.00,-1.00,-1.00,-1.00
2022-12-14T02:02:36Z,"0002cc01000003e9","2250c3f13cfd3986050311155d6073631cf000000000000000ffffffffffffffffffffffff",3.60,,0.31,17,21.36,38.71,98761.00,0.00,0,0,0,0,,,-1.00,-1.00,-1.00,-1.00,-1.00,-1.00
2022-12-14T02:08:32Z,"0002cc01000003e9","2250c3f2a0fd398204fa111555607863a70900000000000000ffffffffffffffffffffffff",3.59,,0.31,17,21.33,38.93,98781.00,9.00,0,0,0,0,,,-1.00,-1.00,-1.00,-1.00,-1.00,-1.00
2022-12-14T02:14:28Z,"0002cc01000003e9","2250c3f404fd397d04fa11154d607463c70b00000000000000ffffffffffffffffffffffff",3.59,,0.31,17,21.30,38.98,98767.00,22.00,0,0,0,0,,,-1.00,-1.00,-1.00,-1.00,-1.00,-1.00
2022-12-14T02:20:24Z,"0002cc01000003e9","2250c3f568fd39860503111546607264590c00000000000000ffffffffffffffffffffffff",3.60,,0.31,17,21.27,39.20,98757.00,6.00,0,0,0,0,,,-1.00,-1.00,-1.00,-1.00,-1.00,-1.00
2022-12-14T02:26:21Z,"0002cc01000003e9","2250c3f6cdfd3982050311153e60696497f000000000000000ffffffffffffffffffffffff",3.59,,0.31,17,21.24,39.29,98721.00,0.00,0,0,0,0,,,-1.00,-1.00,-1.00,-1.00,-1.00,-1.00
2022-12-14T02:32:17Z,"0002cc01000003e9","2250c3f831fd39750503111539607164f70c80000000000000ffffffffffffffffffffffff",3.59,,0.31,17,21.22,39.44,98755.00,25.00,0,0,0,0,,,-1.00,-1.00,-1.00,-1.00,-1.00,-1.00
2022-12-14T02:38:13Z,"0002cc01000003e9","2250c3f995fd398205031115346073654a0800000000000000ffffffffffffffffffffffff",3.59,,0.31,17,21.20,39.57,98760.00,2.00,0,0,0,0,,,-1.00,-1.00,-1.00,-1.00,-1.00,-1.00
2022-12-14T02:44:09Z,"0002cc01000003e9","2250c3faf9fd3975050311152f6072656b0b00000000000000ffffffffffffffffffffffff",3.59,,0.31,17,21.18,39.62,98757.00,11.00,0,0,0,0,,,-1.00,-1.00,-1.00,-1.00,-1.00,-1.00
2022-12-14T02:50:05Z,"0002cc01000003e9","2250c3fc5dfd397d0503111529606f65a9f000000000000000ffffffffffffffffffffffff",3.59,,0.31,17,21.16,39.71,98747.00,0.00,0,0,0,0,,,-1.00,-1.00,-1.00,-1.00,-1.00,-1.00
2022-12-14T02:56:01Z,"0002cc01000003e9","2250c3fdc1fd39790503111524606f66200880000000000000ffffffffffffffffffffffff",3.59,,0.31,17,21.14,39.89,98744.00,17.00,0,0,0,0,,,-1.00,-1.00,-1.00,-1.00,-1.00,-1.00
2022-12-14T03:01:57Z,"0002cc01000003e9","2250c3ff25fd398605031115226067667a0900000000000000ffffffffffffffffffffffff",3.60,,0.31,17,21.13,40.03,98714.00,18.00,0,0,0,0,,,-1.00,-1.00,-1.00,-1.00,-1.00,-1.00
2022-12-14T03:07:53Z,"0002cc01000003e9","2250c40089fd39820503111522606366c7f000000000000000ffffffffffffffffffffffff",3.59,,0.31,17,21.13,40.15,98698.00,0.00,0,0,0,0,,,-1.00,-1.00,-1.00,-1.00,-1.00,-1.00
2022-12-14T03:13:49Z,"0002cc01000003e9","2250c401edfd397d050711151d606567120800000000000000ffffffffffffffffffffffff",3.59,,0.31,17,21.11,40.26,98706.00,8.00,0,0,0,0,,,-1.00,-1.00,-1.00,-1.00,-1.00,-1.00
2022-12-14T03:19:45Z,"0002cc01000003e9","2250c40351fd3975050311151a6060675ef000000000000000ffffffffffffffffffffffff",3.59,,0.31,17,21.10,40.38,98685.00,0.00,0,0,0,0,,,-1.00,-1.00,-1.00,-1.00,-1.00,-1.00
2022-12-14T03:25:41Z,"0002cc01000003e9","2250c404b5fd397d0503111515605867c0f000000000000000ffffffffffffffffffffffff",3.59,,0.31,17,21.08,40.53,98655.00,0.00,0,0,0,0,,,-1.00,-1.00,-1.00,-1.00,-1.00,-1.00
2022-12-14T03:31:37Z,"0002cc01000003e9","2250c40619fd397d0503111512605b680cf000000000000000ffffffffffffffffffffffff",3.59,,0.31,17,21.07,40.64,98665.00,0.00,0,0,0,0,,,-1.00,-1.00,-1.00,-1.00,-1.00,-1.00
2022-12-14T03:37:33Z,"0002cc01000003e9","2250c4077dfd39860503111510605968eb0880000000000000ffffffffffffffffffffffff",3.60,,0.31,17,21.06,40.98,98657.00,17.00,0,0,0,0,,,-1.00,-1.00,-1.00,-1.00,-1.00,-1.00
2022-12-14T03:43:29Z,"0002cc01000003e9","2250c408e1fd397504fa111508604e69530a00000000000000ffffffffffffffffffffffff",3.59,,0.31,17,21.03,41.14,98613.00,10.00,0,0,0,0,,,-1.00,-1.00,-1.00,-1.00,-1.00,-1.00
2022-12-14T03:49:25Z,"0002cc01000003e9","2250c40a45fd39750503111506605869d0f000000000000000ffffffffffffffffffffffff",3.59,,0.31,17,21.02,41.33,98654.00,0.00,0,0,0,0,,,-1.00,-1.00,-1.00,-1.00,-1.00,-1.00
2022-12-14T03:55:21Z,"0002cc01000003e9","2250c40ba9fd3979050311150160566a530e00000000000000ffffffffffffffffffffffff",3.59,,0.31,17,21.00,41.53,98646.00,7.00,0,0,0,0,,,-1.00,-1.00,-1.00,-1.00,-1.00,-1.00
2022-12-14T04:01:17Z,"0002cc01000003e9","2250c40d0dfd398205031114fe60576a920800000000000000ffffffffffffffffffffffff",3.59,,0.31,17,20.99,41.63,98648.00,1.00,0,0,0,0,,,-1.00,-1.00,-1.00,-1.00,-1.00,-1.00
2022-12-14T04:07:13Z,"0002cc01000003e9","2250c40e71fd398205031114fe60576b08f000000000000000ffffffffffffffffffffffff",3.59,,0.31,17,20.99,41.81,98649.00,0.00,0,0,0,0,,,-1.00,-1.00,-1.00,-1.00,-1.00,-1.00
2022-12-14T04:13:09Z,"0002cc01000003e9","2250c40fd5fd397505031114fe60556bc50c00000000000000ffffffffffffffffffffffff",3.59,,0.31,17,20.99,42.10,98641.00,3.00,0,0,0,0,,,-1.00,-1.00,-1.00,-1.00,-1.00,-1.00
2022-12-14T04:19:05Z,"0002cc01000003e9","2250c41139fd398605071114fb60516be70800000000000000ffffffffffffffffffffffff",3.60,,0.31,17,20.98,42.15,98625.00,16.00,0,0,0,0,,,-1.00,-1.00,-1.00,-1.00,-1.00,-1.00
2022-12-14T04:25:01Z,"0002cc01000003e9","2250c4129dfd397505031114f9605b6be00d00000000000000ffffffffffffffffffffffff",3.59,,0.31,17,20.97,42.14,98664.00,13.00,0,0,0,0,,,-1.00,-1.00,-1.00,-1.00,-1.00,-1.00
2022-12-14T04:30:57Z,"0002cc01000003e9","2250c41401fd397505031114f960536c640d00000000000000ffffffffffffffffffffffff",3.59,,0.31,17,20.97,42.34,98635.00,13.00,0,0,0,0,,,-1.00,-1.00,-1.00,-1.00,-1.00,-1.00
2022-12-14T04:36:53Z,"0002cc01000003e9","2250c41565fd398205031114f660526cb80900000000000000ffffffffffffffffffffffff",3.59,,0.31,17,20.96,42.47,98630.00,18.00,0,0,0,0,,,-1.00,-1.00,-1.00,-1.00,-1.00,-1.00
2022-12-14T04:42:49Z,"0002cc01000003e9","2250c416c9fd398205031114f460506d35f000000000000000ffffffffffffffffffffffff",3.59,,0.31,17,20.95,42.66,98621.00,0.00,0,0,0,0,,,-1.00,-1.00,-1.00,-1.00,-1.00,-1.00
2022-12-14T04:48:46Z,"0002cc01000003e9","2250c4182efd398205031114f160526db20a80000000000000ffffffffffffffffffffffff",3.59,,0.31,17,20.94,42.85,98630.00,21.00,0,0,0,0,,,-1.00,-1.00,-1.00,-1.00,-1.00,-1.00
2022-12-14T04:54:42Z,"0002cc01000003e9","2250c41992fd397505031114ef60526e0cf000000000000000ffffffffffffffffffffffff",3.59,,0.31,17,20.93,42.99,98628.00,0.00,0,0,0,0,,,-1.00,-1.00,-1.00,-1.00,-1.00,-1.00
2022-12-14T05:00:38Z,"0002cc01000003e9","2250c41af6fd3975050f1114ec60526ec1f000000000000000ffffffffffffffffffffffff",3.59,,0.32,17,20.92,43.26,98629.00,0.00,0,0,0,0,,,-1.00,-1.00,-1.00,-1.00,-1.00,-1.00
2022-12-14T05:06:34Z,"0002cc01000003e9","2250c41c5afd397d05031114e9604d6f37f000000000000000ffffffffffffffffffffffff",3.59,,0.31,17,20.91,43.44,98611.00,0.00,0,0,0,0,,,-1.00,-1.00,-1.00,-1.00,-1.00,-1.00
2022-12-14T05:12:30Z,"0002cc01000003e9","2250c41dbefd397505031114e4604c6ff3f000000000000000ffffffffffffffffffffffff",3.59,,0.31,17,20.89,43.73,98607.00,0.00,0,0,0,0,,,-1.00,-1.00,-1.00,-1.00,-1.00,-1.00
2022-12-14T05:18:26Z,"0002cc01000003e9","2250c41f22fd398205031114e4604c708cf000000000000000ffffffffffffffffffffffff",3.59,,0.31,17,20.89,43.96,98605.00,0.00,0,0,0,0,,,-1.00,-1.00,-1.00,-1.00,-1.00,-1.00
2022-12-14T05:24:22Z,"0002cc01000003e9","2250c42086fd397505031114e460497150f000000000000000ffffffffffffffffffffffff",3.59,,0.31,17,20.89,44.26,98592.00,0.00,0,0,0,0,,,-1.00,-1.00,-1.00,-1.00,-1.00,-1.00
2022-12-14T05:30:18Z,"0002cc01000003e9","2250c421eafd398205031114dd604271f5f000000000000000ffffffffffffffffffffffff",3.59,,0.31,17,20.86,44.52,98566.00,0.00,0,0,0,0,,,-1.00,-1.00,-1.00,-1.00,-1.00,-1.00
2022-12-14T05:36:14Z,"0002cc01000003e9","2250c4234efd398204fa1114d8604272870800000000000000ffffffffffffffffffffffff",3.59,,0.31,17,20.84,44.74,98564.00,16.00,0,0,0,0,,,-1.00,-1.00,-1.00,-1.00,-1.00,-1.00
2022-12-14T05:42:10Z,"0002cc01000003e9","2250c424b2fd397505031114d5603e73270800000000000000ffffffffffffffffffffffff",3.59,,0.31,17,20.83,44.98,98550.00,2.00,0,0,0,0,,,-1.00,-1.00,-1.00,-1.00,-1.00,-1.00
2022-12-14T05:48:06Z,"0002cc01000003e9","2250c42616fd398204fa1114d2603f73f8f000000000000000ffffffffffffffffffffffff",3.59,,0.31,17,20.82,45.30,98552.00,0.00,0,0,0,0,,,-1.00,-1.00,-1.00,-1.00,-1.00,-1.00
2022-12-14T05:54:02Z,"0002cc01000003e9","2250c4277afd397505031114d26042743d0a00000000000000ffffffffffffffffffffffff",3.59,,0.31,17,20.82,45.41,98566.00,20.00,0,0,0,0,,,-1.00,-1.00,-1.00,-1.00,-1.00,-1.00
2022-12-14T05:59:58Z,"0002cc01000003e9","2250c428defd3975050f1114d0603e74d70800000000000000ffffffffffffffffffffffff",3.59,,0.32,17,20.81,45.64,98548.00,2.00,0,0,0,0,,,-1.00,-1.00,-1.00,-1.00,-1.00,-1.00
2022-12-14T06:05:54Z,"0002cc01000003e9","2250c42a42fd398205031114d0603c74f90800000000000000ffffffffffffffffffffffff",3.59,,0.31,17,20.81,45.69,98542.00,16.00,0,0,0,0,,,-1.00,-1.00,-1.00,-1.00,-1.00,-1.00
2022-12-14T06:11:50Z,"0002cc01000003e9","2250c42ba6fd398205031114cd603d755a0800000000000000ffffffffffffffffffffffff",3.59,,0.31,17,20.80,45.84,98546.00,2.00,0,0,0,0,,,-1.00,-1.00,-1.00,-1.00,-1.00,-1.00
2022-12-14T06:17:46Z,"0002cc01000003e9","2250c42d0afd397d05031114cd603e75bc0c00000000000000ffffffffffffffffffffffff",3.59,,0.31,17,20.80,45.99,98549.00,6.00,0,0,0,0,,,-1.00,-1.00,-1.00,-1.00,-1.00,-1.00
2022-12-14T06:23:42Z,"0002cc01000003e9","2250c42e6efd398205071114cd603976330800000000000000ffffffffffffffffffffffff",3.59,,0.31,17,20.80,46.17,98530.00,4.00,0,0,0,0,,,-1.00,-1.00,-1.00,-1.00,-1.00,-1.00
2022-12-14T06:29:38Z,"0002cc01000003e9","2250c42fd2fd398205031114cd60457640f000000000000000ffffffffffffffffffffffff",3.59,,0.31,17,20.80,46.19,98578.00,0.00,0,0,0,0,,,-1.00,-1.00,-1.00,-1.00,-1.00,-1.00
2022-12-14T06:35:34Z,"0002cc01000003e9","2250c43136fd398205031114cb603d76e0f000000000000000ffffffffffffffffffffffff",3.59,,0.31,17,20.79,46.44,98545.00,0.00,0,0,0,0,,,-1.00,-1.00,-1.00,-1.00,-1.00,-1.00
2022-12-14T06:41:30Z,"0002cc01000003e9","2250c4329afd398205031114cb6038775ef000000000000000ffffffffffffffffffffffff",3.59,,0.31,17,20.79,46.63,98526.00,0.00,0,0,0,0,,,-1.00,-1.00,-1.00,-1.00,-1.00,-1.00
2022-12-14T06:47:26Z,"0002cc01000003e9","2250c433fefd398205031114cb60387837f000000000000000ffffffffffffffffffffffff",3.59,,0.31,17,20.79,46.96,98526.00,0.00,0,0,0,0,,,-1.00,-1.00,-1.00,-1.00,-1.00,-1.00
2022-12-14T06:53:23Z,"0002cc01000003e9","2250c43563fd397d04fa1114c860397851f000000000000000ffffffffffffffffffffffff",3.59,,0.31,17,20.78,47.00,98529.00,0.00,0,0,0,0,,,-1.00,-1.00,-1.00,-1.00,-1.00,-1.00
2022-12-14T06:59:19Z,"0002cc01000003e9","2250c436c7fd398205031114c6603478b3f000000000000000ffffffffffffffffffffffff",3.59,,0.31,17,20.77,47.15,98510.00,0.00,0,0,0,0,,,-1.00,-1.00,-1.00,-1.00,-1.00,-1.00
2022-12-14T07:05:15Z,"0002cc01000003e9","2250c4382bfd398205071114c360377905f000000000000000ffffffffffffffffffffffff",3.59,,0.31,17,20.76,47.27,98520.00,0.00,0,0,0,0,,,-1.00,-1.00,-1.00,-1.00,-1.00,-1.00
2022-12-14T07:11:11Z,"0002cc01000003e9","2250c4398ffd398205031114c360347967f000000000000000ffffffffffffffffffffffff",3.59,,0.31,17,20.76,47.42,98510.00,0.00,0,0,0,0,,,-1.00,-1.00,-1.00,-1.00,-1.00,-1.00
2022-12-14T07:17:07Z,"0002cc01000003e9","2250c43af3fd397505031114c3603279bb0e00000000000000ffffffffffffffffffffffff",3.59,,0.31,17,20.76,47.55,98501.00,7.00,0,0,0,0,,,-1.00,-1.00,-1.00,-1.00,-1.00,-1.00
2022-12-14T07:23:03Z,"0002cc01000003e9","2250c43c57fd398204fa1114c3602e79c10a00000000000000ffffffffffffffffffffffff",3.59,,0.31,17,20.76,47.56,98484.00,20.00,0,0,0,0,,,-1.00,-1.00,-1.00,-1.00,-1.00,-1.00
2022-12-14T07:28:59Z,"0002cc01000003e9","2250c43dbbfd397d05031114c1602c7a38f000000000000000ffffffffffffffffffffffff",3.59,,0.31,17,20.75,47.74,98479.00,0.00,0,0,0,0,,,-1.00,-1.00,-1.00,-1.00,-1.00,-1.00
2022-12-14T07:34:55Z,"0002cc01000003e9","2250c43f1ffd398205071114be602f7a53f000000000000000ffffffffffffffffffffffff",3.59,,0.31,17,20.74,47.78,98491.00,0.00,0,0,0,0,,,-1.00,-1.00,-1.00,-1.00,-1.00,-1.00
2022-12-14T07:40:51Z,"0002cc01000003e9","2250c44083fd398205071114be60357a68f000000000000000ffffffffffffffffffffffff",3.59,,0.31,17,20.74,47.82,98513.00,0.00,0,0,0,0,,,-1.00,-1.00,-1.00,-1.00,-1.00,-1.00
2022-12-14T07:46:47Z,"0002cc01000003e9","2250c441e7fd397505031114be60377a980800000000000000ffffffffffffffffffffffff",3.59,,0.31,17,20.74,47.89,98520.00,4.00,0,0,0,0,,,-1.00,-1.00,-1.00,-1.00,-1.00,-1.00
2022-12-14T07:52:43Z,"0002cc01000003e9","2250c4434bfd3982050f1114be60367ae5f000000000000000ffffffffffffffffffffffff",3.59,,0.32,17,20.74,48.01,98516.00,0.00,0,0,0,0,,,-1.00,-1.00,-1.00,-1.00,-1.00,-1.00
2022-12-14T07:58:39Z,"0002cc01000003e9","2250c444affd398205031114be603a7b7ef000000000000000ffffffffffffffffffffffff",3.59,,0.31,17,20.74,48.24,98535.00,0.00,0,0,0,0,,,-1.00,-1.00,-1.00,-1.00,-1.00,-1.00
2022-12-14T08:04:35Z,"0002cc01000003e9","2250c44613fd397505031114bb60367b5bf000000000000000ffffffffffffffffffffffff",3.59,,0.31,17,20.73,48.19,98518.00,0.00,0,0,0,0,,,-1.00,-1.00,-1.00,-1.00,-1.00,-1.00
2022-12-14T08:10:31Z,"0002cc01000003e9","2250c44777fd398205031114b960337b7d0e00000000000000ffffffffffffffffffffffff",3.59,,0.31,17,20.72,48.24,98504.00,7.00,0,0,0,0,,,-1.00,-1.00,-1.00,-1.00,-1.00,-1.00
2022-12-14T08:16:27Z,"0002cc01000003e9","2250c448dbfd397105031114b460327c15f000000000000000ffffffffffffffffffffffff",3.59,,0.31,17,20.70,48.47,98500.00,0.00,0,0,0,0,,,-1.00,-1.00,-1.00,-1.00,-1.00,-1.00
2022-12-14T08:22:23Z,"0002cc01000003e9","2250c44a3ffd397105031114b160357c8a0900000000000000ffffffffffffffffffffffff",3.59,,0.31,17,20.69,48.65,98512.00,18.00,0,0,0,0,,,-1.00,-1.00,-1.00,-1.00,-1.00,-1.00
2022-12-14T08:28:19Z,"0002cc01000003e9","2250c44ba3fd397505031114af60317cd70d00000000000000ffffffffffffffffffffffff",3.59,,0.31,17,20.68,48.77,98499.00,26.00,0,0,0,0,,,-1.00,-1.00,-1.00,-1.00,-1.00,-1.00
2022-12-14T08:34:15Z,"0002cc01000003e9","2250c44d07fd397505031114a9602f7d140880000000000000ffffffffffffffffffffffff",3.59,,0.31,17,20.66,48.86,98491.00,17.00,0,0,0,0,,,-1.00,-1.00,-1.00,-1.00,-1.00,-1.00
2022-12-14T08:40:11Z,"0002cc01000003e9","2250c44e6bfd397905031114a760377d5af000000000000000ffffffffffffffffffffffff",3.59,,0.31,17,20.65,48.97,98521.00,0.00,0,0,0,0,,,-1.00,-1.00,-1.00,-1.00,-1.00,-1.00
2022-12-14T08:46:07Z,"0002cc01000003e9","2250c44fcffd398205031114a460397d21f000000000000000ffffffffffffffffffffffff",3.59,,0.31,17,20.64,48.88,98530.00,0.00,0,0,0,0,,,-1.00,-1.00,-1.00,-1.00,-1.00,-1.00
2022-12-14T08:52:04Z,"0002cc01000003e9","2250c45134fd397105031114a260367d7af000000000000000ffffffffffffffffffffffff",3.59,,0.31,17,20.63,49.02,98518.00,0.00,0,0,0,0,,,-1.00,-1.00,-1.00,-1.00,-1.00,-1.00
2022-12-14T08:57:59Z,"0002cc01000003e9","2250c45297fd3982050311149f60317d65f000000000000000ffffffffffffffffffffffff",3.59,,0.31,17,20.62,48.98,98496.00,0.00,0,0,0,0,,,-1.00,-1.00,-1.00,-1.00,-1.00,-1.00
2022-12-14T09:03:56Z,"0002cc01000003e9","2250c453fcfd3982050f11149d602f7d640a00000000000000ffffffffffffffffffffffff",3.59,,0.32,17,20.61,48.98,98491.00,5.00,0,0,0,0,,,-1.00,-1.00,-1.00,-1.00,-1.00,-1.00
2022-12-14T09:09:52Z,"0002cc01000003e9","2250c45560fd3975050311149a60317db8f000000000000000ffffffffffffffffffffffff",3.59,,0.31,17,20.60,49.11,98499.00,0.00,0,0,0,0,,,-1.00,-1.00,-1.00,-1.00,-1.00,-1.00
2022-12-14T09:15:48Z,"0002cc01000003e9","2250c456c4fd397d0503111498602f7dc40d00000000000000ffffffffffffffffffffffff",3.59,,0.31,17,20.59,49.13,98491.00,13.00,0,0,0,0,,,-1.00,-1.00,-1.00,-1.00,-1.00,-1.00
2022-12-14T09:21:44Z,"0002cc01000003e9","2250c45828fd3982050311149860317e180b00000000000000ffffffffffffffffffffffff",3.59,,0.31,17,20.59,49.26,98496.00,11.00,0,0,0,0,,,-1.00,-1.00,-1.00,-1.00,-1.00,-1.00
2022-12-14T09:27:40Z,"0002cc01000003e9","2250c4598cfd39790503111495602b7e340a00000000000000ffffffffffffffffffffffff",3.59,,0.31,17,20.58,49.30,98473.00,5.00,0,0,0,0,,,-1.00,-1.00,-1.00,-1.00,-1.00,-1.00
2022-12-14T09:33:36Z,"0002cc01000003e9","2250c45af0fd396d050311149260277e63f000000000000000ffffffffffffffffffffffff",3.59,,0.31,17,20.57,49.37,98459.00,0.00,0,0,0,0,,,-1.00,-1.00,-1.00,-1.00,-1.00,-1.00
2022-12-14T09:39:32Z,"0002cc01000003e9","2250c45c54fd3979050311149260247eb00a80000000000000ffffffffffffffffffffffff",3.59,,0.31,17,20.57,49.49,98445.00,21.00,0,0,0,0,,,-1.00,-1.00,-1.00,-1.00,-1.00,-1.00
2022-12-14T09:45:28Z,"0002cc01000003e9","2250c45db8fd3971050311149260257edaf000000000000000ffffffffffffffffffffffff",3.59,,0.31,17,20.57,49.55,98448.00,0.00,0,0,0,0,,,-1.00,-1.00,-1.00,-1.00,-1.00,-1.00
2022-12-14T09:51:24Z,"0002cc01000003e9","2250c45f1cfd3979050311149060287fb80900000000000000ffffffffffffffffffffffff",3.59,,0.31,17,20.56,49.89,98460.00,9.00,0,0,0,0,,,-1.00,-1.00,-1.00,-1.00,-1.00,-1.00
2022-12-14T09:57:20Z,"0002cc01000003e9","2250c46080fd3979050311148d602a80270a00000000000000ffffffffffffffffffffffff",3.59,,0.31,17,20.55,50.06,98470.00,5.00,0,0,0,0,,,-1.00,-1.00,-1.00,-1.00,-1.00,-1.00
2022-12-14T10:03:16Z,"0002cc01000003e9","2250c461e4fd3979050311148d602880500c00000000000000ffffffffffffffffffffffff",3.59,,0.31,17,20.55,50.12,98460.00,3.00,0,0,0,0,,,-1.00,-1.00,-1.00,-1.00,-1.00,-1.00
2022-12-14T10:09:12Z,"0002cc01000003e9","2250c46348fd3971050311148d602a80d50c80000000000000ffffffffffffffffffffffff",3.59,,0.31,17,20.55,50.33,98470.00,25.00,0,0,0,0,,,-1.00,-1.00,-1.00,-1.00,-1.00,-1.00
2022-12-14T10:15:08Z,"0002cc01000003e9","2250c464acfd39790503111490602980ce0800000000000000ffffffffffffffffffffffff",3.59,,0.31,17,20.56,50.32,98464.00,1.00,0,0,0,0,,,-1.00,-1.00,-1.00,-1.00,-1.00,-1.00
2022-12-14T10:21:04Z,"0002cc01000003e9","2250c46610fd39820503111492602b8101f000000000000000ffffffffffffffffffffffff",3.59,,0.31,17,20.57,50.39,98473.00,0.00,0,0,0,0,,,-1.00,-1.00,-1.00,-1.00,-1.00,-1.00
2022-12-14T10:27:00Z,"0002cc01000003e9","2250c46774fd39790503111498602d8155f000000000000000ffffffffffffffffffffffff",3.59,,0.31,17,20.59,50.52,98480.00,0.00,0,0,0,0,,,-1.00,-1.00,-1.00,-1.00,-1.00,-1.00
2022-12-14T10:32:56Z,"0002cc01000003e9","2250c468d8fd3979050311149a602e8156f000000000000000ffffffffffffffffffffffff",3.59,,0.31,17,20.60,50.52,98486.00,0.00,0,0,0,0,,,-1.00,-1.00,-1.00,-1.00,-1.00,-1.00
2022-12-14T10:38:52Z,"0002cc01000003e9","2250c46a3cfd3979050311149a602a81330800000000000000ffffffffffffffffffffffff",3.59,,0.31,17,20.60,50.47,98468.00,32.00,0,0,0,0,,,-1.00,-1.00,-1.00,-1.00,-1.00,-1.00
2022-12-14T10:44:48Z,"0002cc01000003e9","2250c46ba0fd3971050311149a602b815df000000000000000ffffffffffffffffffffffff",3.59,,0.31,17,20.60,50.53,98475.00,0.00,0,0,0,0,,,-1.00,-1.00,-1.00,-1.00,-1.00,-1.00
2022-12-14T10:50:44Z,"0002cc01000003e9","2250c46d04fd3979050311149a60298156f000000000000000ffffffffffffffffffffffff",3.59,,0.31,17,20.60,50.52,98466.00,0.00,0,0,0,0,,,-1.00,-1.00,-1.00,-1.00,-1.00,-1.00
2022-12-14T10:56:40Z,"0002cc01000003e9","2250c46e68fd3979050311149a6027815e0c00000000000000ffffffffffffffffffffffff",3.59,,0.31,17,20.60,50.53,98459.00,3.00,0,0,0,0,,,-1.00,-1.00,-1.00,-1.00,-1.00,-1.00
2022-12-14T11:02:36Z,"0002cc01000003e9","2250c46fccfd3979050311149a6026815ef000000000000000ffffffffffffffffffffffff",3.59,,0.31,17,20.60,50.53,98454.00,0.00,0,0,0,0,,,-1.00,-1.00,-1.00,-1.00,-1.00,-1.00
2022-12-14T11:08:33Z,"0002cc01000003e9","2250c47131fd3979050311149d602e8179f000000000000000ffffffffffffffffffffffff",3.59,,0.31,17,20.61,50.58,98485.00,0.00,0,0,0,0,,,-1.00,-1.00,-1.00,-1.00,-1.00,-1.00
2022-12-14T11:14:28Z,"0002cc01000003e9","2250c47294fd3971050311149a603281b00c00000000000000ffffffffffffffffffffffff",3.59,,0.31,17,20.60,50.66,98502.00,3.00,0,0,0,0,,,-1.00,-1.00,-1.00,-1.00,-1.00,-1.00
2022-12-14T11:20:24Z,"0002cc01000003e9","2250c473f8fd3982050311149a603081be0a80000000000000ffffffffffffffffffffffff",3.59,,0.31,17,20.60,50.68,98492.00,21.00,0,0,0,0,,,-1.00,-1.00,-1.00,-1.00,-1.00,-1.00
2022-12-14T11:26:20Z,"0002cc01000003e9","2250c4755cfd39710503111495602e8210f000000000000000ffffffffffffffffffffffff",3.59,,0.31,17,20.58,50.81,98484.00,0.00,0,0,0,0,,,-1.00,-1.00,-1.00,-1.00,-1.00,-1.00
2022-12-14T11:32:17Z,"0002cc01000003e9","2250c476c1fd39790503111492602d82170800000000000000ffffffffffffffffffffffff",3.59,,0.31,17,20.57,50.82,98480.00,8.00,0,0,0,0,,,-1.00,-1.00,-1.00,-1.00,-1.00,-1.00
2022-12-14T11:38:13Z,"0002cc01000003e9","2250c47825fd39790503111498602b82730800000000000000ffffffffffffffffffffffff",3.59,,0.31,17,20.59,50.96,98474.00,1.00,0,0,0,0,,,-1.00,-1.00,-1.00,-1.00,-1.00,-1.00
2022-12-14T11:44:09Z,"0002cc01000003e9","2250c47989fd396d05031114a2603082770f00000000000000ffffffffffffffffffffffff",3.59,,0.31,17,20.63,50.96,98495.00,15.00,0,0,0,0,,,-1.00,-1.00,-1.00,-1.00,-1.00,-1.00
2022-12-14T11:50:05Z,"0002cc01000003e9","2250c47aedfd397105031114af603081eff000000000000000ffffffffffffffffffffffff",3.59,,0.31,17,20.68,50.76,98494.00,0.00,0,0,0,0,,,-1.00,-1.00,-1.00,-1.00,-1.00,-1.00
2022-12-14T11:56:01Z,"0002cc01000003e9","2250c47c51fd3979050f1114b9603381b20800000000000000ffffffffffffffffffffffff",3.59,,0.32,17,20.72,50.66,98505.00,8.00,0,0,0,0,,,-1.00,-1.00,-1.00,-1.00,-1.00,-1.00
2022-12-14T12:01:57Z,"0002cc01000003e9","2250c47db5fd397104fa1114b9603381acf000000000000000ffffffffffffffffffffffff",3.59,,0.31,17,20.72,50.65,98505.00,0.00,0,0,0,0,,,-1.00,-1.00,-1.00,-1.00,-1.00,-1.00
2022-12-14T12:07:53Z,"0002cc01000003e9","2250c47f19fd397105031114b6603081aa0a00000000000000ffffffffffffffffffffffff",3.59,,0.31,17,20.71,50.65,98493.00,10.00,0,0,0,0,,,-1.00,-1.00,-1.00,-1.00,-1.00,-1.00
2022-12-14T12:13:49Z,"0002cc01000003e9","2250c4807dfd3979050b1114b4603281aaf000000000000000ffffffffffffffffffffffff",3.59,,0.31,17,20.70,50.65,98502.00,0.00,0,0,0,0,,,-1.00,-1.00,-1.00,-1.00,-1.00,-1.00
2022-12-14T12:19:45Z,"0002cc01000003e9","2250c481e1fd397904fa1114b6603281c7f000000000000000ffffffffffffffffffffffff",3.59,,0.31,17,20.71,50.69,98500.00,0.00,0,0,0,0,,,-1.00,-1.00,-1.00,-1.00,-1.00,-1.00
2022-12-14T12:25:41Z,"0002cc01000003e9","2250c48345fd397105031114b6603481b80800000000000000ffffffffffffffffffffffff",3.59,,0.31,17,20.71,50.67,98511.00,8.00,0,0,0,0,,,-1.00,-1.00,-1.00,-1.00,-1.00,-1.00
2022-12-14T12:31:37Z,"0002cc01000003e9","2250c484a9fd397105031114b6603a81cd0f00000000000000ffffffffffffffffffffffff",3.59,,0.31,17,20.71,50.70,98532.00,30.00,0,0,0,0,,,-1.00,-1.00,-1.00,-1.00,-1.00,-1.00
2022-12-14T12:37:33Z,"0002cc01000003e9","2250c4860dfd397105031114b6604281d4f000000000000000ffffffffffffffffffffffff",3.59,,0.31,17,20.71,50.71,98564.00,0.00,0,0,0,0,,,-1.00,-1.00,-1.00,-1.00,-1.00,-1.00
2022-12-14T12:43:29Z,"0002cc01000003e9","2250c48771fd397105031114b9604581b20d00000000000000ffffffffffffffffffffffff",3.59,,0.31,17,20.72,50.66,98578.00,13.00,0,0,0,0,,,-1.00,-1.00,-1.00,-1.00,-1.00,-1.00
2022-12-14T12:49:25Z,"0002cc01000003e9","2250c488d5fd397105031114b6604381abf000000000000000ffffffffffffffffffffffff",3.59,,0.31,17,20.71,50.65,98569.00,0.00,0,0,0,0,,,-1.00,-1.00,-1.00,-1.00,-1.00,-1.00
2022-12-14T12:55:21Z,"0002cc01000003e9","2250c48a39fd3971050f1114b96042819ef000000000000000ffffffffffffffffffffffff",3.59,,0.32,17,20.72,50.63,98564.00,0.00,0,0,0,0,,,-1.00,-1.00,-1.00,-1.00,-1.00,-1.00
2022-12-14T13:01:17Z,"0002cc01000003e9","2250c48b9dfd397105071114b960428237f000000000000000ffffffffffffffffffffffff",3.59,,0.31,17,20.72,50.87,98565.00,0.00,0,0,0,0,,,-1.00,-1.00,-1.00,-1.00,-1.00,-1.00
2022-12-14T13:07:13Z,"0002cc01000003e9","2250c48d01fd397105031114b960488245f000000000000000ffffffffffffffffffffffff",3.59,,0.31,17,20.72,50.89,98590.00,0.00,0,0,0,0,,,-1.00,-1.00,-1.00,-1.00,-1.00,-1.00
2022-12-14T13:13:09Z,"0002cc01000003e9","2250c48e65fd397105031114bb604882770800000000000000ffffffffffffffffffffffff",3.59,,0.31,17,20.73,50.96,98588.00,4.00,0,0,0,0,,,-1.00,-1.00,-1.00,-1.00,-1.00,-1.00
2022-12-14T13:19:05Z,"0002cc01000003e9","2250c48fc9fd397905031114bb604e8261f000000000000000ffffffffffffffffffffffff",3.59,,0.31,17,20.73,50.93,98615.00,0.00,0,0,0,0,,,-1.00,-1.00,-1.00,-1.00,-1.00,-1.00
2022-12-14T13:25:02Z,"0002cc01000003e9","2250c4912efd397905031114be604c829a0f00000000000000ffffffffffffffffffffffff",3.59,,0.31,17,20.74,51.02,98607.00,15.00,0,0,0,0,,,-1.00,-1.00,-1.00,-1.00,-1.00,-1.00
2022-12-14T13:30:57Z,"0002cc01000003e9","2250c49291fd397904fa1114be6044827ef000000000000000ffffffffffffffffffffffff",3.59,,0.31,17,20.74,50.97,98575.00,0.00,0,0,0,0,,,-1.00,-1.00,-1.00,-1.00,-1.00,-1.00
2022-12-14T13:36:54Z,"0002cc01000003e9","2250c493f6fd397905031114c1604282a9f000000000000000ffffffffffffffffffffffff",3.59,,0.31,17,20.75,51.04,98566.00,0.00,0,0,0,0,,,-1.00,-1.00,-1.00,-1.00,-1.00,-1.00
2022-12-14T13:42:50Z,"0002cc01000003e9","2250c4955afd397105031114c1604382930e00000000000000ffffffffffffffffffffffff",3.59,,0.31,17,20.75,51.01,98571.00,14.00,0,0,0,0,,,-1.00,-1.00,-1.00,-1.00,-1.00,-1.00
2022-12-14T13:48:46Z,"0002cc01000003e9","2250c496befd397105031114be603f8293f000000000000000ffffffffffffffffffffffff",3.59,,0.31,17,20.74,51.01,98555.00,0.00,0,0,0,0,,,-1.00,-1.00,-1.00,-1.00,-1.00,-1.00
2022-12-14T13:54:42Z,"0002cc01000003e9","2250c49822fd397105031114be604082e7f000000000000000ffffffffffffffffffffffff",3.59,,0.31,17,20.74,51.13,98558.00,0.00,0,0,0,0,,,-1.00,-1.00,-1.00,-1.00,-1.00,-1.00
2022-12-14T14:00:38Z,"0002cc01000003e9","2250c49986fd397105031114c160428303f000000000000000ffffffffffffffffffffffff",3.59,,0.31,17,20.75,51.18,98567.00,0.00,0,0,0,0,,,-1.00,-1.00,-1.00,-1.00,-1.00,-1.00
2022-12-14T14:06:34Z,"0002cc01000003e9","2250c49aeafd397505031114c16047830af000000000000000ffffffffffffffffffffffff",3.59,,0.31,17,20.75,51.19,98587.00,0.00,0,0,0,0,,,-1.00,-1.00,-1.00,-1.00,-1.00,-1.00
2022-12-14T14:12:30Z,"0002cc01000003e9","2250c49c4efd397105031114c1604b83490800000000000000ffffffffffffffffffffffff",3.59,,0.31,17,20.75,51.28,98600.00,8.00,0,0,0,0,,,-1.00,-1.00,-1.00,-1.00,-1.00,-1.00
2022-12-14T14:18:26Z,"0002cc01000003e9","2250c49db2fd397905031114c36049833c0800000000000000ffffffffffffffffffffffff",3.59,,0.31,17,20.76,51.26,98595.00,16.00,0,0,0,0,,,-1.00,-1.00,-1.00,-1.00,-1.00,-1.00
2022-12-14T14:24:22Z,"0002cc01000003e9","2250c49f16fd397905031114c3603a83730a00000000000000ffffffffffffffffffffffff",3.59,,0.31,17,20.76,51.35,98532.00,10.00,0,0,0,0,,,-1.00,-1.00,-1.00,-1.00,-1.00,-1.00
2022-12-14T14:30:18Z,"0002cc01000003e9","2250c4a07afd397905031114c3603e83650880000000000000ffffffffffffffffffffffff",3.59,,0.31,17,20.76,51.33,98548.00,17.00,0,0,0,0,,,-1.00,-1.00,-1.00,-1.00,-1.00,-1.00
2022-12-14T14:36:14Z,"0002cc01000003e9","2250c4a1defd397104fa1114c1603583810800000000000000ffffffffffffffffffffffff",3.59,,0.31,17,20.75,51.37,98514.00,4.00,0,0,0,0,,,-1.00,-1.00,-1.00,-1.00,-1.00,-1.00
2022-12-14T14:42:10Z,"0002cc01000003e9","2250c4a342fd397105031114c1603b838f0900000000000000ffffffffffffffffffffffff",3.59,,0.31,17,20.75,51.39,98539.00,9.00,0,0,0,0,,,-1.00,-1.00,-1.00,-1.00,-1.00,-1.00
2022-12-14T14:48:06Z,"0002cc01000003e9","2250c4a4a6fd397905031114c1603f83b1f000000000000000ffffffffffffffffffffffff",3.59,,0.31,17,20.75,51.44,98554.00,0.00,0,0,0,0,,,-1.00,-1.00,-1.00,-1.00,-1.00,-1.00
2022-12-14T14:54:02Z,"0002cc01000003e9","2250c4a60afd397105031114c1604283d40800000000000000ffffffffffffffffffffffff",3.59,,0.31,17,20.75,51.50,98567.00,2.00,0,0,0,0,,,-1.00,-1.00,-1.00,-1.00,-1.00,-1.00
2022-12-14T14:59:58Z,"0002cc01000003e9","2250c4a76efd397105031114c1603e84050800000000000000ffffffffffffffffffffffff",3.59,,0.31,17,20.75,51.57,98548.00,1.00,0,0,0,0,,,-1.00,-1.00,-1.00,-1.00,-1.00,-1.00
2022-12-14T15:05:54Z,"0002cc01000003e9","2250c4a8d2fd397104fa1114c1603e83f70e00000000000000ffffffffffffffffffffffff",3.59,,0.31,17,20.75,51.55,98549.00,7.00,0,0,0,0,,,-1.00,-1.00,-1.00,-1.00,-1.00,-1.00
2022-12-14T15:11:50Z,"0002cc01000003e9","2250c4aa36fd397105031114c36030842ff000000000000000ffffffffffffffffffffffff",3.59,,0.31,17,20.76,51.63,98495.00,0.00,0,0,0,0,,,-1.00,-1.00,-1.00,-1.00,-1.00,-1.00
2022-12-14T15:17:46Z,"0002cc01000003e9","2250c4ab9afd397905031114c16032845ff000000000000000ffffffffffffffffffffffff",3.59,,0.31,17,20.75,51.71,98503.00,0.00,0,0,0,0,,,-1.00,-1.00,-1.00,-1.00,-1.00,-1.00
2022-12-14T15:23:42Z,"0002cc01000003e9","2250c4acfefd3971050f1114c1602f84a5f000000000000000ffffffffffffffffffffffff",3.59,,0.32,17,20.75,51.82,98489.00,0.00,0,0,0,0,,,-1.00,-1.00,-1.00,-1.00,-1.00,-1.00
2022-12-14T15:29:38Z,"0002cc01000003e9","2250c4ae62fd396905031114be603b849e0800000000000000ffffffffffffffffffffffff",3.59,,0.31,17,20.74,51.80,98538.00,1.00,0,0,0,0,,,-1.00,-1.00,-1.00,-1.00,-1.00,-1.00
2022-12-14T15:35:34Z,"0002cc01000003e9","2250c4afc6fd397105031114be604b84c70f00000000000000ffffffffffffffffffffffff",3.59,,0.31,17,20.74,51.87,98603.00,15.00,0,0,0,0,,,-1.00,-1.00,-1.00,-1.00,-1.00,-1.00
2022-12-14T15:41:30Z,"0002cc01000003e9","2250c4b12afd397105031114be605385070800000000000000ffffffffffffffffffffffff",3.59,,0.31,17,20.74,51.96,98633.00,1.00,0,0,0,0,,,-1.00,-1.00,-1.00,-1.00,-1.00,-1.00
2022-12-14T15:47:27Z,"0002cc01000003e9","2250c4b28ffd397905031114bb605985360e00000000000000ffffffffffffffffffffffff",3.59,,0.31,17,20.73,52.04,98656.00,7.00,0,0,0,0,,,-1.00,-1.00,-1.00,-1.00,-1.00,-1.00
2022-12-14T15:53:23Z,"0002cc01000003e9","2250c4b3f3fd396904fa1114be6055856f0900000000000000ffffffffffffffffffffffff",3.59,,0.31,17,20.74,52.12,98643.00,18.00,0,0,0,0,,,-1.00,-1.00,-1.00,-1.00,-1.00,-1.00
2022-12-14T15:59:19Z,"0002cc01000003e9","2250c4b557fd3979050f1114bb605585ba0800000000000000ffffffffffffffffffffffff",3.59,,0.32,17,20.73,52.24,98642.00,1.00,0,0,0,0,,,-1.00,-1.00,-1.00,-1.00,-1.00,-1.00
2022-12-14T16:05:15Z,"0002cc01000003e9","2250c4b6bbfd397105031114be60588600f000000000000000ffffffffffffffffffffffff",3.59,,0.31,17,20.74,52.34,98654.00,0.00,0,0,0,0,,,-1.00,-1.00,-1.00,-1.00,-1.00,-1.00
2022-12-14T16:11:11Z,"0002cc01000003e9","2250c4b81ffd397105071114c1605886470800000000000000ffffffffffffffffffffffff",3.59,,0.31,17,20.75,52.45,98654.00,4.00,0,0,0,0,,,-1.00,-1.00,-1.00,-1.00,-1.00,-1.00
2022-12-14T16:17:07Z,"0002cc01000003e9","2250c4b983fd397105031114c3605686aa0c00000000000000ffffffffffffffffffffffff",3.59,,0.31,17,20.76,52.60,98645.00,3.00,0,0,0,0,,,-1.00,-1.00,-1.00,-1.00,-1.00,-1.00
2022-12-14T16:23:03Z,"0002cc01000003e9","2250c4bae7fd397905031114c6605086b80e90000000000000ffffffffffffffffffffffff",3.59,,0.31,17,20.77,52.63,98623.00,466.00,0,0,0,0,,,-1.00,-1.00,-1.00,-1.00,-1.00,-1.00
2022-12-14T16:28:59Z,"0002cc01000003e9","2250c4bc4bfd397105031114d2604f866f18ec000000000000ffffffffffffffffffffffff",3.59,,0.31,17,20.82,52.51,98616.00,571.00,0,0,0,0,,,-1.00,-1.00,-1.00,-1.00,-1.00,-1.00
2022-12-14T16:34:55Z,"0002cc01000003e9","2250c4bdaffd397104fa1114e7604e8614195c000000000000ffffffffffffffffffffffff",3.59,,0.31,17,20.90,52.38,98615.00,599.00,0,0,0,0,,,-1.00,-1.00,-1.00,-1.00,-1.00,-1.00
2022-12-14T16:40:51Z,"0002cc01000003e9","2250c4bf13fd397105031114f6605085be1920000000000000ffffffffffffffffffffffff",3.59,,0.31,17,20.96,52.24,98623.00,584.00,0,0,0,0,,,-1.00,-1.00,-1.00,-1.00,-1.00,-1.00
2022-12-14T16:46:47Z,"0002cc01000003e9","2250c4c077fd397105031115066057858a1994000000000000ffffffffffffffffffffffff",3.59,,0.31,17,21.02,52.17,98649.00,613.00,0,0,0,0,,,-1.00,-1.00,-1.00,-1.00,-1.00,-1.00
2022-12-14T16:52:43Z,"0002cc01000003e9","2250c4c1dbfd3971050311150b605185691910000000000000ffffffffffffffffffffffff",3.59,,0.31,17,21.04,52.11,98626.00,580.00,0,0,0,0,,,-1.00,-1.00,-1.00,-1.00,-1.00,-1.00
2022-12-14T16:58:39Z,"0002cc01000003e9","2250c4c33ffd3971050f111515604b856c1948000000000000ffffffffffffffffffffffff",3.59,,0.32,17,21.08,52.12,98603.00,594.00,0,0,0,0,,,-1.00,-1.00,-1.00,-1.00,-1.00,-1.00
2022-12-14T17:04:35Z,"0002cc01000003e9","2250c4c4a3fd3971050311152c604f860d1b2c000000000000ffffffffffffffffffeaffff",3.59,,0.31,17,21.17,52.36,98617.00,715.00,0,0,0,0,,,-1.00,-0.99,-1.00,-1.00,-1.00,-1.00
2022-12-14T17:10:31Z,"0002cc01000003e9","2250c4c607fd396504fa111548604e854b18bc000000000000ffffffffffffffffffffffff",3.59,,0.31,17,21.28,52.07,98615.00,559.00,0,0,0,0,,,-1.00,-1.00,-1.00,-1.00,-1.00,-1.00
2022-12-14T17:16:27Z,"0002cc01000003e9","2250c4c76bfd3969050311155d604f85891b78000000000000ffffffffffffffffffffffff",3.59,,0.31,17,21.36,52.16,98618.00,734.00,0,0,0,0,,,-1.00,-1.00,-1.00,-1.00,-1.00,-1.00
2022-12-14T17:22:23Z,"0002cc01000003e9","2250c4c8cffd3971050311156c605185951aa4000000000000ffffffffffffffffffffffff",3.59,,0.31,17,21.42,52.18,98625.00,681.00,0,0,0,0,,,-1.00,-1.00,-1.00,-1.00,-1.00,-1.00
2022-12-14T17:28:19Z,"0002cc01000003e9","2250c4ca33fd396904fa111567605085151aac000000000000ffffffffffffffffffffffff",3.59,,0.31,17,21.40,51.99,98623.00,683.00,0,0,0,0,,,-1.00,-1.00,-1.00,-1.00,-1.00,-1.00
2022-12-14T17:34:15Z,"0002cc01000003e9","2250c4cb97fd39710507111567605284ec1b00000000000000ffffffffffffffffffffffff",3.59,,0.31,17,21.40,51.92,98629.00,704.00,0,0,0,0,,,-1.00,-1.00,-1.00,-1.00,-1.00,-1.00
2022-12-14T17:40:11Z,"0002cc01000003e9","2250c4ccfbfd396904fa111569604b84681b24000000000000ffffffffffffffffffffffff",3.59,,0.31,17,21.41,51.72,98603.00,713.00,0,0,0,0,,,-1.00,-1.00,-1.00,-1.00,-1.00,-1.00
2022-12-14T17:46:07Z,"0002cc01000003e9","2250c4ce5ffd397104fa11156f604983e51aac000000000000ffffffffffffffffffffffff",3.59,,0.31,17,21.43,51.52,98593.00,683.00,0,0,0,0,,,-1.00,-1.00,-1.00,-1.00,-1.00,-1.00
2022-12-14T17:52:04Z,"0002cc01000003e9","2250c4cfc4fd396904fa111574605083151b5c000000000000ffffffffffffffffffffffff",3.59,,0.31,17,21.45,51.21,98622.00,727.00,0,0,0,0,,,-1.00,-1.00,-1.00,-1.00,-1.00,-1.00
2022-12-14T17:57:59Z,"0002cc01000003e9","2250c4d127fd396904fa111571604a826c1b04000000000000ffffffffffffffffffffffff",3.59,,0.31,17,21.44,50.95,98598.00,705.00,0,0,0,0,,,-1.00,-1.00,-1.00,-1.00,-1.00,-1.00
2022-12-14T18:03:55Z,"0002cc01000003e9","2250c4d28bfd397104fa111571604b81d31b40000000000000ffffffffffffffffffffffff",3.59,,0.31,17,21.44,50.71,98601.00,720.00,0,0,0,0,,,-1.00,-1.00,-1.00,-1.00,-1.00,-1.00
2022-12-14T18:09:52Z,"0002cc01000003e9","2250c4d3f0fd3969050311156f604280fa1b34000000000000ffffffffffffffffffffffff",3.59,,0.31,17,21.43,50.38,98567.00,717.00,0,0,0,0,,,-1.00,-1.00,-1.00,-1.00,-1.00,-1.00
2022-12-14T18:15:48Z,"0002cc01000003e9","2250c4d554fd396504fa111571603f80a71af4000000000000ffffffffffffffffffffffff",3.59,,0.31,17,21.44,50.26,98555.00,701.00,0,0,0,0,,,-1.00,-1.00,-1.00,-1.00,-1.00,-1.00
2022-12-14T18:21:44Z,"0002cc01000003e9","2250c4d6b8fd396904fa11157960427f001a78000000000000ffffffffffffffffffffffff",3.59,,0.31,17,21.47,49.61,98564.00,670.00,0,0,0,0,,,-1.00,-1.00,-1.00,-1.00,-1.00,-1.00
2022-12-14T18:27:40Z,"0002cc01000003e9","2250c4d81cfd396904fa111571603e7d3e1ab4000000000000ffffffffffffffffffffffff",3.59,,0.31,17,21.44,48.92,98550.00,685.00,0,0,0,0,,,-1.00,-1.00,-1.00,-1.00,-1.00,-1.00
2022-12-14T18:33:36Z,"0002cc01000003e9","2250c4d980fd39710503111571602d7b011ad8000000000000ffffffffffffffffffffffff",3.59,,0.31,17,21.44,48.05,98483.00,694.00,0,0,0,0,,,-1.00,-1.00,-1.00,-1.00,-1.00,-1.00
2022-12-14T18:39:32Z,"0002cc01000003e9","2250c4dae4fd396904fa11156c602479f01aec000000000000ffffffffffffffffffffffff",3.59,,0.31,17,21.42,47.63,98447.00,699.00,0,0,0,0,,,-1.00,-1.00,-1.00,-1.00,-1.00,-1.00
2022-12-14T18:45:28Z,"0002cc01000003e9","2250c4dc48fd3971050311156f601677441b20000000000000ffffffffffffffffffffffff",3.59,,0.31,17,21.43,46.59,98390.00,712.00,0,0,0,0,,,-1.00,-1.00,-1.00,-1.00,-1.00,-1.00
2022-12-14T18:51:24Z,"0002cc01000003e9","2250c4ddacfd39710503111567601373301ad4000000000000ffffffffffffffffffffffff",3.59,,0.31,17,21.40,45.00,98378.00,693.00,0,0,0,0,,,-1.00,-1.00,-1.00,-1.00,-1.00,-1.00
2022-12-14T18:57:20Z,"0002cc01000003e9","2250c4df10fd3971050311155f601371681ab0000000000000ffffffffffffffffffffffff",3.59,,0.31,17,21.37,44.30,98377.00,684.00,0,0,0,0,,,-1.00,-1.00,-1.00,-1.00,-1.00,-1.00
2022-12-14T19:03:16Z,"0002cc01000003e9","2250c4e074fd3969050311156260146dea1af4000000000000ffffffffffffffffffffffff",3.59,,0.31,17,21.38,42.94,98382.00,701.00,0,0,0,0,,,-1.00,-1.00,-1.00,-1.00,-1.00,-1.00
2022-12-14T19:09:12Z,"0002cc01000003e9","2250c4e1d8fd397104fa11156260176ccb1b24000000000000ffffffffffffffffffffffff",3.59,,0.31,17,21.38,42.50,98392.00,713.00,0,0,0,0,,,-1.00,-1.00,-1.00,-1.00,-1.00,-1.00
2022-12-14T19:15:08Z,"0002cc01000003e9","2250c4e33cfd397104fa11157160196b391b00000000000000ffffffffffffffffffffffff",3.59,,0.31,17,21.44,41.88,98402.00,704.00,0,0,0,0,,,-1.00,-1.00,-1.00,-1.00,-1.00,-1.00
2022-12-14T19:21:04Z,"0002cc01000003e9","2250c4e4a0fd396904fa111576601d69881aec000000000000ffffffffffffffffffffffff",3.59,,0.31,17,21.46,41.22,98416.00,699.00,0,0,0,0,,,-1.00,-1.00,-1.00,-1.00,-1.00,-1.00
2022-12-14T19:27:00Z,"0002cc01000003e9","2250c4e604fd397104fa111576601467b31ac8000000000000ffffffffffffffffffffffff",3.59,,0.31,17,21.46,40.51,98382.00,690.00,0,0,0,0,,,-1.00,-1.00,-1.00,-1.00,-1.00,-1.00
2022-12-14T19:32:56Z,"0002cc01000003e9","2250c4e768fd396904fa111579600e66be1b0c000000000000ffffffffffffffffffffffff",3.59,,0.31,17,21.47,40.13,98357.00,707.00,0,0,0,0,,,-1.00,-1.00,-1.00,-1.00,-1.00,-1.00
2022-12-14T19:38:52Z,"0002cc01000003e9","2250c4e8ccfd396904fa111576600b65051ad4000000000000ffffffffffffffffffffffff",3.59,,0.31,17,21.46,39.46,98344.00,693.00,0,0,0,0,,,-1.00,-1.00,-1.00,-1.00,-1.00,-1.00
2022-12-14T19:44:48Z,"0002cc01000003e9","2250c4ea30fd39710503111571600564081ac0000000000000ffffffffffffffffffffffff",3.59,,0.31,17,21.44,39.08,98320.00,688.00,0,0,0,0,,,-1.00,-1.00,-1.00,-1.00,-1.00,-1.00
2022-12-14T19:50:44Z,"0002cc01000003e9","2250c4eb94fd396905031115716002619f1998000000000000ffffffffffffffffffffffff",3.59,,0.31,17,21.44,38.13,98308.00,614.00,0,0,0,0,,,-1.00,-1.00,-1.00,-1.00,-1.00,-1.00
2022-12-14T19:56:40Z,"0002cc01000003e9","2250c4ecf8fd396904fa111571600261bb1990000000000000ffffffffffffffffffffffff",3.59,,0.31,17,21.44,38.18,98311.00,612.00,0,0,0,0,,,-1.00,-1.00,-1.00,-1.00,-1.00,-1.00
2022-12-14T20:02:36Z,"0002cc01000003e9","2250c4ee5cfd3969050311156f600c6063195c000000000000ffffffffffffffffffffffff",3.59,,0.31,17,21.43,37.65,98351.00,599.00,0,0,0,0,,,-1.00,-1.00,-1.00,-1.00,-1.00,-1.00
2022-12-14T20:08:32Z,"0002cc01000003e9","2250c4efc0fd396904fa11156f600f5ee219e4000000000000ffffffffffffffffffffffff",3.59,,0.31,17,21.43,37.06,98360.00,633.00,0,0,0,0,,,-1.00,-1.00,-1.00,-1.00,-1.00,-1.00
2022-12-14T20:14:28Z,"0002cc01000003e9","2250c4f124fd397104fa11157b600b607b1a50000000000000ffffffffffffffffffffffff",3.59,,0.31,17,21.48,37.69,98347.00,660.00,0,0,0,0,,,-1.00,-1.00,-1.00,-1.00,-1.00,-1.00
2022-12-14T20:20:25Z,"0002cc01000003e9","2250c4f289fd39690507111598600562181a4c000000000000ffffffffffffffffffffffff",3.59,,0.31,17,21.59,38.32,98321.00,659.00,0,0,0,0,,,-1.00,-1.00,-1.00,-1.00,-1.00,-1.00
2022-12-14T20:26:21Z,"0002cc01000003e9","2250c4f3edfd396905031115af5fff624e1acc000000000000ffffffffffffffffffffffff",3.59,,0.31,17,21.68,38.40,98298.00,691.00,0,0,0,0,,,-1.00,-1.00,-1.00,-1.00,-1.00,-1.00
2022-12-14T20:32:17Z,"0002cc01000003e9","2250c4f551fd397104fa1115a95fff604d1a24000000000000ffffffffffffffffffffffff",3.59,,0.31,17,21.66,37.62,98297.00,649.00,0,0,0,0,,,-1.00,-1.00,-1.00,-1.00,-1.00,-1.00
2022-12-14T20:38:13Z,"0002cc01000003e9","2250c4f6b5fd396904fa11159d5ff960981a6c000000000000ffffffffffffffffffffffff",3.59,,0.31,17,21.61,37.73,98272.00,667.00,0,0,0,0,,,-1.00,-1.00,-1.00,-1.00,-1.00,-1.00
2022-12-14T20:44:09Z,"0002cc01000003e9","2250c4f819fd397104fa1115985fff619319e4000000000000ffffffffffffffffffffffff",3.59,,0.31,17,21.59,38.12,98296.00,633.00,0,0,0,0,,,-1.00,-1.00,-1.00,-1.00,-1.00,-1.00
2022-12-14T20:50:05Z,"0002cc01000003e9","2250c4f97dfd397104fa1115925ffe622519c8000000000000ffffffffffffffffffffffff",3.59,,0.31,17,21.57,38.34,98292.00,626.00,0,0,0,0,,,-1.00,-1.00,-1.00,-1.00,-1.00,-1.00
2022-12-14T20:56:01Z,"0002cc01000003e9","2250c4fae1fd3965050311159d5ffa62671a14000000000000ffffffffffffffffffffffff",3.59,,0.31,17,21.61,38.44,98276.00,645.00,0,0,0,0,,,-1.00,-1.00,-1.00,-1.00,-1.00,-1.00
2022-12-14T21:01:57Z,"0002cc01000003e9","2250c4fc45fd3969050711159d5ff962431a70000000000000ffffffffffffffffffffffff",3.59,,0.31,17,21.61,38.38,98272.00,668.00,0,0,0,0,,,-1.00,-1.00,-1.00,-1.00,-1.00,-1.00
2022-12-14T21:07:53Z,"0002cc01000003e9","2250c4fda9fd3961050311159d5ff563631a04000000000000ffffffffffffffffffffffff",3.59,,0.31,17,21.61,38.82,98258.00,641.00,0,0,0,0,,,-1.00,-1.00,-1.00,-1.00,-1.00,-1.00
2022-12-14T21:13:49Z,"0002cc01000003e9","2250c4ff0dfd396d04fa11159a5fee63e01a0c000000000000ffffffffffffffffffffffff",3.59,,0.31,17,21.60,39.01,98231.00,643.00,0,0,0,0,,,-1.00,-1.00,-1.00,-1.00,-1.00,-1.00
2022-12-14T21:19:45Z,"0002cc01000003e9","2250c50071fd396d04fa1115985ff165591a0c000000000000ffffffffffffffffffffffff",3.59,,0.31,17,21.59,39.59,98241.00,643.00,0,0,0,0,,,-1.00,-1.00,-1.00,-1.00,-1.00,-1.00
2022-12-14T21:25:41Z,"0002cc01000003e9","2250c501d5fd3961050311159f5ff366a51944000000000000ffffffffffffffffffffffff",3.59,,0.31,17,21.62,40.10,98249.00,593.00,0,0,0,0,,,-1.00,-1.00,-1.00,-1.00,-1.00,-1.00
2022-12-14T21:31:37Z,"0002cc01000003e9","2250c50339fd396104fa1115bb5ffc67ed1aac000000000000ffffffffffffffffffffffff",3.59,,0.31,17,21.73,40.60,98287.00,683.00,0,0,0,0,,,-1.00,-1.00,-1.00,-1.00,-1.00,-1.00
2022-12-14T21:37:33Z,"0002cc01000003e9","2250c5049dfd397104fa1115c36002689e19f0000000000000ffffffffffffffffffffffff",3.59,,0.31,17,21.76,40.87,98308.00,636.00,0,0,0,0,,,-1.00,-1.00,-1.00,-1.00,-1.00,-1.00
2022-12-14T21:43:29Z,"0002cc01000003e9","2250c50601fd396904fa1115cd600569571a44000000000000ffffffffffffffffffffffff",3.59,,0.31,17,21.80,41.15,98321.00,657.00,0,0,0,0,,,-1.00,-1.00,-1.00,-1.00,-1.00,-1.00
2022-12-14T21:49:25Z,"0002cc01000003e9","2250c50765fd397104fa1115d06007695e19f4000000000000ffffffffffffffffffffffff",3.59,,0.31,17,21.81,41.16,98328.00,637.00,0,0,0,0,,,-1.00,-1.00,-1.00,-1.00,-1.00,-1.00
2022-12-14T21:55:21Z,"0002cc01000003e9","2250c508c9fd396105031115d0600768c319f8000000000000ffffffffffffffffffffffff",3.59,,0.31,17,21.81,40.92,98330.00,638.00,0,0,0,0,,,-1.00,-1.00,-1.00,-1.00,-1.00,-1.00
2022-12-14T22:01:17Z,"0002cc01000003e9","2250c50a2dfd396904fa1115c36007676a1a3c000000000000ffffffffffffffffffffffff",3.59,,0.31,17,21.76,40.40,98328.00,655.00,0,0,0,0,,,-1.00,-1.00,-1.00,-1.00,-1.00,-1.00
2022-12-14T22:07:13Z,"0002cc01000003e9","2250c50b91fd396d04fa1115b1600167ac1a88000000000000ffffffffffffffffffffffff",3.59,,0.31,17,21.69,40.50,98304.00,674.00,0,0,0,0,,,-1.00,-1.00,-1.00,-1.00,-1.00,-1.00
2022-12-14T22:13:09Z,"0002cc01000003e9","2250c50cf5fd396d04fa1115a75ff967b71a24000000000000ffffffffffffffffffffffff",3.59,,0.31,17,21.65,40.51,98273.00,649.00,0,0,0,0,,,-1.00,-1.00,-1.00,-1.00,-1.00,-1.00
2022-12-14T22:19:05Z,"0002cc01000003e9","2250c50e59fd396d04fa11159f5ffa67af1a38000000000000ffffffffffffffffffffffff",3.59,,0.31,17,21.62,40.50,98279.00,654.00,0,0,0,0,,,-1.00,-1.00,-1.00,-1.00,-1.00,-1.00
2022-12-14T22:25:02Z,"0002cc01000003e9","2250c50fbefd396d04fa111598600167b31a98000000000000ffffffffffffffffffffffff",3.59,,0.31,17,21.59,40.51,98304.00,678.00,0,0,0,0,,,-1.00,-1.00,-1.00,-1.00,-1.00,-1.00
2022-12-14T22:30:57Z,"0002cc01000003e9","2250c51121fd396d04fa111592600967d519dc000000000000ffffffffffffffffffffffff",3.59,,0.31,17,21.57,40.56,98338.00,631.00,0,0,0,0,,,-1.00,-1.00,-1.00,-1.00,-1.00,-1.00
2022-12-14T22:36:54Z,"0002cc01000003e9","2250c51286fd396d04fa1115906008679d1a20000000000000ffffffffffffffffffffffff",3.59,,0.31,17,21.56,40.47,98333.00,648.00,0,0,0,0,,,-1.00,-1.00,-1.00,-1.00,-1.00,-1.00
2022-12-14T22:42:50Z,"0002cc01000003e9","2250c513eafd396104fa11158d600d67d41a68000000000000ffffffffffffffffffffffff",3.59,,0.31,17,21.55,40.56,98355.00,666.00,0,0,0,0,,,-1.00,-1.00,-1.00,-1.00,-1.00,-1.00
2022-12-14T22:48:46Z,"0002cc01000003e9","2250c5154efd396d04fa111590601168151a78000000000000ffffffffffffffffffffffff",3.59,,0.31,17,21.56,40.66,98368.00,670.00,0,0,0,0,,,-1.00,-1.00,-1.00,-1.00,-1.00,-1.00
2022-12-14T22:54:42Z,"0002cc01000003e9","2250c516b2fd396104fa111595600b686219f0000000000000ffffffffffffffffffffffff",3.59,,0.31,17,21.58,40.78,98347.00,636.00,0,0,0,0,,,-1.00,-1.00,-1.00,-1.00,-1.00,-1.00
2022-12-14T23:00:38Z,"0002cc01000003e9","2250c51816fd396d04fa111590600f683e19ac000000000000ffffffffffffffffffffffff",3.59,,0.31,17,21.56,40.72,98363.00,619.00,0,0,0,0,,,-1.00,-1.00,-1.00,-1.00,-1.00,-1.00
2022-12-14T23:06:34Z,"0002cc01000003e9","2250c5197afd396d04fa1115886014687419d0000000000000ffffffffffffffffffffffff",3.59,,0.31,17,21.53,40.80,98380.00,628.00,0,0,0,0,,,-1.00,-1.00,-1.00,-1.00,-1.00,-1.00
2022-12-14T23:12:30Z,"0002cc01000003e9","2250c51adefd396904fa11159d601168c719fc000000000000ffffffffffffffffffffffff",3.59,,0.31,17,21.61,40.93,98369.00,639.00,0,0,0,0,,,-1.00,-1.00,-1.00,-1.00,-1.00,-1.00
2022-12-14T23:18:26Z,"0002cc01000003e9","2250c51c42fd396d04fa1115a7600868de1a18000000000000ffffffffffffffffffffffff",3.59,,0.31,17,21.65,40.96,98335.00,646.00,0,0,0,0,,,-1.00,-1.00,-1.00,-1.00,-1.00,-1.00
2022-12-14T23:24:22Z,"0002cc01000003e9","2250c51da6fd396905031115c15ffa68cf1a08000000000000ffffffffffffffffffffffff",3.59,,0.31,17,21.75,40.94,98279.00,642.00,0,0,0,0,,,-1.00,-1.00,-1.00,-1.00,-1.00,-1.00
2022-12-14T23:30:18Z,"0002cc01000003e9","2250c51f0afd396d04fa1115c35fff67e819ec000000000000ffffffffffffffffffffffff",3.59,,0.31,17,21.76,40.59,98299.00,635.00,0,0,0,0,,,-1.00,-1.00,-1.00,-1.00,-1.00,-1.00
2022-12-14T23:36:14Z,"0002cc01000003e9","2250c5206efd397104fa1115d26005683219ec000000000000ffffffffffffffffffffffff",3.59,,0.31,17,21.82,40.70,98321.00,635.00,0,0,0,0,,,-1.00,-1.00,-1.00,-1.00,-1.00,-1.00
2022-12-14T23:42:10Z,"0002cc01000003e9","2250c521d2fd397104fa1115df5ffd67ee1a30000000000000ffffffffffffffffffffffff",3.59,,0.31,17,21.87,40.60,98290.00,652.00,0,0,0,0,,,-1.00,-1.00,-1.00,-1.00,-1.00,-1.00
2022-12-14T23:48:06Z,"0002cc01000003e9","2250c52336fd397104fa1115ec5ffd687e1a40000000000000ffffffffffffffffffffffff",3.59,,0.31,17,21.92,40.82,98291.00,656.00,0,0,0,0,,,-1.00,-1.00,-1.00,-1.00,-1.00,-1.00
2022-12-14T23:54:02Z,"0002cc01000003e9","2250c5249afd396d04fa1115f95ff767e01a4c000000000000ffffffffffffffffffffffff",3.59,,0.31,17,21.97,40.58,98264.00,659.00,0,0,0,0,,,-1.00,-1.00,-1.00,-1.00,-1.00,-1.00
2022-12-14T23:59:58Z,"0002cc01000003e9","2250c525fefd396d04fa1115f65ff767831998000000000000ffffffffffffffffffffffff",3.59,,0.31,17,21.96,40.44,98264.00,614.00,0,0,0,0,,,-1.00,-1.00,-1.00,-1.00,-1.00,-1.00
