Time,DevEUI,Raw,Vbat,Vsystem,Vbus,BootCount,T,RH,P,Light,P[0].delta,P[0].total,P[1].delta,P[1].total,Act[7],Act[6],Act[5],Act[4],Act[3],Act[2],Act[1],Act[0]
2022-12-01T00:01:41Z,"0002cc01000003e9","2250b2b165fd3a67051711150d6277245b0a40000000000000ffffffffffffffffffffffff",3.65,,0.32,17,21.05,14.20,100824.00,82.00,0,0,0,0,,,-1.00,-1.00,-1.00,-1.00,-1.00,-1.00
2022-12-01T00:07:37Z,"0002cc01000003e9","2250b2b2c9fd3a6705231115106278245b0fc0000000000000ffffffffffffffffffffffff",3.65,,0.32,17,21.06,14.20,100829.00,63.00,0,0,0,0,,,-1.00,-1.00,-1.00,-1.00,-1.00,-1.00
2022-12-01T00:13:33Z,"0002cc01000003e9","2250b2b42dfd3a670523111510627924710f40000000000000ffffffffffffffffffffffff",3.65,,0.32,17,21.06,14.24,100832.00,61.00,0,0,0,0,,,-1.00,-1.00,-1.00,-1.00,-1.00,-1.00
2022-12-01T00:19:29Z,"0002cc01000003e9","2250b2b591fd3a67051f111510627a24710940000000000000ffffffffffffffffffffffff",3.65,,0.32,17,21.06,14.24,100836.00,74.00,0,0,0,0,,,-1.00,-1.00,-1.00,-1.00,-1.00,-1.00
2022-12-01T00:25:25Z,"0002cc01000003e9","2250b2b6f5fd3a630523111510627a24860860000000000000ffffffffffffffffffffffff",3.65,,0.32,17,21.06,14.27,100837.00,67.00,0,0,0,0,,,-1.00,-1.00,-1.00,-1.00,-1.00,-1.00
2022-12-01T00:31:21Z,"0002cc01000003e9","2250b2b859fd3a67051f111512627c24a208e0000000000000ffffffffffffffffffffffff",3.65,,0.32,17,21.07,14.31,100844.00,71.00,0,0,0,0,,,-1.00,-1.00,-1.00,-1.00,-1.00,-1.00
2022-12-01T00:37:17Z,"0002cc01000003e9","2250b2b9bdfd3a630523111512627e249b0c00000000000000ffffffffffffffffffffffff",3.65,,0.32,17,21.07,14.30,100854.00,48.00,0,0,0,0,,,-1.00,-1.00,-1.00,-1.00,-1.00,-1.00
2022-12-01T00:43:13Z,"0002cc01000003e9","2250b2bb21fd3a57051711152f627e249d0e40000000000000ffffffffffffffffffffffff",3.65,,0.32,17,21.18,14.30,100854.00,228.00,0,0,0,0,,,-1.00,-1.00,-1.00,-1.00,-1.00,-1.00
2022-12-01T00:49:09Z,"0002cc01000003e9","2250b2bc85fd3a63052311154b627f241a0f60000000000000ffffffffffffffffffffffff",3.65,,0.32,17,21.29,14.10,100859.00,246.00,0,0,0,0,,,-1.00,-1.00,-1.00,-1.00,-1.00,-1.00
2022-12-01T00:55:05Z,"0002cc01000003e9","2250b2bde9fd3a63052c111555628123e90eb0000000000000ffffffffffffffffffffffff",3.65,,0.32,17,21.33,14.03,100864.00,235.00,0,0,0,0,,,-1.00,-1.00,-1.00,-1.00,-1.00,-1.00
2022-12-01T01:01:01Z,"0002cc01000003e9","2250b2bf4dfd3a67052311155f628223b20858000000000000ffffffffffffffffffffffff",3.65,,0.32,17,21.37,13.94,100869.00,267.00,0,0,0,0,,,-1.00,-1.00,-1.00,-1.00,-1.00,-1.00
2022-12-01T01:06:57Z,"0002cc01000003e9","2250b2c0b1fd3a630517111564628423ab0870000000000000ffffffffffffffffffffffff",3.65,,0.32,17,21.39,13.93,100877.00,270.00,0,0,0,0,,,-1.00,-1.00,-1.00,-1.00,-1.00,-1.00
2022-12-01T01:12:53Z,"0002cc01000003e9","2250b2c215fd3a6305231115676284236c0820000000000000ffffffffffffffffffffffff",3.65,,0.32,17,21.40,13.84,100877.00,260.00,0,0,0,0,,,-1.00,-1.00,-1.00,-1.00,-1.00,-1.00
2022-12-01T01:18:49Z,"0002cc01000003e9","2250b2c379fd3a630517111569628323880840000000000000ffffffffffffffffffffffff",3.65,,0.32,17,21.41,13.88,100875.00,264.00,0,0,0,0,,,-1.00,-1.00,-1.00,-1.00,-1.00,-1.00
2022-12-01T01:24:45Z,"0002cc01000003e9","2250b2c4ddfd3a63052311156962832366f000000000000000ffffffffffffffffffffffff",3.65,,0.32,17,21.41,13.83,100875.00,0.00,0,0,0,0,,,-1.00,-1.00,-1.00,-1.00,-1.00,-1.00
2022-12-01T01:30:41Z,"0002cc01000003e9","2250b2c641fd3a5f051f1115626285235df000000000000000ffffffffffffffffffffffff",3.65,,0.32,17,21.38,13.81,100880.00,0.00,0,0,0,0,,,-1.00,-1.00,-1.00,-1.00,-1.00,-1.00
2022-12-01T01:36:37Z,"0002cc01000003e9","2250b2c7a5fd3a63052c11155562882348f000000000000000ffffffffffffffffffffffff",3.65,,0.32,17,21.33,13.78,100895.00,0.00,0,0,0,0,,,-1.00,-1.00,-1.00,-1.00,-1.00,-1.00
2022-12-01T01:42:33Z,"0002cc01000003e9","2250b2c909fd3a63052311154b628b233f0880000000000000ffffffffffffffffffffffff",3.65,,0.32,17,21.29,13.77,100907.00,17.00,0,0,0,0,,,-1.00,-1.00,-1.00,-1.00,-1.00,-1.00
2022-12-01T01:48:30Z,"0002cc01000003e9","2250b2ca6efd3a630523111541628923460a00000000000000ffffffffffffffffffffffff",3.65,,0.32,17,21.25,13.78,100896.00,5.00,0,0,0,0,,,-1.00,-1.00,-1.00,-1.00,-1.00,-1.00
2022-12-01T01:54:26Z,"0002cc01000003e9","2250b2cbd2fd3a57052311153462882329f000000000000000ffffffffffffffffffffffff",3.65,,0.32,17,21.20,13.73,100894.00,0.00,0,0,0,0,,,-1.00,-1.00,-1.00,-1.00,-1.00,-1.00
2022-12-01T02:00:21Z,"0002cc01000003e9","2250b2cd35fd3a5705231115296289232f0d00000000000000ffffffffffffffffffffffff",3.65,,0.32,17,21.16,13.74,100898.00,26.00,0,0,0,0,,,-1.00,-1.00,-1.00,-1.00,-1.00,-1.00
2022-12-01T02:06:18Z,"0002cc01000003e9","2250b2ce9afd3a630523111524628b23270800000000000000ffffffffffffffffffffffff",3.65,,0.32,17,21.14,13.73,100905.00,1.00,0,0,0,0,,,-1.00,-1.00,-1.00,-1.00,-1.00,-1.00
2022-12-01T02:12:13Z,"0002cc01000003e9","2250b2cffdfd3a63052311151d628c233c0e00000000000000ffffffffffffffffffffffff",3.65,,0.32,17,21.11,13.76,100908.00,7.00,0,0,0,0,,,-1.00,-1.00,-1.00,-1.00,-1.00,-1.00
2022-12-01T02:18:10Z,"0002cc01000003e9","2250b2d162fd3a63052c111518628d23260a00000000000000ffffffffffffffffffffffff",3.65,,0.32,17,21.09,13.73,100915.00,5.00,0,0,0,0,,,-1.00,-1.00,-1.00,-1.00,-1.00,-1.00
2022-12-01T02:24:06Z,"0002cc01000003e9","2250b2d2c6fd3a5f05231115126291231f0b80000000000000ffffffffffffffffffffffff",3.65,,0.32,17,21.07,13.72,100929.00,23.00,0,0,0,0,,,-1.00,-1.00,-1.00,-1.00,-1.00,-1.00
2022-12-01T02:30:02Z,"0002cc01000003e9","2250b2d42afd3a57052311150b6293232cf000000000000000ffffffffffffffffffffffff",3.65,,0.32,17,21.04,13.74,100936.00,0.00,0,0,0,0,,,-1.00,-1.00,-1.00,-1.00,-1.00,-1.00
2022-12-01T02:35:58Z,"0002cc01000003e9","2250b2d58efd3a5705231115086296231e0800000000000000ffffffffffffffffffffffff",3.65,,0.32,17,21.03,13.72,100949.00,16.00,0,0,0,0,,,-1.00,-1.00,-1.00,-1.00,-1.00,-1.00
2022-12-01T02:41:54Z,"0002cc01000003e9","2250b2d6f2fd3a630523111506629a233af000000000000000ffffffffffffffffffffffff",3.65,,0.32,17,21.02,13.76,100964.00,0.00,0,0,0,0,,,-1.00,-1.00,-1.00,-1.00,-1.00,-1.00
2022-12-01T02:47:50Z,"0002cc01000003e9","2250b2d856fd3a6305231115016299234f0e00000000000000ffffffffffffffffffffffff",3.65,,0.32,17,21.00,13.79,100963.00,7.00,0,0,0,0,,,-1.00,-1.00,-1.00,-1.00,-1.00,-1.00
2022-12-01T02:53:46Z,"0002cc01000003e9","2250b2d9bafd3a6305231114fe629a235df000000000000000ffffffffffffffffffffffff",3.65,,0.32,17,20.99,13.81,100966.00,0.00,0,0,0,0,,,-1.00,-1.00,-1.00,-1.00,-1.00,-1.00
2022-12-01T02:59:42Z,"0002cc01000003e9","2250b2db1efd3a6305231114f96297236a0980000000000000ffffffffffffffffffffffff",3.65,,0.32,17,20.97,13.83,100954.00,19.00,0,0,0,0,,,-1.00,-1.00,-1.00,-1.00,-1.00,-1.00
2022-12-01T03:05:38Z,"0002cc01000003e9","2250b2dc82fd3a6305231114f46299236a0f00000000000000ffffffffffffffffffffffff",3.65,,0.32,17,20.95,13.83,100962.00,15.00,0,0,0,0,,,-1.00,-1.00,-1.00,-1.00,-1.00,-1.00
2022-12-01T03:11:34Z,"0002cc01000003e9","2250b2dde6fd3a6305231114ef62992386f000000000000000ffffffffffffffffffffffff",3.65,,0.32,17,20.93,13.88,100963.00,0.00,0,0,0,0,,,-1.00,-1.00,-1.00,-1.00,-1.00,-1.00
2022-12-01T03:17:30Z,"0002cc01000003e9","2250b2df4afd3a63051f1114e9629d23700900000000000000ffffffffffffffffffffffff",3.65,,0.32,17,20.91,13.84,100978.00,36.00,0,0,0,0,,,-1.00,-1.00,-1.00,-1.00,-1.00,-1.00
2022-12-01T03:23:26Z,"0002cc01000003e9","2250b2e0aefd3a5f05231114e7629c23850c00000000000000ffffffffffffffffffffffff",3.65,,0.32,17,20.90,13.88,100974.00,3.00,0,0,0,0,,,-1.00,-1.00,-1.00,-1.00,-1.00,-1.00
2022-12-01T03:29:22Z,"0002cc01000003e9","2250b2e212fd3a6305171114e262a0238b0c80000000000000ffffffffffffffffffffffff",3.65,,0.32,17,20.88,13.88,100989.00,50.00,0,0,0,0,,,-1.00,-1.00,-1.00,-1.00,-1.00,-1.00
2022-12-01T03:35:18Z,"0002cc01000003e9","2250b2e376fd3a5705231114df629f238bf000000000000000ffffffffffffffffffffffff",3.65,,0.32,17,20.87,13.88,100985.00,0.00,0,0,0,0,,,-1.00,-1.00,-1.00,-1.00,-1.00,-1.00
2022-12-01T03:41:14Z,"0002cc01000003e9","2250b2e4dafd3a6305231114dd629c23920a00000000000000ffffffffffffffffffffffff",3.65,,0.32,17,20.86,13.90,100973.00,20.00,0,0,0,0,,,-1.00,-1.00,-1.00,-1.00,-1.00,-1.00
2022-12-01T03:47:10Z,"0002cc01000003e9","2250b2e63efd3a63052c1114dd629e23a10d00000000000000ffffffffffffffffffffffff",3.65,,0.32,17,20.86,13.92,100982.00,208.00,0,0,0,0,,,-1.00,-1.00,-1.00,-1.00,-1.00,-1.00
2022-12-01T03:53:06Z,"0002cc01000003e9","2250b2e7a2fd3a6305171114e7629e23a10f40000000000000ffffffffffffffffffffffff",3.65,,0.32,17,20.90,13.92,100983.00,244.00,0,0,0,0,,,-1.00,-1.00,-1.00,-1.00,-1.00,-1.00
2022-12-01T03:59:02Z,"0002cc01000003e9","2250b2e906fd3a5705231114f1629d23be0ea0000000000000ffffffffffffffffffffffff",3.65,,0.32,17,20.94,13.96,100978.00,234.00,0,0,0,0,,,-1.00,-1.00,-1.00,-1.00,-1.00,-1.00
2022-12-01T04:04:59Z,"0002cc01000003e9","2250b2ea6bfd3a6305231114f962a023f80818000000000000ffffffffffffffffffffffff",3.65,,0.32,17,20.97,14.05,100990.00,259.00,0,0,0,0,,,-1.00,-1.00,-1.00,-1.00,-1.00,-1.00
2022-12-01T04:10:54Z,"0002cc01000003e9","2250b2ebcefd3a57052311150162a224290f40000000000000ffffffffffffffffffffffff",3.65,,0.32,17,21.00,14.13,100999.00,244.00,0,0,0,0,,,-1.00,-1.00,-1.00,-1.00,-1.00,-1.00
2022-12-01T04:16:50Z,"0002cc01000003e9","2250b2ed32fd3a63052311150362a724290808000000000000ffffffffffffffffffffffff",3.65,,0.32,17,21.01,14.13,101017.00,257.00,0,0,0,0,,,-1.00,-1.00,-1.00,-1.00,-1.00,-1.00
2022-12-01T04:22:47Z,"0002cc01000003e9","2250b2ee97fd3a63052311150162a72437f000000000000000ffffffffffffffffffffffff",3.65,,0.32,17,21.00,14.15,101018.00,0.00,0,0,0,0,,,-1.00,-1.00,-1.00,-1.00,-1.00,-1.00
2022-12-01T04:28:43Z,"0002cc01000003e9","2250b2effbfd3a6305231114f462a724210840000000000000ffffffffffffffffffffffff",3.65,,0.32,17,20.95,14.11,101016.00,33.00,0,0,0,0,,,-1.00,-1.00,-1.00,-1.00,-1.00,-1.00
2022-12-01T04:34:39Z,"0002cc01000003e9","2250b2f15ffd3a6305231114e962a923fd0b80000000000000ffffffffffffffffffffffff",3.65,,0.32,17,20.91,14.06,101027.00,23.00,0,0,0,0,,,-1.00,-1.00,-1.00,-1.00,-1.00,-1.00
2022-12-01T04:40:35Z,"0002cc01000003e9","2250b2f2c3fd3a5f05231114e262a824040800000000000000ffffffffffffffffffffffff",3.65,,0.32,17,20.88,14.07,101023.00,4.00,0,0,0,0,,,-1.00,-1.00,-1.00,-1.00,-1.00,-1.00
2022-12-01T04:46:31Z,"0002cc01000003e9","2250b2f427fd3a6305231114d562ab23ed0a00000000000000ffffffffffffffffffffffff",3.65,,0.32,17,20.83,14.03,101034.00,5.00,0,0,0,0,,,-1.00,-1.00,-1.00,-1.00,-1.00,-1.00
2022-12-01T04:52:27Z,"0002cc01000003e9","2250b2f58bfd3a6305231114cb62ad23e60800000000000000ffffffffffffffffffffffff",3.65,,0.32,17,20.79,14.02,101043.00,4.00,0,0,0,0,,,-1.00,-1.00,-1.00,-1.00,-1.00,-1.00
2022-12-01T04:58:23Z,"0002cc01000003e9","2250b2f6effd3a6305231114c362af23f20900000000000000ffffffffffffffffffffffff",3.65,,0.32,17,20.76,14.04,101051.00,36.00,0,0,0,0,,,-1.00,-1.00,-1.00,-1.00,-1.00,-1.00
2022-12-01T05:04:19Z,"0002cc01000003e9","2250b2f853fd3a6305231114bb62b124080a00000000000000ffffffffffffffffffffffff",3.65,,0.32,17,20.73,14.07,101057.00,5.00,0,0,0,0,,,-1.00,-1.00,-1.00,-1.00,-1.00,-1.00
2022-12-01T05:10:15Z,"0002cc01000003e9","2250b2f9b7fd3a6305231114b962b02407f000000000000000ffffffffffffffffffffffff",3.65,,0.32,17,20.72,14.07,101055.00,0.00,0,0,0,0,,,-1.00,-1.00,-1.00,-1.00,-1.00,-1.00
2022-12-01T05:16:11Z,"0002cc01000003e9","2250b2fb1bfd3a6305231114b162b124140a00000000000000ffffffffffffffffffffffff",3.65,,0.32,17,20.69,14.09,101058.00,5.00,0,0,0,0,,,-1.00,-1.00,-1.00,-1.00,-1.00,-1.00
2022-12-01T05:22:07Z,"0002cc01000003e9","2250b2fc7ffd3a6305231114af62b524140800000000000000ffffffffffffffffffffffff",3.65,,0.32,17,20.68,14.09,101074.00,4.00,0,0,0,0,,,-1.00,-1.00,-1.00,-1.00,-1.00,-1.00
2022-12-01T05:28:03Z,"0002cc01000003e9","2250b2fde3fd3a6305231114a962b6240df000000000000000ffffffffffffffffffffffff",3.65,,0.32,17,20.66,14.08,101078.00,0.00,0,0,0,0,,,-1.00,-1.00,-1.00,-1.00,-1.00,-1.00
2022-12-01T05:33:59Z,"0002cc01000003e9","2250b2ff47fd3a6305231114a462b8240d0e00000000000000ffffffffffffffffffffffff",3.65,,0.32,17,20.64,14.08,101084.00,14.00,0,0,0,0,,,-1.00,-1.00,-1.00,-1.00,-1.00,-1.00
2022-12-01T05:39:55Z,"0002cc01000003e9","2250b300abfd3a5705231114a262b8241a0c00000000000000ffffffffffffffffffffffff",3.65,,0.32,17,20.63,14.10,101085.00,3.00,0,0,0,0,,,-1.00,-1.00,-1.00,-1.00,-1.00,-1.00
2022-12-01T05:45:51Z,"0002cc01000003e9","2250b3020ffd3a6305231114a262b82428f000000000000000ffffffffffffffffffffffff",3.65,,0.32,17,20.63,14.12,101086.00,0.00,0,0,0,0,,,-1.00,-1.00,-1.00,-1.00,-1.00,-1.00
2022-12-01T05:51:47Z,"0002cc01000003e9","2250b30373fd3a57052311149f62b624360900000000000000ffffffffffffffffffffffff",3.65,,0.32,17,20.62,14.15,101078.00,9.00,0,0,0,0,,,-1.00,-1.00,-1.00,-1.00,-1.00,-1.00
2022-12-01T05:57:43Z,"0002cc01000003e9","2250b304d7fd3a5b051711149f62b9242f0880000000000000ffffffffffffffffffffffff",3.65,,0.32,17,20.62,14.13,101090.00,17.00,0,0,0,0,,,-1.00,-1.00,-1.00,-1.00,-1.00,-1.00
2022-12-01T06:03:39Z,"0002cc01000003e9","2250b3063bfd3a63052311149f62bd2436f000000000000000ffffffffffffffffffffffff",3.65,,0.32,17,20.62,14.15,101106.00,0.00,0,0,0,0,,,-1.00,-1.00,-1.00,-1.00,-1.00,-1.00
2022-12-01T06:09:35Z,"0002cc01000003e9","2250b3079ffd3a63052311149a62bf2428f000000000000000ffffffffffffffffffffffff",3.65,,0.32,17,20.60,14.12,101113.00,0.00,0,0,0,0,,,-1.00,-1.00,-1.00,-1.00,-1.00,-1.00
2022-12-01T06:15:32Z,"0002cc01000003e9","2250b30904fd3a57052311149862c024280800000000000000ffffffffffffffffffffffff",3.65,,0.32,17,20.59,14.12,101119.00,8.00,0,0,0,0,,,-1.00,-1.00,-1.00,-1.00,-1.00,-1.00
2022-12-01T06:21:28Z,"0002cc01000003e9","2250b30a68fd3a63052311149562c12420f000000000000000ffffffffffffffffffffffff",3.65,,0.32,17,20.58,14.11,101121.00,0.00,0,0,0,0,,,-1.00,-1.00,-1.00,-1.00,-1.00,-1.00
2022-12-01T06:27:24Z,"0002cc01000003e9","2250b30bccfd3a63052311148d62c12420f000000000000000ffffffffffffffffffffffff",3.65,,0.32,17,20.55,14.11,101123.00,0.00,0,0,0,0,,,-1.00,-1.00,-1.00,-1.00,-1.00,-1.00
2022-12-01T06:33:20Z,"0002cc01000003e9","2250b30d30fd3a57052311148862c0240af000000000000000ffffffffffffffffffffffff",3.65,,0.32,17,20.53,14.08,101118.00,0.00,0,0,0,0,,,-1.00,-1.00,-1.00,-1.00,-1.00,-1.00
2022-12-01T06:39:16Z,"0002cc01000003e9","2250b30e94fd3a57051f11148662c624110e00000000000000ffffffffffffffffffffffff",3.65,,0.32,17,20.52,14.09,101140.00,7.00,0,0,0,0,,,-1.00,-1.00,-1.00,-1.00,-1.00,-1.00
2022-12-01T06:45:12Z,"0002cc01000003e9","2250b30ff8fd3a63052311148162c72410f000000000000000ffffffffffffffffffffffff",3.65,,0.32,17,20.50,14.09,101145.00,0.00,0,0,0,0,,,-1.00,-1.00,-1.00,-1.00,-1.00,-1.00
2022-12-01T06:51:08Z,"0002cc01000003e9","2250b3115cfd3a63051711148162ca24100d00000000000000ffffffffffffffffffffffff",3.65,,0.32,17,20.50,14.09,101156.00,13.00,0,0,0,0,,,-1.00,-1.00,-1.00,-1.00,-1.00,-1.00
2022-12-01T06:57:04Z,"0002cc01000003e9","2250b312c0fd3a5f052311147e62c6241f0800000000000000ffffffffffffffffffffffff",3.65,,0.32,17,20.49,14.11,101142.00,8.00,0,0,0,0,,,-1.00,-1.00,-1.00,-1.00,-1.00,-1.00
2022-12-01T07:03:00Z,"0002cc01000003e9","2250b31424fd3a63052311147962c9241f0980000000000000ffffffffffffffffffffffff",3.65,,0.32,17,20.47,14.11,101154.00,38.00,0,0,0,0,,,-1.00,-1.00,-1.00,-1.00,-1.00,-1.00
2022-12-01T07:08:56Z,"0002cc01000003e9","2250b31588fd3a57052311147662c924170c00000000000000ffffffffffffffffffffffff",3.65,,0.32,17,20.46,14.10,101153.00,6.00,0,0,0,0,,,-1.00,-1.00,-1.00,-1.00,-1.00,-1.00
2022-12-01T07:14:52Z,"0002cc01000003e9","2250b316ecfd3a63052311147462c9242bf000000000000000ffffffffffffffffffffffff",3.65,,0.32,17,20.45,14.13,101154.00,0.00,0,0,0,0,,,-1.00,-1.00,-1.00,-1.00,-1.00,-1.00
2022-12-01T07:20:48Z,"0002cc01000003e9","2250b31850fd3a5b051f11147162c8242b0e00000000000000ffffffffffffffffffffffff",3.65,,0.32,17,20.44,14.13,101148.00,7.00,0,0,0,0,,,-1.00,-1.00,-1.00,-1.00,-1.00,-1.00
2022-12-01T07:26:44Z,"0002cc01000003e9","2250b319b4fd3a5f052311147162c824390d00000000000000ffffffffffffffffffffffff",3.65,,0.32,17,20.44,14.15,101148.00,13.00,0,0,0,0,,,-1.00,-1.00,-1.00,-1.00,-1.00,-1.00
2022-12-01T07:32:40Z,"0002cc01000003e9","2250b31b18fd3a57052311146c62cb24320900000000000000ffffffffffffffffffffffff",3.65,,0.32,17,20.42,14.14,101161.00,36.00,0,0,0,0,,,-1.00,-1.00,-1.00,-1.00,-1.00,-1.00
2022-12-01T07:38:36Z,"0002cc01000003e9","2250b31c7cfd3a57052311146c62cb2432f000000000000000ffffffffffffffffffffffff",3.65,,0.32,17,20.42,14.14,101160.00,0.00,0,0,0,0,,,-1.00,-1.00,-1.00,-1.00,-1.00,-1.00
2022-12-01T07:44:32Z,"0002cc01000003e9","2250b31de0fd3a63052311146962c924320b00000000000000ffffffffffffffffffffffff",3.65,,0.32,17,20.41,14.14,101153.00,11.00,0,0,0,0,,,-1.00,-1.00,-1.00,-1.00,-1.00,-1.00
2022-12-01T07:50:28Z,"0002cc01000003e9","2250b31f44fd3a57052311146962c824320c00000000000000ffffffffffffffffffffffff",3.65,,0.32,17,20.41,14.14,101150.00,12.00,0,0,0,0,,,-1.00,-1.00,-1.00,-1.00,-1.00,-1.00
2022-12-01T07:56:24Z,"0002cc01000003e9","2250b320a8fd3a63052311146462ca242b0800000000000000ffffffffffffffffffffffff",3.65,,0.32,17,20.39,14.13,101157.00,4.00,0,0,0,0,,,-1.00,-1.00,-1.00,-1.00,-1.00,-1.00
2022-12-01T08:02:20Z,"0002cc01000003e9","2250b3220cfd3a63052311146462cc242a0a00000000000000ffffffffffffffffffffffff",3.65,,0.32,17,20.39,14.13,101166.00,20.00,0,0,0,0,,,-1.00,-1.00,-1.00,-1.00,-1.00,-1.00
2022-12-01T08:08:17Z,"0002cc01000003e9","2250b32371fd3a5b051f11146262ce24380d80000000000000ffffffffffffffffffffffff",3.65,,0.32,17,20.38,14.15,101172.00,27.00,0,0,0,0,,,-1.00,-1.00,-1.00,-1.00,-1.00,-1.00
2022-12-01T08:14:13Z,"0002cc01000003e9","2250b324d5fd3a5b052311145d62cf24460880000000000000ffffffffffffffffffffffff",3.65,,0.32,17,20.36,14.17,101176.00,17.00,0,0,0,0,,,-1.00,-1.00,-1.00,-1.00,-1.00,-1.00
2022-12-01T08:20:09Z,"0002cc01000003e9","2250b32639fd3a57052311145a62d324460800000000000000ffffffffffffffffffffffff",3.65,,0.32,17,20.35,14.17,101193.00,4.00,0,0,0,0,,,-1.00,-1.00,-1.00,-1.00,-1.00,-1.00
2022-12-01T08:26:05Z,"0002cc01000003e9","2250b3279dfd3a63052311145562d2244d0800000000000000ffffffffffffffffffffffff",3.65,,0.32,17,20.33,14.18,101191.00,4.00,0,0,0,0,,,-1.00,-1.00,-1.00,-1.00,-1.00,-1.00
2022-12-01T08:32:01Z,"0002cc01000003e9","2250b32901fd3a63052311145262d3245af000000000000000ffffffffffffffffffffffff",3.65,,0.32,17,20.32,14.20,101193.00,0.00,0,0,0,0,,,-1.00,-1.00,-1.00,-1.00,-1.00,-1.00
2022-12-01T08:37:57Z,"0002cc01000003e9","2250b32a65fd3a5b051f11145062d6245a0e80000000000000ffffffffffffffffffffffff",3.65,,0.32,17,20.31,14.20,101205.00,29.00,0,0,0,0,,,-1.00,-1.00,-1.00,-1.00,-1.00,-1.00
2022-12-01T08:43:53Z,"0002cc01000003e9","2250b32bc9fd3a52052311144b62d92468f000000000000000ffffffffffffffffffffffff",3.64,,0.32,17,20.29,14.22,101216.00,0.00,0,0,0,0,,,-1.00,-1.00,-1.00,-1.00,-1.00,-1.00
2022-12-01T08:49:49Z,"0002cc01000003e9","2250b32d2dfd3a57052311144862d9246ff000000000000000ffffffffffffffffffffffff",3.65,,0.32,17,20.28,14.23,101218.00,0.00,0,0,0,0,,,-1.00,-1.00,-1.00,-1.00,-1.00,-1.00
2022-12-01T08:55:45Z,"0002cc01000003e9","2250b32e91fd3a63052311144662d8247d0800000000000000ffffffffffffffffffffffff",3.65,,0.32,17,20.27,14.25,101215.00,1.00,0,0,0,0,,,-1.00,-1.00,-1.00,-1.00,-1.00,-1.00
2022-12-01T09:01:41Z,"0002cc01000003e9","2250b32ff5fd3a5b052311144662d8247cf000000000000000ffffffffffffffffffffffff",3.65,,0.32,17,20.27,14.25,101215.00,0.00,0,0,0,0,,,-1.00,-1.00,-1.00,-1.00,-1.00,-1.00
2022-12-01T09:07:37Z,"0002cc01000003e9","2250b33159fd3a57052311144662d92483f000000000000000ffffffffffffffffffffffff",3.65,,0.32,17,20.27,14.26,101216.00,0.00,0,0,0,0,,,-1.00,-1.00,-1.00,-1.00,-1.00,-1.00
2022-12-01T09:13:33Z,"0002cc01000003e9","2250b332bdfd3a63052311144362db248af000000000000000ffffffffffffffffffffffff",3.65,,0.32,17,20.26,14.27,101227.00,0.00,0,0,0,0,,,-1.00,-1.00,-1.00,-1.00,-1.00,-1.00
2022-12-01T09:19:29Z,"0002cc01000003e9","2250b33421fd3a63052311143e62da24980900000000000000ffffffffffffffffffffffff",3.65,,0.32,17,20.24,14.29,101221.00,9.00,0,0,0,0,,,-1.00,-1.00,-1.00,-1.00,-1.00,-1.00
2022-12-01T09:25:25Z,"0002cc01000003e9","2250b33585fd3a57052311143b62d8249f0800000000000000ffffffffffffffffffffffff",3.65,,0.32,17,20.23,14.30,101212.00,1.00,0,0,0,0,,,-1.00,-1.00,-1.00,-1.00,-1.00,-1.00
2022-12-01T09:31:21Z,"0002cc01000003e9","2250b336e9fd3a5b052311143462d624a50d00000000000000ffffffffffffffffffffffff",3.65,,0.32,17,20.20,14.31,101204.00,13.00,0,0,0,0,,,-1.00,-1.00,-1.00,-1.00,-1.00,-1.00
2022-12-01T09:37:17Z,"0002cc01000003e9","2250b3384dfd3a63052311143162d62489f000000000000000ffffffffffffffffffffffff",3.65,,0.32,17,20.19,14.27,101206.00,0.00,0,0,0,0,,,-1.00,-1.00,-1.00,-1.00,-1.00,-1.00
2022-12-01T09:43:13Z,"0002cc01000003e9","2250b339b1fd3a63051f11142f62d7248208c0000000000000ffffffffffffffffffffffff",3.65,,0.32,17,20.18,14.26,101208.00,35.00,0,0,0,0,,,-1.00,-1.00,-1.00,-1.00,-1.00,-1.00
2022-12-01T09:49:09Z,"0002cc01000003e9","2250b33b15fd3a57052311142c62d62488f000000000000000ffffffffffffffffffffffff",3.65,,0.32,17,20.17,14.27,101206.00,0.00,0,0,0,0,,,-1.00,-1.00,-1.00,-1.00,-1.00,-1.00
2022-12-01T09:55:05Z,"0002cc01000003e9","2250b33c79fd3a57052311142962da24810c00000000000000ffffffffffffffffffffffff",3.65,,0.32,17,20.16,14.26,101223.00,3.00,0,0,0,0,,,-1.00,-1.00,-1.00,-1.00,-1.00,-1.00
2022-12-01T10:01:01Z,"0002cc01000003e9","2250b33dddfd3a63052311142762db24960f00000000000000ffffffffffffffffffffffff",3.65,,0.32,17,20.15,14.29,101224.00,15.00,0,0,0,0,,,-1.00,-1.00,-1.00,-1.00,-1.00,-1.00
2022-12-01T10:06:58Z,"0002cc01000003e9","2250b33f42fd3a5f052311142762d824a4f000000000000000ffffffffffffffffffffffff",3.65,,0.32,17,20.15,14.31,101214.00,0.00,0,0,0,0,,,-1.00,-1.00,-1.00,-1.00,-1.00,-1.00
2022-12-01T10:12:54Z,"0002cc01000003e9","2250b340a6fd3a52052311142762d824ab0900000000000000ffffffffffffffffffffffff",3.64,,0.32,17,20.15,14.32,101212.00,9.00,0,0,0,0,,,-1.00,-1.00,-1.00,-1.00,-1.00,-1.00
2022-12-01T10:18:50Z,"0002cc01000003e9","2250b3420afd3a57052311142762d324b2f000000000000000ffffffffffffffffffffffff",3.65,,0.32,17,20.15,14.33,101194.00,0.00,0,0,0,0,,,-1.00,-1.00,-1.00,-1.00,-1.00,-1.00
2022-12-01T10:24:46Z,"0002cc01000003e9","2250b3436efd3a63052311142762d224b20f00000000000000ffffffffffffffffffffffff",3.65,,0.32,17,20.15,14.33,101189.00,15.00,0,0,0,0,,,-1.00,-1.00,-1.00,-1.00,-1.00,-1.00
2022-12-01T10:30:42Z,"0002cc01000003e9","2250b344d2fd3a63052311142762d324a40d00000000000000ffffffffffffffffffffffff",3.65,,0.32,17,20.15,14.31,101192.00,13.00,0,0,0,0,,,-1.00,-1.00,-1.00,-1.00,-1.00,-1.00
2022-12-01T10:36:38Z,"0002cc01000003e9","2250b34636fd3a63052311142962d3249df000000000000000ffffffffffffffffffffffff",3.65,,0.32,17,20.16,14.30,101194.00,0.00,0,0,0,0,,,-1.00,-1.00,-1.00,-1.00,-1.00,-1.00
2022-12-01T10:42:34Z,"0002cc01000003e9","2250b3479afd3a5b052311142762d424880a00000000000000ffffffffffffffffffffffff",3.65,,0.32,17,20.15,14.27,101198.00,10.00,0,0,0,0,,,-1.00,-1.00,-1.00,-1.00,-1.00,-1.00
2022-12-01T10:48:30Z,"0002cc01000003e9","2250b348fefd3a5b051f11142762d7247a0e00000000000000ffffffffffffffffffffffff",3.65,,0.32,17,20.15,14.25,101208.00,28.00,0,0,0,0,,,-1.00,-1.00,-1.00,-1.00,-1.00,-1.00
2022-12-01T10:54:26Z,"0002cc01000003e9","2250b34a62fd3a5b052c11142462d824800900000000000000ffffffffffffffffffffffff",3.65,,0.32,17,20.14,14.26,101214.00,9.00,0,0,0,0,,,-1.00,-1.00,-1.00,-1.00,-1.00,-1.00
2022-12-01T11:00:22Z,"0002cc01000003e9","2250b34bc6fd3a63052311141f62d924880b00000000000000ffffffffffffffffffffffff",3.65,,0.32,17,20.12,14.27,101217.00,22.00,0,0,0,0,,,-1.00,-1.00,-1.00,-1.00,-1.00,-1.00
2022-12-01T11:06:18Z,"0002cc01000003e9","2250b34d2afd3a5b052311141d62d924950e00000000000000ffffffffffffffffffffffff",3.65,,0.32,17,20.11,14.29,101219.00,14.00,0,0,0,0,,,-1.00,-1.00,-1.00,-1.00,-1.00,-1.00
2022-12-01T11:12:14Z,"0002cc01000003e9","2250b34e8efd3a57052311141d62db24bf0a00000000000000ffffffffffffffffffffffff",3.65,,0.32,17,20.11,14.35,101225.00,5.00,0,0,0,0,,,-1.00,-1.00,-1.00,-1.00,-1.00,-1.00
2022-12-01T11:18:10Z,"0002cc01000003e9","2250b34ff2fd3a57052311141a62db24d40b00000000000000ffffffffffffffffffffffff",3.65,,0.32,17,20.10,14.39,101225.00,22.00,0,0,0,0,,,-1.00,-1.00,-1.00,-1.00,-1.00,-1.00
2022-12-01T11:24:06Z,"0002cc01000003e9","2250b35156fd3a63052311141d62dd24e9f000000000000000ffffffffffffffffffffffff",3.65,,0.32,17,20.11,14.42,101234.00,0.00,0,0,0,0,,,-1.00,-1.00,-1.00,-1.00,-1.00,-1.00
2022-12-01T11:30:02Z,"0002cc01000003e9","2250b352bafd3a52052311141862dd24f0f000000000000000ffffffffffffffffffffffff",3.64,,0.32,17,20.09,14.43,101233.00,0.00,0,0,0,0,,,-1.00,-1.00,-1.00,-1.00,-1.00,-1.00
2022-12-01T11:35:58Z,"0002cc01000003e9","2250b3541efd3a5b052311141d62df24f80880000000000000ffffffffffffffffffffffff",3.65,,0.32,17,20.11,14.44,101241.00,17.00,0,0,0,0,,,-1.00,-1.00,-1.00,-1.00,-1.00,-1.00
2022-12-01T11:41:54Z,"0002cc01000003e9","2250b35582fd3a63051f11142762dd25140e00000000000000ffffffffffffffffffffffff",3.65,,0.32,17,20.15,14.48,101235.00,14.00,0,0,0,0,,,-1.00,-1.00,-1.00,-1.00,-1.00,-1.00
2022-12-01T11:47:50Z,"0002cc01000003e9","2250b356e6fd3a5b052311142f62e0251df000000000000000ffffffffffffffffffffffff",3.65,,0.32,17,20.18,14.50,101244.00,0.00,0,0,0,0,,,-1.00,-1.00,-1.00,-1.00,-1.00,-1.00
2022-12-01T11:53:46Z,"0002cc01000003e9","2250b3584afd3a5b052311143b62e0250ff000000000000000ffffffffffffffffffffffff",3.65,,0.32,17,20.23,14.48,101244.00,0.00,0,0,0,0,,,-1.00,-1.00,-1.00,-1.00,-1.00,-1.00
2022-12-01T11:59:43Z,"0002cc01000003e9","2250b359affd3a5b052311144662df2525f000000000000000ffffffffffffffffffffffff",3.65,,0.32,17,20.27,14.51,101241.00,0.00,0,0,0,0,,,-1.00,-1.00,-1.00,-1.00,-1.00,-1.00
2022-12-01T12:05:38Z,"0002cc01000003e9","2250b35b12fd3a5b051f11144d62da251ff000000000000000ffffffffffffffffffffffff",3.65,,0.32,17,20.30,14.50,101220.00,0.00,0,0,0,0,,,-1.00,-1.00,-1.00,-1.00,-1.00,-1.00
2022-12-01T12:11:34Z,"0002cc01000003e9","2250b35c76fd3a52052311145562db2520f000000000000000ffffffffffffffffffffffff",3.64,,0.32,17,20.33,14.50,101226.00,0.00,0,0,0,0,,,-1.00,-1.00,-1.00,-1.00,-1.00,-1.00
2022-12-01T12:17:31Z,"0002cc01000003e9","2250b35ddbfd3a5b052311145a62dd25200800000000000000ffffffffffffffffffffffff",3.65,,0.32,17,20.35,14.50,101235.00,8.00,0,0,0,0,,,-1.00,-1.00,-1.00,-1.00,-1.00,-1.00
2022-12-01T12:23:27Z,"0002cc01000003e9","2250b35f3ffd3a4e051711145d62e02536f000000000000000ffffffffffffffffffffffff",3.64,,0.32,17,20.36,14.54,101245.00,0.00,0,0,0,0,,,-1.00,-1.00,-1.00,-1.00,-1.00,-1.00
2022-12-01T12:29:23Z,"0002cc01000003e9","2250b360a3fd3a5b052311146462e12552f000000000000000ffffffffffffffffffffffff",3.65,,0.32,17,20.39,14.58,101250.00,0.00,0,0,0,0,,,-1.00,-1.00,-1.00,-1.00,-1.00,-1.00
2022-12-01T12:35:19Z,"0002cc01000003e9","2250b36207fd3a5b052311146462e2256ef000000000000000ffffffffffffffffffffffff",3.65,,0.32,17,20.39,14.62,101252.00,0.00,0,0,0,0,,,-1.00,-1.00,-1.00,-1.00,-1.00,-1.00
2022-12-01T12:41:15Z,"0002cc01000003e9","2250b3636bfd3a5b052311145d62e2259f0a00000000000000ffffffffffffffffffffffff",3.65,,0.32,17,20.36,14.70,101255.00,20.00,0,0,0,0,,,-1.00,-1.00,-1.00,-1.00,-1.00,-1.00
2022-12-01T12:47:11Z,"0002cc01000003e9","2250b364cffd3a5b052311145a62e225b40e00000000000000ffffffffffffffffffffffff",3.65,,0.32,17,20.35,14.73,101254.00,7.00,0,0,0,0,,,-1.00,-1.00,-1.00,-1.00,-1.00,-1.00
2022-12-01T12:53:07Z,"0002cc01000003e9","2250b36633fd3a5b052311145a62e225d00800000000000000ffffffffffffffffffffffff",3.65,,0.32,17,20.35,14.77,101254.00,2.00,0,0,0,0,,,-1.00,-1.00,-1.00,-1.00,-1.00,-1.00
2022-12-01T12:59:03Z,"0002cc01000003e9","2250b36797fd3a5b052311145862de25f3f000000000000000ffffffffffffffffffffffff",3.65,,0.32,17,20.34,14.82,101239.00,0.00,0,0,0,0,,,-1.00,-1.00,-1.00,-1.00,-1.00,-1.00
2022-12-01T13:04:59Z,"0002cc01000003e9","2250b368fbfd3a63052311145562dc26160800000000000000ffffffffffffffffffffffff",3.65,,0.32,17,20.33,14.88,101228.00,2.00,0,0,0,0,,,-1.00,-1.00,-1.00,-1.00,-1.00,-1.00
2022-12-01T13:10:55Z,"0002cc01000003e9","2250b36a5ffd3a63052311145562de2640f000000000000000ffffffffffffffffffffffff",3.65,,0.32,17,20.33,14.94,101237.00,0.00,0,0,0,0,,,-1.00,-1.00,-1.00,-1.00,-1.00,-1.00
2022-12-01T13:16:51Z,"0002cc01000003e9","2250b36bc3fd3a5b052311145862da266af000000000000000ffffffffffffffffffffffff",3.65,,0.32,17,20.34,15.01,101220.00,0.00,0,0,0,0,,,-1.00,-1.00,-1.00,-1.00,-1.00,-1.00
2022-12-01T13:22:47Z,"0002cc01000003e9","2250b36d27fd3a5b051f11145562d426a2f000000000000000ffffffffffffffffffffffff",3.65,,0.32,17,20.33,15.09,101196.00,0.00,0,0,0,0,,,-1.00,-1.00,-1.00,-1.00,-1.00,-1.00
2022-12-01T13:28:43Z,"0002cc01000003e9","2250b36e8bfd3a52052311145862d726c60800000000000000ffffffffffffffffffffffff",3.64,,0.32,17,20.34,15.15,101209.00,8.00,0,0,0,0,,,-1.00,-1.00,-1.00,-1.00,-1.00,-1.00
2022-12-01T13:34:39Z,"0002cc01000003e9","2250b36feffd3a63052311145562da26cdf000000000000000ffffffffffffffffffffffff",3.65,,0.32,17,20.33,15.16,101220.00,0.00,0,0,0,0,,,-1.00,-1.00,-1.00,-1.00,-1.00,-1.00
2022-12-01T13:40:35Z,"0002cc01000003e9","2250b37153fd3a5b052311145862d826c6f000000000000000ffffffffffffffffffffffff",3.65,,0.32,17,20.34,15.15,101215.00,0.00,0,0,0,0,,,-1.00,-1.00,-1.00,-1.00,-1.00,-1.00
2022-12-01T13:46:31Z,"0002cc01000003e9","2250b372b7fd3a5b051f11145562dd26e2f000000000000000ffffffffffffffffffffffff",3.65,,0.32,17,20.33,15.19,101234.00,0.00,0,0,0,0,,,-1.00,-1.00,-1.00,-1.00,-1.00,-1.00
2022-12-01T13:52:27Z,"0002cc01000003e9","2250b3741bfd3a57051f11145862dc26fef000000000000000ffffffffffffffffffffffff",3.65,,0.32,17,20.34,15.23,101229.00,0.00,0,0,0,0,,,-1.00,-1.00,-1.00,-1.00,-1.00,-1.00
2022-12-01T13:58:23Z,"0002cc01000003e9","2250b3757ffd3a52052311145862da2736f000000000000000ffffffffffffffffffffffff",3.64,,0.32,17,20.34,15.32,101221.00,0.00,0,0,0,0,,,-1.00,-1.00,-1.00,-1.00,-1.00,-1.00
2022-12-01T14:04:19Z,"0002cc01000003e9","2250b376e3fd3a5b052311145862d9276ff000000000000000ffffffffffffffffffffffff",3.65,,0.32,17,20.34,15.40,101219.00,0.00,0,0,0,0,,,-1.00,-1.00,-1.00,-1.00,-1.00,-1.00
2022-12-01T14:10:15Z,"0002cc01000003e9","2250b37847fd3a5b052311145862e22799f000000000000000ffffffffffffffffffffffff",3.65,,0.32,17,20.34,15.47,101254.00,0.00,0,0,0,0,,,-1.00,-1.00,-1.00,-1.00,-1.00,-1.00
2022-12-01T14:16:12Z,"0002cc01000003e9","2250b379acfd3a63052311145862e627bc0c00000000000000ffffffffffffffffffffffff",3.65,,0.32,17,20.34,15.52,101268.00,6.00,0,0,0,0,,,-1.00,-1.00,-1.00,-1.00,-1.00,-1.00
2022-12-01T14:22:07Z,"0002cc01000003e9","2250b37b0ffd3a52052311145862e527d80900000000000000ffffffffffffffffffffffff",3.64,,0.32,17,20.34,15.56,101265.00,18.00,0,0,0,0,,,-1.00,-1.00,-1.00,-1.00,-1.00,-1.00
2022-12-01T14:28:04Z,"0002cc01000003e9","2250b37c74fd3a5b052c11145862e627df0900000000000000ffffffffffffffffffffffff",3.65,,0.32,17,20.34,15.58,101271.00,9.00,0,0,0,0,,,-1.00,-1.00,-1.00,-1.00,-1.00,-1.00
2022-12-01T14:34:00Z,"0002cc01000003e9","2250b37dd8fd3a5b052311145862e127d80a00000000000000ffffffffffffffffffffffff",3.65,,0.32,17,20.34,15.56,101251.00,20.00,0,0,0,0,,,-1.00,-1.00,-1.00,-1.00,-1.00,-1.00
2022-12-01T14:39:56Z,"0002cc01000003e9","2250b37f3cfd3a5b052311145862e127a70ac0000000000000ffffffffffffffffffffffff",3.65,,0.32,17,20.34,15.49,101249.00,43.00,0,0,0,0,,,-1.00,-1.00,-1.00,-1.00,-1.00,-1.00
2022-12-01T14:45:52Z,"0002cc01000003e9","2250b380a0fd3a57052c11145862e02792f000000000000000ffffffffffffffffffffffff",3.65,,0.32,17,20.34,15.46,101247.00,0.00,0,0,0,0,,,-1.00,-1.00,-1.00,-1.00,-1.00,-1.00
2022-12-01T14:51:48Z,"0002cc01000003e9","2250b38204fd3a5b051711145562de2776f000000000000000ffffffffffffffffffffffff",3.65,,0.32,17,20.33,15.41,101238.00,0.00,0,0,0,0,,,-1.00,-1.00,-1.00,-1.00,-1.00,-1.00
2022-12-01T14:57:44Z,"0002cc01000003e9","2250b38368fd3a5b052311145862e427600e80000000000000ffffffffffffffffffffffff",3.65,,0.32,17,20.34,15.38,101260.00,29.00,0,0,0,0,,,-1.00,-1.00,-1.00,-1.00,-1.00,-1.00
2022-12-01T15:03:40Z,"0002cc01000003e9","2250b384ccfd3a63052c11145862e0272f0f80000000000000ffffffffffffffffffffffff",3.65,,0.32,17,20.34,15.31,101245.00,31.00,0,0,0,0,,,-1.00,-1.00,-1.00,-1.00,-1.00,-1.00
2022-12-01T15:09:36Z,"0002cc01000003e9","2250b38630fd3a5b052311145562df26db0880000000000000ffffffffffffffffffffffff",3.65,,0.32,17,20.33,15.18,101243.00,17.00,0,0,0,0,,,-1.00,-1.00,-1.00,-1.00,-1.00,-1.00
2022-12-01T15:15:32Z,"0002cc01000003e9","2250b38794fd3a52051711145562e026940ac0000000000000ffffffffffffffffffffffff",3.64,,0.32,17,20.33,15.07,101244.00,43.00,0,0,0,0,,,-1.00,-1.00,-1.00,-1.00,-1.00,-1.00
2022-12-01T15:21:28Z,"0002cc01000003e9","2250b388f8fd3a52052311145862e3264009c0000000000000ffffffffffffffffffffffff",3.64,,0.32,17,20.34,14.94,101259.00,39.00,0,0,0,0,,,-1.00,-1.00,-1.00,-1.00,-1.00,-1.00
2022-12-01T15:27:24Z,"0002cc01000003e9","2250b38a5cfd3a5b052311145862e82600f000000000000000ffffffffffffffffffffffff",3.65,,0.32,17,20.34,14.84,101278.00,0.00,0,0,0,0,,,-1.00,-1.00,-1.00,-1.00,-1.00,-1.00
2022-12-01T15:33:20Z,"0002cc01000003e9","2250b38bc0fd3a5b052311145862eb25cf0a00000000000000ffffffffffffffffffffffff",3.65,,0.32,17,20.34,14.77,101289.00,10.00,0,0,0,0,,,-1.00,-1.00,-1.00,-1.00,-1.00,-1.00
2022-12-01T15:39:16Z,"0002cc01000003e9","2250b38d24fd3a5b052311145562eb25970a80000000000000ffffffffffffffffffffffff",3.65,,0.32,17,20.33,14.68,101288.00,21.00,0,0,0,0,,,-1.00,-1.00,-1.00,-1.00,-1.00,-1.00
2022-12-01T15:45:12Z,"0002cc01000003e9","2250b38e88fd3a5b052311145562ec25890800000000000000ffffffffffffffffffffffff",3.65,,0.32,17,20.33,14.66,101294.00,32.00,0,0,0,0,,,-1.00,-1.00,-1.00,-1.00,-1.00,-1.00
2022-12-01T15:51:08Z,"0002cc01000003e9","2250b38fecfd3a5b052311145d62ea25890ef0000000000000ffffffffffffffffffffffff",3.65,,0.32,17,20.36,14.66,101286.00,239.00,0,0,0,0,,,-1.00,-1.00,-1.00,-1.00,-1.00,-1.00
2022-12-01T15:57:04Z,"0002cc01000003e9","2250b39150fd3a5b052311146c62ef257d0868000000000000ffffffffffffffffffffffff",3.65,,0.32,17,20.42,14.64,101306.00,269.00,0,0,0,0,,,-1.00,-1.00,-1.00,-1.00,-1.00,-1.00
2022-12-01T16:03:00Z,"0002cc01000003e9","2250b392b4fd3a5b052311147b62ed25850810000000000000ffffffffffffffffffffffff",3.65,,0.32,17,20.48,14.66,101298.00,258.00,0,0,0,0,,,-1.00,-1.00,-1.00,-1.00,-1.00,-1.00
2022-12-01T16:08:57Z,"0002cc01000003e9","2250b39419fd3a52051711148862ec25710830000000000000ffffffffffffffffffffffff",3.64,,0.32,17,20.53,14.63,101293.00,262.00,0,0,0,0,,,-1.00,-1.00,-1.00,-1.00,-1.00,-1.00
2022-12-01T16:14:53Z,"0002cc01000003e9","2250b3957dfd3a5b052311149262e625800838000000000000ffffffffffffffffffffffff",3.65,,0.32,17,20.57,14.65,101270.00,263.00,0,0,0,0,,,-1.00,-1.00,-1.00,-1.00,-1.00,-1.00
2022-12-01T16:20:49Z,"0002cc01000003e9","2250b396e1fd3a5b052311149a62e925c70fa0000000000000ffffffffffffffffffffffff",3.65,,0.32,17,20.60,14.76,101281.00,250.00,0,0,0,0,,,-1.00,-1.00,-1.00,-1.00,-1.00,-1.00
2022-12-01T16:26:45Z,"0002cc01000003e9","2250b39845fd3a5b05231114a262e426000878000000000000ffffffffffffffffffffffff",3.65,,0.32,17,20.63,14.84,101260.00,271.00,0,0,0,0,,,-1.00,-1.00,-1.00,-1.00,-1.00,-1.00
2022-12-01T16:32:41Z,"0002cc01000003e9","2250b399a9fd3a5b05231114a762e5261d0828000000000000ffffffffffffffffffffffff",3.65,,0.32,17,20.65,14.89,101265.00,261.00,0,0,0,0,,,-1.00,-1.00,-1.00,-1.00,-1.00,-1.00
2022-12-01T16:38:37Z,"0002cc01000003e9","2250b39b0dfd3a5b05231114af62e426320f60000000000000ffffffffffffffffffffffff",3.65,,0.32,17,20.68,14.92,101260.00,246.00,0,0,0,0,,,-1.00,-1.00,-1.00,-1.00,-1.00,-1.00
2022-12-01T16:44:33Z,"0002cc01000003e9","2250b39c71fd3a52051f1114b462e2265d0fa0000000000000ffffffffffffffffffffffff",3.64,,0.32,17,20.70,14.99,101254.00,250.00,0,0,0,0,,,-1.00,-1.00,-1.00,-1.00,-1.00,-1.00
2022-12-01T16:50:29Z,"0002cc01000003e9","2250b39dd5fd3a5b05231114b962e6261f0f90000000000000ffffffffffffffffffffffff",3.65,,0.32,17,20.72,14.89,101268.00,249.00,0,0,0,0,,,-1.00,-1.00,-1.00,-1.00,-1.00,-1.00
2022-12-01T16:56:25Z,"0002cc01000003e9","2250b39f39fd3a5205231114be62e126420fd0000000000000ffffffffffffffffffffffff",3.64,,0.32,17,20.74,14.94,101250.00,253.00,0,0,0,0,,,-1.00,-1.00,-1.00,-1.00,-1.00,-1.00
2022-12-01T17:02:21Z,"0002cc01000003e9","2250b3a09dfd3a5b05231114cd62e126c90880000000000000ffffffffffffffffffffffff",3.65,,0.32,17,20.80,15.15,101250.00,272.00,0,0,0,0,,,-1.00,-1.00,-1.00,-1.00,-1.00,-1.00
2022-12-01T17:08:17Z,"0002cc01000003e9","2250b3a201fd3a5b05231114d262de26c20878000000000000ffffffffffffffffffffffff",3.65,,0.32,17,20.82,15.14,101239.00,271.00,0,0,0,0,,,-1.00,-1.00,-1.00,-1.00,-1.00,-1.00
2022-12-01T17:14:13Z,"0002cc01000003e9","2250b3a365fd3a5205231114d862dc26d10f10000000000000ffffffffffffffffffffffff",3.64,,0.32,17,20.84,15.16,101231.00,241.00,0,0,0,0,,,-1.00,-1.00,-1.00,-1.00,-1.00,-1.00
2022-12-01T17:20:09Z,"0002cc01000003e9","2250b3a4c9fd3a5b051f1114dd62d626e60850000000000000ffffffffffffffffffffffff",3.65,,0.32,17,20.86,15.20,101206.00,266.00,0,0,0,0,,,-1.00,-1.00,-1.00,-1.00,-1.00,-1.00
2022-12-01T17:26:05Z,"0002cc01000003e9","2250b3a62dfd3a5b05231114df62d226cb08c0000000000000ffffffffffffffffffffffff",3.65,,0.32,17,20.87,15.15,101191.00,280.00,0,0,0,0,,,-1.00,-1.00,-1.00,-1.00,-1.00,-1.00
2022-12-01T17:32:01Z,"0002cc01000003e9","2250b3a791fd3a5205231114e262d026d20888000000000000ffffffffffffffffffffffff",3.64,,0.32,17,20.88,15.16,101182.00,273.00,0,0,0,0,,,-1.00,-1.00,-1.00,-1.00,-1.00,-1.00
2022-12-01T17:37:57Z,"0002cc01000003e9","2250b3a8f5fd3a5205231114e462ce26cb0860000000000000ffffffffffffffffffffffff",3.64,,0.32,17,20.89,15.15,101173.00,268.00,0,0,0,0,,,-1.00,-1.00,-1.00,-1.00,-1.00,-1.00
2022-12-01T17:43:53Z,"0002cc01000003e9","2250b3aa59fd3a5205231114d062c6276b0df0000000000000ffffffffffffffffffffffff",3.64,,0.32,17,20.81,15.40,101143.00,223.00,0,0,0,0,,,-1.00,-1.00,-1.00,-1.00,-1.00,-1.00
2022-12-01T17:49:49Z,"0002cc01000003e9","2250b3abbdfd3a5b05231114bb62c1278d0f70000000000000ffffffffffffffffffffffff",3.65,,0.32,17,20.73,15.45,101123.00,247.00,0,0,0,0,,,-1.00,-1.00,-1.00,-1.00,-1.00,-1.00
2022-12-01T17:55:46Z,"0002cc01000003e9","2250b3ad22fd3a5705231114b662b9279a0f40000000000000ffffffffffffffffffffffff",3.65,,0.32,17,20.71,15.47,101090.00,244.00,0,0,0,0,,,-1.00,-1.00,-1.00,-1.00,-1.00,-1.00
2022-12-01T18:01:41Z,"0002cc01000003e9","2250b3ae85fd3a5b05231114a462b82b640d90000000000000ffffffffffffffffffffffff",3.65,,0.32,17,20.64,16.95,101086.00,217.00,0,0,0,0,,,-1.00,-1.00,-1.00,-1.00,-1.00,-1.00
2022-12-01T18:07:38Z,"0002cc01000003e9","2250b3afeafd3a5b052311149262b42bf60c60000000000000ffffffffffffffffffffffff",3.65,,0.32,17,20.57,17.17,101069.00,198.00,0,0,0,0,,,-1.00,-1.00,-1.00,-1.00,-1.00,-1.00
2022-12-01T18:13:34Z,"0002cc01000003e9","2250b3b14efd3a52052311148d62b12bee0e40000000000000ffffffffffffffffffffffff",3.64,,0.32,17,20.55,17.16,101059.00,228.00,0,0,0,0,,,-1.00,-1.00,-1.00,-1.00,-1.00,-1.00
2022-12-01T18:19:30Z,"0002cc01000003e9","2250b3b2b2fd3a5b052311148b62b32c3b0e80000000000000ffffffffffffffffffffffff",3.65,,0.32,17,20.54,17.28,101067.00,232.00,0,0,0,0,,,-1.00,-1.00,-1.00,-1.00,-1.00,-1.00
2022-12-01T18:25:26Z,"0002cc01000003e9","2250b3b416fd3a5b052311148862b02bfc0d00000000000000ffffffffffffffffffffffff",3.65,,0.32,17,20.53,17.18,101055.00,208.00,0,0,0,0,,,-1.00,-1.00,-1.00,-1.00,-1.00,-1.00
2022-12-01T18:31:22Z,"0002cc01000003e9","2250b3b57afd3a5b051711148d62b12c820db0000000000000ffffffffffffffffffffffff",3.65,,0.32,17,20.55,17.39,101059.00,219.00,0,0,0,0,,,-1.00,-1.00,-1.00,-1.00,-1.00,-1.00
2022-12-01T18:37:18Z,"0002cc01000003e9","2250b3b6defd3a52052311149062ab2c6d0d60000000000000ffffffffffffffffffffffff",3.64,,0.32,17,20.56,17.35,101033.00,214.00,0,0,0,0,,,-1.00,-1.00,-1.00,-1.00,-1.00,-1.00
2022-12-01T18:43:14Z,"0002cc01000003e9","2250b3b842fd3a52052311149062aa2c3c0d40000000000000ffffffffffffffffffffffff",3.64,,0.32,17,20.56,17.28,101030.00,212.00,0,0,0,0,,,-1.00,-1.00,-1.00,-1.00,-1.00,-1.00
2022-12-01T18:49:10Z,"0002cc01000003e9","2250b3b9a6fd3a57052311149562a82bfd0e10000000000000ffffffffffffffffffffffff",3.65,,0.32,17,20.58,17.18,101021.00,225.00,0,0,0,0,,,-1.00,-1.00,-1.00,-1.00,-1.00,-1.00
2022-12-01T18:55:06Z,"0002cc01000003e9","2250b3bb0afd3a5b052311149a62a32c050df0000000000000ffffffffffffffffffffffff",3.65,,0.32,17,20.60,17.20,101002.00,223.00,0,0,0,0,,,-1.00,-1.00,-1.00,-1.00,-1.00,-1.00
2022-12-01T19:01:02Z,"0002cc01000003e9","2250b3bc6efd3a52051711149f62a12bb80e60000000000000ffffffffffffffffffffffff",3.64,,0.32,17,20.62,17.08,100995.00,230.00,0,0,0,0,,,-1.00,-1.00,-1.00,-1.00,-1.00,-1.00
2022-12-01T19:06:58Z,"0002cc01000003e9","2250b3bdd2fd3a4a05231114a7629f2bcd0c60000000000000ffffffffffffffffffffffff",3.64,,0.32,17,20.65,17.11,100987.00,198.00,0,0,0,0,,,-1.00,-1.00,-1.00,-1.00,-1.00,-1.00
2022-12-01T19:12:54Z,"0002cc01000003e9","2250b3bf36fd3a5b05231114a9629a2c9a0c40000000000000ffffffffffffffffffffffff",3.65,,0.32,17,20.66,17.42,100967.00,196.00,0,0,0,0,,,-1.00,-1.00,-1.00,-1.00,-1.00,-1.00
2022-12-01T19:18:50Z,"0002cc01000003e9","2250b3c09afd3a5b05231114af62972b6c0bf0000000000000ffffffffffffffffffffffff",3.65,,0.32,17,20.68,16.96,100954.00,191.00,0,0,0,0,,,-1.00,-1.00,-1.00,-1.00,-1.00,-1.00
2022-12-01T19:24:46Z,"0002cc01000003e9","2250b3c1fefd3a5205231114b662942b2d09c0000000000000ffffffffffffffffffffffff",3.64,,0.32,17,20.71,16.87,100943.00,156.00,0,0,0,0,,,-1.00,-1.00,-1.00,-1.00,-1.00,-1.00
2022-12-01T19:30:42Z,"0002cc01000003e9","2250b3c362fd3a4a05231114bb62912b270a80000000000000ffffffffffffffffffffffff",3.64,,0.32,17,20.73,16.86,100928.00,168.00,0,0,0,0,,,-1.00,-1.00,-1.00,-1.00,-1.00,-1.00
2022-12-01T19:36:38Z,"0002cc01000003e9","2250b3c4c6fd3a5b05231114c3628d2b280bc0000000000000ffffffffffffffffffffffff",3.65,,0.32,17,20.76,16.86,100915.00,188.00,0,0,0,0,,,-1.00,-1.00,-1.00,-1.00,-1.00,-1.00
2022-12-01T19:42:34Z,"0002cc01000003e9","2250b3c62afd3a5b05231114cb62882b520b50000000000000ffffffffffffffffffffffff",3.65,,0.32,17,20.79,16.92,100895.00,181.00,0,0,0,0,,,-1.00,-1.00,-1.00,-1.00,-1.00,-1.00
2022-12-01T19:48:31Z,"0002cc01000003e9","2250b3c78ffd3a5b05231114d2628c2b290cb0000000000000ffffffffffffffffffffffff",3.65,,0.32,17,20.82,16.86,100911.00,203.00,0,0,0,0,,,-1.00,-1.00,-1.00,-1.00,-1.00,-1.00
2022-12-01T19:54:27Z,"0002cc01000003e9","2250b3c8f3fd3a5b05231114d8628a2b3f0b60000000000000ffffffffffffffffffffffff",3.65,,0.32,17,20.84,16.89,100903.00,182.00,0,0,0,0,,,-1.00,-1.00,-1.00,-1.00,-1.00,-1.00
2022-12-01T20:00:23Z,"0002cc01000003e9","2250b3ca57fd3a5205231114e262862b0f0a60000000000000ffffffffffffffffffffffff",3.64,,0.32,17,20.88,16.82,100884.00,166.00,0,0,0,0,,,-1.00,-1.00,-1.00,-1.00,-1.00,-1.00
2022-12-01T20:06:19Z,"0002cc01000003e9","2250b3cbbbfd3a5b05231114e7627f2a970b30000000000000ffffffffffffffffffffffff",3.65,,0.32,17,20.90,16.64,100857.00,179.00,0,0,0,0,,,-1.00,-1.00,-1.00,-1.00,-1.00,-1.00
2022-12-01T20:12:15Z,"0002cc01000003e9","2250b3cd1ffd3a5205231114ef627b2b100c40000000000000ffffffffffffffffffffffff",3.64,,0.32,17,20.93,16.82,100841.00,196.00,0,0,0,0,,,-1.00,-1.00,-1.00,-1.00,-1.00,-1.00
2022-12-01T20:18:11Z,"0002cc01000003e9","2250b3ce83fd3a5205231114f462782a9f0b20000000000000ffffffffffffffffffffffff",3.64,,0.32,17,20.95,16.65,100829.00,178.00,0,0,0,0,,,-1.00,-1.00,-1.00,-1.00,-1.00,-1.00
2022-12-01T20:24:07Z,"0002cc01000003e9","2250b3cfe7fd3a4e05171114f962762aae0b20000000000000ffffffffffffffffffffffff",3.64,,0.32,17,20.97,16.67,100821.00,178.00,0,0,0,0,,,-1.00,-1.00,-1.00,-1.00,-1.00,-1.00
2022-12-01T20:30:03Z,"0002cc01000003e9","2250b3d14bfd3a5205231114fb62712ad10d10000000000000ffffffffffffffffffffffff",3.64,,0.32,17,20.98,16.73,100800.00,209.00,0,0,0,0,,,-1.00,-1.00,-1.00,-1.00,-1.00,-1.00
2022-12-01T20:35:59Z,"0002cc01000003e9","2250b3d2affd3a5b052311150162732a990ac0000000000000ffffffffffffffffffffffff",3.65,,0.32,17,21.00,16.64,100811.00,172.00,0,0,0,0,,,-1.00,-1.00,-1.00,-1.00,-1.00,-1.00
2022-12-01T20:41:55Z,"0002cc01000003e9","2250b3d413fd3a4a0523111506626e2a690a90000000000000ffffffffffffffffffffffff",3.64,,0.32,17,21.02,16.57,100789.00,169.00,0,0,0,0,,,-1.00,-1.00,-1.00,-1.00,-1.00,-1.00
2022-12-01T20:47:51Z,"0002cc01000003e9","2250b3d577fd3a5b0523111508626c2a140b80000000000000ffffffffffffffffffffffff",3.65,,0.32,17,21.03,16.44,100783.00,184.00,0,0,0,0,,,-1.00,-1.00,-1.00,-1.00,-1.00,-1.00
2022-12-01T20:53:47Z,"0002cc01000003e9","2250b3d6dbfd3a52052311150d62692ab009f0000000000000ffffffffffffffffffffffff",3.64,,0.32,17,21.05,16.67,100768.00,159.00,0,0,0,0,,,-1.00,-1.00,-1.00,-1.00,-1.00,-1.00
2022-12-01T20:59:43Z,"0002cc01000003e9","2250b3d83ffd3a5b0517111512626b2a4e0c20000000000000ffffffffffffffffffffffff",3.65,,0.32,17,21.07,16.53,100776.00,194.00,0,0,0,0,,,-1.00,-1.00,-1.00,-1.00,-1.00,-1.00
2022-12-01T21:05:39Z,"0002cc01000003e9","2250b3d9a3fd3a4a0523111515626a2a8d0d50000000000000ffffffffffffffffffffffff",3.64,,0.32,17,21.08,16.62,100775.00,213.00,0,0,0,0,,,-1.00,-1.00,-1.00,-1.00,-1.00,-1.00
2022-12-01T21:11:35Z,"0002cc01000003e9","2250b3db07fd3a52051711151862692a950b60000000000000ffffffffffffffffffffffff",3.64,,0.32,17,21.09,16.63,100768.00,182.00,0,0,0,0,,,-1.00,-1.00,-1.00,-1.00,-1.00,-1.00
2022-12-01T21:17:31Z,"0002cc01000003e9","2250b3dc6bfd3a5b052311151a62672a480ca0000000000000ffffffffffffffffffffffff",3.65,,0.32,17,21.10,16.52,100763.00,202.00,0,0,0,0,,,-1.00,-1.00,-1.00,-1.00,-1.00,-1.00
2022-12-01T21:23:27Z,"0002cc01000003e9","2250b3ddcffd3a52052311151f62632a480c20000000000000ffffffffffffffffffffffff",3.64,,0.32,17,21.12,16.52,100747.00,194.00,0,0,0,0,,,-1.00,-1.00,-1.00,-1.00,-1.00,-1.00
2022-12-01T21:29:23Z,"0002cc01000003e9","2250b3df33fd3a5b052311152262602a9d0a30000000000000ffffffffffffffffffffffff",3.65,,0.32,17,21.13,16.65,100732.00,163.00,0,0,0,0,,,-1.00,-1.00,-1.00,-1.00,-1.00,-1.00
2022-12-01T21:35:19Z,"0002cc01000003e9","2250b3e097fd3a5b052c111524625c2af90a00000000000000ffffffffffffffffffffffff",3.65,,0.32,17,21.14,16.79,100716.00,160.00,0,0,0,0,,,-1.00,-1.00,-1.00,-1.00,-1.00,-1.00
2022-12-01T21:41:15Z,"0002cc01000003e9","2250b3e1fbfd3a5b051711152762592ac80b80000000000000ffffffffffffffffffffffff",3.65,,0.32,17,21.15,16.71,100707.00,184.00,0,0,0,0,,,-1.00,-1.00,-1.00,-1.00,-1.00,-1.00
2022-12-01T21:47:11Z,"0002cc01000003e9","2250b3e35ffd3a5b052311152962582a570c10000000000000ffffffffffffffffffffffff",3.65,,0.32,17,21.16,16.54,100702.00,193.00,0,0,0,0,,,-1.00,-1.00,-1.00,-1.00,-1.00,-1.00
2022-12-01T21:53:08Z,"0002cc01000003e9","2250b3e4c4fd3a52052311152c62572acf0c20000000000000ffffffffffffffffffffffff",3.64,,0.32,17,21.17,16.72,100698.00,194.00,0,0,0,0,,,-1.00,-1.00,-1.00,-1.00,-1.00,-1.00
2022-12-01T21:59:04Z,"0002cc01000003e9","2250b3e628fd3a52052311152c62532aba0ac0000000000000ffffffffffffffffffffffff",3.64,,0.32,17,21.17,16.69,100682.00,172.00,0,0,0,0,,,-1.00,-1.00,-1.00,-1.00,-1.00,-1.00
2022-12-01T22:05:00Z,"0002cc01000003e9","2250b3e78cfd3a52051f11153162522aad0e50000000000000ffffffffffffffffffffffff",3.64,,0.32,17,21.19,16.67,100676.00,229.00,0,0,0,0,,,-1.00,-1.00,-1.00,-1.00,-1.00,-1.00
2022-12-01T22:10:56Z,"0002cc01000003e9","2250b3e8f0fd3a520523111531624f29f50b10000000000000ffffffffffffffffffffffff",3.64,,0.32,17,21.19,16.39,100666.00,177.00,0,0,0,0,,,-1.00,-1.00,-1.00,-1.00,-1.00,-1.00
2022-12-01T22:16:52Z,"0002cc01000003e9","2250b3ea54fd3a52052311153462492a660a80000000000000ffffffffffffffffffffffff",3.64,,0.32,17,21.20,16.56,100642.00,168.00,0,0,0,0,,,-1.00,-1.00,-1.00,-1.00,-1.00,-1.00
2022-12-01T22:22:48Z,"0002cc01000003e9","2250b3ebb8fd3a52051f11153662452a9f0b40000000000000ffffffffffffffffffffffff",3.64,,0.32,17,21.21,16.65,100627.00,180.00,0,0,0,0,,,-1.00,-1.00,-1.00,-1.00,-1.00,-1.00
2022-12-01T22:28:44Z,"0002cc01000003e9","2250b3ed1cfd3a520517111536623e29e80c50000000000000ffffffffffffffffffffffff",3.64,,0.32,17,21.21,16.37,100596.00,197.00,0,0,0,0,,,-1.00,-1.00,-1.00,-1.00,-1.00,-1.00
2022-12-01T22:34:40Z,"0002cc01000003e9","2250b3ee80fd3a52052311153b62332a120bb0000000000000ffffffffffffffffffffffff",3.64,,0.32,17,21.23,16.43,100553.00,187.00,0,0,0,0,,,-1.00,-1.00,-1.00,-1.00,-1.00,-1.00
2022-12-01T22:40:36Z,"0002cc01000003e9","2250b3efe4fd3a52051711153e622f29b00ba0000000000000ffffffffffffffffffffffff",3.64,,0.32,17,21.24,16.28,100536.00,186.00,0,0,0,0,,,-1.00,-1.00,-1.00,-1.00,-1.00,-1.00
2022-12-01T22:46:32Z,"0002cc01000003e9","2250b3f148fd3a460517111541622f2a360df0000000000000ffffffffffffffffffffffff",3.64,,0.32,17,21.25,16.49,100539.00,223.00,0,0,0,0,,,-1.00,-1.00,-1.00,-1.00,-1.00,-1.00
2022-12-01T22:52:28Z,"0002cc01000003e9","2250b3f2acfd3a4a0523111546623029db0f20000000000000ffffffffffffffffffffffff",3.64,,0.32,17,21.27,16.35,100541.00,242.00,0,0,0,0,,,-1.00,-1.00,-1.00,-1.00,-1.00,-1.00
2022-12-01T22:58:24Z,"0002cc01000003e9","2250b3f410fd3a52052311154d622f2a060e40000000000000ffffffffffffffffffffffff",3.64,,0.32,17,21.30,16.42,100538.00,228.00,0,0,0,0,,,-1.00,-1.00,-1.00,-1.00,-1.00,-1.00
2022-12-01T23:04:20Z,"0002cc01000003e9","2250b3f574fd3a520517111552622d29ea0e20000000000000ffffffffffffffffffffffff",3.64,,0.32,17,21.32,16.37,100529.00,226.00,0,0,0,0,,,-1.00,-1.00,-1.00,-1.00,-1.00,-1.00
2022-12-01T23:10:16Z,"0002cc01000003e9","2250b3f6d8fd3a520517111558622c2a310de0000000000000ffffffffffffffffffffffff",3.64,,0.32,17,21.34,16.48,100526.00,222.00,0,0,0,0,,,-1.00,-1.00,-1.00,-1.00,-1.00,-1.00
2022-12-01T23:16:12Z,"0002cc01000003e9","2250b3f83cfd3a570523111555622b29dd0f10000000000000ffffffffffffffffffffffff",3.65,,0.32,17,21.33,16.35,100523.00,241.00,0,0,0,0,,,-1.00,-1.00,-1.00,-1.00,-1.00,-1.00
2022-12-01T23:22:08Z,"0002cc01000003e9","2250b3f9a0fd3a520517111558622e29f20de0000000000000ffffffffffffffffffffffff",3.64,,0.32,17,21.34,16.38,100535.00,222.00,0,0,0,0,,,-1.00,-1.00,-1.00,-1.00,-1.00,-1.00
2022-12-01T23:28:04Z,"0002cc01000003e9","2250b3fb04fd3a5b052311155a622d2a230e60000000000000ffffffffffffffffffffffff",3.65,,0.32,17,21.35,16.46,100529.00,230.00,0,0,0,0,,,-1.00,-1.00,-1.00,-1.00,-1.00,-1.00
2022-12-01T23:34:01Z,"0002cc01000003e9","2250b3fc69fd3a52051711155f622a2a4008b0000000000000ffffffffffffffffffffffff",3.64,,0.32,17,21.37,16.50,100518.00,278.00,0,0,0,0,,,-1.00,-1.00,-1.00,-1.00,-1.00,-1.00
2022-12-01T23:39:56Z,"0002cc01000003e9","2250b3fdccfd3a52051711156762242a010940000000000000ffffffffffffffffffffffff",3.64,,0.32,17,21.40,16.41,100493.00,296.00,0,0,0,0,,,-1.00,-1.00,-1.00,-1.00,-1.00,-1.00
2022-12-01T23:45:52Z,"0002cc01000003e9","2250b3ff30fd3a5b051711156f622429e60838000000000000ffffffffffffffffffffffff",3.65,,0.32,17,21.43,16.37,100495.00,263.00,0,0,0,0,,,-1.00,-1.00,-1.00,-1.00,-1.00,-1.00
2022-12-01T23:51:49Z,"0002cc01000003e9","2250b40095fd3a4a0523111571622529ca0920000000000000ffffffffffffffffffffffff",3.64,,0.32,17,21.44,16.32,100496.00,292.00,0,0,0,0,,,-1.00,-1.00,-1.00,-1.00,-1.00,-1.00
2022-12-01T23:57:45Z,"0002cc01000003e9","2250b401f9fd3a5b0517111576622029ae08a0000000000000ffffffffffffffffffffffff",3.65,,0.32,17,21.46,16.28,100478.00,276.00,0,0,0,0,,,-1.00,-1.00,-1.00,-1.00,-1.00,-1.00
