Time,DevEUI,Raw,Vbat,Vsystem,Vbus,BootCount,T,RH,P,Light,P[0].delta,P[0].total,P[1].delta,P[1].total,Act[7],Act[6],Act[5],Act[4],Act[3],Act[2],Act[1],Act[0]
2022-12-22T00:02:11Z,"0002cc01000003e9","2250ce6103fd38ad04e611152c619736cdf000000000000000ffffffffffffffffffffffff",3.54,,0.31,17,21.17,21.41,99929.00,0.00,0,0,0,0,,,-1.00,-1.00,-1.00,-1.00,-1.00,-1.00
2022-12-22T00:08:08Z,"0002cc01000003e9","2250ce6268fd389c04e6111524619636ef0c00000000000000ffffffffffffffffffffffff",3.54,,0.31,17,21.14,21.46,99926.00,3.00,0,0,0,0,,,-1.00,-1.00,-1.00,-1.00,-1.00,-1.00
2022-12-22T00:14:04Z,"0002cc01000003e9","2250ce63ccfd38ad04e611151f61963703f000000000000000ffffffffffffffffffffffff",3.54,,0.31,17,21.12,21.49,99927.00,0.00,0,0,0,0,,,-1.00,-1.00,-1.00,-1.00,-1.00,-1.00
2022-12-22T00:20:00Z,"0002cc01000003e9","2250ce6530fd38a004e611151a619337170a00000000000000ffffffffffffffffffffffff",3.54,,0.31,17,21.10,21.52,99914.00,10.00,0,0,0,0,,,-1.00,-1.00,-1.00,-1.00,-1.00,-1.00
2022-12-22T00:25:56Z,"0002cc01000003e9","2250ce6694fd38a004e61115156193373a0c00000000000000ffffffffffffffffffffffff",3.54,,0.31,17,21.08,21.57,99914.00,12.00,0,0,0,0,,,-1.00,-1.00,-1.00,-1.00,-1.00,-1.00
2022-12-22T00:31:52Z,"0002cc01000003e9","2250ce67f8fd38ad04e6111512618f375d0900000000000000ffffffffffffffffffffffff",3.54,,0.31,17,21.07,21.63,99899.00,18.00,0,0,0,0,,,-1.00,-1.00,-1.00,-1.00,-1.00,-1.00
2022-12-22T00:37:48Z,"0002cc01000003e9","2250ce695cfd38ad04e611150d6188377f0e00000000000000ffffffffffffffffffffffff",3.54,,0.31,17,21.05,21.68,99871.00,14.00,0,0,0,0,,,-1.00,-1.00,-1.00,-1.00,-1.00,-1.00
2022-12-22T00:43:44Z,"0002cc01000003e9","2250ce6ac0fd38ad04e611150b61853794f000000000000000ffffffffffffffffffffffff",3.54,,0.31,17,21.04,21.71,99856.00,0.00,0,0,0,0,,,-1.00,-1.00,-1.00,-1.00,-1.00,-1.00
2022-12-22T00:49:40Z,"0002cc01000003e9","2250ce6c24fd38a004e6111506618137a90c00000000000000ffffffffffffffffffffffff",3.54,,0.31,17,21.02,21.74,99840.00,3.00,0,0,0,0,,,-1.00,-1.00,-1.00,-1.00,-1.00,-1.00
2022-12-22T00:55:36Z,"0002cc01000003e9","2250ce6d88fd38ad04e6111503618237c40800000000000000ffffffffffffffffffffffff",3.54,,0.31,17,21.01,21.78,99846.00,1.00,0,0,0,0,,,-1.00,-1.00,-1.00,-1.00,-1.00,-1.00
2022-12-22T01:01:32Z,"0002cc01000003e9","2250ce6eecfd38a004e6111501618437d20c80000000000000ffffffffffffffffffffffff",3.54,,0.31,17,21.00,21.81,99853.00,25.00,0,0,0,0,,,-1.00,-1.00,-1.00,-1.00,-1.00,-1.00
2022-12-22T01:07:28Z,"0002cc01000003e9","2250ce7050fd38a404e61114fe618737e70c00000000000000ffffffffffffffffffffffff",3.54,,0.31,17,20.99,21.84,99867.00,3.00,0,0,0,0,,,-1.00,-1.00,-1.00,-1.00,-1.00,-1.00
2022-12-22T01:13:24Z,"0002cc01000003e9","2250ce71b4fd38a404e61114fb618c37f50800000000000000ffffffffffffffffffffffff",3.54,,0.31,17,20.98,21.86,99885.00,16.00,0,0,0,0,,,-1.00,-1.00,-1.00,-1.00,-1.00,-1.00
2022-12-22T01:19:20Z,"0002cc01000003e9","2250ce7318fd38ad04e61114f9618a3802f000000000000000ffffffffffffffffffffffff",3.54,,0.31,17,20.97,21.88,99876.00,0.00,0,0,0,0,,,-1.00,-1.00,-1.00,-1.00,-1.00,-1.00
2022-12-22T01:25:16Z,"0002cc01000003e9","2250ce747cfd38a004e61114f661863809f000000000000000ffffffffffffffffffffffff",3.54,,0.31,17,20.96,21.89,99862.00,0.00,0,0,0,0,,,-1.00,-1.00,-1.00,-1.00,-1.00,-1.00
2022-12-22T01:31:12Z,"0002cc01000003e9","2250ce75e0fd38ad04e61114f1618738170900000000000000ffffffffffffffffffffffff",3.54,,0.31,17,20.94,21.91,99866.00,9.00,0,0,0,0,,,-1.00,-1.00,-1.00,-1.00,-1.00,-1.00
2022-12-22T01:37:08Z,"0002cc01000003e9","2250ce7744fd38a404e61114ef618538240a80000000000000ffffffffffffffffffffffff",3.54,,0.31,17,20.93,21.93,99856.00,21.00,0,0,0,0,,,-1.00,-1.00,-1.00,-1.00,-1.00,-1.00
2022-12-22T01:43:05Z,"0002cc01000003e9","2250ce78a9fd38a404e61114e961833824f000000000000000ffffffffffffffffffffffff",3.54,,0.31,17,20.91,21.93,99851.00,0.00,0,0,0,0,,,-1.00,-1.00,-1.00,-1.00,-1.00,-1.00
2022-12-22T01:49:01Z,"0002cc01000003e9","2250ce7a0dfd38ad04e61114e4618538310a00000000000000ffffffffffffffffffffffff",3.54,,0.31,17,20.89,21.95,99858.00,20.00,0,0,0,0,,,-1.00,-1.00,-1.00,-1.00,-1.00,-1.00
2022-12-22T01:54:57Z,"0002cc01000003e9","2250ce7b71fd38a004e61114e2618438310b00000000000000ffffffffffffffffffffffff",3.54,,0.31,17,20.88,21.95,99855.00,22.00,0,0,0,0,,,-1.00,-1.00,-1.00,-1.00,-1.00,-1.00
2022-12-22T02:00:53Z,"0002cc01000003e9","2250ce7cd5fd389c04e61114df6183383ff000000000000000ffffffffffffffffffffffff",3.54,,0.31,17,20.87,21.97,99848.00,0.00,0,0,0,0,,,-1.00,-1.00,-1.00,-1.00,-1.00,-1.00
2022-12-22T02:06:49Z,"0002cc01000003e9","2250ce7e39fd38a004e61114dd618238460c00000000000000ffffffffffffffffffffffff",3.54,,0.31,17,20.86,21.98,99844.00,12.00,0,0,0,0,,,-1.00,-1.00,-1.00,-1.00,-1.00,-1.00
2022-12-22T02:12:45Z,"0002cc01000003e9","2250ce7f9dfd38a404ee1114df618638460a00000000000000ffffffffffffffffffffffff",3.54,,0.31,17,20.87,21.98,99863.00,20.00,0,0,0,0,,,-1.00,-1.00,-1.00,-1.00,-1.00,-1.00
2022-12-22T02:18:41Z,"0002cc01000003e9","2250ce8101fd38a404e61114da618638450800000000000000ffffffffffffffffffffffff",3.54,,0.31,17,20.85,21.98,99861.00,1.00,0,0,0,0,,,-1.00,-1.00,-1.00,-1.00,-1.00,-1.00
2022-12-22T02:24:37Z,"0002cc01000003e9","2250ce8265fd389c04e61114d56182384bf000000000000000ffffffffffffffffffffffff",3.54,,0.31,17,20.83,21.99,99844.00,0.00,0,0,0,0,,,-1.00,-1.00,-1.00,-1.00,-1.00,-1.00
2022-12-22T02:30:33Z,"0002cc01000003e9","2250ce83c9fd38a404e61114d2617f38520980000000000000ffffffffffffffffffffffff",3.54,,0.31,17,20.82,22.00,99832.00,19.00,0,0,0,0,,,-1.00,-1.00,-1.00,-1.00,-1.00,-1.00
2022-12-22T02:36:29Z,"0002cc01000003e9","2250ce852dfd389c04e61114cd617a38580d80000000000000ffffffffffffffffffffffff",3.54,,0.31,17,20.80,22.01,99812.00,27.00,0,0,0,0,,,-1.00,-1.00,-1.00,-1.00,-1.00,-1.00
2022-12-22T02:42:25Z,"0002cc01000003e9","2250ce8691fd38a404e61114c86175386df000000000000000ffffffffffffffffffffffff",3.54,,0.31,17,20.78,22.04,99794.00,0.00,0,0,0,0,,,-1.00,-1.00,-1.00,-1.00,-1.00,-1.00
2022-12-22T02:48:21Z,"0002cc01000003e9","2250ce87f5fd38a404e61114c36172387a0b00000000000000ffffffffffffffffffffffff",3.54,,0.31,17,20.76,22.06,99782.00,44.00,0,0,0,0,,,-1.00,-1.00,-1.00,-1.00,-1.00,-1.00
2022-12-22T02:54:17Z,"0002cc01000003e9","2250ce8959fd38a404fa1114be617538800b00000000000000ffffffffffffffffffffffff",3.54,,0.31,17,20.74,22.07,99793.00,11.00,0,0,0,0,,,-1.00,-1.00,-1.00,-1.00,-1.00,-1.00
2022-12-22T03:00:13Z,"0002cc01000003e9","2250ce8abdfd389804e61114b96173389c0c00000000000000ffffffffffffffffffffffff",3.54,,0.31,17,20.72,22.11,99784.00,12.00,0,0,0,0,,,-1.00,-1.00,-1.00,-1.00,-1.00,-1.00
2022-12-22T03:06:09Z,"0002cc01000003e9","2250ce8c21fd38a404e61114b4617538c60800000000000000ffffffffffffffffffffffff",3.54,,0.31,17,20.70,22.18,99793.00,1.00,0,0,0,0,,,-1.00,-1.00,-1.00,-1.00,-1.00,-1.00
2022-12-22T03:12:06Z,"0002cc01000003e9","2250ce8d86fd389c04fa1114af617738da0c00000000000000ffffffffffffffffffffffff",3.54,,0.31,17,20.68,22.21,99803.00,3.00,0,0,0,0,,,-1.00,-1.00,-1.00,-1.00,-1.00,-1.00
2022-12-22T03:18:02Z,"0002cc01000003e9","2250ce8eeafd389c04e61114ac617738e00880000000000000ffffffffffffffffffffffff",3.54,,0.31,17,20.67,22.22,99800.00,17.00,0,0,0,0,,,-1.00,-1.00,-1.00,-1.00,-1.00,-1.00
2022-12-22T03:23:58Z,"0002cc01000003e9","2250ce904efd38a404f21114a4617638ee0f00000000000000ffffffffffffffffffffffff",3.54,,0.31,17,20.64,22.24,99796.00,30.00,0,0,0,0,,,-1.00,-1.00,-1.00,-1.00,-1.00,-1.00
2022-12-22T03:29:54Z,"0002cc01000003e9","2250ce91b2fd389c04e61114a2617638f40880000000000000ffffffffffffffffffffffff",3.54,,0.31,17,20.63,22.25,99796.00,17.00,0,0,0,0,,,-1.00,-1.00,-1.00,-1.00,-1.00,-1.00
2022-12-22T03:35:50Z,"0002cc01000003e9","2250ce9316fd38a404f211149f617438fb0800000000000000ffffffffffffffffffffffff",3.54,,0.31,17,20.62,22.26,99789.00,16.00,0,0,0,0,,,-1.00,-1.00,-1.00,-1.00,-1.00,-1.00
2022-12-22T03:41:46Z,"0002cc01000003e9","2250ce947afd38a404e611149d617039090a00000000000000ffffffffffffffffffffffff",3.54,,0.31,17,20.61,22.28,99774.00,10.00,0,0,0,0,,,-1.00,-1.00,-1.00,-1.00,-1.00,-1.00
2022-12-22T03:47:42Z,"0002cc01000003e9","2250ce95defd389c04e6111498616f391d0880000000000000ffffffffffffffffffffffff",3.54,,0.31,17,20.59,22.31,99770.00,17.00,0,0,0,0,,,-1.00,-1.00,-1.00,-1.00,-1.00,-1.00
2022-12-22T03:53:38Z,"0002cc01000003e9","2250ce9742fd38a404f2111495616f392b0c00000000000000ffffffffffffffffffffffff",3.54,,0.31,17,20.58,22.33,99769.00,6.00,0,0,0,0,,,-1.00,-1.00,-1.00,-1.00,-1.00,-1.00
2022-12-22T03:59:34Z,"0002cc01000003e9","2250ce98a6fd38a404ee111490616d39310c00000000000000ffffffffffffffffffffffff",3.54,,0.31,17,20.56,22.34,99763.00,24.00,0,0,0,0,,,-1.00,-1.00,-1.00,-1.00,-1.00,-1.00
2022-12-22T04:05:30Z,"0002cc01000003e9","2250ce9a0afd38a404e6111490617039380e00000000000000ffffffffffffffffffffffff",3.54,,0.31,17,20.56,22.35,99773.00,7.00,0,0,0,0,,,-1.00,-1.00,-1.00,-1.00,-1.00,-1.00
2022-12-22T04:11:26Z,"0002cc01000003e9","2250ce9b6efd389c04ee11148b616c393e0a00000000000000ffffffffffffffffffffffff",3.54,,0.31,17,20.54,22.36,99756.00,20.00,0,0,0,0,,,-1.00,-1.00,-1.00,-1.00,-1.00,-1.00
2022-12-22T04:17:22Z,"0002cc01000003e9","2250ce9cd2fd389c04e611148661693945f000000000000000ffffffffffffffffffffffff",3.54,,0.31,17,20.52,22.37,99745.00,0.00,0,0,0,0,,,-1.00,-1.00,-1.00,-1.00,-1.00,-1.00
2022-12-22T04:23:18Z,"0002cc01000003e9","2250ce9e36fd389804ee111483616339520a00000000000000ffffffffffffffffffffffff",3.54,,0.31,17,20.51,22.39,99720.00,5.00,0,0,0,0,,,-1.00,-1.00,-1.00,-1.00,-1.00,-1.00
2022-12-22T04:29:14Z,"0002cc01000003e9","2250ce9f9afd38a404f211147e615d39520d00000000000000ffffffffffffffffffffffff",3.54,,0.31,17,20.49,22.39,99698.00,13.00,0,0,0,0,,,-1.00,-1.00,-1.00,-1.00,-1.00,-1.00
2022-12-22T04:35:10Z,"0002cc01000003e9","2250cea0fefd38a404e611147e615d39590e00000000000000ffffffffffffffffffffffff",3.54,,0.31,17,20.49,22.40,99698.00,14.00,0,0,0,0,,,-1.00,-1.00,-1.00,-1.00,-1.00,-1.00
2022-12-22T04:41:06Z,"0002cc01000003e9","2250cea262fd38a404f211147b616039600800000000000000ffffffffffffffffffffffff",3.54,,0.31,17,20.48,22.41,99708.00,32.00,0,0,0,0,,,-1.00,-1.00,-1.00,-1.00,-1.00,-1.00
2022-12-22T04:47:03Z,"0002cc01000003e9","2250cea3c7fd389c04f2111479615e39600800000000000000ffffffffffffffffffffffff",3.54,,0.31,17,20.47,22.41,99702.00,1.00,0,0,0,0,,,-1.00,-1.00,-1.00,-1.00,-1.00,-1.00
2022-12-22T04:52:59Z,"0002cc01000003e9","2250cea52bfd38a404ee111476615b39580b00000000000000ffffffffffffffffffffffff",3.54,,0.31,17,20.46,22.40,99691.00,11.00,0,0,0,0,,,-1.00,-1.00,-1.00,-1.00,-1.00,-1.00
2022-12-22T04:58:55Z,"0002cc01000003e9","2250cea68ffd389c04e6111474615839580800000000000000ffffffffffffffffffffffff",3.54,,0.31,17,20.45,22.40,99678.00,16.00,0,0,0,0,,,-1.00,-1.00,-1.00,-1.00,-1.00,-1.00
2022-12-22T05:04:51Z,"0002cc01000003e9","2250cea7f3fd389c04e611147461553958f000000000000000ffffffffffffffffffffffff",3.54,,0.31,17,20.45,22.40,99664.00,0.00,0,0,0,0,,,-1.00,-1.00,-1.00,-1.00,-1.00,-1.00
2022-12-22T05:10:47Z,"0002cc01000003e9","2250cea957fd38a404e6111471615139570c00000000000000ffffffffffffffffffffffff",3.54,,0.31,17,20.44,22.40,99651.00,6.00,0,0,0,0,,,-1.00,-1.00,-1.00,-1.00,-1.00,-1.00
2022-12-22T05:16:43Z,"0002cc01000003e9","2250ceaabbfd389c04f211146f61503957f000000000000000ffffffffffffffffffffffff",3.54,,0.31,17,20.43,22.40,99647.00,0.00,0,0,0,0,,,-1.00,-1.00,-1.00,-1.00,-1.00,-1.00
2022-12-22T05:22:39Z,"0002cc01000003e9","2250ceac1ffd389c04f21114696153395e0800000000000000ffffffffffffffffffffffff",3.54,,0.31,17,20.41,22.41,99656.00,2.00,0,0,0,0,,,-1.00,-1.00,-1.00,-1.00,-1.00,-1.00
2022-12-22T05:28:35Z,"0002cc01000003e9","2250cead83fd38a404e6111469615239640a00000000000000ffffffffffffffffffffffff",3.54,,0.31,17,20.41,22.42,99652.00,5.00,0,0,0,0,,,-1.00,-1.00,-1.00,-1.00,-1.00,-1.00
2022-12-22T05:34:31Z,"0002cc01000003e9","2250ceaee7fd389c04e6111467614b3964f000000000000000ffffffffffffffffffffffff",3.54,,0.31,17,20.40,22.42,99625.00,0.00,0,0,0,0,,,-1.00,-1.00,-1.00,-1.00,-1.00,-1.00
2022-12-22T05:40:27Z,"0002cc01000003e9","2250ceb04bfd38a404e61114646148395d0900000000000000ffffffffffffffffffffffff",3.54,,0.31,17,20.39,22.41,99614.00,9.00,0,0,0,0,,,-1.00,-1.00,-1.00,-1.00,-1.00,-1.00
2022-12-22T05:46:23Z,"0002cc01000003e9","2250ceb1affd389c04f21114626145395d0a00000000000000ffffffffffffffffffffffff",3.54,,0.31,17,20.38,22.41,99600.00,20.00,0,0,0,0,,,-1.00,-1.00,-1.00,-1.00,-1.00,-1.00
2022-12-22T05:52:19Z,"0002cc01000003e9","2250ceb313fd38a004f211145d614139710c00000000000000ffffffffffffffffffffffff",3.54,,0.31,17,20.36,22.44,99587.00,6.00,0,0,0,0,,,-1.00,-1.00,-1.00,-1.00,-1.00,-1.00
2022-12-22T05:58:15Z,"0002cc01000003e9","2250ceb477fd38a404e611145a614239700c00000000000000ffffffffffffffffffffffff",3.54,,0.31,17,20.35,22.44,99589.00,6.00,0,0,0,0,,,-1.00,-1.00,-1.00,-1.00,-1.00,-1.00
2022-12-22T06:04:11Z,"0002cc01000003e9","2250ceb5dbfd389c04f2111455614139770840000000000000ffffffffffffffffffffffff",3.54,,0.31,17,20.33,22.45,99585.00,33.00,0,0,0,0,,,-1.00,-1.00,-1.00,-1.00,-1.00,-1.00
2022-12-22T06:10:07Z,"0002cc01000003e9","2250ceb73ffd38a004e6111455613d39770d80000000000000ffffffffffffffffffffffff",3.54,,0.31,17,20.33,22.45,99571.00,27.00,0,0,0,0,,,-1.00,-1.00,-1.00,-1.00,-1.00,-1.00
2022-12-22T06:16:03Z,"0002cc01000003e9","2250ceb8a3fd389c04e611147b613e397c0b00000000000000ffffffffffffffffffffffff",3.54,,0.31,17,20.48,22.46,99573.00,22.00,0,0,0,0,,,-1.00,-1.00,-1.00,-1.00,-1.00,-1.00
2022-12-22T06:22:00Z,"0002cc01000003e9","2250ceba08fd389c04e611148d613e39a1f000000000000000ffffffffffffffffffffffff",3.54,,0.31,17,20.55,22.51,99574.00,0.00,0,0,0,0,,,-1.00,-1.00,-1.00,-1.00,-1.00,-1.00
2022-12-22T06:27:55Z,"0002cc01000003e9","2250cebb6bfd389404e611148b613d39540800000000000000ffffffffffffffffffffffff",3.54,,0.31,17,20.54,22.39,99570.00,1.00,0,0,0,0,,,-1.00,-1.00,-1.00,-1.00,-1.00,-1.00
2022-12-22T06:33:52Z,"0002cc01000003e9","2250cebcd0fd38a404e611147e613939280900000000000000ffffffffffffffffffffffff",3.54,,0.31,17,20.49,22.33,99552.00,18.00,0,0,0,0,,,-1.00,-1.00,-1.00,-1.00,-1.00,-1.00
2022-12-22T06:39:48Z,"0002cc01000003e9","2250cebe34fd38a004ee111476613539270880000000000000ffffffffffffffffffffffff",3.54,,0.31,17,20.46,22.33,99536.00,17.00,0,0,0,0,,,-1.00,-1.00,-1.00,-1.00,-1.00,-1.00
2022-12-22T06:45:44Z,"0002cc01000003e9","2250cebf98fd389404e61114716136393b0e00000000000000ffffffffffffffffffffffff",3.54,,0.31,17,20.44,22.36,99541.00,28.00,0,0,0,0,,,-1.00,-1.00,-1.00,-1.00,-1.00,-1.00
2022-12-22T06:51:40Z,"0002cc01000003e9","2250cec0fcfd38a004e6111469613339490880000000000000ffffffffffffffffffffffff",3.54,,0.31,17,20.41,22.38,99530.00,17.00,0,0,0,0,,,-1.00,-1.00,-1.00,-1.00,-1.00,-1.00
2022-12-22T06:57:36Z,"0002cc01000003e9","2250cec260fd389c04e6111464613039560e00000000000000ffffffffffffffffffffffff",3.54,,0.31,17,20.39,22.40,99516.00,7.00,0,0,0,0,,,-1.00,-1.00,-1.00,-1.00,-1.00,-1.00
2022-12-22T07:03:32Z,"0002cc01000003e9","2250cec3c4fd38a004e611145f612d39630800000000000000ffffffffffffffffffffffff",3.54,,0.31,17,20.37,22.42,99507.00,16.00,0,0,0,0,,,-1.00,-1.00,-1.00,-1.00,-1.00,-1.00
2022-12-22T07:09:28Z,"0002cc01000003e9","2250cec528fd38a404fa11145d612c3969f000000000000000ffffffffffffffffffffffff",3.54,,0.31,17,20.36,22.43,99503.00,0.00,0,0,0,0,,,-1.00,-1.00,-1.00,-1.00,-1.00,-1.00
2022-12-22T07:15:24Z,"0002cc01000003e9","2250cec68cfd38a004e611145a612b3977f000000000000000ffffffffffffffffffffffff",3.54,,0.31,17,20.35,22.45,99497.00,0.00,0,0,0,0,,,-1.00,-1.00,-1.00,-1.00,-1.00,-1.00
2022-12-22T07:21:20Z,"0002cc01000003e9","2250cec7f0fd389404f2111458612939700800000000000000ffffffffffffffffffffffff",3.54,,0.31,17,20.34,22.44,99490.00,8.00,0,0,0,0,,,-1.00,-1.00,-1.00,-1.00,-1.00,-1.00
2022-12-22T07:27:16Z,"0002cc01000003e9","2250cec954fd38a004e6111458612839700e00000000000000ffffffffffffffffffffffff",3.54,,0.31,17,20.34,22.44,99485.00,7.00,0,0,0,0,,,-1.00,-1.00,-1.00,-1.00,-1.00,-1.00
2022-12-22T07:33:12Z,"0002cc01000003e9","2250cecab8fd389404e6111458612139690900000000000000ffffffffffffffffffffffff",3.54,,0.31,17,20.34,22.43,99458.00,9.00,0,0,0,0,,,-1.00,-1.00,-1.00,-1.00,-1.00,-1.00
2022-12-22T07:39:08Z,"0002cc01000003e9","2250cecc1cfd38a004f2111455612139690980000000000000ffffffffffffffffffffffff",3.54,,0.31,17,20.33,22.43,99458.00,19.00,0,0,0,0,,,-1.00,-1.00,-1.00,-1.00,-1.00,-1.00
2022-12-22T07:45:04Z,"0002cc01000003e9","2250cecd80fd38a004f2111455612139690c00000000000000ffffffffffffffffffffffff",3.54,,0.31,17,20.33,22.43,99458.00,24.00,0,0,0,0,,,-1.00,-1.00,-1.00,-1.00,-1.00,-1.00
2022-12-22T07:51:00Z,"0002cc01000003e9","2250cecee4fd38a004e6111455611e39620b80000000000000ffffffffffffffffffffffff",3.54,,0.31,17,20.33,22.42,99445.00,23.00,0,0,0,0,,,-1.00,-1.00,-1.00,-1.00,-1.00,-1.00
2022-12-22T07:56:56Z,"0002cc01000003e9","2250ced048fd389404e611145a611a395b0c00000000000000ffffffffffffffffffffffff",3.54,,0.31,17,20.35,22.41,99431.00,6.00,0,0,0,0,,,-1.00,-1.00,-1.00,-1.00,-1.00,-1.00
2022-12-22T08:02:53Z,"0002cc01000003e9","2250ced1adfd38a004e6111458611b3954f000000000000000ffffffffffffffffffffffff",3.54,,0.31,17,20.34,22.39,99433.00,0.00,0,0,0,0,,,-1.00,-1.00,-1.00,-1.00,-1.00,-1.00
2022-12-22T08:08:49Z,"0002cc01000003e9","2250ced311fd389404f21114586118394d0d80000000000000ffffffffffffffffffffffff",3.54,,0.31,17,20.34,22.38,99422.00,27.00,0,0,0,0,,,-1.00,-1.00,-1.00,-1.00,-1.00,-1.00
2022-12-22T08:14:45Z,"0002cc01000003e9","2250ced475fd389404e61114556113395b0f00000000000000ffffffffffffffffffffffff",3.54,,0.31,17,20.33,22.40,99401.00,30.00,0,0,0,0,,,-1.00,-1.00,-1.00,-1.00,-1.00,-1.00
2022-12-22T08:20:41Z,"0002cc01000003e9","2250ced5d9fd389404f2111452611239530e00000000000000ffffffffffffffffffffffff",3.54,,0.31,17,20.32,22.39,99398.00,7.00,0,0,0,0,,,-1.00,-1.00,-1.00,-1.00,-1.00,-1.00
2022-12-22T08:26:37Z,"0002cc01000003e9","2250ced73dfd389404f21114506113395a0900000000000000ffffffffffffffffffffffff",3.54,,0.31,17,20.31,22.40,99400.00,9.00,0,0,0,0,,,-1.00,-1.00,-1.00,-1.00,-1.00,-1.00
2022-12-22T08:32:33Z,"0002cc01000003e9","2250ced8a1fd38a004fa11144d611339610980000000000000ffffffffffffffffffffffff",3.54,,0.31,17,20.30,22.41,99401.00,19.00,0,0,0,0,,,-1.00,-1.00,-1.00,-1.00,-1.00,-1.00
2022-12-22T08:38:29Z,"0002cc01000003e9","2250ceda05fd389404f211144d611139600800000000000000ffffffffffffffffffffffff",3.54,,0.31,17,20.30,22.41,99394.00,2.00,0,0,0,0,,,-1.00,-1.00,-1.00,-1.00,-1.00,-1.00
2022-12-22T08:44:25Z,"0002cc01000003e9","2250cedb69fd389404e611144b610e39670b80000000000000ffffffffffffffffffffffff",3.54,,0.31,17,20.29,22.42,99381.00,23.00,0,0,0,0,,,-1.00,-1.00,-1.00,-1.00,-1.00,-1.00
2022-12-22T08:50:21Z,"0002cc01000003e9","2250cedccdfd38a004e6111448610839750c00000000000000ffffffffffffffffffffffff",3.54,,0.31,17,20.28,22.44,99359.00,24.00,0,0,0,0,,,-1.00,-1.00,-1.00,-1.00,-1.00,-1.00
2022-12-22T08:56:17Z,"0002cc01000003e9","2250cede31fd389404ee1114466107397c0c00000000000000ffffffffffffffffffffffff",3.54,,0.31,17,20.27,22.46,99352.00,24.00,0,0,0,0,,,-1.00,-1.00,-1.00,-1.00,-1.00,-1.00
2022-12-22T09:02:13Z,"0002cc01000003e9","2250cedf95fd389404e6111446610739830c00000000000000ffffffffffffffffffffffff",3.54,,0.31,17,20.27,22.47,99352.00,6.00,0,0,0,0,,,-1.00,-1.00,-1.00,-1.00,-1.00,-1.00
2022-12-22T09:08:09Z,"0002cc01000003e9","2250cee0f9fd389404f211144361063983f000000000000000ffffffffffffffffffffffff",3.54,,0.31,17,20.26,22.47,99348.00,0.00,0,0,0,0,,,-1.00,-1.00,-1.00,-1.00,-1.00,-1.00
2022-12-22T09:14:05Z,"0002cc01000003e9","2250cee25dfd38a004e6111443610939890e00000000000000ffffffffffffffffffffffff",3.54,,0.31,17,20.26,22.48,99360.00,14.00,0,0,0,0,,,-1.00,-1.00,-1.00,-1.00,-1.00,-1.00
2022-12-22T09:20:01Z,"0002cc01000003e9","2250cee3c1fd38a004f211144161033990f000000000000000ffffffffffffffffffffffff",3.54,,0.31,17,20.25,22.49,99338.00,0.00,0,0,0,0,,,-1.00,-1.00,-1.00,-1.00,-1.00,-1.00
2022-12-22T09:25:57Z,"0002cc01000003e9","2250cee525fd389404e611143e60fe39970800000000000000ffffffffffffffffffffffff",3.54,,0.31,17,20.24,22.50,99318.00,8.00,0,0,0,0,,,-1.00,-1.00,-1.00,-1.00,-1.00,-1.00
2022-12-22T09:31:53Z,"0002cc01000003e9","2250cee689fd38a004e611143e60ff39a5f000000000000000ffffffffffffffffffffffff",3.54,,0.31,17,20.24,22.52,99321.00,0.00,0,0,0,0,,,-1.00,-1.00,-1.00,-1.00,-1.00,-1.00
2022-12-22T09:37:49Z,"0002cc01000003e9","2250cee7edfd389404f211143b60fb39a5f000000000000000ffffffffffffffffffffffff",3.54,,0.31,17,20.23,22.52,99307.00,0.00,0,0,0,0,,,-1.00,-1.00,-1.00,-1.00,-1.00,-1.00
2022-12-22T09:43:46Z,"0002cc01000003e9","2250cee952fd389004e611143b60fb39a50b00000000000000ffffffffffffffffffffffff",3.54,,0.31,17,20.23,22.52,99307.00,11.00,0,0,0,0,,,-1.00,-1.00,-1.00,-1.00,-1.00,-1.00
2022-12-22T09:49:41Z,"0002cc01000003e9","2250ceeab5fd389404f211143b60f839a50900000000000000ffffffffffffffffffffffff",3.54,,0.31,17,20.23,22.52,99292.00,18.00,0,0,0,0,,,-1.00,-1.00,-1.00,-1.00,-1.00,-1.00
2022-12-22T09:55:38Z,"0002cc01000003e9","2250ceec1afd38a004e611143b60f839a5f000000000000000ffffffffffffffffffffffff",3.54,,0.31,17,20.23,22.52,99293.00,0.00,0,0,0,0,,,-1.00,-1.00,-1.00,-1.00,-1.00,-1.00
2022-12-22T10:01:34Z,"0002cc01000003e9","2250ceed7efd389404e611143b60f639acf000000000000000ffffffffffffffffffffffff",3.54,,0.31,17,20.23,22.53,99284.00,0.00,0,0,0,0,,,-1.00,-1.00,-1.00,-1.00,-1.00,-1.00
2022-12-22T10:07:30Z,"0002cc01000003e9","2250ceeee2fd38a004ee11143960f139b20880000000000000ffffffffffffffffffffffff",3.54,,0.31,17,20.22,22.54,99267.00,17.00,0,0,0,0,,,-1.00,-1.00,-1.00,-1.00,-1.00,-1.00
2022-12-22T10:13:26Z,"0002cc01000003e9","2250cef046fd389404e611143960ef39c00e00000000000000ffffffffffffffffffffffff",3.54,,0.31,17,20.22,22.56,99257.00,14.00,0,0,0,0,,,-1.00,-1.00,-1.00,-1.00,-1.00,-1.00
2022-12-22T10:19:22Z,"0002cc01000003e9","2250cef1aafd389404e611143960ee39d60880000000000000ffffffffffffffffffffffff",3.54,,0.31,17,20.22,22.59,99255.00,17.00,0,0,0,0,,,-1.00,-1.00,-1.00,-1.00,-1.00,-1.00
2022-12-22T10:25:18Z,"0002cc01000003e9","2250cef30efd38a004e611143660ed39d60d80000000000000ffffffffffffffffffffffff",3.54,,0.31,17,20.21,22.59,99248.00,27.00,0,0,0,0,,,-1.00,-1.00,-1.00,-1.00,-1.00,-1.00
2022-12-22T10:31:14Z,"0002cc01000003e9","2250cef472fd389404e611143660ea39d50900000000000000ffffffffffffffffffffffff",3.54,,0.31,17,20.21,22.59,99236.00,36.00,0,0,0,0,,,-1.00,-1.00,-1.00,-1.00,-1.00,-1.00
2022-12-22T10:37:10Z,"0002cc01000003e9","2250cef5d6fd389004fa11143660e939d50b00000000000000ffffffffffffffffffffffff",3.54,,0.31,17,20.21,22.59,99233.00,22.00,0,0,0,0,,,-1.00,-1.00,-1.00,-1.00,-1.00,-1.00
2022-12-22T10:43:06Z,"0002cc01000003e9","2250cef73afd38a004f211143460e539ce0c00000000000000ffffffffffffffffffffffff",3.54,,0.31,17,20.20,22.58,99219.00,6.00,0,0,0,0,,,-1.00,-1.00,-1.00,-1.00,-1.00,-1.00
2022-12-22T10:49:02Z,"0002cc01000003e9","2250cef89efd389004e611143460e739d50d00000000000000ffffffffffffffffffffffff",3.54,,0.31,17,20.20,22.59,99224.00,13.00,0,0,0,0,,,-1.00,-1.00,-1.00,-1.00,-1.00,-1.00
2022-12-22T10:54:58Z,"0002cc01000003e9","2250cefa02fd389404f211143160e539db0c00000000000000ffffffffffffffffffffffff",3.54,,0.31,17,20.19,22.60,99216.00,12.00,0,0,0,0,,,-1.00,-1.00,-1.00,-1.00,-1.00,-1.00
2022-12-22T11:00:54Z,"0002cc01000003e9","2250cefb66fd389804f211142f60e639e20e00000000000000ffffffffffffffffffffffff",3.54,,0.31,17,20.18,22.61,99222.00,7.00,0,0,0,0,,,-1.00,-1.00,-1.00,-1.00,-1.00,-1.00
2022-12-22T11:06:50Z,"0002cc01000003e9","2250cefccafd389404f211142c60e439e90800000000000000ffffffffffffffffffffffff",3.54,,0.31,17,20.17,22.62,99215.00,4.00,0,0,0,0,,,-1.00,-1.00,-1.00,-1.00,-1.00,-1.00
2022-12-22T11:12:46Z,"0002cc01000003e9","2250cefe2efd389804f211142c60e139e20b00000000000000ffffffffffffffffffffffff",3.54,,0.31,17,20.17,22.61,99200.00,11.00,0,0,0,0,,,-1.00,-1.00,-1.00,-1.00,-1.00,-1.00
2022-12-22T11:18:42Z,"0002cc01000003e9","2250ceff92fd389004f211142960df39e90a00000000000000ffffffffffffffffffffffff",3.54,,0.31,17,20.16,22.62,99195.00,10.00,0,0,0,0,,,-1.00,-1.00,-1.00,-1.00,-1.00,-1.00
2022-12-22T11:24:38Z,"0002cc01000003e9","2250cf00f6fd38a004e611142960e139fe0900000000000000ffffffffffffffffffffffff",3.54,,0.31,17,20.16,22.65,99200.00,18.00,0,0,0,0,,,-1.00,-1.00,-1.00,-1.00,-1.00,-1.00
2022-12-22T11:30:35Z,"0002cc01000003e9","2250cf025bfd389804e611142960e03a040a00000000000000ffffffffffffffffffffffff",3.54,,0.31,17,20.16,22.66,99199.00,20.00,0,0,0,0,,,-1.00,-1.00,-1.00,-1.00,-1.00,-1.00
2022-12-22T11:36:31Z,"0002cc01000003e9","2250cf03bffd389004fa11142c60e13a050800000000000000ffffffffffffffffffffffff",3.54,,0.31,17,20.17,22.66,99202.00,4.00,0,0,0,0,,,-1.00,-1.00,-1.00,-1.00,-1.00,-1.00
2022-12-22T11:42:27Z,"0002cc01000003e9","2250cf0523fd38a004f211142960e03a190e00000000000000ffffffffffffffffffffffff",3.54,,0.31,17,20.16,22.70,99198.00,7.00,0,0,0,0,,,-1.00,-1.00,-1.00,-1.00,-1.00,-1.00
2022-12-22T11:48:23Z,"0002cc01000003e9","2250cf0687fd389004e611142960e03a360c00000000000000ffffffffffffffffffffffff",3.54,,0.31,17,20.16,22.74,99199.00,3.00,0,0,0,0,,,-1.00,-1.00,-1.00,-1.00,-1.00,-1.00
2022-12-22T11:54:19Z,"0002cc01000003e9","2250cf07ebfd389004f211143160e03a290980000000000000ffffffffffffffffffffffff",3.54,,0.31,17,20.19,22.72,99197.00,19.00,0,0,0,0,,,-1.00,-1.00,-1.00,-1.00,-1.00,-1.00
2022-12-22T12:00:15Z,"0002cc01000003e9","2250cf094ffd389404f211144160dd3a32f000000000000000ffffffffffffffffffffffff",3.54,,0.31,17,20.25,22.73,99185.00,0.00,0,0,0,0,,,-1.00,-1.00,-1.00,-1.00,-1.00,-1.00
2022-12-22T12:06:11Z,"0002cc01000003e9","2250cf0ab3fd389004ee11144b60dc3a410a00000000000000ffffffffffffffffffffffff",3.54,,0.31,17,20.29,22.76,99183.00,10.00,0,0,0,0,,,-1.00,-1.00,-1.00,-1.00,-1.00,-1.00
2022-12-22T12:12:07Z,"0002cc01000003e9","2250cf0c17fd389804f211145560dd3a570d00000000000000ffffffffffffffffffffffff",3.54,,0.31,17,20.33,22.79,99187.00,13.00,0,0,0,0,,,-1.00,-1.00,-1.00,-1.00,-1.00,-1.00
2022-12-22T12:18:03Z,"0002cc01000003e9","2250cf0d7bfd389004e611146260de3a6708c0000000000000ffffffffffffffffffffffff",3.54,,0.31,17,20.38,22.81,99188.00,35.00,0,0,0,0,,,-1.00,-1.00,-1.00,-1.00,-1.00,-1.00
2022-12-22T12:23:59Z,"0002cc01000003e9","2250cf0edffd389804e611146c60da3a7d0800000000000000ffffffffffffffffffffffff",3.54,,0.31,17,20.42,22.85,99174.00,16.00,0,0,0,0,,,-1.00,-1.00,-1.00,-1.00,-1.00,-1.00
2022-12-22T12:29:55Z,"0002cc01000003e9","2250cf1043fd389004e611147460dd3a860800000000000000ffffffffffffffffffffffff",3.54,,0.31,17,20.45,22.86,99184.00,16.00,0,0,0,0,,,-1.00,-1.00,-1.00,-1.00,-1.00,-1.00
2022-12-22T12:35:51Z,"0002cc01000003e9","2250cf11a7fd389804e611147960dd3a2bf000000000000000ffffffffffffffffffffffff",3.54,,0.31,17,20.47,22.72,99184.00,0.00,0,0,0,0,,,-1.00,-1.00,-1.00,-1.00,-1.00,-1.00
2022-12-22T12:41:47Z,"0002cc01000003e9","2250cf130bfd389004e611147b60db3a0f0980000000000000ffffffffffffffffffffffff",3.54,,0.31,17,20.48,22.68,99177.00,19.00,0,0,0,0,,,-1.00,-1.00,-1.00,-1.00,-1.00,-1.00
2022-12-22T12:47:43Z,"0002cc01000003e9","2250cf146ffd389404f211147e60da3a020900000000000000ffffffffffffffffffffffff",3.54,,0.31,17,20.49,22.66,99172.00,9.00,0,0,0,0,,,-1.00,-1.00,-1.00,-1.00,-1.00,-1.00
2022-12-22T12:53:39Z,"0002cc01000003e9","2250cf15d3fd389004e611147960db39fa0800000000000000ffffffffffffffffffffffff",3.54,,0.31,17,20.47,22.65,99178.00,4.00,0,0,0,0,,,-1.00,-1.00,-1.00,-1.00,-1.00,-1.00
2022-12-22T12:59:35Z,"0002cc01000003e9","2250cf1737fd389804e611147660d93a0e0a00000000000000ffffffffffffffffffffffff",3.54,,0.31,17,20.46,22.68,99169.00,5.00,0,0,0,0,,,-1.00,-1.00,-1.00,-1.00,-1.00,-1.00
2022-12-22T13:05:31Z,"0002cc01000003e9","2250cf189bfd389804e611147460d63a1d0880000000000000ffffffffffffffffffffffff",3.54,,0.31,17,20.45,22.70,99158.00,34.00,0,0,0,0,,,-1.00,-1.00,-1.00,-1.00,-1.00,-1.00
2022-12-22T13:11:28Z,"0002cc01000003e9","2250cf1a00fd389804e611147460d53a2b0900000000000000ffffffffffffffffffffffff",3.54,,0.31,17,20.45,22.72,99153.00,9.00,0,0,0,0,,,-1.00,-1.00,-1.00,-1.00,-1.00,-1.00
2022-12-22T13:17:24Z,"0002cc01000003e9","2250cf1b64fd389404e611147160d33a460c00000000000000ffffffffffffffffffffffff",3.54,,0.31,17,20.44,22.76,99147.00,3.00,0,0,0,0,,,-1.00,-1.00,-1.00,-1.00,-1.00,-1.00
2022-12-22T13:23:20Z,"0002cc01000003e9","2250cf1cc8fd389004e611147160d33a5bf000000000000000ffffffffffffffffffffffff",3.54,,0.31,17,20.44,22.80,99145.00,0.00,0,0,0,0,,,-1.00,-1.00,-1.00,-1.00,-1.00,-1.00
2022-12-22T13:29:16Z,"0002cc01000003e9","2250cf1e2cfd389004e611147460d63a6af000000000000000ffffffffffffffffffffffff",3.54,,0.31,17,20.45,22.82,99159.00,0.00,0,0,0,0,,,-1.00,-1.00,-1.00,-1.00,-1.00,-1.00
2022-12-22T13:35:12Z,"0002cc01000003e9","2250cf1f90fd389804e611147660d93a6a0c00000000000000ffffffffffffffffffffffff",3.54,,0.31,17,20.46,22.82,99169.00,24.00,0,0,0,0,,,-1.00,-1.00,-1.00,-1.00,-1.00,-1.00
2022-12-22T13:41:08Z,"0002cc01000003e9","2250cf20f4fd389804e611147b60d93a790800000000000000ffffffffffffffffffffffff",3.54,,0.31,17,20.48,22.84,99170.00,8.00,0,0,0,0,,,-1.00,-1.00,-1.00,-1.00,-1.00,-1.00
2022-12-22T13:47:04Z,"0002cc01000003e9","2250cf2258fd389804e611147b60db3a800a00000000000000ffffffffffffffffffffffff",3.54,,0.31,17,20.48,22.85,99178.00,5.00,0,0,0,0,,,-1.00,-1.00,-1.00,-1.00,-1.00,-1.00
2022-12-22T13:53:00Z,"0002cc01000003e9","2250cf23bcfd389804e611147e60dd3a870c00000000000000ffffffffffffffffffffffff",3.54,,0.31,17,20.49,22.86,99184.00,12.00,0,0,0,0,,,-1.00,-1.00,-1.00,-1.00,-1.00,-1.00
2022-12-22T13:58:56Z,"0002cc01000003e9","2250cf2520fd389004e611147e60dc3a9c0a00000000000000ffffffffffffffffffffffff",3.54,,0.31,17,20.49,22.89,99180.00,10.00,0,0,0,0,,,-1.00,-1.00,-1.00,-1.00,-1.00,-1.00
2022-12-22T14:04:52Z,"0002cc01000003e9","2250cf2684fd389004e611147e60db3aa30d80000000000000ffffffffffffffffffffffff",3.54,,0.31,17,20.49,22.91,99179.00,27.00,0,0,0,0,,,-1.00,-1.00,-1.00,-1.00,-1.00,-1.00
2022-12-22T14:10:48Z,"0002cc01000003e9","2250cf27e8fd389004e611148160e43ab20e00000000000000ffffffffffffffffffffffff",3.54,,0.31,17,20.50,22.93,99213.00,7.00,0,0,0,0,,,-1.00,-1.00,-1.00,-1.00,-1.00,-1.00
2022-12-22T14:16:44Z,"0002cc01000003e9","2250cf294cfd388c04e611148160e83ad5f000000000000000ffffffffffffffffffffffff",3.53,,0.31,17,20.50,22.98,99231.00,0.00,0,0,0,0,,,-1.00,-1.00,-1.00,-1.00,-1.00,-1.00
2022-12-22T14:22:40Z,"0002cc01000003e9","2250cf2ab0fd389004e611148360e83adcf000000000000000ffffffffffffffffffffffff",3.54,,0.31,17,20.51,22.99,99229.00,0.00,0,0,0,0,,,-1.00,-1.00,-1.00,-1.00,-1.00,-1.00
2022-12-22T14:28:36Z,"0002cc01000003e9","2250cf2c14fd388c04e611148160ea3adc0900000000000000ffffffffffffffffffffffff",3.53,,0.31,17,20.50,22.99,99236.00,9.00,0,0,0,0,,,-1.00,-1.00,-1.00,-1.00,-1.00,-1.00
2022-12-22T14:34:32Z,"0002cc01000003e9","2250cf2d78fd389004e611148360e93ae20c00000000000000ffffffffffffffffffffffff",3.54,,0.31,17,20.51,23.00,99232.00,6.00,0,0,0,0,,,-1.00,-1.00,-1.00,-1.00,-1.00,-1.00
2022-12-22T14:40:28Z,"0002cc01000003e9","2250cf2edcfd389004e611148160e73af00e00000000000000ffffffffffffffffffffffff",3.54,,0.31,17,20.50,23.02,99224.00,7.00,0,0,0,0,,,-1.00,-1.00,-1.00,-1.00,-1.00,-1.00
2022-12-22T14:46:24Z,"0002cc01000003e9","2250cf3040fd389004e611148660e63aff0a40000000000000ffffffffffffffffffffffff",3.54,,0.31,17,20.52,23.05,99223.00,41.00,0,0,0,0,,,-1.00,-1.00,-1.00,-1.00,-1.00,-1.00
2022-12-22T14:52:21Z,"0002cc01000003e9","2250cf31a5fd389804e611148660e23b0d0f00000000000000ffffffffffffffffffffffff",3.54,,0.31,17,20.52,23.07,99206.00,30.00,0,0,0,0,,,-1.00,-1.00,-1.00,-1.00,-1.00,-1.00
2022-12-22T14:58:17Z,"0002cc01000003e9","2250cf3309fd389804e611148360e53b220b00000000000000ffffffffffffffffffffffff",3.54,,0.31,17,20.51,23.10,99218.00,22.00,0,0,0,0,,,-1.00,-1.00,-1.00,-1.00,-1.00,-1.00
2022-12-22T15:04:13Z,"0002cc01000003e9","2250cf346dfd389804e611148360ea3b370e00000000000000ffffffffffffffffffffffff",3.54,,0.31,17,20.51,23.13,99238.00,7.00,0,0,0,0,,,-1.00,-1.00,-1.00,-1.00,-1.00,-1.00
2022-12-22T15:10:09Z,"0002cc01000003e9","2250cf35d1fd389004e611148360ec3b460a80000000000000ffffffffffffffffffffffff",3.54,,0.31,17,20.51,23.15,99245.00,21.00,0,0,0,0,,,-1.00,-1.00,-1.00,-1.00,-1.00,-1.00
2022-12-22T15:16:05Z,"0002cc01000003e9","2250cf3735fd389804e611148660ee3b5b0800000000000000ffffffffffffffffffffffff",3.54,,0.31,17,20.52,23.19,99255.00,16.00,0,0,0,0,,,-1.00,-1.00,-1.00,-1.00,-1.00,-1.00
2022-12-22T15:22:01Z,"0002cc01000003e9","2250cf3899fd389004e611148360f03b7e0c00000000000000ffffffffffffffffffffffff",3.54,,0.31,17,20.51,23.24,99261.00,6.00,0,0,0,0,,,-1.00,-1.00,-1.00,-1.00,-1.00,-1.00
2022-12-22T15:27:57Z,"0002cc01000003e9","2250cf39fdfd389004e611148360f13ba00d00000000000000ffffffffffffffffffffffff",3.54,,0.31,17,20.51,23.29,99265.00,13.00,0,0,0,0,,,-1.00,-1.00,-1.00,-1.00,-1.00,-1.00
2022-12-22T15:33:53Z,"0002cc01000003e9","2250cf3b61fd389004e611148360f23ba7f000000000000000ffffffffffffffffffffffff",3.54,,0.31,17,20.51,23.30,99269.00,0.00,0,0,0,0,,,-1.00,-1.00,-1.00,-1.00,-1.00,-1.00
2022-12-22T15:39:49Z,"0002cc01000003e9","2250cf3cc5fd389004e611148360f43b220e00000000000000ffffffffffffffffffffffff",3.54,,0.31,17,20.51,23.10,99278.00,14.00,0,0,0,0,,,-1.00,-1.00,-1.00,-1.00,-1.00,-1.00
2022-12-22T15:45:45Z,"0002cc01000003e9","2250cf3e29fd389804e611148160f93a4f09c0000000000000ffffffffffffffffffffffff",3.54,,0.31,17,20.50,22.78,99299.00,39.00,0,0,0,0,,,-1.00,-1.00,-1.00,-1.00,-1.00,-1.00
2022-12-22T15:51:41Z,"0002cc01000003e9","2250cf3f8dfd389004e611148160fe39590e00000000000000ffffffffffffffffffffffff",3.54,,0.31,17,20.50,22.40,99317.00,14.00,0,0,0,0,,,-1.00,-1.00,-1.00,-1.00,-1.00,-1.00
2022-12-22T15:57:37Z,"0002cc01000003e9","2250cf40f1fd389004e611147e610038240a00000000000000ffffffffffffffffffffffff",3.54,,0.31,17,20.49,21.93,99327.00,10.00,0,0,0,0,,,-1.00,-1.00,-1.00,-1.00,-1.00,-1.00
2022-12-22T16:03:33Z,"0002cc01000003e9","2250cf4255fd389004f211147e610236da0c00000000000000ffffffffffffffffffffffff",3.54,,0.31,17,20.49,21.43,99333.00,3.00,0,0,0,0,,,-1.00,-1.00,-1.00,-1.00,-1.00,-1.00
2022-12-22T16:09:29Z,"0002cc01000003e9","2250cf43b9fd389004e611148b61043c7b0f20000000000000ffffffffffffffffffffffff",3.54,,0.31,17,20.54,23.63,99343.00,242.00,0,0,0,0,,,-1.00,-1.00,-1.00,-1.00,-1.00,-1.00
2022-12-22T16:15:25Z,"0002cc01000003e9","2250cf451dfd388804e61114b961073c970880000000000000ffffffffffffffffffffffff",3.53,,0.31,17,20.72,23.67,99354.00,272.00,0,0,0,0,,,-1.00,-1.00,-1.00,-1.00,-1.00,-1.00
2022-12-22T16:21:21Z,"0002cc01000003e9","2250cf4681fd389004e61114d5610c38590e90000000000000ffffffffffffffffffffffff",3.54,,0.31,17,20.83,22.01,99373.00,233.00,0,0,0,0,,,-1.00,-1.00,-1.00,-1.00,-1.00,-1.00
2022-12-22T16:27:17Z,"0002cc01000003e9","2250cf47e5fd388804e61114f16111360f0890000000000000ffffffffffffffffffffffff",3.53,,0.31,17,20.94,21.12,99395.00,274.00,0,0,0,0,,,-1.00,-1.00,-1.00,-1.00,-1.00,-1.00
2022-12-22T16:33:13Z,"0002cc01000003e9","2250cf4949fd388804e61114ef611532c908a0000000000000ffffffffffffffffffffffff",3.53,,0.31,17,20.93,19.84,99410.00,276.00,0,0,0,0,,,-1.00,-1.00,-1.00,-1.00,-1.00,-1.00
2022-12-22T16:39:10Z,"0002cc01000003e9","2250cf4aaefd388804e61114f4611931860838000000000000ffffffffffffffffffffffff",3.53,,0.31,17,20.95,19.34,99424.00,263.00,0,0,0,0,,,-1.00,-1.00,-1.00,-1.00,-1.00,-1.00
2022-12-22T16:45:06Z,"0002cc01000003e9","2250cf4c12fd388804de1114f6611d31240ef0000000000000ffffffffffffffffffffffff",3.53,,0.30,17,20.96,19.20,99443.00,239.00,0,0,0,0,,,-1.00,-1.00,-1.00,-1.00,-1.00,-1.00
2022-12-22T16:51:02Z,"0002cc01000003e9","2250cf4d76fd389804e61114fb611e30a608c0000000000000ffffffffffffffffffffffff",3.54,,0.31,17,20.98,19.00,99447.00,280.00,0,0,0,0,,,-1.00,-1.00,-1.00,-1.00,-1.00,-1.00
2022-12-22T16:56:58Z,"0002cc01000003e9","2250cf4edafd389004e611150161222f1c0f30000000000000ffffffffffffffffffffffff",3.54,,0.31,17,21.00,18.40,99461.00,243.00,0,0,0,0,,,-1.00,-1.00,-1.00,-1.00,-1.00,-1.00
2022-12-22T17:02:54Z,"0002cc01000003e9","2250cf503efd388804e611150361252df40938000000000000ffffffffffffffffffffffff",3.53,,0.31,17,21.01,17.95,99472.00,295.00,0,0,0,0,,,-1.00,-1.00,-1.00,-1.00,-1.00,-1.00
2022-12-22T17:08:50Z,"0002cc01000003e9","2250cf51a2fd388804e6111501612b2d4b08d8000000000000ffffffffffffffffffffffff",3.53,,0.31,17,21.00,17.69,99498.00,283.00,0,0,0,0,,,-1.00,-1.00,-1.00,-1.00,-1.00,-1.00
2022-12-22T17:14:46Z,"0002cc01000003e9","2250cf5306fd388804e6111501612d2c240908000000000000ffffffffffffffffffffffff",3.53,,0.31,17,21.00,17.24,99505.00,289.00,0,0,0,0,,,-1.00,-1.00,-1.00,-1.00,-1.00,-1.00
2022-12-22T17:20:42Z,"0002cc01000003e9","2250cf546afd388804e61114f9612b2af40810000000000000ffffffffffffffffffffffff",3.53,,0.31,17,20.97,16.78,99498.00,258.00,0,0,0,0,,,-1.00,-1.00,-1.00,-1.00,-1.00,-1.00
2022-12-22T17:26:38Z,"0002cc01000003e9","2250cf55cefd389004e61114fb612f2a6f0848000000000000ffffffffffffffffffffffff",3.54,,0.31,17,20.98,16.58,99513.00,265.00,0,0,0,0,,,-1.00,-1.00,-1.00,-1.00,-1.00,-1.00
2022-12-22T17:32:34Z,"0002cc01000003e9","2250cf5732fd388c04e61114f9613329160918000000000000ffffffffffffffffffffffff",3.53,,0.31,17,20.97,16.05,99530.00,291.00,0,0,0,0,,,-1.00,-1.00,-1.00,-1.00,-1.00,-1.00
2022-12-22T17:38:30Z,"0002cc01000003e9","2250cf5896fd388404e61114f66133285e0868000000000000ffffffffffffffffffffffff",3.53,,0.31,17,20.96,15.77,99531.00,269.00,0,0,0,0,,,-1.00,-1.00,-1.00,-1.00,-1.00,-1.00
2022-12-22T17:44:26Z,"0002cc01000003e9","2250cf59fafd389004e61114f1613328260830000000000000ffffffffffffffffffffffff",3.54,,0.31,17,20.94,15.68,99531.00,262.00,0,0,0,0,,,-1.00,-1.00,-1.00,-1.00,-1.00,-1.00
2022-12-22T17:50:22Z,"0002cc01000003e9","2250cf5b5efd389004e61114ef613327c20840000000000000ffffffffffffffffffffffff",3.54,,0.31,17,20.93,15.53,99531.00,264.00,0,0,0,0,,,-1.00,-1.00,-1.00,-1.00,-1.00,-1.00
2022-12-22T17:56:18Z,"0002cc01000003e9","2250cf5cc2fd388804e61114e9613226d20f00000000000000ffffffffffffffffffffffff",3.53,,0.31,17,20.91,15.17,99527.00,240.00,0,0,0,0,,,-1.00,-1.00,-1.00,-1.00,-1.00,-1.00
2022-12-22T18:02:14Z,"0002cc01000003e9","2250cf5e26fd388804ee1114fb613026ff08b8000000000000ffffffffffffffffffffffff",3.53,,0.31,17,20.98,15.23,99518.00,279.00,0,0,0,0,,,-1.00,-1.00,-1.00,-1.00,-1.00,-1.00
2022-12-22T18:08:11Z,"0002cc01000003e9","2250cf5f8bfd388804e61114fe6131274c0f60000000000000ffffffffffffffffffffffff",3.53,,0.31,17,20.99,15.35,99522.00,246.00,0,0,0,0,,,-1.00,-1.00,-1.00,-1.00,-1.00,-1.00
2022-12-22T18:14:07Z,"0002cc01000003e9","2250cf60effd388804e611151d613626e50d00000000000000ffffffffffffffffffffffff",3.53,,0.31,17,21.11,15.19,99540.00,26.00,0,0,0,0,,,-1.00,-1.00,-1.00,-1.00,-1.00,-1.00
2022-12-22T18:20:03Z,"0002cc01000003e9","2250cf6253fd387f04ee1115066131252e0c00000000000000ffffffffffffffffffffffff",3.53,,0.31,17,21.02,14.52,99523.00,6.00,0,0,0,0,,,-1.00,-1.00,-1.00,-1.00,-1.00,-1.00
2022-12-22T18:25:59Z,"0002cc01000003e9","2250cf63b7fd388804e61114e9612e24280c00000000000000ffffffffffffffffffffffff",3.53,,0.31,17,20.91,14.12,99509.00,12.00,0,0,0,0,,,-1.00,-1.00,-1.00,-1.00,-1.00,-1.00
2022-12-22T18:31:55Z,"0002cc01000003e9","2250cf651bfd388804e61114d8612a23d10980000000000000ffffffffffffffffffffffff",3.53,,0.31,17,20.84,13.99,99495.00,19.00,0,0,0,0,,,-1.00,-1.00,-1.00,-1.00,-1.00,-1.00
2022-12-22T18:37:51Z,"0002cc01000003e9","2250cf667ffd388804ee1114cb612d23590f00000000000000ffffffffffffffffffffffff",3.53,,0.31,17,20.79,13.81,99507.00,30.00,0,0,0,0,,,-1.00,-1.00,-1.00,-1.00,-1.00,-1.00
2022-12-22T18:43:47Z,"0002cc01000003e9","2250cf67e3fd388404e61114c1612d23660d00000000000000ffffffffffffffffffffffff",3.53,,0.31,17,20.75,13.83,99505.00,13.00,0,0,0,0,,,-1.00,-1.00,-1.00,-1.00,-1.00,-1.00
2022-12-22T18:49:43Z,"0002cc01000003e9","2250cf6947fd388804e61114b6612c2373f000000000000000ffffffffffffffffffffffff",3.53,,0.31,17,20.71,13.85,99503.00,0.00,0,0,0,0,,,-1.00,-1.00,-1.00,-1.00,-1.00,-1.00
2022-12-22T18:55:39Z,"0002cc01000003e9","2250cf6aabfd388404e61114b1612e23090800000000000000ffffffffffffffffffffffff",3.53,,0.31,17,20.69,13.69,99509.00,16.00,0,0,0,0,,,-1.00,-1.00,-1.00,-1.00,-1.00,-1.00
2022-12-22T19:01:35Z,"0002cc01000003e9","2250cf6c0ffd388404e61114ac613122b40f80000000000000ffffffffffffffffffffffff",3.53,,0.31,17,20.67,13.56,99521.00,31.00,0,0,0,0,,,-1.00,-1.00,-1.00,-1.00,-1.00,-1.00
2022-12-22T19:07:31Z,"0002cc01000003e9","2250cf6d73fd387f04e61114a4613422660900000000000000ffffffffffffffffffffffff",3.53,,0.31,17,20.64,13.44,99534.00,9.00,0,0,0,0,,,-1.00,-1.00,-1.00,-1.00,-1.00,-1.00
2022-12-22T19:13:27Z,"0002cc01000003e9","2250cf6ed7fd389004e611149d613422030a80000000000000ffffffffffffffffffffffff",3.54,,0.31,17,20.61,13.29,99535.00,21.00,0,0,0,0,,,-1.00,-1.00,-1.00,-1.00,-1.00,-1.00
2022-12-22T19:19:23Z,"0002cc01000003e9","2250cf703bfd389004e6111495613121c30900000000000000ffffffffffffffffffffffff",3.54,,0.31,17,20.58,13.19,99523.00,9.00,0,0,0,0,,,-1.00,-1.00,-1.00,-1.00,-1.00,-1.00
2022-12-22T19:25:19Z,"0002cc01000003e9","2250cf719ffd389004e611148d613521c20800000000000000ffffffffffffffffffffffff",3.54,,0.31,17,20.55,13.19,99539.00,8.00,0,0,0,0,,,-1.00,-1.00,-1.00,-1.00,-1.00,-1.00
2022-12-22T19:31:15Z,"0002cc01000003e9","2250cf7303fd388c04e6111486613821270c00000000000000ffffffffffffffffffffffff",3.53,,0.31,17,20.52,12.95,99551.00,6.00,0,0,0,0,,,-1.00,-1.00,-1.00,-1.00,-1.00,-1.00
2022-12-22T19:37:11Z,"0002cc01000003e9","2250cf7467fd388804e6111481613720d20e00000000000000ffffffffffffffffffffffff",3.53,,0.31,17,20.50,12.82,99547.00,28.00,0,0,0,0,,,-1.00,-1.00,-1.00,-1.00,-1.00,-1.00
2022-12-22T19:43:08Z,"0002cc01000003e9","2250cf75ccfd387f04e611147b613320a10900000000000000ffffffffffffffffffffffff",3.53,,0.31,17,20.48,12.75,99531.00,18.00,0,0,0,0,,,-1.00,-1.00,-1.00,-1.00,-1.00,-1.00
2022-12-22T19:49:04Z,"0002cc01000003e9","2250cf7730fd387f04e6111479613a2076f000000000000000ffffffffffffffffffffffff",3.53,,0.31,17,20.47,12.68,99558.00,0.00,0,0,0,0,,,-1.00,-1.00,-1.00,-1.00,-1.00,-1.00
2022-12-22T19:55:00Z,"0002cc01000003e9","2250cf7894fd388c04e6111471613b1fcc0980000000000000ffffffffffffffffffffffff",3.53,,0.31,17,20.44,12.42,99560.00,19.00,0,0,0,0,,,-1.00,-1.00,-1.00,-1.00,-1.00,-1.00
2022-12-22T20:00:56Z,"0002cc01000003e9","2250cf79f8fd388c04e611146f61401ffd0a80000000000000ffffffffffffffffffffffff",3.53,,0.31,17,20.43,12.50,99582.00,21.00,0,0,0,0,,,-1.00,-1.00,-1.00,-1.00,-1.00,-1.00
2022-12-22T20:06:52Z,"0002cc01000003e9","2250cf7b5cfd387f04f211146961381fb60800000000000000ffffffffffffffffffffffff",3.53,,0.31,17,20.41,12.39,99548.00,2.00,0,0,0,0,,,-1.00,-1.00,-1.00,-1.00,-1.00,-1.00
2022-12-22T20:12:48Z,"0002cc01000003e9","2250cf7cc0fd387f04e611146761381fef0d00000000000000ffffffffffffffffffffffff",3.53,,0.31,17,20.40,12.47,99548.00,13.00,0,0,0,0,,,-1.00,-1.00,-1.00,-1.00,-1.00,-1.00
2022-12-22T20:18:44Z,"0002cc01000003e9","2250cf7e24fd388c04e6111464613b1f70f000000000000000ffffffffffffffffffffffff",3.53,,0.31,17,20.39,12.28,99560.00,0.00,0,0,0,0,,,-1.00,-1.00,-1.00,-1.00,-1.00,-1.00
2022-12-22T20:24:40Z,"0002cc01000003e9","2250cf7f88fd388c04e6111462613c1f220f00000000000000ffffffffffffffffffffffff",3.53,,0.31,17,20.38,12.16,99564.00,30.00,0,0,0,0,,,-1.00,-1.00,-1.00,-1.00,-1.00,-1.00
2022-12-22T20:30:36Z,"0002cc01000003e9","2250cf80ecfd387f04ee11145d613e1eb10a00000000000000ffffffffffffffffffffffff",3.53,,0.31,17,20.36,11.99,99573.00,20.00,0,0,0,0,,,-1.00,-1.00,-1.00,-1.00,-1.00,-1.00
2022-12-22T20:36:32Z,"0002cc01000003e9","2250cf8250fd387f04e6111458613f1e1d0f00000000000000ffffffffffffffffffffffff",3.53,,0.31,17,20.34,11.76,99579.00,15.00,0,0,0,0,,,-1.00,-1.00,-1.00,-1.00,-1.00,-1.00
2022-12-22T20:42:28Z,"0002cc01000003e9","2250cf83b4fd387f04e6111452613d1de4f000000000000000ffffffffffffffffffffffff",3.53,,0.31,17,20.32,11.68,99568.00,0.00,0,0,0,0,,,-1.00,-1.00,-1.00,-1.00,-1.00,-1.00
2022-12-22T20:48:24Z,"0002cc01000003e9","2250cf8518fd388c04ee11145061401deb0c00000000000000ffffffffffffffffffffffff",3.53,,0.31,17,20.31,11.69,99582.00,6.00,0,0,0,0,,,-1.00,-1.00,-1.00,-1.00,-1.00,-1.00
2022-12-22T20:54:20Z,"0002cc01000003e9","2250cf867cfd388804e611144b61421d960f00000000000000ffffffffffffffffffffffff",3.53,,0.31,17,20.29,11.56,99590.00,15.00,0,0,0,0,,,-1.00,-1.00,-1.00,-1.00,-1.00,-1.00
2022-12-22T21:00:16Z,"0002cc01000003e9","2250cf87e0fd388804e611144661441d250980000000000000ffffffffffffffffffffffff",3.53,,0.31,17,20.27,11.38,99597.00,19.00,0,0,0,0,,,-1.00,-1.00,-1.00,-1.00,-1.00,-1.00
2022-12-22T21:06:12Z,"0002cc01000003e9","2250cf8944fd388c04e6111443614b1d1e0800000000000000ffffffffffffffffffffffff",3.53,,0.31,17,20.26,11.37,99624.00,8.00,0,0,0,0,,,-1.00,-1.00,-1.00,-1.00,-1.00,-1.00
2022-12-22T21:12:08Z,"0002cc01000003e9","2250cf8aa8fd387f04e6111441614c1cd10900000000000000ffffffffffffffffffffffff",3.53,,0.31,17,20.25,11.26,99630.00,18.00,0,0,0,0,,,-1.00,-1.00,-1.00,-1.00,-1.00,-1.00
2022-12-22T21:18:04Z,"0002cc01000003e9","2250cf8c0cfd387f04e611144161511c60f000000000000000ffffffffffffffffffffffff",3.53,,0.31,17,20.25,11.08,99649.00,0.00,0,0,0,0,,,-1.00,-1.00,-1.00,-1.00,-1.00,-1.00
2022-12-22T21:24:01Z,"0002cc01000003e9","2250cf8d71fd387f04e611143e614f1c200c00000000000000ffffffffffffffffffffffff",3.53,,0.31,17,20.24,10.99,99643.00,12.00,0,0,0,0,,,-1.00,-1.00,-1.00,-1.00,-1.00,-1.00
2022-12-22T21:29:57Z,"0002cc01000003e9","2250cf8ed5fd387b04e611143961551c4af000000000000000ffffffffffffffffffffffff",3.53,,0.31,17,20.22,11.05,99665.00,0.00,0,0,0,0,,,-1.00,-1.00,-1.00,-1.00,-1.00,-1.00
2022-12-22T21:35:53Z,"0002cc01000003e9","2250cf9039fd387f04e611143661541c430900000000000000ffffffffffffffffffffffff",3.53,,0.31,17,20.21,11.04,99660.00,18.00,0,0,0,0,,,-1.00,-1.00,-1.00,-1.00,-1.00,-1.00
2022-12-22T21:41:49Z,"0002cc01000003e9","2250cf919dfd388c04e611143461551bf50d00000000000000ffffffffffffffffffffffff",3.53,,0.31,17,20.20,10.92,99665.00,13.00,0,0,0,0,,,-1.00,-1.00,-1.00,-1.00,-1.00,-1.00
2022-12-22T21:47:45Z,"0002cc01000003e9","2250cf9301fd387f04e611143161571bb60a80000000000000ffffffffffffffffffffffff",3.53,,0.31,17,20.19,10.82,99674.00,21.00,0,0,0,0,,,-1.00,-1.00,-1.00,-1.00,-1.00,-1.00
2022-12-22T21:53:41Z,"0002cc01000003e9","2250cf9465fd388c04f211142f61541c030a00000000000000ffffffffffffffffffffffff",3.53,,0.31,17,20.18,10.94,99663.00,10.00,0,0,0,0,,,-1.00,-1.00,-1.00,-1.00,-1.00,-1.00
2022-12-22T21:59:37Z,"0002cc01000003e9","2250cf95c9fd387f04ee11142c614f1b840d00000000000000ffffffffffffffffffffffff",3.53,,0.31,17,20.17,10.75,99641.00,13.00,0,0,0,0,,,-1.00,-1.00,-1.00,-1.00,-1.00,-1.00
2022-12-22T22:05:33Z,"0002cc01000003e9","2250cf972dfd388c04e611142961571bcb0880000000000000ffffffffffffffffffffffff",3.53,,0.31,17,20.16,10.86,99675.00,17.00,0,0,0,0,,,-1.00,-1.00,-1.00,-1.00,-1.00,-1.00
2022-12-22T22:11:29Z,"0002cc01000003e9","2250cf9891fd388c04e6111427615b1ba0f000000000000000ffffffffffffffffffffffff",3.53,,0.31,17,20.15,10.79,99690.00,0.00,0,0,0,0,,,-1.00,-1.00,-1.00,-1.00,-1.00,-1.00
2022-12-22T22:17:25Z,"0002cc01000003e9","2250cf99f5fd388c04f2111427615c1afef000000000000000ffffffffffffffffffffffff",3.53,,0.31,17,20.15,10.54,99694.00,0.00,0,0,0,0,,,-1.00,-1.00,-1.00,-1.00,-1.00,-1.00
2022-12-22T22:23:21Z,"0002cc01000003e9","2250cf9b59fd387f04e611142461601b2f0c00000000000000ffffffffffffffffffffffff",3.53,,0.31,17,20.14,10.62,99709.00,12.00,0,0,0,0,,,-1.00,-1.00,-1.00,-1.00,-1.00,-1.00
2022-12-22T22:29:17Z,"0002cc01000003e9","2250cf9cbdfd388c04e611142261601b1a0800000000000000ffffffffffffffffffffffff",3.53,,0.31,17,20.13,10.59,99709.00,8.00,0,0,0,0,,,-1.00,-1.00,-1.00,-1.00,-1.00,-1.00
2022-12-22T22:35:13Z,"0002cc01000003e9","2250cf9e21fd388c04e611141f61611b2ff000000000000000ffffffffffffffffffffffff",3.53,,0.31,17,20.12,10.62,99714.00,0.00,0,0,0,0,,,-1.00,-1.00,-1.00,-1.00,-1.00,-1.00
2022-12-22T22:41:09Z,"0002cc01000003e9","2250cf9f85fd387f04e611141d615b1b280b00000000000000ffffffffffffffffffffffff",3.53,,0.31,17,20.11,10.61,99688.00,11.00,0,0,0,0,,,-1.00,-1.00,-1.00,-1.00,-1.00,-1.00
2022-12-22T22:47:06Z,"0002cc01000003e9","2250cfa0eafd388c04f211141a61621b190900000000000000ffffffffffffffffffffffff",3.53,,0.31,17,20.10,10.59,99719.00,18.00,0,0,0,0,,,-1.00,-1.00,-1.00,-1.00,-1.00,-1.00
2022-12-22T22:53:02Z,"0002cc01000003e9","2250cfa24efd387f04e611141861681aef0a00000000000000ffffffffffffffffffffffff",3.53,,0.31,17,20.09,10.52,99741.00,10.00,0,0,0,0,,,-1.00,-1.00,-1.00,-1.00,-1.00,-1.00
2022-12-22T22:58:58Z,"0002cc01000003e9","2250cfa3b2fd388c04f2111418616c1a9b0800000000000000ffffffffffffffffffffffff",3.53,,0.31,17,20.09,10.39,99759.00,16.00,0,0,0,0,,,-1.00,-1.00,-1.00,-1.00,-1.00,-1.00
2022-12-22T23:04:54Z,"0002cc01000003e9","2250cfa516fd388c04f2111415616f19f10800000000000000ffffffffffffffffffffffff",3.53,,0.31,17,20.08,10.13,99768.00,8.00,0,0,0,0,,,-1.00,-1.00,-1.00,-1.00,-1.00,-1.00
2022-12-22T23:10:50Z,"0002cc01000003e9","2250cfa67afd387f04e611141561701a310c00000000000000ffffffffffffffffffffffff",3.53,,0.31,17,20.08,10.23,99775.00,6.00,0,0,0,0,,,-1.00,-1.00,-1.00,-1.00,-1.00,-1.00
2022-12-22T23:16:46Z,"0002cc01000003e9","2250cfa7defd388404e6111412617319ff0a00000000000000ffffffffffffffffffffffff",3.53,,0.31,17,20.07,10.16,99784.00,5.00,0,0,0,0,,,-1.00,-1.00,-1.00,-1.00,-1.00,-1.00
2022-12-22T23:22:42Z,"0002cc01000003e9","2250cfa942fd387f04f2111410617319d50800000000000000ffffffffffffffffffffffff",3.53,,0.31,17,20.06,10.09,99784.00,1.00,0,0,0,0,,,-1.00,-1.00,-1.00,-1.00,-1.00,-1.00
2022-12-22T23:28:38Z,"0002cc01000003e9","2250cfaaa6fd388c04e611140d617019c7f000000000000000ffffffffffffffffffffffff",3.53,,0.31,17,20.05,10.07,99772.00,0.00,0,0,0,0,,,-1.00,-1.00,-1.00,-1.00,-1.00,-1.00
2022-12-22T23:34:34Z,"0002cc01000003e9","2250cfac0afd387f04fa11140b617019b90d00000000000000ffffffffffffffffffffffff",3.53,,0.31,17,20.04,10.05,99772.00,13.00,0,0,0,0,,,-1.00,-1.00,-1.00,-1.00,-1.00,-1.00
2022-12-22T23:40:30Z,"0002cc01000003e9","2250cfad6efd387f04f2111408617119bff000000000000000ffffffffffffffffffffffff",3.53,,0.31,17,20.03,10.06,99777.00,0.00,0,0,0,0,,,-1.00,-1.00,-1.00,-1.00,-1.00,-1.00
2022-12-22T23:46:26Z,"0002cc01000003e9","2250cfaed2fd388804fa111408617619b10a00000000000000ffffffffffffffffffffffff",3.53,,0.31,17,20.03,10.04,99798.00,5.00,0,0,0,0,,,-1.00,-1.00,-1.00,-1.00,-1.00,-1.00
2022-12-22T23:52:22Z,"0002cc01000003e9","2250cfb036fd388c04e611140661781980f000000000000000ffffffffffffffffffffffff",3.53,,0.31,17,20.02,9.96,99807.00,0.00,0,0,0,0,,,-1.00,-1.00,-1.00,-1.00,-1.00,-1.00
2022-12-22T23:58:18Z,"0002cc01000003e9","2250cfb19afd387f04e6111401617c193a0f00000000000000ffffffffffffffffffffffff",3.53,,0.31,17,20.00,9.85,99823.00,15.00,0,0,0,0,,,-1.00,-1.00,-1.00,-1.00,-1.00,-1.00
