Time,DevEUI,Raw,Vbat,Vsystem,Vbus,BootCount,T,RH,P,Light,P[0].delta,P[0].total,P[1].delta,P[1].total,Act[7],Act[6],Act[5],Act[4],Act[3],Act[2],Act[1],Act[0]
2022-12-16T00:01:58Z,"0002cc01000003e9","2250c677f6fd395904fa11155a608b30621a08000000000000ffffffffffffffffffffffff",3.58,,0.31,17,21.35,18.90,98856.00,642.00,0,0,0,0,,,-1.00,-1.00,-1.00,-1.00,-1.00,-1.00
2022-12-16T00:07:54Z,"0002cc01000003e9","2250c6795afd395004fa111558608c30d319b8000000000000ffffffffffffffffffffffff",3.58,,0.31,17,21.34,19.07,98862.00,622.00,0,0,0,0,,,-1.00,-1.00,-1.00,-1.00,-1.00,-1.00
2022-12-16T00:13:50Z,"0002cc01000003e9","2250c67abefd394804fa111555608d308619d0000000000000ffffffffffffffffffffffff",3.58,,0.31,17,21.33,18.95,98865.00,628.00,0,0,0,0,,,-1.00,-1.00,-1.00,-1.00,-1.00,-1.00
2022-12-16T00:19:46Z,"0002cc01000003e9","2250c67c22fd394804fa111555608d308d1a38000000000000ffffffffffffffffffffffff",3.58,,0.31,17,21.33,18.96,98867.00,654.00,0,0,0,0,,,-1.00,-1.00,-1.00,-1.00,-1.00,-1.00
2022-12-16T00:25:42Z,"0002cc01000003e9","2250c67d86fd395904fa111555608c30c519c0000000000000ffffffffffffffffffffffff",3.58,,0.31,17,21.33,19.05,98861.00,624.00,0,0,0,0,,,-1.00,-1.00,-1.00,-1.00,-1.00,-1.00
2022-12-16T00:31:38Z,"0002cc01000003e9","2250c67eeafd395004fa111555608e30861a70000000000000ffffffffffffffffffffffff",3.58,,0.31,17,21.33,18.95,98869.00,668.00,0,0,0,0,,,-1.00,-1.00,-1.00,-1.00,-1.00,-1.00
2022-12-16T00:37:34Z,"0002cc01000003e9","2250c6804efd395004fa1115556091307f1a54000000000000ffffffffffffffffffffffff",3.58,,0.31,17,21.33,18.94,98880.00,661.00,0,0,0,0,,,-1.00,-1.00,-1.00,-1.00,-1.00,-1.00
2022-12-16T00:43:30Z,"0002cc01000003e9","2250c681b2fd395004fa111555609130941a68000000000000ffffffffffffffffffffffff",3.58,,0.31,17,21.33,18.98,98880.00,666.00,0,0,0,0,,,-1.00,-1.00,-1.00,-1.00,-1.00,-1.00
2022-12-16T00:49:26Z,"0002cc01000003e9","2250c68316fd395004fa1115556091307f1a1c000000000000ffffffffffffffffffffffff",3.58,,0.31,17,21.33,18.94,98883.00,647.00,0,0,0,0,,,-1.00,-1.00,-1.00,-1.00,-1.00,-1.00
2022-12-16T00:55:22Z,"0002cc01000003e9","2250c6847afd395004fa111555609230a919f4000000000000ffffffffffffffffffffffff",3.58,,0.31,17,21.33,19.01,98887.00,637.00,0,0,0,0,,,-1.00,-1.00,-1.00,-1.00,-1.00,-1.00
2022-12-16T01:01:19Z,"0002cc01000003e9","2250c685dffd395004fa111555609430a21a00000000000000ffffffffffffffffffffffff",3.58,,0.31,17,21.33,19.00,98892.00,640.00,0,0,0,0,,,-1.00,-1.00,-1.00,-1.00,-1.00,-1.00
2022-12-16T01:07:14Z,"0002cc01000003e9","2250c68742fd395004fa111552609430af19a4000000000000ffffffffffffffffffffffff",3.58,,0.31,17,21.32,19.02,98894.00,617.00,0,0,0,0,,,-1.00,-1.00,-1.00,-1.00,-1.00,-1.00
2022-12-16T01:13:11Z,"0002cc01000003e9","2250c688a7fd394804fa1115526096308c1a40000000000000ffffffffffffffffffffffff",3.58,,0.31,17,21.32,18.96,98901.00,656.00,0,0,0,0,,,-1.00,-1.00,-1.00,-1.00,-1.00,-1.00
2022-12-16T01:19:07Z,"0002cc01000003e9","2250c68a0bfd395004fa111550609630931968000000000000ffffffffffffffffffffffff",3.58,,0.31,17,21.31,18.97,98900.00,602.00,0,0,0,0,,,-1.00,-1.00,-1.00,-1.00,-1.00,-1.00
2022-12-16T01:25:03Z,"0002cc01000003e9","2250c68b6ffd394804fa11154d609530761a08000000000000ffffffffffffffffffffffff",3.58,,0.31,17,21.30,18.93,98896.00,642.00,0,0,0,0,,,-1.00,-1.00,-1.00,-1.00,-1.00,-1.00
2022-12-16T01:30:59Z,"0002cc01000003e9","2250c68cd3fd394804fa11154d6095305a19fc000000000000ffffffffffffffffffffffff",3.58,,0.31,17,21.30,18.89,98899.00,639.00,0,0,0,0,,,-1.00,-1.00,-1.00,-1.00,-1.00,-1.00
2022-12-16T01:36:55Z,"0002cc01000003e9","2250c68e37fd395004fa11154d609730761a0c000000000000ffffffffffffffffffffffff",3.58,,0.31,17,21.30,18.93,98905.00,643.00,0,0,0,0,,,-1.00,-1.00,-1.00,-1.00,-1.00,-1.00
2022-12-16T01:42:51Z,"0002cc01000003e9","2250c68f9bfd394804fa11154d6098305a1a0c000000000000ffffffffffffffffffffffff",3.58,,0.31,17,21.30,18.89,98908.00,643.00,0,0,0,0,,,-1.00,-1.00,-1.00,-1.00,-1.00,-1.00
2022-12-16T01:48:47Z,"0002cc01000003e9","2250c690fffd395004fa11154b6096304c19fc000000000000ffffffffffffffffffffffff",3.58,,0.31,17,21.29,18.87,98902.00,639.00,0,0,0,0,,,-1.00,-1.00,-1.00,-1.00,-1.00,-1.00
2022-12-16T01:54:43Z,"0002cc01000003e9","2250c69263fd395004fa1115486097302119fc000000000000ffffffffffffffffffffffff",3.58,,0.31,17,21.28,18.80,98904.00,639.00,0,0,0,0,,,-1.00,-1.00,-1.00,-1.00,-1.00,-1.00
2022-12-16T02:00:39Z,"0002cc01000003e9","2250c693c7fd395004fa111548609830281a94000000000000ffffffffffffffffffffffff",3.58,,0.31,17,21.28,18.81,98908.00,677.00,0,0,0,0,,,-1.00,-1.00,-1.00,-1.00,-1.00,-1.00
2022-12-16T02:06:35Z,"0002cc01000003e9","2250c6952bfd395004fa1115466095301a199c000000000000ffffffffffffffffffffffff",3.58,,0.31,17,21.27,18.79,98896.00,615.00,0,0,0,0,,,-1.00,-1.00,-1.00,-1.00,-1.00,-1.00
2022-12-16T02:12:31Z,"0002cc01000003e9","2250c6968ffd395004fa1115486096302119dc000000000000ffffffffffffffffffffffff",3.58,,0.31,17,21.28,18.80,98900.00,631.00,0,0,0,0,,,-1.00,-1.00,-1.00,-1.00,-1.00,-1.00
2022-12-16T02:18:27Z,"0002cc01000003e9","2250c697f3fd394804fa1115436095300b1a34000000000000ffffffffffffffffffffffff",3.58,,0.31,17,21.26,18.77,98897.00,653.00,0,0,0,0,,,-1.00,-1.00,-1.00,-1.00,-1.00,-1.00
2022-12-16T02:24:23Z,"0002cc01000003e9","2250c69957fd394804fa1115416096301219b0000000000000ffffffffffffffffffffffff",3.58,,0.31,17,21.25,18.78,98900.00,620.00,0,0,0,0,,,-1.00,-1.00,-1.00,-1.00,-1.00,-1.00
2022-12-16T02:30:19Z,"0002cc01000003e9","2250c69abbfd395004fa111541609630121a34000000000000ffffffffffffffffffffffff",3.58,,0.31,17,21.25,18.78,98902.00,653.00,0,0,0,0,,,-1.00,-1.00,-1.00,-1.00,-1.00,-1.00
2022-12-16T02:36:15Z,"0002cc01000003e9","2250c69c1ffd395004fa11153e6095306719b8000000000000ffffffffffffffffffffffff",3.58,,0.31,17,21.24,18.91,98897.00,622.00,0,0,0,0,,,-1.00,-1.00,-1.00,-1.00,-1.00,-1.00
2022-12-16T02:42:11Z,"0002cc01000003e9","2250c69d83fd395004fa1115416095306719f8000000000000ffffffffffffffffffffffff",3.58,,0.31,17,21.25,18.91,98897.00,638.00,0,0,0,0,,,-1.00,-1.00,-1.00,-1.00,-1.00,-1.00
2022-12-16T02:48:07Z,"0002cc01000003e9","2250c69ee7fd395004fa1115416094307519a0000000000000ffffffffffffffffffffffff",3.58,,0.31,17,21.25,18.93,98893.00,616.00,0,0,0,0,,,-1.00,-1.00,-1.00,-1.00,-1.00,-1.00
2022-12-16T02:54:03Z,"0002cc01000003e9","2250c6a04bfd394804fa11153e6093306e19bc000000000000ffffffffffffffffffffffff",3.58,,0.31,17,21.24,18.92,98888.00,623.00,0,0,0,0,,,-1.00,-1.00,-1.00,-1.00,-1.00,-1.00
2022-12-16T02:59:59Z,"0002cc01000003e9","2250c6a1affd395004fa1115416094308a1a30000000000000ffffffffffffffffffffffff",3.58,,0.31,17,21.25,18.96,98893.00,652.00,0,0,0,0,,,-1.00,-1.00,-1.00,-1.00,-1.00,-1.00
2022-12-16T03:05:55Z,"0002cc01000003e9","2250c6a313fd395004fa11153e609530831a0c000000000000ffffffffffffffffffffffff",3.58,,0.31,17,21.24,18.95,98898.00,643.00,0,0,0,0,,,-1.00,-1.00,-1.00,-1.00,-1.00,-1.00
2022-12-16T03:11:52Z,"0002cc01000003e9","2250c6a478fd394804fa11153b609430821a2c000000000000ffffffffffffffffffffffff",3.58,,0.31,17,21.23,18.95,98894.00,651.00,0,0,0,0,,,-1.00,-1.00,-1.00,-1.00,-1.00,-1.00
2022-12-16T03:17:48Z,"0002cc01000003e9","2250c6a5dcfd394804fa111539609530901a30000000000000ffffffffffffffffffffffff",3.58,,0.31,17,21.22,18.97,98897.00,652.00,0,0,0,0,,,-1.00,-1.00,-1.00,-1.00,-1.00,-1.00
2022-12-16T03:23:44Z,"0002cc01000003e9","2250c6a740fd39480503111536609230971a0c000000000000ffffffffffffffffffffffff",3.58,,0.31,17,21.21,18.98,98886.00,643.00,0,0,0,0,,,-1.00,-1.00,-1.00,-1.00,-1.00,-1.00
2022-12-16T03:29:40Z,"0002cc01000003e9","2250c6a8a4fd394804fa111536609230a519f8000000000000ffffffffffffffffffffffff",3.58,,0.31,17,21.21,19.00,98886.00,638.00,0,0,0,0,,,-1.00,-1.00,-1.00,-1.00,-1.00,-1.00
2022-12-16T03:35:36Z,"0002cc01000003e9","2250c6aa08fd394804fa111534609230ac19b8000000000000ffffffffffffffffffffffff",3.58,,0.31,17,21.20,19.01,98886.00,622.00,0,0,0,0,,,-1.00,-1.00,-1.00,-1.00,-1.00,-1.00
2022-12-16T03:41:32Z,"0002cc01000003e9","2250c6ab6cfd39500503111536609230b319f0000000000000ffffffffffffffffffffffff",3.58,,0.31,17,21.21,19.02,98884.00,636.00,0,0,0,0,,,-1.00,-1.00,-1.00,-1.00,-1.00,-1.00
2022-12-16T03:47:28Z,"0002cc01000003e9","2250c6acd0fd39500503111534609430c119bc000000000000ffffffffffffffffffffffff",3.58,,0.31,17,21.20,19.04,98892.00,623.00,0,0,0,0,,,-1.00,-1.00,-1.00,-1.00,-1.00,-1.00
2022-12-16T03:53:24Z,"0002cc01000003e9","2250c6ae34fd395004fa111534609430c819e0000000000000ffffffffffffffffffffffff",3.58,,0.31,17,21.20,19.06,98895.00,632.00,0,0,0,0,,,-1.00,-1.00,-1.00,-1.00,-1.00,-1.00
2022-12-16T03:59:20Z,"0002cc01000003e9","2250c6af98fd395004fa111534609430c11a40000000000000ffffffffffffffffffffffff",3.58,,0.31,17,21.20,19.04,98893.00,656.00,0,0,0,0,,,-1.00,-1.00,-1.00,-1.00,-1.00,-1.00
2022-12-16T04:05:16Z,"0002cc01000003e9","2250c6b0fcfd395004fa11152c609530c01a34000000000000ffffffffffffffffffffffff",3.58,,0.31,17,21.17,19.04,98897.00,653.00,0,0,0,0,,,-1.00,-1.00,-1.00,-1.00,-1.00,-1.00
2022-12-16T04:11:12Z,"0002cc01000003e9","2250c6b260fd394804fa111527609630cd1a44000000000000ffffffffffffffffffffffff",3.58,,0.31,17,21.15,19.06,98902.00,657.00,0,0,0,0,,,-1.00,-1.00,-1.00,-1.00,-1.00,-1.00
2022-12-16T04:17:08Z,"0002cc01000003e9","2250c6b3c4fd394804fa111524609630db19f8000000000000ffffffffffffffffffffffff",3.58,,0.31,17,21.14,19.08,98900.00,638.00,0,0,0,0,,,-1.00,-1.00,-1.00,-1.00,-1.00,-1.00
2022-12-16T04:23:04Z,"0002cc01000003e9","2250c6b528fd395004fa111524609630e21a1c000000000000ffffffffffffffffffffffff",3.58,,0.31,17,21.14,19.10,98902.00,647.00,0,0,0,0,,,-1.00,-1.00,-1.00,-1.00,-1.00,-1.00
2022-12-16T04:29:00Z,"0002cc01000003e9","2250c6b68cfd394c04fa111524609530f719b4000000000000ffffffffffffffffffffffff",3.58,,0.31,17,21.14,19.13,98899.00,621.00,0,0,0,0,,,-1.00,-1.00,-1.00,-1.00,-1.00,-1.00
2022-12-16T04:34:56Z,"0002cc01000003e9","2250c6b7f0fd39500503111524609430e919f8000000000000ffffffffffffffffffffffff",3.58,,0.31,17,21.14,19.11,98892.00,638.00,0,0,0,0,,,-1.00,-1.00,-1.00,-1.00,-1.00,-1.00
2022-12-16T04:40:52Z,"0002cc01000003e9","2250c6b954fd394804fa111524609430e219fc000000000000ffffffffffffffffffffffff",3.58,,0.31,17,21.14,19.10,98895.00,639.00,0,0,0,0,,,-1.00,-1.00,-1.00,-1.00,-1.00,-1.00
2022-12-16T04:46:48Z,"0002cc01000003e9","2250c6bab8fd394c04fa111524609230db1a00000000000000ffffffffffffffffffffffff",3.58,,0.31,17,21.14,19.08,98885.00,640.00,0,0,0,0,,,-1.00,-1.00,-1.00,-1.00,-1.00,-1.00
2022-12-16T04:52:44Z,"0002cc01000003e9","2250c6bc1cfd395004fa11151f609330cd19c8000000000000ffffffffffffffffffffffff",3.58,,0.31,17,21.12,19.06,98889.00,626.00,0,0,0,0,,,-1.00,-1.00,-1.00,-1.00,-1.00,-1.00
2022-12-16T04:58:41Z,"0002cc01000003e9","2250c6bd81fd3948050311151d609230bf19e0000000000000ffffffffffffffffffffffff",3.58,,0.31,17,21.11,19.04,98887.00,632.00,0,0,0,0,,,-1.00,-1.00,-1.00,-1.00,-1.00,-1.00
2022-12-16T05:04:36Z,"0002cc01000003e9","2250c6bee4fd394804fa11151a609130a91a08000000000000ffffffffffffffffffffffff",3.58,,0.31,17,21.10,19.01,98882.00,642.00,0,0,0,0,,,-1.00,-1.00,-1.00,-1.00,-1.00,-1.00
2022-12-16T05:10:33Z,"0002cc01000003e9","2250c6c049fd394c04fa111518608e308d19cc000000000000ffffffffffffffffffffffff",3.58,,0.31,17,21.09,18.96,98871.00,627.00,0,0,0,0,,,-1.00,-1.00,-1.00,-1.00,-1.00,-1.00
2022-12-16T05:16:29Z,"0002cc01000003e9","2250c6c1adfd394804fa111518608f307f19cc000000000000ffffffffffffffffffffffff",3.58,,0.31,17,21.09,18.94,98875.00,627.00,0,0,0,0,,,-1.00,-1.00,-1.00,-1.00,-1.00,-1.00
2022-12-16T05:22:25Z,"0002cc01000003e9","2250c6c311fd394804fa111518608f30621a10000000000000ffffffffffffffffffffffff",3.58,,0.31,17,21.09,18.90,98875.00,644.00,0,0,0,0,,,-1.00,-1.00,-1.00,-1.00,-1.00,-1.00
2022-12-16T05:28:21Z,"0002cc01000003e9","2250c6c475fd395004fa111512608f304619e4000000000000ffffffffffffffffffffffff",3.58,,0.31,17,21.07,18.86,98872.00,633.00,0,0,0,0,,,-1.00,-1.00,-1.00,-1.00,-1.00,-1.00
2022-12-16T05:34:17Z,"0002cc01000003e9","2250c6c5d9fd394404fa111512608c301b19c4000000000000ffffffffffffffffffffffff",3.58,,0.31,17,21.07,18.79,98863.00,625.00,0,0,0,0,,,-1.00,-1.00,-1.00,-1.00,-1.00,-1.00
2022-12-16T05:40:13Z,"0002cc01000003e9","2250c6c73dfd394804fa111510608f2ff11a20000000000000ffffffffffffffffffffffff",3.58,,0.31,17,21.06,18.73,98872.00,648.00,0,0,0,0,,,-1.00,-1.00,-1.00,-1.00,-1.00,-1.00
2022-12-16T05:46:09Z,"0002cc01000003e9","2250c6c8a1fd394004fa111510608e2fc019e0000000000000ffffffffffffffffffffffff",3.58,,0.31,17,21.06,18.65,98871.00,632.00,0,0,0,0,,,-1.00,-1.00,-1.00,-1.00,-1.00,-1.00
2022-12-16T05:52:05Z,"0002cc01000003e9","2250c6ca05fd394c04fa111510608f2f9d19bc000000000000ffffffffffffffffffffffff",3.58,,0.31,17,21.06,18.60,98872.00,623.00,0,0,0,0,,,-1.00,-1.00,-1.00,-1.00,-1.00,-1.00
2022-12-16T05:58:01Z,"0002cc01000003e9","2250c6cb69fd395004fa111510608f2f801a00000000000000ffffffffffffffffffffffff",3.58,,0.31,17,21.06,18.56,98873.00,640.00,0,0,0,0,,,-1.00,-1.00,-1.00,-1.00,-1.00,-1.00
2022-12-16T06:03:57Z,"0002cc01000003e9","2250c6cccdfd394804fa11150b608e2f8019d8000000000000ffffffffffffffffffffffff",3.58,,0.31,17,21.04,18.55,98870.00,630.00,0,0,0,0,,,-1.00,-1.00,-1.00,-1.00,-1.00,-1.00
2022-12-16T06:09:53Z,"0002cc01000003e9","2250c6ce31fd394804fa111508608d2f711a30000000000000ffffffffffffffffffffffff",3.58,,0.31,17,21.03,18.53,98866.00,652.00,0,0,0,0,,,-1.00,-1.00,-1.00,-1.00,-1.00,-1.00
2022-12-16T06:15:49Z,"0002cc01000003e9","2250c6cf95fd394c04fa111508608d2f5c1a3c000000000000ffffffffffffffffffffffff",3.58,,0.31,17,21.03,18.50,98866.00,655.00,0,0,0,0,,,-1.00,-1.00,-1.00,-1.00,-1.00,-1.00
2022-12-16T06:21:45Z,"0002cc01000003e9","2250c6d0f9fd394c04fa111506608b2f471a04000000000000ffffffffffffffffffffffff",3.58,,0.31,17,21.02,18.47,98856.00,641.00,0,0,0,0,,,-1.00,-1.00,-1.00,-1.00,-1.00,-1.00
2022-12-16T06:27:41Z,"0002cc01000003e9","2250c6d25dfd39480507111501608a2f3f19a0000000000000ffffffffffffffffffffffff",3.58,,0.31,17,21.00,18.46,98853.00,616.00,0,0,0,0,,,-1.00,-1.00,-1.00,-1.00,-1.00,-1.00
2022-12-16T06:33:37Z,"0002cc01000003e9","2250c6d3c1fd394c04fa1114fe608a2f3119b0000000000000ffffffffffffffffffffffff",3.58,,0.31,17,20.99,18.43,98853.00,620.00,0,0,0,0,,,-1.00,-1.00,-1.00,-1.00,-1.00,-1.00
2022-12-16T06:39:33Z,"0002cc01000003e9","2250c6d525fd394c04fa1114fe60892f2a1a2c000000000000ffffffffffffffffffffffff",3.58,,0.31,17,20.99,18.42,98848.00,651.00,0,0,0,0,,,-1.00,-1.00,-1.00,-1.00,-1.00,-1.00
2022-12-16T06:45:29Z,"0002cc01000003e9","2250c6d689fd394c04fa1114fb60872f1b19d0000000000000ffffffffffffffffffffffff",3.58,,0.31,17,20.98,18.40,98843.00,628.00,0,0,0,0,,,-1.00,-1.00,-1.00,-1.00,-1.00,-1.00
2022-12-16T06:51:25Z,"0002cc01000003e9","2250c6d7edfd395004fa1114f960872f061a08000000000000ffffffffffffffffffffffff",3.58,,0.31,17,20.97,18.37,98840.00,642.00,0,0,0,0,,,-1.00,-1.00,-1.00,-1.00,-1.00,-1.00
2022-12-16T06:57:21Z,"0002cc01000003e9","2250c6d951fd394c04fa1114f660862ef119fc000000000000ffffffffffffffffffffffff",3.58,,0.31,17,20.96,18.34,98836.00,639.00,0,0,0,0,,,-1.00,-1.00,-1.00,-1.00,-1.00,-1.00
2022-12-16T07:03:18Z,"0002cc01000003e9","2250c6dab6fd394c04fa1114f460862edb1a28000000000000ffffffffffffffffffffffff",3.58,,0.31,17,20.95,18.30,98839.00,650.00,0,0,0,0,,,-1.00,-1.00,-1.00,-1.00,-1.00,-1.00
2022-12-16T07:09:14Z,"0002cc01000003e9","2250c6dc1afd394c05031114ef60852eb71a04000000000000ffffffffffffffffffffffff",3.58,,0.31,17,20.93,18.25,98833.00,641.00,0,0,0,0,,,-1.00,-1.00,-1.00,-1.00,-1.00,-1.00
2022-12-16T07:15:10Z,"0002cc01000003e9","2250c6dd7efd394c04fa1114e960852ea91a14000000000000ffffffffffffffffffffffff",3.58,,0.31,17,20.91,18.23,98834.00,645.00,0,0,0,0,,,-1.00,-1.00,-1.00,-1.00,-1.00,-1.00
2022-12-16T07:21:06Z,"0002cc01000003e9","2250c6dee2fd394c04fa1114e460862eb719e0000000000000ffffffffffffffffffffffff",3.58,,0.31,17,20.89,18.25,98838.00,632.00,0,0,0,0,,,-1.00,-1.00,-1.00,-1.00,-1.00,-1.00
2022-12-16T07:27:02Z,"0002cc01000003e9","2250c6e046fd394c05031114e460882ec419dc000000000000ffffffffffffffffffffffff",3.58,,0.31,17,20.89,18.27,98844.00,631.00,0,0,0,0,,,-1.00,-1.00,-1.00,-1.00,-1.00,-1.00
2022-12-16T07:32:58Z,"0002cc01000003e9","2250c6e1aafd394c04fa1114e460852eef1a08000000000000ffffffffffffffffffffffff",3.58,,0.31,17,20.89,18.33,98835.00,642.00,0,0,0,0,,,-1.00,-1.00,-1.00,-1.00,-1.00,-1.00
2022-12-16T07:38:54Z,"0002cc01000003e9","2250c6e30efd394004fa1114e460852f2f1a24000000000000ffffffffffffffffffffffff",3.58,,0.31,17,20.89,18.43,98834.00,649.00,0,0,0,0,,,-1.00,-1.00,-1.00,-1.00,-1.00,-1.00
2022-12-16T07:44:50Z,"0002cc01000003e9","2250c6e472fd394004fa1114e260852f5819c8000000000000ffffffffffffffffffffffff",3.58,,0.31,17,20.88,18.49,98833.00,626.00,0,0,0,0,,,-1.00,-1.00,-1.00,-1.00,-1.00,-1.00
2022-12-16T07:50:46Z,"0002cc01000003e9","2250c6e5d6fd394004fa1114df60862f7b1a00000000000000ffffffffffffffffffffffff",3.58,,0.31,17,20.87,18.55,98839.00,640.00,0,0,0,0,,,-1.00,-1.00,-1.00,-1.00,-1.00,-1.00
2022-12-16T07:56:42Z,"0002cc01000003e9","2250c6e73afd394004fa1114df60872f901a3c000000000000ffffffffffffffffffffffff",3.58,,0.31,17,20.87,18.58,98843.00,655.00,0,0,0,0,,,-1.00,-1.00,-1.00,-1.00,-1.00,-1.00
2022-12-16T08:02:38Z,"0002cc01000003e9","2250c6e89efd394c04fa1114df60872f971a34000000000000ffffffffffffffffffffffff",3.58,,0.31,17,20.87,18.59,98843.00,653.00,0,0,0,0,,,-1.00,-1.00,-1.00,-1.00,-1.00,-1.00
2022-12-16T08:08:34Z,"0002cc01000003e9","2250c6ea02fd394c05071114e260872f891990000000000000ffffffffffffffffffffffff",3.58,,0.31,17,20.88,18.57,98840.00,612.00,0,0,0,0,,,-1.00,-1.00,-1.00,-1.00,-1.00,-1.00
2022-12-16T08:14:30Z,"0002cc01000003e9","2250c6eb66fd394c04fa1114df60872f821a18000000000000ffffffffffffffffffffffff",3.58,,0.31,17,20.87,18.56,98840.00,646.00,0,0,0,0,,,-1.00,-1.00,-1.00,-1.00,-1.00,-1.00
2022-12-16T08:20:26Z,"0002cc01000003e9","2250c6eccafd394c04fa1114e260852f5f1a00000000000000ffffffffffffffffffffffff",3.58,,0.31,17,20.88,18.50,98835.00,640.00,0,0,0,0,,,-1.00,-1.00,-1.00,-1.00,-1.00,-1.00
2022-12-16T08:26:22Z,"0002cc01000003e9","2250c6ee2efd394004fa1114e260892f4319b4000000000000ffffffffffffffffffffffff",3.58,,0.31,17,20.88,18.46,98848.00,621.00,0,0,0,0,,,-1.00,-1.00,-1.00,-1.00,-1.00,-1.00
2022-12-16T08:32:18Z,"0002cc01000003e9","2250c6ef92fd394004fa1114df608c2f271a20000000000000ffffffffffffffffffffffff",3.58,,0.31,17,20.87,18.42,98863.00,648.00,0,0,0,0,,,-1.00,-1.00,-1.00,-1.00,-1.00,-1.00
2022-12-16T08:38:14Z,"0002cc01000003e9","2250c6f0f6fd394004fa1114da608a2ef51a20000000000000ffffffffffffffffffffffff",3.58,,0.31,17,20.85,18.34,98855.00,648.00,0,0,0,0,,,-1.00,-1.00,-1.00,-1.00,-1.00,-1.00
2022-12-16T08:44:10Z,"0002cc01000003e9","2250c6f25afd394005071114d8608b2ed81994000000000000ffffffffffffffffffffffff",3.58,,0.31,17,20.84,18.30,98859.00,613.00,0,0,0,0,,,-1.00,-1.00,-1.00,-1.00,-1.00,-1.00
2022-12-16T08:50:06Z,"0002cc01000003e9","2250c6f3befd394c04fa1114d2608d2ead1a04000000000000ffffffffffffffffffffffff",3.58,,0.31,17,20.82,18.23,98866.00,641.00,0,0,0,0,,,-1.00,-1.00,-1.00,-1.00,-1.00,-1.00
2022-12-16T08:56:02Z,"0002cc01000003e9","2250c6f522fd394004fa1114cd608e2ea61a08000000000000ffffffffffffffffffffffff",3.58,,0.31,17,20.80,18.22,98869.00,642.00,0,0,0,0,,,-1.00,-1.00,-1.00,-1.00,-1.00,-1.00
2022-12-16T09:01:58Z,"0002cc01000003e9","2250c6f686fd394c05031114cd608e2e9819d8000000000000ffffffffffffffffffffffff",3.58,,0.31,17,20.80,18.20,98870.00,630.00,0,0,0,0,,,-1.00,-1.00,-1.00,-1.00,-1.00,-1.00
2022-12-16T09:07:54Z,"0002cc01000003e9","2250c6f7eafd394c04fa1114cb608e2e8a1a50000000000000ffffffffffffffffffffffff",3.58,,0.31,17,20.79,18.18,98869.00,660.00,0,0,0,0,,,-1.00,-1.00,-1.00,-1.00,-1.00,-1.00
2022-12-16T09:13:50Z,"0002cc01000003e9","2250c6f94efd394004fa1114cd60902e7c19f0000000000000ffffffffffffffffffffffff",3.58,,0.31,17,20.80,18.16,98876.00,636.00,0,0,0,0,,,-1.00,-1.00,-1.00,-1.00,-1.00,-1.00
2022-12-16T09:19:46Z,"0002cc01000003e9","2250c6fab2fd394005031114d0608c2e601a10000000000000ffffffffffffffffffffffff",3.58,,0.31,17,20.81,18.12,98862.00,644.00,0,0,0,0,,,-1.00,-1.00,-1.00,-1.00,-1.00,-1.00
2022-12-16T09:25:43Z,"0002cc01000003e9","2250c6fc17fd394c04fa1114d2608c2e5919dc000000000000ffffffffffffffffffffffff",3.58,,0.31,17,20.82,18.10,98862.00,631.00,0,0,0,0,,,-1.00,-1.00,-1.00,-1.00,-1.00,-1.00
2022-12-16T09:31:39Z,"0002cc01000003e9","2250c6fd7bfd394c05031114d5608c2e3d19f8000000000000ffffffffffffffffffffffff",3.58,,0.31,17,20.83,18.06,98860.00,638.00,0,0,0,0,,,-1.00,-1.00,-1.00,-1.00,-1.00,-1.00
2022-12-16T09:37:35Z,"0002cc01000003e9","2250c6fedffd394c04fa1114d560882e2119d4000000000000ffffffffffffffffffffffff",3.58,,0.31,17,20.83,18.02,98844.00,629.00,0,0,0,0,,,-1.00,-1.00,-1.00,-1.00,-1.00,-1.00
2022-12-16T09:43:31Z,"0002cc01000003e9","2250c70043fd394c04fa1114d260872e2819c8000000000000ffffffffffffffffffffffff",3.58,,0.31,17,20.82,18.03,98842.00,626.00,0,0,0,0,,,-1.00,-1.00,-1.00,-1.00,-1.00,-1.00
2022-12-16T09:49:27Z,"0002cc01000003e9","2250c701a7fd394005031114d060882e1a1a08000000000000ffffffffffffffffffffffff",3.58,,0.31,17,20.81,18.01,98846.00,642.00,0,0,0,0,,,-1.00,-1.00,-1.00,-1.00,-1.00,-1.00
2022-12-16T09:55:23Z,"0002cc01000003e9","2250c7030bfd394005031114cd60862e0b1a2c000000000000ffffffffffffffffffffffff",3.58,,0.31,17,20.80,17.99,98837.00,651.00,0,0,0,0,,,-1.00,-1.00,-1.00,-1.00,-1.00,-1.00
2022-12-16T10:01:19Z,"0002cc01000003e9","2250c7046ffd394004fa1114cd60842e0b1a08000000000000ffffffffffffffffffffffff",3.58,,0.31,17,20.80,17.99,98829.00,642.00,0,0,0,0,,,-1.00,-1.00,-1.00,-1.00,-1.00,-1.00
2022-12-16T10:07:15Z,"0002cc01000003e9","2250c705d3fd394c04fa1114cb60812df619c0000000000000ffffffffffffffffffffffff",3.58,,0.31,17,20.79,17.95,98816.00,624.00,0,0,0,0,,,-1.00,-1.00,-1.00,-1.00,-1.00,-1.00
2022-12-16T10:13:11Z,"0002cc01000003e9","2250c70737fd394004fa1114c860802def19c0000000000000ffffffffffffffffffffffff",3.58,,0.31,17,20.78,17.94,98815.00,624.00,0,0,0,0,,,-1.00,-1.00,-1.00,-1.00,-1.00,-1.00
2022-12-16T10:19:07Z,"0002cc01000003e9","2250c7089bfd394804fa1114c360832de81a30000000000000ffffffffffffffffffffffff",3.58,,0.31,17,20.76,17.93,98824.00,652.00,0,0,0,0,,,-1.00,-1.00,-1.00,-1.00,-1.00,-1.00
2022-12-16T10:25:03Z,"0002cc01000003e9","2250c709fffd394c04fa1114c360842de81a04000000000000ffffffffffffffffffffffff",3.58,,0.31,17,20.76,17.93,98830.00,641.00,0,0,0,0,,,-1.00,-1.00,-1.00,-1.00,-1.00,-1.00
2022-12-16T10:30:59Z,"0002cc01000003e9","2250c70b63fd394c04fa1114c360822de819e0000000000000ffffffffffffffffffffffff",3.58,,0.31,17,20.76,17.93,98821.00,632.00,0,0,0,0,,,-1.00,-1.00,-1.00,-1.00,-1.00,-1.00
2022-12-16T10:36:55Z,"0002cc01000003e9","2250c70cc7fd394c04fa1114c660822dd91a48000000000000ffffffffffffffffffffffff",3.58,,0.31,17,20.77,17.91,98820.00,658.00,0,0,0,0,,,-1.00,-1.00,-1.00,-1.00,-1.00,-1.00
2022-12-16T10:42:51Z,"0002cc01000003e9","2250c70e2bfd394004fa1114c660802dd919dc000000000000ffffffffffffffffffffffff",3.58,,0.31,17,20.77,17.91,98813.00,631.00,0,0,0,0,,,-1.00,-1.00,-1.00,-1.00,-1.00,-1.00
2022-12-16T10:48:47Z,"0002cc01000003e9","2250c70f8ffd394404fa1114c360802dd219dc000000000000ffffffffffffffffffffffff",3.58,,0.31,17,20.76,17.90,98814.00,631.00,0,0,0,0,,,-1.00,-1.00,-1.00,-1.00,-1.00,-1.00
2022-12-16T10:54:43Z,"0002cc01000003e9","2250c710f3fd394c04fa1114c160812dcb19d0000000000000ffffffffffffffffffffffff",3.58,,0.31,17,20.75,17.89,98816.00,628.00,0,0,0,0,,,-1.00,-1.00,-1.00,-1.00,-1.00,-1.00
2022-12-16T11:00:39Z,"0002cc01000003e9","2250c71257fd394004fa1114c160832dc419ec000000000000ffffffffffffffffffffffff",3.58,,0.31,17,20.75,17.88,98826.00,635.00,0,0,0,0,,,-1.00,-1.00,-1.00,-1.00,-1.00,-1.00
2022-12-16T11:06:35Z,"0002cc01000003e9","2250c713bbfd394c04fa1114be60832dcb1a10000000000000ffffffffffffffffffffffff",3.58,,0.31,17,20.74,17.89,98824.00,644.00,0,0,0,0,,,-1.00,-1.00,-1.00,-1.00,-1.00,-1.00
2022-12-16T11:12:31Z,"0002cc01000003e9","2250c7151ffd394405031114bb60812dca1a24000000000000ffffffffffffffffffffffff",3.58,,0.31,17,20.73,17.89,98816.00,649.00,0,0,0,0,,,-1.00,-1.00,-1.00,-1.00,-1.00,-1.00
2022-12-16T11:18:27Z,"0002cc01000003e9","2250c71683fd394c05031114bb60802db51a1c000000000000ffffffffffffffffffffffff",3.58,,0.31,17,20.73,17.85,98813.00,647.00,0,0,0,0,,,-1.00,-1.00,-1.00,-1.00,-1.00,-1.00
2022-12-16T11:24:24Z,"0002cc01000003e9","2250c717e8fd394405031114b960822dae1958000000000000ffffffffffffffffffffffff",3.58,,0.31,17,20.72,17.84,98821.00,598.00,0,0,0,0,,,-1.00,-1.00,-1.00,-1.00,-1.00,-1.00
2022-12-16T11:30:20Z,"0002cc01000003e9","2250c7194cfd394c04fa1114b960852da719c0000000000000ffffffffffffffffffffffff",3.58,,0.31,17,20.72,17.83,98835.00,624.00,0,0,0,0,,,-1.00,-1.00,-1.00,-1.00,-1.00,-1.00
2022-12-16T11:36:16Z,"0002cc01000003e9","2250c71ab0fd394c04fa1114be60812dc41a08000000000000ffffffffffffffffffffffff",3.58,,0.31,17,20.74,17.88,98819.00,642.00,0,0,0,0,,,-1.00,-1.00,-1.00,-1.00,-1.00,-1.00
2022-12-16T11:42:12Z,"0002cc01000003e9","2250c71c14fd394404fa1114cb60842db619e4000000000000ffffffffffffffffffffffff",3.58,,0.31,17,20.79,17.86,98829.00,633.00,0,0,0,0,,,-1.00,-1.00,-1.00,-1.00,-1.00,-1.00
2022-12-16T11:48:08Z,"0002cc01000003e9","2250c71d78fd393c04fa1114da60872d9c1a24000000000000ffffffffffffffffffffffff",3.58,,0.31,17,20.85,17.82,98840.00,649.00,0,0,0,0,,,-1.00,-1.00,-1.00,-1.00,-1.00,-1.00
2022-12-16T11:54:04Z,"0002cc01000003e9","2250c71edcfd394404fa1114ec60892d6d1a38000000000000ffffffffffffffffffffffff",3.58,,0.31,17,20.92,17.74,98850.00,654.00,0,0,0,0,,,-1.00,-1.00,-1.00,-1.00,-1.00,-1.00
2022-12-16T12:00:00Z,"0002cc01000003e9","2250c72040fd394404fa1114fb60872d4b19e0000000000000ffffffffffffffffffffffff",3.58,,0.31,17,20.98,17.69,98843.00,632.00,0,0,0,0,,,-1.00,-1.00,-1.00,-1.00,-1.00,-1.00
2022-12-16T12:05:56Z,"0002cc01000003e9","2250c721a4fd3944050711150860872d3719bc000000000000ffffffffffffffffffffffff",3.58,,0.31,17,21.03,17.66,98843.00,623.00,0,0,0,0,,,-1.00,-1.00,-1.00,-1.00,-1.00,-1.00
2022-12-16T12:11:52Z,"0002cc01000003e9","2250c72308fd394404fa11151060862d1c19e8000000000000ffffffffffffffffffffffff",3.58,,0.31,17,21.06,17.62,98836.00,634.00,0,0,0,0,,,-1.00,-1.00,-1.00,-1.00,-1.00,-1.00
2022-12-16T12:17:48Z,"0002cc01000003e9","2250c7246cfd394404fa11151560852ceb19e0000000000000ffffffffffffffffffffffff",3.58,,0.31,17,21.08,17.55,98835.00,632.00,0,0,0,0,,,-1.00,-1.00,-1.00,-1.00,-1.00,-1.00
2022-12-16T12:23:44Z,"0002cc01000003e9","2250c725d0fd394004fa11151560832c9e19d0000000000000ffffffffffffffffffffffff",3.58,,0.31,17,21.08,17.43,98827.00,628.00,0,0,0,0,,,-1.00,-1.00,-1.00,-1.00,-1.00,-1.00
2022-12-16T12:29:40Z,"0002cc01000003e9","2250c72734fd394404fa11150d60862c6419f0000000000000ffffffffffffffffffffffff",3.58,,0.31,17,21.05,17.34,98837.00,636.00,0,0,0,0,,,-1.00,-1.00,-1.00,-1.00,-1.00,-1.00
2022-12-16T12:35:36Z,"0002cc01000003e9","2250c72898fd394404fa11150860862c4f19b4000000000000ffffffffffffffffffffffff",3.58,,0.31,17,21.03,17.31,98839.00,621.00,0,0,0,0,,,-1.00,-1.00,-1.00,-1.00,-1.00,-1.00
2022-12-16T12:41:32Z,"0002cc01000003e9","2250c729fcfd394404fa11150660892c1d1a38000000000000ffffffffffffffffffffffff",3.58,,0.31,17,21.02,17.23,98849.00,654.00,0,0,0,0,,,-1.00,-1.00,-1.00,-1.00,-1.00,-1.00
2022-12-16T12:47:28Z,"0002cc01000003e9","2250c72b60fd393c04fa11150160882c1619f4000000000000ffffffffffffffffffffffff",3.58,,0.31,17,21.00,17.22,98844.00,637.00,0,0,0,0,,,-1.00,-1.00,-1.00,-1.00,-1.00,-1.00
2022-12-16T12:53:24Z,"0002cc01000003e9","2250c72cc4fd394404fa11150160882bcf1a18000000000000ffffffffffffffffffffffff",3.58,,0.31,17,21.00,17.11,98844.00,646.00,0,0,0,0,,,-1.00,-1.00,-1.00,-1.00,-1.00,-1.00
2022-12-16T12:59:20Z,"0002cc01000003e9","2250c72e28fd394004fa11150160892ba519c0000000000000ffffffffffffffffffffffff",3.58,,0.31,17,21.00,17.05,98849.00,624.00,0,0,0,0,,,-1.00,-1.00,-1.00,-1.00,-1.00,-1.00
2022-12-16T13:05:16Z,"0002cc01000003e9","2250c72f8cfd393c04fa111501608b2b741a3c000000000000ffffffffffffffffffffffff",3.58,,0.31,17,21.00,16.97,98859.00,655.00,0,0,0,0,,,-1.00,-1.00,-1.00,-1.00,-1.00,-1.00
2022-12-16T13:11:12Z,"0002cc01000003e9","2250c730f0fd393c04fa1114fe60892b261a00000000000000ffffffffffffffffffffffff",3.58,,0.31,17,20.99,16.86,98850.00,640.00,0,0,0,0,,,-1.00,-1.00,-1.00,-1.00,-1.00,-1.00
2022-12-16T13:17:08Z,"0002cc01000003e9","2250c73254fd394405031114fb60882afb19f0000000000000ffffffffffffffffffffffff",3.58,,0.31,17,20.98,16.79,98847.00,636.00,0,0,0,0,,,-1.00,-1.00,-1.00,-1.00,-1.00,-1.00
2022-12-16T13:23:05Z,"0002cc01000003e9","2250c733b9fd394404fa1114fb60872aca1a38000000000000ffffffffffffffffffffffff",3.58,,0.31,17,20.98,16.71,98842.00,654.00,0,0,0,0,,,-1.00,-1.00,-1.00,-1.00,-1.00,-1.00
2022-12-16T13:29:01Z,"0002cc01000003e9","2250c7351dfd394404fa1114f960862a8b1a1c000000000000ffffffffffffffffffffffff",3.58,,0.31,17,20.97,16.62,98838.00,647.00,0,0,0,0,,,-1.00,-1.00,-1.00,-1.00,-1.00,-1.00
2022-12-16T13:34:57Z,"0002cc01000003e9","2250c73681fd394404fa1114f960832a601a50000000000000ffffffffffffffffffffffff",3.58,,0.31,17,20.97,16.55,98824.00,660.00,0,0,0,0,,,-1.00,-1.00,-1.00,-1.00,-1.00,-1.00
2022-12-16T13:40:53Z,"0002cc01000003e9","2250c737e5fd394c04fa1114fb60832a1319f4000000000000ffffffffffffffffffffffff",3.58,,0.31,17,20.98,16.44,98826.00,637.00,0,0,0,0,,,-1.00,-1.00,-1.00,-1.00,-1.00,-1.00
2022-12-16T13:46:49Z,"0002cc01000003e9","2250c73949fd394404fa1114f9608629e91a60000000000000ffffffffffffffffffffffff",3.58,,0.31,17,20.97,16.37,98837.00,664.00,0,0,0,0,,,-1.00,-1.00,-1.00,-1.00,-1.00,-1.00
2022-12-16T13:52:45Z,"0002cc01000003e9","2250c73aadfd393c04fa1114f9608629a919dc000000000000ffffffffffffffffffffffff",3.58,,0.31,17,20.97,16.27,98838.00,631.00,0,0,0,0,,,-1.00,-1.00,-1.00,-1.00,-1.00,-1.00
2022-12-16T13:58:41Z,"0002cc01000003e9","2250c73c11fd393c04fa1114f9608829b01a2c000000000000ffffffffffffffffffffffff",3.58,,0.31,17,20.97,16.29,98845.00,651.00,0,0,0,0,,,-1.00,-1.00,-1.00,-1.00,-1.00,-1.00
2022-12-16T14:04:37Z,"0002cc01000003e9","2250c73d75fd394404fa1114f9608b297f19b8000000000000ffffffffffffffffffffffff",3.58,,0.31,17,20.97,16.21,98857.00,622.00,0,0,0,0,,,-1.00,-1.00,-1.00,-1.00,-1.00,-1.00
2022-12-16T14:10:33Z,"0002cc01000003e9","2250c73ed9fd393c04fa1114f9608e29941a14000000000000ffffffffffffffffffffffff",3.58,,0.31,17,20.97,16.24,98869.00,645.00,0,0,0,0,,,-1.00,-1.00,-1.00,-1.00,-1.00,-1.00
2022-12-16T14:16:29Z,"0002cc01000003e9","2250c7403dfd393c05031114f96090297f1a10000000000000ffffffffffffffffffffffff",3.58,,0.31,17,20.97,16.21,98878.00,644.00,0,0,0,0,,,-1.00,-1.00,-1.00,-1.00,-1.00,-1.00
2022-12-16T14:22:25Z,"0002cc01000003e9","2250c741a1fd393c04fa1114f6609229541a38000000000000ffffffffffffffffffffffff",3.58,,0.31,17,20.96,16.14,98886.00,654.00,0,0,0,0,,,-1.00,-1.00,-1.00,-1.00,-1.00,-1.00
2022-12-16T14:28:21Z,"0002cc01000003e9","2250c74305fd393c04fa1114f66091295419f8000000000000ffffffffffffffffffffffff",3.58,,0.31,17,20.96,16.14,98883.00,638.00,0,0,0,0,,,-1.00,-1.00,-1.00,-1.00,-1.00,-1.00
2022-12-16T14:34:17Z,"0002cc01000003e9","2250c74469fd393c04fa1114f96093297819e8000000000000ffffffffffffffffffffffff",3.58,,0.31,17,20.97,16.20,98889.00,634.00,0,0,0,0,,,-1.00,-1.00,-1.00,-1.00,-1.00,-1.00
2022-12-16T14:40:13Z,"0002cc01000003e9","2250c745cdfd393c04fa1114fb6095294e1a34000000000000ffffffffffffffffffffffff",3.58,,0.31,17,20.98,16.13,98896.00,653.00,0,0,0,0,,,-1.00,-1.00,-1.00,-1.00,-1.00,-1.00
2022-12-16T14:46:09Z,"0002cc01000003e9","2250c74731fd394404fa1114fb609629321aa8000000000000ffffffffffffffffffffffff",3.58,,0.31,17,20.98,16.09,98900.00,682.00,0,0,0,0,,,-1.00,-1.00,-1.00,-1.00,-1.00,-1.00
2022-12-16T14:52:05Z,"0002cc01000003e9","2250c74895fd393c04fa1114fb6097294e1a20000000000000ffffffffffffffffffffffff",3.58,,0.31,17,20.98,16.13,98906.00,648.00,0,0,0,0,,,-1.00,-1.00,-1.00,-1.00,-1.00,-1.00
2022-12-16T14:58:01Z,"0002cc01000003e9","2250c749f9fd394404fa1114fb609929631a24000000000000ffffffffffffffffffffffff",3.58,,0.31,17,20.98,16.17,98913.00,649.00,0,0,0,0,,,-1.00,-1.00,-1.00,-1.00,-1.00,-1.00
2022-12-16T15:03:57Z,"0002cc01000003e9","2250c74b5dfd394404fa1114fe609929791a04000000000000ffffffffffffffffffffffff",3.58,,0.31,17,20.99,16.20,98913.00,641.00,0,0,0,0,,,-1.00,-1.00,-1.00,-1.00,-1.00,-1.00
2022-12-16T15:09:53Z,"0002cc01000003e9","2250c74cc1fd394404fa1114fe609a297919f8000000000000ffffffffffffffffffffffff",3.58,,0.31,17,20.99,16.20,98918.00,638.00,0,0,0,0,,,-1.00,-1.00,-1.00,-1.00,-1.00,-1.00
2022-12-16T15:15:49Z,"0002cc01000003e9","2250c74e25fd394404fa111501609e29481a2c000000000000ffffffffffffffffffffffff",3.58,,0.31,17,21.00,16.12,98933.00,651.00,0,0,0,0,,,-1.00,-1.00,-1.00,-1.00,-1.00,-1.00
2022-12-16T15:21:46Z,"0002cc01000003e9","2250c74f8afd393c04fa111503609c290f1a3c000000000000ffffffffffffffffffffffff",3.58,,0.31,17,21.01,16.04,98927.00,655.00,0,0,0,0,,,-1.00,-1.00,-1.00,-1.00,-1.00,-1.00
2022-12-16T15:27:42Z,"0002cc01000003e9","2250c750eefd394404fa111508609d28d01a68000000000000ffffffffffffffffffffffff",3.58,,0.31,17,21.03,15.94,98928.00,666.00,0,0,0,0,,,-1.00,-1.00,-1.00,-1.00,-1.00,-1.00
2022-12-16T15:33:38Z,"0002cc01000003e9","2250c75252fd393c04fa111508609d28a61a48000000000000ffffffffffffffffffffffff",3.58,,0.31,17,21.03,15.88,98928.00,658.00,0,0,0,0,,,-1.00,-1.00,-1.00,-1.00,-1.00,-1.00
2022-12-16T15:39:34Z,"0002cc01000003e9","2250c753b6fd393c04fa111508609d288a1a04000000000000ffffffffffffffffffffffff",3.58,,0.31,17,21.03,15.84,98929.00,641.00,0,0,0,0,,,-1.00,-1.00,-1.00,-1.00,-1.00,-1.00
2022-12-16T15:45:30Z,"0002cc01000003e9","2250c7551afd393c04fa111508609d28671a34000000000000ffffffffffffffffffffffff",3.58,,0.31,17,21.03,15.78,98929.00,653.00,0,0,0,0,,,-1.00,-1.00,-1.00,-1.00,-1.00,-1.00
2022-12-16T15:51:26Z,"0002cc01000003e9","2250c7567efd394404fa11150660a1283619d0000000000000ffffffffffffffffffffffff",3.58,,0.31,17,21.02,15.71,98944.00,628.00,0,0,0,0,,,-1.00,-1.00,-1.00,-1.00,-1.00,-1.00
2022-12-16T15:57:22Z,"0002cc01000003e9","2250c757e2fd393c04fa11150860a4282f1a30000000000000ffffffffffffffffffffffff",3.58,,0.31,17,21.03,15.70,98958.00,652.00,0,0,0,0,,,-1.00,-1.00,-1.00,-1.00,-1.00,-1.00
2022-12-16T16:03:18Z,"0002cc01000003e9","2250c75946fd393c04fa11150860a327ef1a20000000000000ffffffffffffffffffffffff",3.58,,0.31,17,21.03,15.60,98955.00,648.00,0,0,0,0,,,-1.00,-1.00,-1.00,-1.00,-1.00,-1.00
2022-12-16T16:09:14Z,"0002cc01000003e9","2250c75aaafd393c04fa11150660a027b71a5c000000000000ffffffffffffffffffffffff",3.58,,0.31,17,21.02,15.51,98942.00,663.00,0,0,0,0,,,-1.00,-1.00,-1.00,-1.00,-1.00,-1.00
2022-12-16T16:15:10Z,"0002cc01000003e9","2250c75c0efd393c04fa11150660a127cc1a34000000000000ffffffffffffffffffffffff",3.58,,0.31,17,21.02,15.55,98947.00,653.00,0,0,0,0,,,-1.00,-1.00,-1.00,-1.00,-1.00,-1.00
2022-12-16T16:21:06Z,"0002cc01000003e9","2250c75d72fd394404fa11150860a527b01a20000000000000ffffffffffffffffffffffff",3.58,,0.31,17,21.03,15.50,98960.00,648.00,0,0,0,0,,,-1.00,-1.00,-1.00,-1.00,-1.00,-1.00
2022-12-16T16:27:02Z,"0002cc01000003e9","2250c75ed6fd393c04fa11150b60a627ef1a2c000000000000ffffffffffffffffffffffff",3.58,,0.31,17,21.04,15.60,98966.00,651.00,0,0,0,0,,,-1.00,-1.00,-1.00,-1.00,-1.00,-1.00
2022-12-16T16:32:58Z,"0002cc01000003e9","2250c7603afd393c04fa11151060a5288b1a24000000000000ffffffffffffffffffffffff",3.58,,0.31,17,21.06,15.84,98963.00,649.00,0,0,0,0,,,-1.00,-1.00,-1.00,-1.00,-1.00,-1.00
2022-12-16T16:38:54Z,"0002cc01000003e9","2250c7619efd393c04fa11151560a828451a50000000000000ffffffffffffffffffffffff",3.58,,0.31,17,21.08,15.73,98973.00,660.00,0,0,0,0,,,-1.00,-1.00,-1.00,-1.00,-1.00,-1.00
2022-12-16T16:44:50Z,"0002cc01000003e9","2250c76302fd393c04fa11151f60a627ff1a78000000000000ffffffffffffffffffffffff",3.58,,0.31,17,21.12,15.62,98965.00,670.00,0,0,0,0,,,-1.00,-1.00,-1.00,-1.00,-1.00,-1.00
2022-12-16T16:50:46Z,"0002cc01000003e9","2250c76466fd394004fa11152760a728071a00000000000000ffffffffffffffffffffffff",3.58,,0.31,17,21.15,15.64,98971.00,640.00,0,0,0,0,,,-1.00,-1.00,-1.00,-1.00,-1.00,-1.00
2022-12-16T16:56:42Z,"0002cc01000003e9","2250c765cafd393004fa1114f960a833c02938000000000000ffffffffffffffffffffffff",3.57,,0.31,17,20.97,20.22,98973.00,1180.00,0,0,0,0,,,-1.00,-1.00,-1.00,-1.00,-1.00,-1.00
2022-12-16T17:02:38Z,"0002cc01000003e9","2250c7672efd394404fa1114e760a932f91fd0000000000000ffffffffffffffffffffffff",3.58,,0.31,17,20.90,19.91,98976.00,1012.00,0,0,0,0,,,-1.00,-1.00,-1.00,-1.00,-1.00,-1.00
2022-12-16T17:08:34Z,"0002cc01000003e9","2250c76892fd393c04fa1114f460a82f372908000000000000ffffffffffffffffffffffff",3.58,,0.31,17,20.95,18.44,98973.00,1156.00,0,0,0,0,,,-1.00,-1.00,-1.00,-1.00,-1.00,-1.00
2022-12-16T17:14:30Z,"0002cc01000003e9","2250c769f6fd394404fa1114fb60a52ddf28d0000000000000ffffffffffffffffffffffff",3.58,,0.31,17,20.98,17.92,98962.00,1128.00,0,0,0,0,,,-1.00,-1.00,-1.00,-1.00,-1.00,-1.00
2022-12-16T17:20:26Z,"0002cc01000003e9","2250c76b5afd394404fa11151d60a32e5328e8000000000000ffffffffffffffffffffffff",3.58,,0.31,17,21.11,18.10,98952.00,1140.00,0,0,0,0,,,-1.00,-1.00,-1.00,-1.00,-1.00,-1.00
2022-12-16T17:26:23Z,"0002cc01000003e9","2250c76cbffd393c04f211153b60a32f3728dc000000000000ffffffffffffffffffffffff",3.58,,0.31,17,21.23,18.44,98953.00,1134.00,0,0,0,0,,,-1.00,-1.00,-1.00,-1.00,-1.00,-1.00
2022-12-16T17:32:19Z,"0002cc01000003e9","2250c76e23fd3944050311155260a32d3f281a000000000000ffffffffffffffffffffffff",3.58,,0.31,17,21.32,17.67,98952.00,1037.00,0,0,0,0,,,-1.00,-1.00,-1.00,-1.00,-1.00,-1.00
2022-12-16T17:38:15Z,"0002cc01000003e9","2250c76f87fd394404fa11156760a22dc728ca000000000000ffffffffffffffffffffffff",3.58,,0.31,17,21.40,17.88,98950.00,1125.00,0,0,0,0,,,-1.00,-1.00,-1.00,-1.00,-1.00,-1.00
2022-12-16T17:44:11Z,"0002cc01000003e9","2250c770ebfd393c04fa11157660a22b1d28fe000000000000ffffffffffffffffffffffff",3.58,,0.31,17,21.46,16.84,98948.00,1151.00,0,0,0,0,,,-1.00,-1.00,-1.00,-1.00,-1.00,-1.00
2022-12-16T17:50:07Z,"0002cc01000003e9","2250c7724ffd393c04fa11158360a22b7928ac000000000000ffffffffffffffffffffffff",3.58,,0.31,17,21.51,16.98,98950.00,1110.00,0,0,0,0,,,-1.00,-1.00,-1.00,-1.00,-1.00,-1.00
2022-12-16T17:56:03Z,"0002cc01000003e9","2250c773b3fd394404fa11159060a12c472876000000000000ffffffffffffffffffffffff",3.58,,0.31,17,21.56,17.30,98944.00,1083.00,0,0,0,0,,,-1.00,-1.00,-1.00,-1.00,-1.00,-1.00
2022-12-16T18:01:59Z,"0002cc01000003e9","2250c77517fd393c04fa111590609f2c162820000000000000ffffffffffffffffffffffff",3.58,,0.31,17,21.56,17.22,98939.00,1040.00,0,0,0,0,,,-1.00,-1.00,-1.00,-1.00,-1.00,-1.00
2022-12-16T18:07:55Z,"0002cc01000003e9","2250c7767bfd393404f211159f609f2c262896000000000000ffffffffffffffffffffffff",3.58,,0.31,17,21.62,17.25,98939.00,1099.00,0,0,0,0,,,-1.00,-1.00,-1.00,-1.00,-1.00,-1.00
2022-12-16T18:13:51Z,"0002cc01000003e9","2250c777dffd393c04fa1115af609d2b452854000000000000ffffffffffffffffffffffff",3.58,,0.31,17,21.68,16.90,98929.00,1066.00,0,0,0,0,,,-1.00,-1.00,-1.00,-1.00,-1.00,-1.00
2022-12-16T18:19:47Z,"0002cc01000003e9","2250c77943fd393404fa1115bb609a2a5028b8000000000000ffffffffffffffffffffffff",3.58,,0.31,17,21.73,16.53,98918.00,1116.00,0,0,0,0,,,-1.00,-1.00,-1.00,-1.00,-1.00,-1.00
2022-12-16T18:25:43Z,"0002cc01000003e9","2250c77aa7fd394004fa1115c6609a2af3282e000000000000ffffffffffffffffffffffff",3.58,,0.31,17,21.77,16.78,98917.00,1047.00,0,0,0,0,,,-1.00,-1.00,-1.00,-1.00,-1.00,-1.00
2022-12-16T18:31:39Z,"0002cc01000003e9","2250c77c0bfd393c04fa1115d560982c0128a2000000000000ffffffffffffffffffffffff",3.58,,0.31,17,21.83,17.19,98908.00,1105.00,0,0,0,0,,,-1.00,-1.00,-1.00,-1.00,-1.00,-1.00
2022-12-16T18:37:35Z,"0002cc01000003e9","2250c77d6ffd393404f21115ef60972adb286e000000000000ffffffffffffffffffffffff",3.58,,0.31,17,21.93,16.74,98907.00,1079.00,0,0,0,0,,,-1.00,-1.00,-1.00,-1.00,-1.00,-1.00
2022-12-16T18:43:31Z,"0002cc01000003e9","2250c77ed3fd393404e61115fb60942b1b1be0000000000000ffffffffffffffffffffffff",3.58,,0.31,17,21.98,16.84,98893.00,760.00,0,0,0,0,,,-1.00,-1.00,-1.00,-1.00,-1.00,-1.00
2022-12-16T18:49:27Z,"0002cc01000003e9","2250c78037fd393c04fa111629609429cd288e000000000000fffffffffffffff3ffffffff",3.58,,0.31,17,22.16,16.33,98894.00,1095.00,0,0,0,0,,,-1.00,-1.00,-0.99,-1.00,-1.00,-1.00
2022-12-16T18:55:23Z,"0002cc01000003e9","2250c7819bfd393c04fa11162760932a302868000000000000ffffffffffffffffffffffff",3.58,,0.31,17,22.15,16.48,98888.00,1076.00,0,0,0,0,,,-1.00,-1.00,-1.00,-1.00,-1.00,-1.00
2022-12-16T19:01:19Z,"0002cc01000003e9","2250c782fffd393c04f211161260912a042888000000000000ffffffffffffffffffffffff",3.58,,0.31,17,22.07,16.41,98883.00,1092.00,0,0,0,0,,,-1.00,-1.00,-1.00,-1.00,-1.00,-1.00
2022-12-16T19:07:15Z,"0002cc01000003e9","2250c78463fd393404f21116036091296d2874000000000000ffffffffffffffffffffffff",3.58,,0.31,17,22.01,16.18,98881.00,1082.00,0,0,0,0,,,-1.00,-1.00,-1.00,-1.00,-1.00,-1.00
2022-12-16T19:13:11Z,"0002cc01000003e9","2250c785c7fd393c04fa1115fb60932a0f285c000000000000ffffffffffffffffffffffff",3.58,,0.31,17,21.98,16.43,98888.00,1070.00,0,0,0,0,,,-1.00,-1.00,-1.00,-1.00,-1.00,-1.00
2022-12-16T19:19:07Z,"0002cc01000003e9","2250c7872bfd393c04fa1115f6609528fc284a000000000000ffffffffffffffffffffffff",3.58,,0.31,17,21.96,16.01,98896.00,1061.00,0,0,0,0,,,-1.00,-1.00,-1.00,-1.00,-1.00,-1.00
2022-12-16T19:25:04Z,"0002cc01000003e9","2250c78890fd393404fa1115f460932973294a000000000000ffffffffffffffffffffffff",3.58,,0.31,17,21.95,16.19,98889.00,1189.00,0,0,0,0,,,-1.00,-1.00,-1.00,-1.00,-1.00,-1.00
2022-12-16T19:31:00Z,"0002cc01000003e9","2250c789f4fd393404fa1115f1609129882884000000000000ffffffffffffffffffffffff",3.58,,0.31,17,21.94,16.22,98881.00,1090.00,0,0,0,0,,,-1.00,-1.00,-1.00,-1.00,-1.00,-1.00
2022-12-16T19:36:56Z,"0002cc01000003e9","2250c78b58fd393c04fa1115f46090295e2812000000000000ffffffffffffffffffffffff",3.58,,0.31,17,21.95,16.16,98877.00,1033.00,0,0,0,0,,,-1.00,-1.00,-1.00,-1.00,-1.00,-1.00
2022-12-16T19:42:52Z,"0002cc01000003e9","2250c78cbcfd393404fa1115f660922a24190c000000000000ffffffffffffffffffffffff",3.58,,0.31,17,21.96,16.46,98885.00,579.00,0,0,0,0,,,-1.00,-1.00,-1.00,-1.00,-1.00,-1.00
2022-12-16T19:48:48Z,"0002cc01000003e9","2250c78e20fd393c04fa1115fb60922adc18e4000000000000ffffffffffffffffffffffff",3.58,,0.31,17,21.98,16.74,98885.00,569.00,0,0,0,0,,,-1.00,-1.00,-1.00,-1.00,-1.00,-1.00
2022-12-16T19:54:44Z,"0002cc01000003e9","2250c78f84fd393404f21115fe60952a79188c000000000000ffffffffffffffffffffffff",3.58,,0.31,17,21.99,16.59,98896.00,547.00,0,0,0,0,,,-1.00,-1.00,-1.00,-1.00,-1.00,-1.00
2022-12-16T20:00:40Z,"0002cc01000003e9","2250c790e8fd393c04fa1115fb609229c218c8000000000000ffffffffffffffffffffffff",3.58,,0.31,17,21.98,16.31,98886.00,562.00,0,0,0,0,,,-1.00,-1.00,-1.00,-1.00,-1.00,-1.00
2022-12-16T20:06:36Z,"0002cc01000003e9","2250c7924cfd393404fa1115fb609229c2190c000000000000ffffffffffffffffffffffff",3.58,,0.31,17,21.98,16.31,98887.00,579.00,0,0,0,0,,,-1.00,-1.00,-1.00,-1.00,-1.00,-1.00
2022-12-16T20:12:32Z,"0002cc01000003e9","2250c793b0fd393404fa1115ef6093292518c0000000000000ffffffffffffffffffffffff",3.58,,0.31,17,21.93,16.07,98888.00,560.00,0,0,0,0,,,-1.00,-1.00,-1.00,-1.00,-1.00,-1.00
2022-12-16T20:18:28Z,"0002cc01000003e9","2250c79514fd393c04f21115e2609428f9189c000000000000ffffffffffffffffffffffff",3.58,,0.31,17,21.88,16.01,98892.00,551.00,0,0,0,0,,,-1.00,-1.00,-1.00,-1.00,-1.00,-1.00
2022-12-16T20:24:24Z,"0002cc01000003e9","2250c79678fd393404fa1115df6095297f18c0000000000000ffffffffffffffffffffffff",3.58,,0.31,17,21.87,16.21,98897.00,560.00,0,0,0,0,,,-1.00,-1.00,-1.00,-1.00,-1.00,-1.00
2022-12-16T20:30:20Z,"0002cc01000003e9","2250c797dcfd393c04f21115e76096299d18d8000000000000ffffffffffffffffffffffff",3.58,,0.31,17,21.90,16.25,98900.00,566.00,0,0,0,0,,,-1.00,-1.00,-1.00,-1.00,-1.00,-1.00
2022-12-16T20:36:16Z,"0002cc01000003e9","2250c79940fd393c04fa1115f16096298818cc000000000000ffffffffffffffffffffffff",3.58,,0.31,17,21.94,16.22,98900.00,563.00,0,0,0,0,,,-1.00,-1.00,-1.00,-1.00,-1.00,-1.00
2022-12-16T20:42:12Z,"0002cc01000003e9","2250c79aa4fd393c04fa1115f9609729901940000000000000ffffffffffffffffffffffff",3.58,,0.31,17,21.97,16.24,98905.00,592.00,0,0,0,0,,,-1.00,-1.00,-1.00,-1.00,-1.00,-1.00
2022-12-16T20:48:08Z,"0002cc01000003e9","2250c79c08fd393c04fa1115fe6096290b191c000000000000ffffffffffffffffffffffff",3.58,,0.31,17,21.99,16.03,98900.00,583.00,0,0,0,0,,,-1.00,-1.00,-1.00,-1.00,-1.00,-1.00
2022-12-16T20:54:04Z,"0002cc01000003e9","2250c79d6cfd393c04f2111603609928f618a8000000000000ffffffffffffffffffffffff",3.58,,0.31,17,22.01,16.00,98913.00,554.00,0,0,0,0,,,-1.00,-1.00,-1.00,-1.00,-1.00,-1.00
2022-12-16T21:00:00Z,"0002cc01000003e9","2250c79ed0fd393404fa1115fb609c28d918b0000000000000ffffffffffffffffffffffff",3.58,,0.31,17,21.98,15.96,98927.00,556.00,0,0,0,0,,,-1.00,-1.00,-1.00,-1.00,-1.00,-1.00
2022-12-16T21:05:56Z,"0002cc01000003e9","2250c7a034fd393c04fa1115ef609f2875189c000000000000ffffffffffffffffffffffff",3.58,,0.31,17,21.93,15.80,98939.00,551.00,0,0,0,0,,,-1.00,-1.00,-1.00,-1.00,-1.00,-1.00
2022-12-16T21:11:52Z,"0002cc01000003e9","2250c7a198fd393c04fa1115f1609f29d61884000000000000ffffffffffffffffffffffff",3.58,,0.31,17,21.94,16.34,98937.00,545.00,0,0,0,0,,,-1.00,-1.00,-1.00,-1.00,-1.00,-1.00
2022-12-16T21:17:48Z,"0002cc01000003e9","2250c7a2fcfd393c04fa1115fe60a129ad18a8000000000000ffffffffffffffffffffffff",3.58,,0.31,17,21.99,16.28,98945.00,554.00,0,0,0,0,,,-1.00,-1.00,-1.00,-1.00,-1.00,-1.00
2022-12-16T21:23:44Z,"0002cc01000003e9","2250c7a460fd393c04f21115fb60a2295018d0000000000000ffffffffffffffffffffffff",3.58,,0.31,17,21.98,16.14,98948.00,564.00,0,0,0,0,,,-1.00,-1.00,-1.00,-1.00,-1.00,-1.00
2022-12-16T21:29:40Z,"0002cc01000003e9","2250c7a5c4fd393c04fa1115f460a128e618a0000000000000ffffffffffffffffffffffff",3.58,,0.31,17,21.95,15.98,98945.00,552.00,0,0,0,0,,,-1.00,-1.00,-1.00,-1.00,-1.00,-1.00
2022-12-16T21:35:37Z,"0002cc01000003e9","2250c7a729fd393404fa1115e760a0290f1914000000000000ffffffffffffffffffffffff",3.58,,0.31,17,21.90,16.04,98943.00,581.00,0,0,0,0,,,-1.00,-1.00,-1.00,-1.00,-1.00,-1.00
2022-12-16T21:41:33Z,"0002cc01000003e9","2250c7a88dfd393404fa1115df60a228f21868000000000000ffffffffffffffffffffffff",3.58,,0.31,17,21.87,16.00,98951.00,538.00,0,0,0,0,,,-1.00,-1.00,-1.00,-1.00,-1.00,-1.00
2022-12-16T21:47:29Z,"0002cc01000003e9","2250c7a9f1fd393c04fa1115da60a428ab18cc000000000000ffffffffffffffffffffffff",3.58,,0.31,17,21.85,15.89,98958.00,563.00,0,0,0,0,,,-1.00,-1.00,-1.00,-1.00,-1.00,-1.00
2022-12-16T21:53:25Z,"0002cc01000003e9","2250c7ab55fd393804fa1115cb60a6281d18dc000000000000ffffffffffffffffffffffff",3.58,,0.31,17,21.79,15.67,98964.00,567.00,0,0,0,0,,,-1.00,-1.00,-1.00,-1.00,-1.00,-1.00
2022-12-16T21:59:21Z,"0002cc01000003e9","2250c7acb9fd392c04ee1115c860a7282418ac000000000000ffffffffffffffffffffffff",3.57,,0.31,17,21.78,15.68,98970.00,555.00,0,0,0,0,,,-1.00,-1.00,-1.00,-1.00,-1.00,-1.00
2022-12-16T22:05:17Z,"0002cc01000003e9","2250c7ae1dfd393c04fa1115d060a7288e18bc000000000000ffffffffffffffffffffffff",3.58,,0.31,17,21.81,15.84,98971.00,559.00,0,0,0,0,,,-1.00,-1.00,-1.00,-1.00,-1.00,-1.00
2022-12-16T22:11:13Z,"0002cc01000003e9","2250c7af81fd393c04f21115dd60aa284918b8000000000000ffffffffffffffffffffffff",3.58,,0.31,17,21.86,15.74,98981.00,558.00,0,0,0,0,,,-1.00,-1.00,-1.00,-1.00,-1.00,-1.00
2022-12-16T22:17:09Z,"0002cc01000003e9","2250c7b0e5fd392c04fa1115e960aa28891918000000000000ffffffffffffffffffffffff",3.57,,0.31,17,21.91,15.83,98980.00,582.00,0,0,0,0,,,-1.00,-1.00,-1.00,-1.00,-1.00,-1.00
2022-12-16T22:23:05Z,"0002cc01000003e9","2250c7b249fd393c04fa1115f660ac2860188c000000000000ffffffffffffffffffffffff",3.58,,0.31,17,21.96,15.77,98990.00,547.00,0,0,0,0,,,-1.00,-1.00,-1.00,-1.00,-1.00,-1.00
2022-12-16T22:29:01Z,"0002cc01000003e9","2250c7b3adfd393804fa11160160ae284c188c000000000000ffffffffffffffffffffffff",3.58,,0.31,17,22.00,15.74,98996.00,547.00,0,0,0,0,,,-1.00,-1.00,-1.00,-1.00,-1.00,-1.00
2022-12-16T22:34:57Z,"0002cc01000003e9","2250c7b511fd393404f211160d60ae284d18b0000000000000ffffffffffffffffffffffff",3.58,,0.31,17,22.05,15.74,98996.00,556.00,0,0,0,0,,,-1.00,-1.00,-1.00,-1.00,-1.00,-1.00
2022-12-16T22:40:53Z,"0002cc01000003e9","2250c7b675fd393404fa11161260ae28471868000000000000ffffffffffffffffffffffff",3.58,,0.31,17,22.07,15.73,98997.00,538.00,0,0,0,0,,,-1.00,-1.00,-1.00,-1.00,-1.00,-1.00
2022-12-16T22:46:49Z,"0002cc01000003e9","2250c7b7d9fd393c04f211161860af280818fc000000000000ffffffffffffffffffffffff",3.58,,0.31,17,22.09,15.64,99002.00,575.00,0,0,0,0,,,-1.00,-1.00,-1.00,-1.00,-1.00,-1.00
2022-12-16T22:52:45Z,"0002cc01000003e9","2250c7b93dfd393c04e611161560b027960cb0000000000000ffffffffffffffffffffffff",3.58,,0.31,17,22.08,15.46,99004.00,406.00,0,0,0,0,,,-1.00,-1.00,-1.00,-1.00,-1.00,-1.00
2022-12-16T22:58:41Z,"0002cc01000003e9","2250c7baa1fd393404f211160660b227470c68000000000000ffffffffffffffffffffffff",3.58,,0.31,17,22.02,15.34,99015.00,397.00,0,0,0,0,,,-1.00,-1.00,-1.00,-1.00,-1.00,-1.00
2022-12-16T23:04:37Z,"0002cc01000003e9","2250c7bc05fd393404fa1115f460b026cd0bb0000000000000ffffffffffffffffffffffff",3.58,,0.31,17,21.95,15.16,99007.00,374.00,0,0,0,0,,,-1.00,-1.00,-1.00,-1.00,-1.00,-1.00
2022-12-16T23:10:33Z,"0002cc01000003e9","2250c7bd69fd393404f21115e760b4265b0c90000000000000ffffffffffffffffffffffff",3.58,,0.31,17,21.90,14.98,99021.00,402.00,0,0,0,0,,,-1.00,-1.00,-1.00,-1.00,-1.00,-1.00
2022-12-16T23:16:29Z,"0002cc01000003e9","2250c7becdfd392c04f21115df60b526220c08000000000000ffffffffffffffffffffffff",3.57,,0.31,17,21.87,14.90,99026.00,385.00,0,0,0,0,,,-1.00,-1.00,-1.00,-1.00,-1.00,-1.00
2022-12-16T23:22:25Z,"0002cc01000003e9","2250c7c031fd393c04fa1115d860b6261b0c00000000000000ffffffffffffffffffffffff",3.58,,0.31,17,21.84,14.88,99030.00,384.00,0,0,0,0,,,-1.00,-1.00,-1.00,-1.00,-1.00,-1.00
2022-12-16T23:28:21Z,"0002cc01000003e9","2250c7c195fd393c05031115d260b5266f0b50000000000000ffffffffffffffffffffffff",3.58,,0.31,17,21.82,15.01,99027.00,362.00,0,0,0,0,,,-1.00,-1.00,-1.00,-1.00,-1.00,-1.00
2022-12-16T23:34:17Z,"0002cc01000003e9","2250c7c2f9fd393804fa1115d060b926440ba0000000000000ffffffffffffffffffffffff",3.58,,0.31,17,21.81,14.95,99041.00,372.00,0,0,0,0,,,-1.00,-1.00,-1.00,-1.00,-1.00,-1.00
2022-12-16T23:40:13Z,"0002cc01000003e9","2250c7c45dfd393804fa1115d060bb26520ba0000000000000ffffffffffffffffffffffff",3.58,,0.31,17,21.81,14.97,99050.00,372.00,0,0,0,0,,,-1.00,-1.00,-1.00,-1.00,-1.00,-1.00
2022-12-16T23:46:10Z,"0002cc01000003e9","2250c7c5c2fd393804fa1115cb60bc26190c18000000000000ffffffffffffffffffffffff",3.58,,0.31,17,21.79,14.88,99052.00,387.00,0,0,0,0,,,-1.00,-1.00,-1.00,-1.00,-1.00,-1.00
2022-12-16T23:52:06Z,"0002cc01000003e9","2250c7c726fd393404fa1115c160bd26660c88000000000000ffffffffffffffffffffffff",3.58,,0.31,17,21.75,15.00,99057.00,401.00,0,0,0,0,,,-1.00,-1.00,-1.00,-1.00,-1.00,-1.00
2022-12-16T23:58:02Z,"0002cc01000003e9","2250c7c88afd392c04fa1115b960be262d0bb0000000000000ffffffffffffffffffffffff",3.57,,0.31,17,21.72,14.91,99060.00,374.00,0,0,0,0,,,-1.00,-1.00,-1.00,-1.00,-1.00,-1.00
