Time,DevEUI,Raw,Vbat,Vsystem,Vbus,BootCount,T,RH,P,Light,P[0].delta,P[0].total,P[1].delta,P[1].total,Act[7],Act[6],Act[5],Act[4],Act[3],Act[2],Act[1],Act[0]
2022-12-18T00:00:02Z,"0002cc01000003e9","2250c91a82fd391b04fa11145d614a24290b00000000000000ffffffffffffffffffffffff",3.57,,0.31,17,20.36,14.13,99621.00,44.00,0,0,0,0,,,-1.00,-1.00,-1.00,-1.00,-1.00,-1.00
2022-12-18T00:05:58Z,"0002cc01000003e9","2250c91be6fd391b04fa11145a614a24380940000000000000ffffffffffffffffffffffff",3.57,,0.31,17,20.35,14.15,99623.00,37.00,0,0,0,0,,,-1.00,-1.00,-1.00,-1.00,-1.00,-1.00
2022-12-18T00:11:54Z,"0002cc01000003e9","2250c91d4afd391b04fa111458614a244d0f00000000000000ffffffffffffffffffffffff",3.57,,0.31,17,20.34,14.18,99620.00,15.00,0,0,0,0,,,-1.00,-1.00,-1.00,-1.00,-1.00,-1.00
2022-12-18T00:17:50Z,"0002cc01000003e9","2250c91eaefd392304fa111455614d245b0a80000000000000ffffffffffffffffffffffff",3.57,,0.31,17,20.33,14.20,99635.00,21.00,0,0,0,0,,,-1.00,-1.00,-1.00,-1.00,-1.00,-1.00
2022-12-18T00:23:46Z,"0002cc01000003e9","2250c92012fd391704fa111455615024690c00000000000000ffffffffffffffffffffffff",3.57,,0.31,17,20.33,14.22,99645.00,48.00,0,0,0,0,,,-1.00,-1.00,-1.00,-1.00,-1.00,-1.00
2022-12-18T00:29:43Z,"0002cc01000003e9","2250c92177fd391305031114586150247e0840000000000000ffffffffffffffffffffffff",3.57,,0.31,17,20.34,14.25,99646.00,33.00,0,0,0,0,,,-1.00,-1.00,-1.00,-1.00,-1.00,-1.00
2022-12-18T00:35:38Z,"0002cc01000003e9","2250c922dafd391304fa111458615124850d80000000000000ffffffffffffffffffffffff",3.57,,0.31,17,20.34,14.27,99650.00,27.00,0,0,0,0,,,-1.00,-1.00,-1.00,-1.00,-1.00,-1.00
2022-12-18T00:41:35Z,"0002cc01000003e9","2250c9243ffd391b04fa11145a6153249a0a00000000000000ffffffffffffffffffffffff",3.57,,0.31,17,20.35,14.30,99657.00,20.00,0,0,0,0,,,-1.00,-1.00,-1.00,-1.00,-1.00,-1.00
2022-12-18T00:47:30Z,"0002cc01000003e9","2250c925a2fd391b04fa11145a615524af0800000000000000ffffffffffffffffffffffff",3.57,,0.31,17,20.35,14.33,99664.00,4.00,0,0,0,0,,,-1.00,-1.00,-1.00,-1.00,-1.00,-1.00
2022-12-18T00:53:27Z,"0002cc01000003e9","2250c92707fd391b04fa11145a615324bd0840000000000000ffffffffffffffffffffffff",3.57,,0.31,17,20.35,14.35,99659.00,33.00,0,0,0,0,,,-1.00,-1.00,-1.00,-1.00,-1.00,-1.00
2022-12-18T00:59:23Z,"0002cc01000003e9","2250c9286bfd391b04fa11145a615624b60a00000000000000ffffffffffffffffffffffff",3.57,,0.31,17,20.35,14.34,99670.00,20.00,0,0,0,0,,,-1.00,-1.00,-1.00,-1.00,-1.00,-1.00
2022-12-18T01:05:19Z,"0002cc01000003e9","2250c929cffd391b04fa11145a615724bd0800000000000000ffffffffffffffffffffffff",3.57,,0.31,17,20.35,14.35,99673.00,32.00,0,0,0,0,,,-1.00,-1.00,-1.00,-1.00,-1.00,-1.00
2022-12-18T01:11:15Z,"0002cc01000003e9","2250c92b33fd392304fa11145a615824d20900000000000000ffffffffffffffffffffffff",3.57,,0.31,17,20.35,14.38,99677.00,9.00,0,0,0,0,,,-1.00,-1.00,-1.00,-1.00,-1.00,-1.00
2022-12-18T01:17:11Z,"0002cc01000003e9","2250c92c97fd391b04fa11145a615a24e00b80000000000000ffffffffffffffffffffffff",3.57,,0.31,17,20.35,14.41,99685.00,23.00,0,0,0,0,,,-1.00,-1.00,-1.00,-1.00,-1.00,-1.00
2022-12-18T01:23:07Z,"0002cc01000003e9","2250c92dfbfd391b04fa11145a615a24f60c00000000000000ffffffffffffffffffffffff",3.57,,0.31,17,20.35,14.44,99684.00,48.00,0,0,0,0,,,-1.00,-1.00,-1.00,-1.00,-1.00,-1.00
2022-12-18T01:29:03Z,"0002cc01000003e9","2250c92f5ffd392304fa11145a615c24fd0880000000000000ffffffffffffffffffffffff",3.57,,0.31,17,20.35,14.45,99693.00,17.00,0,0,0,0,,,-1.00,-1.00,-1.00,-1.00,-1.00,-1.00
2022-12-18T01:34:59Z,"0002cc01000003e9","2250c930c3fd392304fa11145a615a24d90880000000000000ffffffffffffffffffffffff",3.57,,0.31,17,20.35,14.39,99684.00,17.00,0,0,0,0,,,-1.00,-1.00,-1.00,-1.00,-1.00,-1.00
2022-12-18T01:40:55Z,"0002cc01000003e9","2250c93227fd391b0503111455615a24d90d00000000000000ffffffffffffffffffffffff",3.57,,0.31,17,20.33,14.39,99686.00,13.00,0,0,0,0,,,-1.00,-1.00,-1.00,-1.00,-1.00,-1.00
2022-12-18T01:46:51Z,"0002cc01000003e9","2250c9338bfd391304fa111450615924f50a80000000000000ffffffffffffffffffffffff",3.57,,0.31,17,20.31,14.44,99681.00,21.00,0,0,0,0,,,-1.00,-1.00,-1.00,-1.00,-1.00,-1.00
2022-12-18T01:52:47Z,"0002cc01000003e9","2250c934effd392304fa111450615c250a0d00000000000000ffffffffffffffffffffffff",3.57,,0.31,17,20.31,14.47,99694.00,26.00,0,0,0,0,,,-1.00,-1.00,-1.00,-1.00,-1.00,-1.00
2022-12-18T01:58:43Z,"0002cc01000003e9","2250c93653fd391b04fa111452615e25110b00000000000000ffffffffffffffffffffffff",3.57,,0.31,17,20.32,14.48,99700.00,22.00,0,0,0,0,,,-1.00,-1.00,-1.00,-1.00,-1.00,-1.00
2022-12-18T02:04:39Z,"0002cc01000003e9","2250c937b7fd391b04fa111452615d251f0c00000000000000ffffffffffffffffffffffff",3.57,,0.31,17,20.32,14.50,99699.00,24.00,0,0,0,0,,,-1.00,-1.00,-1.00,-1.00,-1.00,-1.00
2022-12-18T02:10:35Z,"0002cc01000003e9","2250c9391bfd391b04fa111452615e25260900000000000000ffffffffffffffffffffffff",3.57,,0.31,17,20.32,14.51,99701.00,9.00,0,0,0,0,,,-1.00,-1.00,-1.00,-1.00,-1.00,-1.00
2022-12-18T02:16:31Z,"0002cc01000003e9","2250c93a7ffd391304fa111452615e252d0f80000000000000ffffffffffffffffffffffff",3.57,,0.31,17,20.32,14.52,99701.00,31.00,0,0,0,0,,,-1.00,-1.00,-1.00,-1.00,-1.00,-1.00
2022-12-18T02:22:27Z,"0002cc01000003e9","2250c93be3fd391b04fa11144d615e25490880000000000000ffffffffffffffffffffffff",3.57,,0.31,17,20.30,14.56,99701.00,17.00,0,0,0,0,,,-1.00,-1.00,-1.00,-1.00,-1.00,-1.00
2022-12-18T02:28:23Z,"0002cc01000003e9","2250c93d47fd391b04fa11144d615d255f0e80000000000000ffffffffffffffffffffffff",3.57,,0.31,17,20.30,14.60,99699.00,29.00,0,0,0,0,,,-1.00,-1.00,-1.00,-1.00,-1.00,-1.00
2022-12-18T02:34:20Z,"0002cc01000003e9","2250c93eacfd391b04fa111450615f25740d00000000000000ffffffffffffffffffffffff",3.57,,0.31,17,20.31,14.63,99707.00,13.00,0,0,0,0,,,-1.00,-1.00,-1.00,-1.00,-1.00,-1.00
2022-12-18T02:40:16Z,"0002cc01000003e9","2250c94010fd391b0503111450616125820c00000000000000ffffffffffffffffffffffff",3.57,,0.31,17,20.31,14.65,99713.00,24.00,0,0,0,0,,,-1.00,-1.00,-1.00,-1.00,-1.00,-1.00
2022-12-18T02:46:12Z,"0002cc01000003e9","2250c94174fd391b04fa111452616325970a80000000000000ffffffffffffffffffffffff",3.57,,0.31,17,20.32,14.68,99722.00,42.00,0,0,0,0,,,-1.00,-1.00,-1.00,-1.00,-1.00,-1.00
2022-12-18T02:52:08Z,"0002cc01000003e9","2250c942d8fd391b04fa1114526163259e0e80000000000000ffffffffffffffffffffffff",3.57,,0.31,17,20.32,14.69,99720.00,29.00,0,0,0,0,,,-1.00,-1.00,-1.00,-1.00,-1.00,-1.00
2022-12-18T02:58:04Z,"0002cc01000003e9","2250c9443cfd391b04fa111455616425ac0980000000000000ffffffffffffffffffffffff",3.57,,0.31,17,20.33,14.72,99725.00,19.00,0,0,0,0,,,-1.00,-1.00,-1.00,-1.00,-1.00,-1.00
2022-12-18T03:04:00Z,"0002cc01000003e9","2250c945a0fd391b04fa111452616225ba0b00000000000000ffffffffffffffffffffffff",3.57,,0.31,17,20.32,14.74,99719.00,22.00,0,0,0,0,,,-1.00,-1.00,-1.00,-1.00,-1.00,-1.00
2022-12-18T03:09:56Z,"0002cc01000003e9","2250c94704fd391b04fa111450616625c10b00000000000000ffffffffffffffffffffffff",3.57,,0.31,17,20.31,14.75,99732.00,22.00,0,0,0,0,,,-1.00,-1.00,-1.00,-1.00,-1.00,-1.00
2022-12-18T03:15:52Z,"0002cc01000003e9","2250c94868fd391b04fa11144d616425d608c0000000000000ffffffffffffffffffffffff",3.57,,0.31,17,20.30,14.78,99726.00,35.00,0,0,0,0,,,-1.00,-1.00,-1.00,-1.00,-1.00,-1.00
2022-12-18T03:21:48Z,"0002cc01000003e9","2250c949ccfd391304fa11144b616625dd0c00000000000000ffffffffffffffffffffffff",3.57,,0.31,17,20.29,14.79,99733.00,12.00,0,0,0,0,,,-1.00,-1.00,-1.00,-1.00,-1.00,-1.00
2022-12-18T03:27:44Z,"0002cc01000003e9","2250c94b30fd391304fa111448616825f20a00000000000000ffffffffffffffffffffffff",3.57,,0.31,17,20.28,14.82,99740.00,5.00,0,0,0,0,,,-1.00,-1.00,-1.00,-1.00,-1.00,-1.00
2022-12-18T03:33:40Z,"0002cc01000003e9","2250c94c94fd391b04fa111446616725ff0b00000000000000ffffffffffffffffffffffff",3.57,,0.31,17,20.27,14.84,99737.00,11.00,0,0,0,0,,,-1.00,-1.00,-1.00,-1.00,-1.00,-1.00
2022-12-18T03:39:36Z,"0002cc01000003e9","2250c94df8fd391304fa111441616625fff000000000000000ffffffffffffffffffffffff",3.57,,0.31,17,20.25,14.84,99735.00,0.00,0,0,0,0,,,-1.00,-1.00,-1.00,-1.00,-1.00,-1.00
2022-12-18T03:45:32Z,"0002cc01000003e9","2250c94f5cfd391b04fa11143e616726220e00000000000000ffffffffffffffffffffffff",3.57,,0.31,17,20.24,14.90,99737.00,7.00,0,0,0,0,,,-1.00,-1.00,-1.00,-1.00,-1.00,-1.00
2022-12-18T03:51:28Z,"0002cc01000003e9","2250c950c0fd391b04fa11143e616a26370c00000000000000ffffffffffffffffffffffff",3.57,,0.31,17,20.24,14.93,99750.00,48.00,0,0,0,0,,,-1.00,-1.00,-1.00,-1.00,-1.00,-1.00
2022-12-18T03:57:24Z,"0002cc01000003e9","2250c95224fd391304fa11143b616b263e0e00000000000000ffffffffffffffffffffffff",3.57,,0.31,17,20.23,14.94,99755.00,7.00,0,0,0,0,,,-1.00,-1.00,-1.00,-1.00,-1.00,-1.00
2022-12-18T04:03:20Z,"0002cc01000003e9","2250c95388fd391304fa11143b616f26450800000000000000ffffffffffffffffffffffff",3.57,,0.31,17,20.23,14.95,99771.00,1.00,0,0,0,0,,,-1.00,-1.00,-1.00,-1.00,-1.00,-1.00
2022-12-18T04:09:16Z,"0002cc01000003e9","2250c954ecfd391b04fa11143b616f26300b00000000000000ffffffffffffffffffffffff",3.57,,0.31,17,20.23,14.92,99768.00,11.00,0,0,0,0,,,-1.00,-1.00,-1.00,-1.00,-1.00,-1.00
2022-12-18T04:15:12Z,"0002cc01000003e9","2250c95650fd391b04fa111439616f26050e80000000000000ffffffffffffffffffffffff",3.57,,0.31,17,20.22,14.85,99769.00,29.00,0,0,0,0,,,-1.00,-1.00,-1.00,-1.00,-1.00,-1.00
2022-12-18T04:21:08Z,"0002cc01000003e9","2250c957b4fd391304fa111434616f25fe0d00000000000000ffffffffffffffffffffffff",3.57,,0.31,17,20.20,14.84,99770.00,13.00,0,0,0,0,,,-1.00,-1.00,-1.00,-1.00,-1.00,-1.00
2022-12-18T04:27:04Z,"0002cc01000003e9","2250c95918fd391304fa111434617225f70e00000000000000ffffffffffffffffffffffff",3.57,,0.31,17,20.20,14.83,99783.00,14.00,0,0,0,0,,,-1.00,-1.00,-1.00,-1.00,-1.00,-1.00
2022-12-18T04:33:00Z,"0002cc01000003e9","2250c95a7cfd391304fa111439617525c60880000000000000ffffffffffffffffffffffff",3.57,,0.31,17,20.22,14.75,99793.00,17.00,0,0,0,0,,,-1.00,-1.00,-1.00,-1.00,-1.00,-1.00
2022-12-18T04:38:56Z,"0002cc01000003e9","2250c95be0fd391b04fa111436617525710c80000000000000ffffffffffffffffffffffff",3.57,,0.31,17,20.21,14.63,99793.00,25.00,0,0,0,0,,,-1.00,-1.00,-1.00,-1.00,-1.00,-1.00
2022-12-18T04:44:53Z,"0002cc01000003e9","2250c95d45fd391b04fa1114296177255b0a00000000000000ffffffffffffffffffffffff",3.57,,0.31,17,20.16,14.59,99802.00,20.00,0,0,0,0,,,-1.00,-1.00,-1.00,-1.00,-1.00,-1.00
2022-12-18T04:50:49Z,"0002cc01000003e9","2250c95ea9fd391304fa11141f6177255b0880000000000000ffffffffffffffffffffffff",3.57,,0.31,17,20.12,14.59,99801.00,17.00,0,0,0,0,,,-1.00,-1.00,-1.00,-1.00,-1.00,-1.00
2022-12-18T04:56:45Z,"0002cc01000003e9","2250c9600dfd391b04fa11141d6179256f0b00000000000000ffffffffffffffffffffffff",3.57,,0.31,17,20.11,14.62,99808.00,11.00,0,0,0,0,,,-1.00,-1.00,-1.00,-1.00,-1.00,-1.00
2022-12-18T05:02:41Z,"0002cc01000003e9","2250c96171fd391b04fa11141d6179256f0f00000000000000ffffffffffffffffffffffff",3.57,,0.31,17,20.11,14.62,99808.00,30.00,0,0,0,0,,,-1.00,-1.00,-1.00,-1.00,-1.00,-1.00
2022-12-18T05:08:37Z,"0002cc01000003e9","2250c962d5fd391304fa11141f617a256f0900000000000000ffffffffffffffffffffffff",3.57,,0.31,17,20.12,14.62,99815.00,9.00,0,0,0,0,,,-1.00,-1.00,-1.00,-1.00,-1.00,-1.00
2022-12-18T05:14:33Z,"0002cc01000003e9","2250c96439fd391b04fa11141f617b25610e00000000000000ffffffffffffffffffffffff",3.57,,0.31,17,20.12,14.60,99818.00,28.00,0,0,0,0,,,-1.00,-1.00,-1.00,-1.00,-1.00,-1.00
2022-12-18T05:20:29Z,"0002cc01000003e9","2250c9659dfd391b04fa11141f617c255a0900000000000000ffffffffffffffffffffffff",3.57,,0.31,17,20.12,14.59,99822.00,36.00,0,0,0,0,,,-1.00,-1.00,-1.00,-1.00,-1.00,-1.00
2022-12-18T05:26:25Z,"0002cc01000003e9","2250c96701fd391b04fa11141d617b25610d00000000000000ffffffffffffffffffffffff",3.57,,0.31,17,20.11,14.60,99818.00,26.00,0,0,0,0,,,-1.00,-1.00,-1.00,-1.00,-1.00,-1.00
2022-12-18T05:32:21Z,"0002cc01000003e9","2250c96865fd391b04fa11141a617c255a0840000000000000ffffffffffffffffffffffff",3.57,,0.31,17,20.10,14.59,99821.00,33.00,0,0,0,0,,,-1.00,-1.00,-1.00,-1.00,-1.00,-1.00
2022-12-18T05:38:17Z,"0002cc01000003e9","2250c969c9fd391b04fa11141a617b25530980000000000000ffffffffffffffffffffffff",3.57,,0.31,17,20.10,14.58,99818.00,38.00,0,0,0,0,,,-1.00,-1.00,-1.00,-1.00,-1.00,-1.00
2022-12-18T05:44:13Z,"0002cc01000003e9","2250c96b2dfd391b04fa111418617b255a0a00000000000000ffffffffffffffffffffffff",3.57,,0.31,17,20.09,14.59,99816.00,5.00,0,0,0,0,,,-1.00,-1.00,-1.00,-1.00,-1.00,-1.00
2022-12-18T05:50:09Z,"0002cc01000003e9","2250c96c91fd391b04fa111418617c25600b80000000000000ffffffffffffffffffffffff",3.57,,0.31,17,20.09,14.60,99820.00,23.00,0,0,0,0,,,-1.00,-1.00,-1.00,-1.00,-1.00,-1.00
2022-12-18T05:56:05Z,"0002cc01000003e9","2250c96df5fd391304fa111415617a25600a00000000000000ffffffffffffffffffffffff",3.57,,0.31,17,20.08,14.60,99814.00,40.00,0,0,0,0,,,-1.00,-1.00,-1.00,-1.00,-1.00,-1.00
2022-12-18T06:02:01Z,"0002cc01000003e9","2250c96f59fd39130503111412617b256008c0000000000000ffffffffffffffffffffffff",3.57,,0.31,17,20.07,14.60,99816.00,35.00,0,0,0,0,,,-1.00,-1.00,-1.00,-1.00,-1.00,-1.00
2022-12-18T06:07:57Z,"0002cc01000003e9","2250c970bdfd391304fa111412617b25680900000000000000ffffffffffffffffffffffff",3.57,,0.31,17,20.07,14.61,99817.00,36.00,0,0,0,0,,,-1.00,-1.00,-1.00,-1.00,-1.00,-1.00
2022-12-18T06:13:53Z,"0002cc01000003e9","2250c97221fd391304fa111410617b25670a00000000000000ffffffffffffffffffffffff",3.57,,0.31,17,20.06,14.61,99818.00,10.00,0,0,0,0,,,-1.00,-1.00,-1.00,-1.00,-1.00,-1.00
2022-12-18T06:19:49Z,"0002cc01000003e9","2250c97385fd391704fa111410617a256e0e00000000000000ffffffffffffffffffffffff",3.57,,0.31,17,20.06,14.62,99815.00,14.00,0,0,0,0,,,-1.00,-1.00,-1.00,-1.00,-1.00,-1.00
2022-12-18T06:25:46Z,"0002cc01000003e9","2250c974eafd391b04fa11140d617c25750ac0000000000000ffffffffffffffffffffffff",3.57,,0.31,17,20.05,14.63,99820.00,43.00,0,0,0,0,,,-1.00,-1.00,-1.00,-1.00,-1.00,-1.00
2022-12-18T06:31:42Z,"0002cc01000003e9","2250c9764efd391b050311140b617d257c0b00000000000000ffffffffffffffffffffffff",3.57,,0.31,17,20.04,14.64,99825.00,22.00,0,0,0,0,,,-1.00,-1.00,-1.00,-1.00,-1.00,-1.00
2022-12-18T06:37:38Z,"0002cc01000003e9","2250c977b2fd391304fa111408617d257b0f80000000000000ffffffffffffffffffffffff",3.57,,0.31,17,20.03,14.64,99825.00,31.00,0,0,0,0,,,-1.00,-1.00,-1.00,-1.00,-1.00,-1.00
2022-12-18T06:43:34Z,"0002cc01000003e9","2250c97916fd391304fa111408617d2589f000000000000000ffffffffffffffffffffffff",3.57,,0.31,17,20.03,14.66,99827.00,0.00,0,0,0,0,,,-1.00,-1.00,-1.00,-1.00,-1.00,-1.00
2022-12-18T06:49:30Z,"0002cc01000003e9","2250c97a7afd391704fa111406617e25890a00000000000000ffffffffffffffffffffffff",3.57,,0.31,17,20.02,14.66,99830.00,5.00,0,0,0,0,,,-1.00,-1.00,-1.00,-1.00,-1.00,-1.00
2022-12-18T06:55:26Z,"0002cc01000003e9","2250c97bdefd391b04fa111406617d25900e00000000000000ffffffffffffffffffffffff",3.57,,0.31,17,20.02,14.67,99825.00,28.00,0,0,0,0,,,-1.00,-1.00,-1.00,-1.00,-1.00,-1.00
2022-12-18T07:01:22Z,"0002cc01000003e9","2250c97d42fd391b04fa111403617d259e0bc0000000000000ffffffffffffffffffffffff",3.57,,0.31,17,20.01,14.69,99824.00,47.00,0,0,0,0,,,-1.00,-1.00,-1.00,-1.00,-1.00,-1.00
2022-12-18T07:07:18Z,"0002cc01000003e9","2250c97ea6fd391b04fa111401617e259e0840000000000000ffffffffffffffffffffffff",3.57,,0.31,17,20.00,14.69,99829.00,33.00,0,0,0,0,,,-1.00,-1.00,-1.00,-1.00,-1.00,-1.00
2022-12-18T07:13:14Z,"0002cc01000003e9","2250c9800afd391b0503111401617c259e0840000000000000ffffffffffffffffffffffff",3.57,,0.31,17,20.00,14.69,99822.00,33.00,0,0,0,0,,,-1.00,-1.00,-1.00,-1.00,-1.00,-1.00
2022-12-18T07:19:10Z,"0002cc01000003e9","2250c9816efd391704fa111401617f25ac09c0000000000000ffffffffffffffffffffffff",3.57,,0.31,17,20.00,14.72,99833.00,39.00,0,0,0,0,,,-1.00,-1.00,-1.00,-1.00,-1.00,-1.00
2022-12-18T07:25:06Z,"0002cc01000003e9","2250c982d2fd390b04fa1113fb617e25c80a00000000000000ffffffffffffffffffffffff",3.57,,0.31,17,19.98,14.76,99829.00,20.00,0,0,0,0,,,-1.00,-1.00,-1.00,-1.00,-1.00,-1.00
2022-12-18T07:31:02Z,"0002cc01000003e9","2250c98436fd391304fa1113f9618025e409c0000000000000ffffffffffffffffffffffff",3.57,,0.31,17,19.97,14.80,99838.00,39.00,0,0,0,0,,,-1.00,-1.00,-1.00,-1.00,-1.00,-1.00
2022-12-18T07:36:58Z,"0002cc01000003e9","2250c9859afd391304fa1113f9618126000f80000000000000ffffffffffffffffffffffff",3.57,,0.31,17,19.97,14.84,99842.00,31.00,0,0,0,0,,,-1.00,-1.00,-1.00,-1.00,-1.00,-1.00
2022-12-18T07:42:54Z,"0002cc01000003e9","2250c986fefd391304fa1113f66183261c0880000000000000ffffffffffffffffffffffff",3.57,,0.31,17,19.96,14.89,99851.00,17.00,0,0,0,0,,,-1.00,-1.00,-1.00,-1.00,-1.00,-1.00
2022-12-18T07:48:50Z,"0002cc01000003e9","2250c98862fd391b04fa1113f4618626290800000000000000ffffffffffffffffffffffff",3.57,,0.31,17,19.95,14.91,99863.00,16.00,0,0,0,0,,,-1.00,-1.00,-1.00,-1.00,-1.00,-1.00
2022-12-18T07:54:46Z,"0002cc01000003e9","2250c989c6fd390b04fa1113f46189263f0800000000000000ffffffffffffffffffffffff",3.57,,0.31,17,19.95,14.94,99873.00,8.00,0,0,0,0,,,-1.00,-1.00,-1.00,-1.00,-1.00,-1.00
2022-12-18T08:00:42Z,"0002cc01000003e9","2250c98b2afd391b04fa1113f1618b264d0800000000000000ffffffffffffffffffffffff",3.57,,0.31,17,19.94,14.96,99883.00,32.00,0,0,0,0,,,-1.00,-1.00,-1.00,-1.00,-1.00,-1.00
2022-12-18T08:06:38Z,"0002cc01000003e9","2250c98c8efd390b04fa1113ef618d2661f000000000000000ffffffffffffffffffffffff",3.57,,0.31,17,19.93,14.99,99888.00,0.00,0,0,0,0,,,-1.00,-1.00,-1.00,-1.00,-1.00,-1.00
2022-12-18T08:12:34Z,"0002cc01000003e9","2250c98df2fd390b05031113ef618f266f0f00000000000000ffffffffffffffffffffffff",3.57,,0.31,17,19.93,15.01,99898.00,15.00,0,0,0,0,,,-1.00,-1.00,-1.00,-1.00,-1.00,-1.00
2022-12-18T08:18:30Z,"0002cc01000003e9","2250c98f56fd391b04fa1113ec6190267d0e00000000000000ffffffffffffffffffffffff",3.57,,0.31,17,19.92,15.04,99900.00,7.00,0,0,0,0,,,-1.00,-1.00,-1.00,-1.00,-1.00,-1.00
2022-12-18T08:24:26Z,"0002cc01000003e9","2250c990bafd391704fa1113e961902684f000000000000000ffffffffffffffffffffffff",3.57,,0.31,17,19.91,15.05,99903.00,0.00,0,0,0,0,,,-1.00,-1.00,-1.00,-1.00,-1.00,-1.00
2022-12-18T08:30:23Z,"0002cc01000003e9","2250c9921ffd390b04fa1113e76193268b0f00000000000000ffffffffffffffffffffffff",3.57,,0.31,17,19.90,15.06,99915.00,15.00,0,0,0,0,,,-1.00,-1.00,-1.00,-1.00,-1.00,-1.00
2022-12-18T08:36:19Z,"0002cc01000003e9","2250c99383fd391b050f1113e4619626a00d80000000000000ffffffffffffffffffffffff",3.57,,0.32,17,19.89,15.09,99926.00,54.00,0,0,0,0,,,-1.00,-1.00,-1.00,-1.00,-1.00,-1.00
2022-12-18T08:42:15Z,"0002cc01000003e9","2250c994e7fd390b05031113e7619926bc0e80000000000000ffffffffffffffffffffffff",3.57,,0.31,17,19.90,15.13,99936.00,29.00,0,0,0,0,,,-1.00,-1.00,-1.00,-1.00,-1.00,-1.00
2022-12-18T08:48:11Z,"0002cc01000003e9","2250c9964bfd391704fa1113ef619b26af0d00000000000000ffffffffffffffffffffffff",3.57,,0.31,17,19.93,15.11,99945.00,26.00,0,0,0,0,,,-1.00,-1.00,-1.00,-1.00,-1.00,-1.00
2022-12-18T08:54:07Z,"0002cc01000003e9","2250c997affd390b04fa1113f6619f26850b80000000000000ffffffffffffffffffffffff",3.57,,0.31,17,19.96,15.05,99961.00,23.00,0,0,0,0,,,-1.00,-1.00,-1.00,-1.00,-1.00,-1.00
2022-12-18T09:00:03Z,"0002cc01000003e9","2250c99913fd391304fa1113fb61a2264d0b40000000000000ffffffffffffffffffffffff",3.57,,0.31,17,19.98,14.96,99975.00,45.00,0,0,0,0,,,-1.00,-1.00,-1.00,-1.00,-1.00,-1.00
2022-12-18T09:05:59Z,"0002cc01000003e9","2250c99a77fd390b05031113f661a626290800000000000000ffffffffffffffffffffffff",3.57,,0.31,17,19.96,14.91,99990.00,16.00,0,0,0,0,,,-1.00,-1.00,-1.00,-1.00,-1.00,-1.00
2022-12-18T09:11:55Z,"0002cc01000003e9","2250c99bdbfd390b05031113ec61a826370d80000000000000ffffffffffffffffffffffff",3.57,,0.31,17,19.92,14.93,99998.00,27.00,0,0,0,0,,,-1.00,-1.00,-1.00,-1.00,-1.00,-1.00
2022-12-18T09:17:51Z,"0002cc01000003e9","2250c99d3ffd390b04fa1113e261a6264b0800000000000000ffffffffffffffffffffffff",3.57,,0.31,17,19.88,14.96,99988.00,1.00,0,0,0,0,,,-1.00,-1.00,-1.00,-1.00,-1.00,-1.00
2022-12-18T09:23:47Z,"0002cc01000003e9","2250c99ea3fd391704fa1113dd61a626590880000000000000ffffffffffffffffffffffff",3.57,,0.31,17,19.86,14.98,99989.00,17.00,0,0,0,0,,,-1.00,-1.00,-1.00,-1.00,-1.00,-1.00
2022-12-18T09:29:43Z,"0002cc01000003e9","2250c9a007fd390b04fa1113dd61ac26590880000000000000ffffffffffffffffffffffff",3.57,,0.31,17,19.86,14.98,100012.00,17.00,0,0,0,0,,,-1.00,-1.00,-1.00,-1.00,-1.00,-1.00
2022-12-18T09:35:39Z,"0002cc01000003e9","2250c9a16bfd390b04fa1113da61af26590800000000000000ffffffffffffffffffffffff",3.57,,0.31,17,19.85,14.98,100027.00,8.00,0,0,0,0,,,-1.00,-1.00,-1.00,-1.00,-1.00,-1.00
2022-12-18T09:41:35Z,"0002cc01000003e9","2250c9a2cffd391704fa1113d861b226510a80000000000000ffffffffffffffffffffffff",3.57,,0.31,17,19.84,14.97,100039.00,21.00,0,0,0,0,,,-1.00,-1.00,-1.00,-1.00,-1.00,-1.00
2022-12-18T09:47:31Z,"0002cc01000003e9","2250c9a433fd391304fa1113d561ae263c0c80000000000000ffffffffffffffffffffffff",3.57,,0.31,17,19.83,14.94,100023.00,25.00,0,0,0,0,,,-1.00,-1.00,-1.00,-1.00,-1.00,-1.00
2022-12-18T09:53:27Z,"0002cc01000003e9","2250c9a597fd391704fa1113d561b326200840000000000000ffffffffffffffffffffffff",3.57,,0.31,17,19.83,14.89,100040.00,33.00,0,0,0,0,,,-1.00,-1.00,-1.00,-1.00,-1.00,-1.00
2022-12-18T09:59:23Z,"0002cc01000003e9","2250c9a6fbfd391304fa1113d561b125fd0b80000000000000ffffffffffffffffffffffff",3.57,,0.31,17,19.83,14.84,100035.00,46.00,0,0,0,0,,,-1.00,-1.00,-1.00,-1.00,-1.00,-1.00
2022-12-18T10:05:19Z,"0002cc01000003e9","2250c9a85ffd391304fa1113d561b425e80c00000000000000ffffffffffffffffffffffff",3.57,,0.31,17,19.83,14.81,100046.00,24.00,0,0,0,0,,,-1.00,-1.00,-1.00,-1.00,-1.00,-1.00
2022-12-18T10:11:15Z,"0002cc01000003e9","2250c9a9c3fd391704fa1113d561b625c40f00000000000000ffffffffffffffffffffffff",3.57,,0.31,17,19.83,14.75,100055.00,30.00,0,0,0,0,,,-1.00,-1.00,-1.00,-1.00,-1.00,-1.00
2022-12-18T10:17:12Z,"0002cc01000003e9","2250c9ab28fd390b04fa1113d561bb25a80e80000000000000ffffffffffffffffffffffff",3.57,,0.31,17,19.83,14.71,100073.00,29.00,0,0,0,0,,,-1.00,-1.00,-1.00,-1.00,-1.00,-1.00
2022-12-18T10:23:08Z,"0002cc01000003e9","2250c9ac8cfd390b04fa1113d261bb25930d80000000000000ffffffffffffffffffffffff",3.57,,0.31,17,19.82,14.68,100073.00,27.00,0,0,0,0,,,-1.00,-1.00,-1.00,-1.00,-1.00,-1.00
2022-12-18T10:29:04Z,"0002cc01000003e9","2250c9adf0fd390b050f1113d261bf25770a00000000000000ffffffffffffffffffffffff",3.57,,0.32,17,19.82,14.63,100091.00,10.00,0,0,0,0,,,-1.00,-1.00,-1.00,-1.00,-1.00,-1.00
2022-12-18T10:35:00Z,"0002cc01000003e9","2250c9af54fd391705031113d261c3253f0e00000000000000ffffffffffffffffffffffff",3.57,,0.31,17,19.82,14.55,100104.00,7.00,0,0,0,0,,,-1.00,-1.00,-1.00,-1.00,-1.00,-1.00
2022-12-18T10:40:56Z,"0002cc01000003e9","2250c9b0b8fd390b04fa1113d061c325060800000000000000ffffffffffffffffffffffff",3.57,,0.31,17,19.81,14.46,100106.00,32.00,0,0,0,0,,,-1.00,-1.00,-1.00,-1.00,-1.00,-1.00
2022-12-18T10:46:52Z,"0002cc01000003e9","2250c9b21cfd391705031113cd61c624c70800000000000000ffffffffffffffffffffffff",3.57,,0.31,17,19.80,14.37,100118.00,16.00,0,0,0,0,,,-1.00,-1.00,-1.00,-1.00,-1.00,-1.00
2022-12-18T10:52:48Z,"0002cc01000003e9","2250c9b380fd390b04fa1113cb61c6249d0840000000000000ffffffffffffffffffffffff",3.57,,0.31,17,19.79,14.30,100118.00,33.00,0,0,0,0,,,-1.00,-1.00,-1.00,-1.00,-1.00,-1.00
2022-12-18T10:58:44Z,"0002cc01000003e9","2250c9b4e4fd391704fa1113cb61c5246b0d00000000000000ffffffffffffffffffffffff",3.57,,0.31,17,19.79,14.23,100112.00,13.00,0,0,0,0,,,-1.00,-1.00,-1.00,-1.00,-1.00,-1.00
2022-12-18T11:04:40Z,"0002cc01000003e9","2250c9b648fd391704fa1113c861c724410f00000000000000ffffffffffffffffffffffff",3.57,,0.31,17,19.78,14.16,100122.00,15.00,0,0,0,0,,,-1.00,-1.00,-1.00,-1.00,-1.00,-1.00
2022-12-18T11:10:36Z,"0002cc01000003e9","2250c9b7acfd391704fa1113c861c724090e80000000000000ffffffffffffffffffffffff",3.57,,0.31,17,19.78,14.08,100120.00,29.00,0,0,0,0,,,-1.00,-1.00,-1.00,-1.00,-1.00,-1.00
2022-12-18T11:16:32Z,"0002cc01000003e9","2250c9b910fd391704fa1113c661ca23e50e00000000000000ffffffffffffffffffffffff",3.57,,0.31,17,19.77,14.02,100132.00,28.00,0,0,0,0,,,-1.00,-1.00,-1.00,-1.00,-1.00,-1.00
2022-12-18T11:22:28Z,"0002cc01000003e9","2250c9ba74fd390b05031113d061cc23c30b00000000000000ffffffffffffffffffffffff",3.57,,0.31,17,19.81,13.97,100141.00,11.00,0,0,0,0,,,-1.00,-1.00,-1.00,-1.00,-1.00,-1.00
2022-12-18T11:28:24Z,"0002cc01000003e9","2250c9bbd8fd391704fa11140161cc23ab0c00000000000000ffffffffffffffffffffffff",3.57,,0.31,17,20.00,13.93,100141.00,12.00,0,0,0,0,,,-1.00,-1.00,-1.00,-1.00,-1.00,-1.00
2022-12-18T11:34:20Z,"0002cc01000003e9","2250c9bd3cfd391704fa11140b61d223660e80000000000000ffffffffffffffffffffffff",3.57,,0.31,17,20.04,13.83,100165.00,29.00,0,0,0,0,,,-1.00,-1.00,-1.00,-1.00,-1.00,-1.00
2022-12-18T11:40:16Z,"0002cc01000003e9","2250c9bea0fd391704fa11140361d423340b00000000000000ffffffffffffffffffffffff",3.57,,0.31,17,20.01,13.75,100174.00,22.00,0,0,0,0,,,-1.00,-1.00,-1.00,-1.00,-1.00,-1.00
2022-12-18T11:46:12Z,"0002cc01000003e9","2250c9c004fd390b04fa1113f961d623170b00000000000000ffffffffffffffffffffffff",3.57,,0.31,17,19.97,13.71,100180.00,22.00,0,0,0,0,,,-1.00,-1.00,-1.00,-1.00,-1.00,-1.00
2022-12-18T11:52:08Z,"0002cc01000003e9","2250c9c168fd390b05031113f961d722f40a00000000000000ffffffffffffffffffffffff",3.57,,0.31,17,19.97,13.65,100186.00,40.00,0,0,0,0,,,-1.00,-1.00,-1.00,-1.00,-1.00,-1.00
2022-12-18T11:58:04Z,"0002cc01000003e9","2250c9c2ccfd390b04fa1113fb61d922c90f00000000000000ffffffffffffffffffffffff",3.57,,0.31,17,19.98,13.59,100194.00,15.00,0,0,0,0,,,-1.00,-1.00,-1.00,-1.00,-1.00,-1.00
2022-12-18T12:04:00Z,"0002cc01000003e9","2250c9c430fd390b04fa11140161d922a70e80000000000000ffffffffffffffffffffffff",3.57,,0.31,17,20.00,13.54,100194.00,29.00,0,0,0,0,,,-1.00,-1.00,-1.00,-1.00,-1.00,-1.00
2022-12-18T12:09:56Z,"0002cc01000003e9","2250c9c594fd391704fa11140861d922a80980000000000000ffffffffffffffffffffffff",3.57,,0.31,17,20.03,13.54,100194.00,19.00,0,0,0,0,,,-1.00,-1.00,-1.00,-1.00,-1.00,-1.00
2022-12-18T12:15:52Z,"0002cc01000003e9","2250c9c6f8fd391704fa11141061d922a10e00000000000000ffffffffffffffffffffffff",3.57,,0.31,17,20.06,13.53,100194.00,14.00,0,0,0,0,,,-1.00,-1.00,-1.00,-1.00,-1.00,-1.00
2022-12-18T12:21:48Z,"0002cc01000003e9","2250c9c85cfd390f04fa11141861d92285f000000000000000ffffffffffffffffffffffff",3.57,,0.31,17,20.09,13.48,100195.00,0.00,0,0,0,0,,,-1.00,-1.00,-1.00,-1.00,-1.00,-1.00
2022-12-18T12:27:45Z,"0002cc01000003e9","2250c9c9c1fd391704f211141d61db22460a00000000000000ffffffffffffffffffffffff",3.57,,0.31,17,20.11,13.39,100200.00,10.00,0,0,0,0,,,-1.00,-1.00,-1.00,-1.00,-1.00,-1.00
2022-12-18T12:33:41Z,"0002cc01000003e9","2250c9cb25fd391704fa11142261dc22160b80000000000000ffffffffffffffffffffffff",3.57,,0.31,17,20.13,13.31,100207.00,23.00,0,0,0,0,,,-1.00,-1.00,-1.00,-1.00,-1.00,-1.00
2022-12-18T12:39:37Z,"0002cc01000003e9","2250c9cc89fd390b04f211142761dd21f20900000000000000ffffffffffffffffffffffff",3.57,,0.31,17,20.15,13.26,100211.00,18.00,0,0,0,0,,,-1.00,-1.00,-1.00,-1.00,-1.00,-1.00
2022-12-18T12:45:33Z,"0002cc01000003e9","2250c9cdedfd391704fa11142f61e021d80e00000000000000ffffffffffffffffffffffff",3.57,,0.31,17,20.18,13.22,100221.00,7.00,0,0,0,0,,,-1.00,-1.00,-1.00,-1.00,-1.00,-1.00
2022-12-18T12:51:29Z,"0002cc01000003e9","2250c9cf51fd391704fa11143461e221bb0800000000000000ffffffffffffffffffffffff",3.57,,0.31,17,20.20,13.18,100231.00,8.00,0,0,0,0,,,-1.00,-1.00,-1.00,-1.00,-1.00,-1.00
2022-12-18T12:57:25Z,"0002cc01000003e9","2250c9d0b5fd390f04fa11143661e221d10c80000000000000ffffffffffffffffffffffff",3.57,,0.31,17,20.21,13.21,100230.00,25.00,0,0,0,0,,,-1.00,-1.00,-1.00,-1.00,-1.00,-1.00
2022-12-18T13:03:21Z,"0002cc01000003e9","2250c9d219fd390f04fa11143961e421b50900000000000000ffffffffffffffffffffffff",3.57,,0.31,17,20.22,13.17,100238.00,18.00,0,0,0,0,,,-1.00,-1.00,-1.00,-1.00,-1.00,-1.00
2022-12-18T13:09:17Z,"0002cc01000003e9","2250c9d37dfd391704fa11143961e421d10b00000000000000ffffffffffffffffffffffff",3.57,,0.31,17,20.22,13.21,100239.00,22.00,0,0,0,0,,,-1.00,-1.00,-1.00,-1.00,-1.00,-1.00
2022-12-18T13:15:13Z,"0002cc01000003e9","2250c9d4e1fd391704fa11143461e521bbf000000000000000ffffffffffffffffffffffff",3.57,,0.31,17,20.20,13.18,100243.00,0.00,0,0,0,0,,,-1.00,-1.00,-1.00,-1.00,-1.00,-1.00
2022-12-18T13:21:09Z,"0002cc01000003e9","2250c9d645fd390f04fa11142c61e821c90c00000000000000ffffffffffffffffffffffff",3.57,,0.31,17,20.17,13.20,100252.00,6.00,0,0,0,0,,,-1.00,-1.00,-1.00,-1.00,-1.00,-1.00
2022-12-18T13:27:05Z,"0002cc01000003e9","2250c9d7a9fd391704fa11142961ea21ad0980000000000000ffffffffffffffffffffffff",3.57,,0.31,17,20.16,13.15,100260.00,19.00,0,0,0,0,,,-1.00,-1.00,-1.00,-1.00,-1.00,-1.00
2022-12-18T13:33:01Z,"0002cc01000003e9","2250c9d90dfd390b04fa11142761ea21a5f000000000000000ffffffffffffffffffffffff",3.57,,0.31,17,20.15,13.14,100262.00,0.00,0,0,0,0,,,-1.00,-1.00,-1.00,-1.00,-1.00,-1.00
2022-12-18T13:38:57Z,"0002cc01000003e9","2250c9da71fd390304fa11142261ed219e0940000000000000ffffffffffffffffffffffff",3.56,,0.31,17,20.13,13.13,100275.00,37.00,0,0,0,0,,,-1.00,-1.00,-1.00,-1.00,-1.00,-1.00
2022-12-18T13:44:53Z,"0002cc01000003e9","2250c9dbd5fd390b04fa11141d61f021a40a80000000000000ffffffffffffffffffffffff",3.57,,0.31,17,20.11,13.14,100284.00,21.00,0,0,0,0,,,-1.00,-1.00,-1.00,-1.00,-1.00,-1.00
2022-12-18T13:50:49Z,"0002cc01000003e9","2250c9dd39fd391704fa11141a61f321ab0b80000000000000ffffffffffffffffffffffff",3.57,,0.31,17,20.10,13.15,100296.00,46.00,0,0,0,0,,,-1.00,-1.00,-1.00,-1.00,-1.00,-1.00
2022-12-18T13:56:45Z,"0002cc01000003e9","2250c9de9dfd390704fa11141a61f421ab0d80000000000000ffffffffffffffffffffffff",3.56,,0.31,17,20.10,13.15,100303.00,54.00,0,0,0,0,,,-1.00,-1.00,-1.00,-1.00,-1.00,-1.00
2022-12-18T14:02:42Z,"0002cc01000003e9","2250c9e002fd390b04fa11141861f621ab09c0000000000000ffffffffffffffffffffffff",3.57,,0.31,17,20.09,13.15,100308.00,78.00,0,0,0,0,,,-1.00,-1.00,-1.00,-1.00,-1.00,-1.00
2022-12-18T14:08:37Z,"0002cc01000003e9","2250c9e165fd391704fa11141861f8219d0c60000000000000ffffffffffffffffffffffff",3.57,,0.31,17,20.09,13.13,100318.00,99.00,0,0,0,0,,,-1.00,-1.00,-1.00,-1.00,-1.00,-1.00
2022-12-18T14:14:34Z,"0002cc01000003e9","2250c9e2cafd390f050311141861f921960b80000000000000ffffffffffffffffffffffff",3.57,,0.31,17,20.09,13.12,100322.00,92.00,0,0,0,0,,,-1.00,-1.00,-1.00,-1.00,-1.00,-1.00
2022-12-18T14:20:29Z,"0002cc01000003e9","2250c9e42dfd390f04fa11141861fa218f0960000000000000ffffffffffffffffffffffff",3.57,,0.31,17,20.09,13.11,100326.00,75.00,0,0,0,0,,,-1.00,-1.00,-1.00,-1.00,-1.00,-1.00
2022-12-18T14:26:26Z,"0002cc01000003e9","2250c9e592fd390f04fa11141561fd218f0b80000000000000ffffffffffffffffffffffff",3.57,,0.31,17,20.08,13.11,100338.00,92.00,0,0,0,0,,,-1.00,-1.00,-1.00,-1.00,-1.00,-1.00
2022-12-18T14:32:22Z,"0002cc01000003e9","2250c9e6f6fd391704fa1114156203218f0fe0000000000000ffffffffffffffffffffffff",3.57,,0.31,17,20.08,13.11,100361.00,127.00,0,0,0,0,,,-1.00,-1.00,-1.00,-1.00,-1.00,-1.00
2022-12-18T14:38:18Z,"0002cc01000003e9","2250c9e85afd390f04fa1114156206218f0fa0000000000000ffffffffffffffffffffffff",3.57,,0.31,17,20.08,13.11,100374.00,125.00,0,0,0,0,,,-1.00,-1.00,-1.00,-1.00,-1.00,-1.00
2022-12-18T14:44:14Z,"0002cc01000003e9","2250c9e9befd390f04fa111415620a21960e40000000000000ffffffffffffffffffffffff",3.57,,0.31,17,20.08,13.12,100388.00,114.00,0,0,0,0,,,-1.00,-1.00,-1.00,-1.00,-1.00,-1.00
2022-12-18T14:50:10Z,"0002cc01000003e9","2250c9eb22fd390704fa111412620a21810ea0000000000000ffffffffffffffffffffffff",3.56,,0.31,17,20.07,13.09,100391.00,117.00,0,0,0,0,,,-1.00,-1.00,-1.00,-1.00,-1.00,-1.00
2022-12-18T14:56:06Z,"0002cc01000003e9","2250c9ec86fd390f04fa111412620f21790dc0000000000000ffffffffffffffffffffffff",3.57,,0.31,17,20.07,13.08,100409.00,110.00,0,0,0,0,,,-1.00,-1.00,-1.00,-1.00,-1.00,-1.00
2022-12-18T15:02:02Z,"0002cc01000003e9","2250c9edeafd391704fa111412620f216b0ea0000000000000ffffffffffffffffffffffff",3.57,,0.31,17,20.07,13.05,100411.00,117.00,0,0,0,0,,,-1.00,-1.00,-1.00,-1.00,-1.00,-1.00
2022-12-18T15:07:58Z,"0002cc01000003e9","2250c9ef4efd390b04fa111415621221500be0000000000000ffffffffffffffffffffffff",3.57,,0.31,17,20.08,13.01,100421.00,95.00,0,0,0,0,,,-1.00,-1.00,-1.00,-1.00,-1.00,-1.00
2022-12-18T15:13:54Z,"0002cc01000003e9","2250c9f0b2fd39070503111412621321330b80000000000000ffffffffffffffffffffffff",3.56,,0.31,17,20.07,12.97,100425.00,92.00,0,0,0,0,,,-1.00,-1.00,-1.00,-1.00,-1.00,-1.00
2022-12-18T15:19:50Z,"0002cc01000003e9","2250c9f216fd390f0503111410621121250820000000000000ffffffffffffffffffffffff",3.57,,0.31,17,20.06,12.95,100419.00,130.00,0,0,0,0,,,-1.00,-1.00,-1.00,-1.00,-1.00,-1.00
2022-12-18T15:25:46Z,"0002cc01000003e9","2250c9f37afd390f04fa111410621421250ee0000000000000ffffffffffffffffffffffff",3.57,,0.31,17,20.06,12.95,100429.00,119.00,0,0,0,0,,,-1.00,-1.00,-1.00,-1.00,-1.00,-1.00
2022-12-18T15:31:42Z,"0002cc01000003e9","2250c9f4defd390f04fa11140d621820fb0d60000000000000ffffffffffffffffffffffff",3.57,,0.31,17,20.05,12.88,100445.00,107.00,0,0,0,0,,,-1.00,-1.00,-1.00,-1.00,-1.00,-1.00
2022-12-18T15:37:38Z,"0002cc01000003e9","2250c9f642fd390f04fa11140d621c21020bc0000000000000ffffffffffffffffffffffff",3.57,,0.31,17,20.05,12.89,100461.00,94.00,0,0,0,0,,,-1.00,-1.00,-1.00,-1.00,-1.00,-1.00
2022-12-18T15:43:34Z,"0002cc01000003e9","2250c9f7a6fd390f04fa11140d621c20f40a80000000000000ffffffffffffffffffffffff",3.57,,0.31,17,20.05,12.87,100463.00,84.00,0,0,0,0,,,-1.00,-1.00,-1.00,-1.00,-1.00,-1.00
2022-12-18T15:49:30Z,"0002cc01000003e9","2250c9f90afd390f04fa11140d621f20d80c20000000000000ffffffffffffffffffffffff",3.57,,0.31,17,20.05,12.83,100474.00,97.00,0,0,0,0,,,-1.00,-1.00,-1.00,-1.00,-1.00,-1.00
2022-12-18T15:55:26Z,"0002cc01000003e9","2250c9fa6efd390f04fa11140b621e20c20bc0000000000000ffffffffffffffffffffffff",3.57,,0.31,17,20.04,12.80,100470.00,94.00,0,0,0,0,,,-1.00,-1.00,-1.00,-1.00,-1.00,-1.00
2022-12-18T16:01:23Z,"0002cc01000003e9","2250c9fbd3fd390704fa111408622020d70900000000000000ffffffffffffffffffffffff",3.56,,0.31,17,20.03,12.83,100477.00,72.00,0,0,0,0,,,-1.00,-1.00,-1.00,-1.00,-1.00,-1.00
2022-12-18T16:07:19Z,"0002cc01000003e9","2250c9fd37fd390f04fa111406622220c90dc0000000000000ffffffffffffffffffffffff",3.57,,0.31,17,20.02,12.81,100487.00,110.00,0,0,0,0,,,-1.00,-1.00,-1.00,-1.00,-1.00,-1.00
2022-12-18T16:13:15Z,"0002cc01000003e9","2250c9fe9bfd390704fa111403622520c20f80000000000000ffffffffffffffffffffffff",3.56,,0.31,17,20.01,12.80,100497.00,124.00,0,0,0,0,,,-1.00,-1.00,-1.00,-1.00,-1.00,-1.00
2022-12-18T16:19:11Z,"0002cc01000003e9","2250c9fffffd390b04fa111403622420bb0b40000000000000ffffffffffffffffffffffff",3.57,,0.31,17,20.01,12.79,100495.00,90.00,0,0,0,0,,,-1.00,-1.00,-1.00,-1.00,-1.00,-1.00
2022-12-18T16:25:07Z,"0002cc01000003e9","2250ca0163fd390704fa111403622720ad0ee0000000000000ffffffffffffffffffffffff",3.56,,0.31,17,20.01,12.76,100506.00,119.00,0,0,0,0,,,-1.00,-1.00,-1.00,-1.00,-1.00,-1.00
2022-12-18T16:31:03Z,"0002cc01000003e9","2250ca02c7fd390f04fa111403622620890c80000000000000ffffffffffffffffffffffff",3.57,,0.31,17,20.01,12.71,100503.00,100.00,0,0,0,0,,,-1.00,-1.00,-1.00,-1.00,-1.00,-1.00
2022-12-18T16:36:59Z,"0002cc01000003e9","2250ca042bfd390704fa111406622820580ba0000000000000ffffffffffffffffffffffff",3.56,,0.31,17,20.02,12.63,100508.00,93.00,0,0,0,0,,,-1.00,-1.00,-1.00,-1.00,-1.00,-1.00
2022-12-18T16:42:55Z,"0002cc01000003e9","2250ca058ffd390704fa1114066226202e0ce0000000000000ffffffffffffffffffffffff",3.56,,0.31,17,20.02,12.57,100502.00,103.00,0,0,0,0,,,-1.00,-1.00,-1.00,-1.00,-1.00,-1.00
2022-12-18T16:48:51Z,"0002cc01000003e9","2250ca06f3fd390f0503111406622720270d60000000000000ffffffffffffffffffffffff",3.57,,0.31,17,20.02,12.56,100506.00,107.00,0,0,0,0,,,-1.00,-1.00,-1.00,-1.00,-1.00,-1.00
2022-12-18T16:54:47Z,"0002cc01000003e9","2250ca0857fd390f04fa111408622820120c00000000000000ffffffffffffffffffffffff",3.57,,0.31,17,20.03,12.53,100511.00,96.00,0,0,0,0,,,-1.00,-1.00,-1.00,-1.00,-1.00,-1.00
2022-12-18T17:00:43Z,"0002cc01000003e9","2250ca09bbfd390704fa111408622b1ff60c80000000000000ffffffffffffffffffffffff",3.56,,0.31,17,20.03,12.48,100520.00,100.00,0,0,0,0,,,-1.00,-1.00,-1.00,-1.00,-1.00,-1.00
2022-12-18T17:06:39Z,"0002cc01000003e9","2250ca0b1ffd390f04fa11140b622a1ffd09a0000000000000ffffffffffffffffffffffff",3.57,,0.31,17,20.04,12.50,100516.00,77.00,0,0,0,0,,,-1.00,-1.00,-1.00,-1.00,-1.00,-1.00
2022-12-18T17:12:35Z,"0002cc01000003e9","2250ca0c83fd390704fa11140862291ffd0900000000000000ffffffffffffffffffffffff",3.56,,0.31,17,20.03,12.50,100512.00,72.00,0,0,0,0,,,-1.00,-1.00,-1.00,-1.00,-1.00,-1.00
2022-12-18T17:18:31Z,"0002cc01000003e9","2250ca0de7fd390704fa111408622b20120b60000000000000ffffffffffffffffffffffff",3.56,,0.31,17,20.03,12.53,100523.00,91.00,0,0,0,0,,,-1.00,-1.00,-1.00,-1.00,-1.00,-1.00
2022-12-18T17:24:27Z,"0002cc01000003e9","2250ca0f4bfd390704fa111408622a20040a00000000000000ffffffffffffffffffffffff",3.56,,0.31,17,20.03,12.51,100518.00,80.00,0,0,0,0,,,-1.00,-1.00,-1.00,-1.00,-1.00,-1.00
2022-12-18T17:30:23Z,"0002cc01000003e9","2250ca10affd390f04fa1114066228200b0a60000000000000ffffffffffffffffffffffff",3.57,,0.31,17,20.02,12.52,100510.00,83.00,0,0,0,0,,,-1.00,-1.00,-1.00,-1.00,-1.00,-1.00
2022-12-18T17:36:19Z,"0002cc01000003e9","2250ca1213fd390f04fa1114036228200b0b80000000000000ffffffffffffffffffffffff",3.57,,0.31,17,20.01,12.52,100509.00,92.00,0,0,0,0,,,-1.00,-1.00,-1.00,-1.00,-1.00,-1.00
2022-12-18T17:42:15Z,"0002cc01000003e9","2250ca1377fd390704fa1114036226200409a0000000000000ffffffffffffffffffffffff",3.56,,0.31,17,20.01,12.51,100500.00,77.00,0,0,0,0,,,-1.00,-1.00,-1.00,-1.00,-1.00,-1.00
2022-12-18T17:48:11Z,"0002cc01000003e9","2250ca14dbfd390f050311140162251ff60b00000000000000ffffffffffffffffffffffff",3.57,,0.31,17,20.00,12.48,100497.00,88.00,0,0,0,0,,,-1.00,-1.00,-1.00,-1.00,-1.00,-1.00
2022-12-18T17:54:07Z,"0002cc01000003e9","2250ca163ffd390f04fa11140362221fe808e0000000000000ffffffffffffffffffffffff",3.57,,0.31,17,20.01,12.46,100487.00,71.00,0,0,0,0,,,-1.00,-1.00,-1.00,-1.00,-1.00,-1.00
2022-12-18T18:00:04Z,"0002cc01000003e9","2250ca17a4fd390704fa11140662201ff609e0000000000000ffffffffffffffffffffffff",3.56,,0.31,17,20.02,12.48,100477.00,79.00,0,0,0,0,,,-1.00,-1.00,-1.00,-1.00,-1.00,-1.00
2022-12-18T18:06:00Z,"0002cc01000003e9","2250ca1908fd390704f211140862201fe80c20000000000000ffffffffffffffffffffffff",3.56,,0.31,17,20.03,12.46,100476.00,194.00,0,0,0,0,,,-1.00,-1.00,-1.00,-1.00,-1.00,-1.00
2022-12-18T18:11:56Z,"0002cc01000003e9","2250ca1a6cfd390304fa11140b621d1fef0870000000000000ffffffffffffffffffffffff",3.56,,0.31,17,20.04,12.47,100467.00,135.00,0,0,0,0,,,-1.00,-1.00,-1.00,-1.00,-1.00,-1.00
2022-12-18T18:17:52Z,"0002cc01000003e9","2250ca1bd0fd390f04fa111410621b1fe10840000000000000ffffffffffffffffffffffff",3.57,,0.31,17,20.06,12.45,100459.00,132.00,0,0,0,0,,,-1.00,-1.00,-1.00,-1.00,-1.00,-1.00
2022-12-18T18:23:48Z,"0002cc01000003e9","2250ca1d34fd390704fa11141062171fc50830000000000000ffffffffffffffffffffffff",3.56,,0.31,17,20.06,12.41,100442.00,131.00,0,0,0,0,,,-1.00,-1.00,-1.00,-1.00,-1.00,-1.00
2022-12-18T18:29:44Z,"0002cc01000003e9","2250ca1e98fd3907050311141062171fb70ec0000000000000ffffffffffffffffffffffff",3.56,,0.31,17,20.06,12.39,100440.00,118.00,0,0,0,0,,,-1.00,-1.00,-1.00,-1.00,-1.00,-1.00
2022-12-18T18:35:40Z,"0002cc01000003e9","2250ca1ffcfd390704fa11140d62161fcc0f80000000000000ffffffffffffffffffffffff",3.56,,0.31,17,20.05,12.42,100438.00,124.00,0,0,0,0,,,-1.00,-1.00,-1.00,-1.00,-1.00,-1.00
2022-12-18T18:41:36Z,"0002cc01000003e9","2250ca2160fd390704fa11140d62131fcc0f40000000000000ffffffffffffffffffffffff",3.56,,0.31,17,20.05,12.42,100425.00,122.00,0,0,0,0,,,-1.00,-1.00,-1.00,-1.00,-1.00,-1.00
2022-12-18T18:47:32Z,"0002cc01000003e9","2250ca22c4fd390704fa11140d62101fd30ce0000000000000ffffffffffffffffffffffff",3.56,,0.31,17,20.05,12.43,100413.00,103.00,0,0,0,0,,,-1.00,-1.00,-1.00,-1.00,-1.00,-1.00
2022-12-18T18:53:28Z,"0002cc01000003e9","2250ca2428fd390704fa11140d620f1fbe0ce0000000000000ffffffffffffffffffffffff",3.56,,0.31,17,20.05,12.40,100410.00,103.00,0,0,0,0,,,-1.00,-1.00,-1.00,-1.00,-1.00,-1.00
2022-12-18T18:59:24Z,"0002cc01000003e9","2250ca258cfd390704fa11141062101fbe0b20000000000000ffffffffffffffffffffffff",3.56,,0.31,17,20.06,12.40,100415.00,89.00,0,0,0,0,,,-1.00,-1.00,-1.00,-1.00,-1.00,-1.00
2022-12-18T19:05:20Z,"0002cc01000003e9","2250ca26f0fd390f04fa11141062101fbe0e20000000000000ffffffffffffffffffffffff",3.57,,0.31,17,20.06,12.40,100415.00,113.00,0,0,0,0,,,-1.00,-1.00,-1.00,-1.00,-1.00,-1.00
2022-12-18T19:11:16Z,"0002cc01000003e9","2250ca2854fd39070503111410620d1fcc0b00000000000000ffffffffffffffffffffffff",3.56,,0.31,17,20.06,12.42,100403.00,88.00,0,0,0,0,,,-1.00,-1.00,-1.00,-1.00,-1.00,-1.00
2022-12-18T19:17:12Z,"0002cc01000003e9","2250ca29b8fd390704fa111410620e1fd30900000000000000ffffffffffffffffffffffff",3.56,,0.31,17,20.06,12.43,100404.00,144.00,0,0,0,0,,,-1.00,-1.00,-1.00,-1.00,-1.00,-1.00
2022-12-18T19:23:08Z,"0002cc01000003e9","2250ca2b1cfd38fe04fa111410620e1fd30fc0000000000000ffffffffffffffffffffffff",3.56,,0.31,17,20.06,12.43,100407.00,126.00,0,0,0,0,,,-1.00,-1.00,-1.00,-1.00,-1.00,-1.00
2022-12-18T19:29:04Z,"0002cc01000003e9","2250ca2c80fd390f04fa111412620f1fe20b70000000000000ffffffffffffffffffffffff",3.57,,0.31,17,20.07,12.45,100408.00,183.00,0,0,0,0,,,-1.00,-1.00,-1.00,-1.00,-1.00,-1.00
2022-12-18T19:35:00Z,"0002cc01000003e9","2250ca2de4fd390704fa11141562111fdb0a40000000000000ffffffffffffffffffffffff",3.56,,0.31,17,20.08,12.44,100419.00,164.00,0,0,0,0,,,-1.00,-1.00,-1.00,-1.00,-1.00,-1.00
2022-12-18T19:40:57Z,"0002cc01000003e9","2250ca2f49fd390704fa11141862121fdb0bd0000000000000ffffffffffffffffffffffff",3.56,,0.31,17,20.09,12.44,100421.00,189.00,0,0,0,0,,,-1.00,-1.00,-1.00,-1.00,-1.00,-1.00
2022-12-18T19:46:53Z,"0002cc01000003e9","2250ca30adfd38fe04fa11141a62101fdb0c70000000000000ffffffffffffffffffffffff",3.56,,0.31,17,20.10,12.44,100413.00,199.00,0,0,0,0,,,-1.00,-1.00,-1.00,-1.00,-1.00,-1.00
2022-12-18T19:52:49Z,"0002cc01000003e9","2250ca3211fd38fe04fa11141f620e1fe90ce0000000000000ffffffffffffffffffffffff",3.56,,0.31,17,20.12,12.47,100407.00,206.00,0,0,0,0,,,-1.00,-1.00,-1.00,-1.00,-1.00,-1.00
2022-12-18T19:58:45Z,"0002cc01000003e9","2250ca3375fd390f04fa11141f620e1fe90e60000000000000ffffffffffffffffffffffff",3.57,,0.31,17,20.12,12.47,100407.00,230.00,0,0,0,0,,,-1.00,-1.00,-1.00,-1.00,-1.00,-1.00
2022-12-18T20:04:41Z,"0002cc01000003e9","2250ca34d9fd390704fa111422620d1fe90e00000000000000ffffffffffffffffffffffff",3.56,,0.31,17,20.13,12.47,100403.00,224.00,0,0,0,0,,,-1.00,-1.00,-1.00,-1.00,-1.00,-1.00
2022-12-18T20:10:37Z,"0002cc01000003e9","2250ca363dfd390704fa111422620b1ff10f70000000000000ffffffffffffffffffffffff",3.56,,0.31,17,20.13,12.48,100393.00,247.00,0,0,0,0,,,-1.00,-1.00,-1.00,-1.00,-1.00,-1.00
2022-12-18T20:16:33Z,"0002cc01000003e9","2250ca37a1fd39070503111424620a1ff80960000000000000ffffffffffffffffffffffff",3.56,,0.31,17,20.14,12.49,100389.00,300.00,0,0,0,0,,,-1.00,-1.00,-1.00,-1.00,-1.00,-1.00
2022-12-18T20:22:29Z,"0002cc01000003e9","2250ca3905fd38fe04fa111427620b1ff108d8000000000000ffffffffffffffffffffffff",3.56,,0.31,17,20.15,12.48,100392.00,283.00,0,0,0,0,,,-1.00,-1.00,-1.00,-1.00,-1.00,-1.00
2022-12-18T20:28:25Z,"0002cc01000003e9","2250ca3a69fd38fe04fa111429620e1ff809a8000000000000ffffffffffffffffffffffff",3.56,,0.31,17,20.16,12.49,100407.00,309.00,0,0,0,0,,,-1.00,-1.00,-1.00,-1.00,-1.00,-1.00
2022-12-18T20:34:21Z,"0002cc01000003e9","2250ca3bcdfd38fe04fa11142c620f1ff80988000000000000ffffffffffffffffffffffff",3.56,,0.31,17,20.17,12.49,100410.00,305.00,0,0,0,0,,,-1.00,-1.00,-1.00,-1.00,-1.00,-1.00
2022-12-18T20:40:17Z,"0002cc01000003e9","2250ca3d31fd390704fa11142c620e20070930000000000000ffffffffffffffffffffffff",3.56,,0.31,17,20.17,12.51,100407.00,294.00,0,0,0,0,,,-1.00,-1.00,-1.00,-1.00,-1.00,-1.00
2022-12-18T20:46:13Z,"0002cc01000003e9","2250ca3e95fd390704fa1114316213200009a8000000000000ffffffffffffffffffffffff",3.56,,0.31,17,20.19,12.50,100424.00,309.00,0,0,0,0,,,-1.00,-1.00,-1.00,-1.00,-1.00,-1.00
2022-12-18T20:52:09Z,"0002cc01000003e9","2250ca3ff9fd38fe04fa1114346215200e09d8000000000000ffffffffffffffffffffffff",3.56,,0.31,17,20.20,12.52,100434.00,315.00,0,0,0,0,,,-1.00,-1.00,-1.00,-1.00,-1.00,-1.00
2022-12-18T20:58:05Z,"0002cc01000003e9","2250ca415dfd390704fa111434621920160c40000000000000ffffffffffffffffffffffff",3.56,,0.31,17,20.20,12.53,100448.00,196.00,0,0,0,0,,,-1.00,-1.00,-1.00,-1.00,-1.00,-1.00
2022-12-18T21:04:01Z,"0002cc01000003e9","2250ca42c1fd390704fa111434621b20160b40000000000000ffffffffffffffffffffffff",3.56,,0.31,17,20.20,12.53,100459.00,180.00,0,0,0,0,,,-1.00,-1.00,-1.00,-1.00,-1.00,-1.00
2022-12-18T21:09:57Z,"0002cc01000003e9","2250ca4425fd390704fa111436621b20160b50000000000000ffffffffffffffffffffffff",3.56,,0.31,17,20.21,12.53,100458.00,181.00,0,0,0,0,,,-1.00,-1.00,-1.00,-1.00,-1.00,-1.00
2022-12-18T21:15:53Z,"0002cc01000003e9","2250ca4589fd391704fa111434621b201d0da0000000000000ffffffffffffffffffffffff",3.57,,0.31,17,20.20,12.54,100458.00,109.00,0,0,0,0,,,-1.00,-1.00,-1.00,-1.00,-1.00,-1.00
2022-12-18T21:21:49Z,"0002cc01000003e9","2250ca46edfd38fe04fa111434621a202a0820000000000000ffffffffffffffffffffffff",3.56,,0.31,17,20.20,12.56,100454.00,130.00,0,0,0,0,,,-1.00,-1.00,-1.00,-1.00,-1.00,-1.00
2022-12-18T21:27:45Z,"0002cc01000003e9","2250ca4851fd390f04fa111431621a20310fc0000000000000ffffffffffffffffffffffff",3.57,,0.31,17,20.19,12.58,100452.00,126.00,0,0,0,0,,,-1.00,-1.00,-1.00,-1.00,-1.00,-1.00
2022-12-18T21:33:42Z,"0002cc01000003e9","2250ca49b6fd38fe04fa111431621820380960000000000000ffffffffffffffffffffffff",3.56,,0.31,17,20.19,12.59,100447.00,75.00,0,0,0,0,,,-1.00,-1.00,-1.00,-1.00,-1.00,-1.00
2022-12-18T21:39:37Z,"0002cc01000003e9","2250ca4b19fd38fe04fa111431621e20460e80000000000000ffffffffffffffffffffffff",3.56,,0.31,17,20.19,12.61,100471.00,116.00,0,0,0,0,,,-1.00,-1.00,-1.00,-1.00,-1.00,-1.00
2022-12-18T21:45:33Z,"0002cc01000003e9","2250ca4c7dfd38fe04fa1114316222204d0e40000000000000ffffffffffffffffffffffff",3.56,,0.31,17,20.19,12.62,100484.00,57.00,0,0,0,0,,,-1.00,-1.00,-1.00,-1.00,-1.00,-1.00
2022-12-18T21:51:30Z,"0002cc01000003e9","2250ca4de2fd38fe04fa11142f622320620c80000000000000ffffffffffffffffffffffff",3.56,,0.31,17,20.18,12.65,100491.00,50.00,0,0,0,0,,,-1.00,-1.00,-1.00,-1.00,-1.00,-1.00
2022-12-18T21:57:26Z,"0002cc01000003e9","2250ca4f46fd390704fa11142f622320780cc0000000000000ffffffffffffffffffffffff",3.56,,0.31,17,20.18,12.68,100488.00,51.00,0,0,0,0,,,-1.00,-1.00,-1.00,-1.00,-1.00,-1.00
2022-12-18T22:03:22Z,"0002cc01000003e9","2250ca50aafd390704fa11142f6223207f0a40000000000000ffffffffffffffffffffffff",3.56,,0.31,17,20.18,12.69,100490.00,41.00,0,0,0,0,,,-1.00,-1.00,-1.00,-1.00,-1.00,-1.00
2022-12-18T22:09:18Z,"0002cc01000003e9","2250ca520efd390704fa11142f6223208d0e40000000000000ffffffffffffffffffffffff",3.56,,0.31,17,20.18,12.71,100489.00,57.00,0,0,0,0,,,-1.00,-1.00,-1.00,-1.00,-1.00,-1.00
2022-12-18T22:15:14Z,"0002cc01000003e9","2250ca5372fd390704fa111431622520940b00000000000000ffffffffffffffffffffffff",3.56,,0.31,17,20.19,12.73,100496.00,44.00,0,0,0,0,,,-1.00,-1.00,-1.00,-1.00,-1.00,-1.00
2022-12-18T22:21:10Z,"0002cc01000003e9","2250ca54d6fd390704fa111431622720a20840000000000000ffffffffffffffffffffffff",3.56,,0.31,17,20.19,12.75,100506.00,33.00,0,0,0,0,,,-1.00,-1.00,-1.00,-1.00,-1.00,-1.00
2022-12-18T22:27:06Z,"0002cc01000003e9","2250ca563afd390704fa111431622920b70e00000000000000ffffffffffffffffffffffff",3.56,,0.31,17,20.19,12.78,100512.00,28.00,0,0,0,0,,,-1.00,-1.00,-1.00,-1.00,-1.00,-1.00
2022-12-18T22:33:02Z,"0002cc01000003e9","2250ca579efd390704fa111431622c20be0e40000000000000ffffffffffffffffffffffff",3.56,,0.31,17,20.19,12.79,100524.00,57.00,0,0,0,0,,,-1.00,-1.00,-1.00,-1.00,-1.00,-1.00
2022-12-18T22:38:58Z,"0002cc01000003e9","2250ca5902fd38fe04fa111434622c20be0a00000000000000ffffffffffffffffffffffff",3.56,,0.31,17,20.20,12.79,100524.00,5.00,0,0,0,0,,,-1.00,-1.00,-1.00,-1.00,-1.00,-1.00
2022-12-18T22:44:54Z,"0002cc01000003e9","2250ca5a66fd390704fa111434622e20c50a40000000000000ffffffffffffffffffffffff",3.56,,0.31,17,20.20,12.80,100533.00,41.00,0,0,0,0,,,-1.00,-1.00,-1.00,-1.00,-1.00,-1.00
2022-12-18T22:50:50Z,"0002cc01000003e9","2250ca5bcafd390704fa111436622d20cc0a00000000000000ffffffffffffffffffffffff",3.56,,0.31,17,20.21,12.81,100531.00,20.00,0,0,0,0,,,-1.00,-1.00,-1.00,-1.00,-1.00,-1.00
2022-12-18T22:56:46Z,"0002cc01000003e9","2250ca5d2efd390704fa111434622e20cc0c00000000000000ffffffffffffffffffffffff",3.56,,0.31,17,20.20,12.81,100532.00,24.00,0,0,0,0,,,-1.00,-1.00,-1.00,-1.00,-1.00,-1.00
2022-12-18T23:02:42Z,"0002cc01000003e9","2250ca5e92fd390704fa111431622e20d30800000000000000ffffffffffffffffffffffff",3.56,,0.31,17,20.19,12.82,100532.00,8.00,0,0,0,0,,,-1.00,-1.00,-1.00,-1.00,-1.00,-1.00
2022-12-18T23:08:38Z,"0002cc01000003e9","2250ca5ff6fd390704fa11142f622e20cc0e00000000000000ffffffffffffffffffffffff",3.56,,0.31,17,20.18,12.81,100533.00,7.00,0,0,0,0,,,-1.00,-1.00,-1.00,-1.00,-1.00,-1.00
2022-12-18T23:14:34Z,"0002cc01000003e9","2250ca615afd390704fa11142f623120d3f000000000000000ffffffffffffffffffffffff",3.56,,0.31,17,20.18,12.82,100545.00,0.00,0,0,0,0,,,-1.00,-1.00,-1.00,-1.00,-1.00,-1.00
2022-12-18T23:20:31Z,"0002cc01000003e9","2250ca62bffd390704f211142f623220da0800000000000000ffffffffffffffffffffffff",3.56,,0.31,17,20.18,12.83,100551.00,8.00,0,0,0,0,,,-1.00,-1.00,-1.00,-1.00,-1.00,-1.00
2022-12-18T23:26:27Z,"0002cc01000003e9","2250ca6423fd38fe04fa11142c623220e8f000000000000000ffffffffffffffffffffffff",3.56,,0.31,17,20.17,12.85,100548.00,0.00,0,0,0,0,,,-1.00,-1.00,-1.00,-1.00,-1.00,-1.00
2022-12-18T23:32:23Z,"0002cc01000003e9","2250ca6587fd390704fa11142f623220ef0800000000000000ffffffffffffffffffffffff",3.56,,0.31,17,20.18,12.87,100550.00,4.00,0,0,0,0,,,-1.00,-1.00,-1.00,-1.00,-1.00,-1.00
2022-12-18T23:38:18Z,"0002cc01000003e9","2250ca66eafd38fe04fa11142f623621040a00000000000000ffffffffffffffffffffffff",3.56,,0.31,17,20.18,12.90,100565.00,5.00,0,0,0,0,,,-1.00,-1.00,-1.00,-1.00,-1.00,-1.00
2022-12-18T23:44:15Z,"0002cc01000003e9","2250ca684ffd390704fa11142c623721040800000000000000ffffffffffffffffffffffff",3.56,,0.31,17,20.17,12.90,100571.00,2.00,0,0,0,0,,,-1.00,-1.00,-1.00,-1.00,-1.00,-1.00
2022-12-18T23:50:11Z,"0002cc01000003e9","2250ca69b3fd38fe04f211142c6238210b09c0000000000000ffffffffffffffffffffffff",3.56,,0.31,17,20.17,12.91,100575.00,39.00,0,0,0,0,,,-1.00,-1.00,-1.00,-1.00,-1.00,-1.00
2022-12-18T23:56:07Z,"0002cc01000003e9","2250ca6b17fd38fe04fa11142c623921190f00000000000000ffffffffffffffffffffffff",3.56,,0.31,17,20.17,12.93,100576.00,15.00,0,0,0,0,,,-1.00,-1.00,-1.00,-1.00,-1.00,-1.00
