Time,DevEUI,Raw,Vbat,Vsystem,Vbus,BootCount,T,RH,P,Light,P[0].delta,P[0].total,P[1].delta,P[1].total,Act[7],Act[6],Act[5],Act[4],Act[3],Act[2],Act[1],Act[0]
2022-12-11T00:03:53Z,"0002cc01000003e9","2250bfe0e9fd39cf050f11148361c455500a00000000000000ffffffffffffffffffffffff",3.61,,0.32,17,20.51,33.33,100111.00,5.00,0,0,0,0,,,-1.00,-1.00,-1.00,-1.00,-1.00,-1.00
2022-12-11T00:09:49Z,"0002cc01000003e9","2250bfe24dfd39cf050f11148361c755500f00000000000000ffffffffffffffffffffffff",3.61,,0.32,17,20.51,33.33,100122.00,15.00,0,0,0,0,,,-1.00,-1.00,-1.00,-1.00,-1.00,-116005.98
2022-12-11T00:15:45Z,"0002cc01000003e9","2250bfe3b1fd39bb050f11148161c955260b00000000000000ffffffffffffffffffffffff",3.61,,0.32,17,20.50,33.26,100130.00,11.00,0,0,0,0,,,-1.00,-1.00,-1.00,-1.00,-1.00,-114615.99
2022-12-11T00:21:41Z,"0002cc01000003e9","2250bfe515fd39cb050f11147e61ca551ef000000000000000ffffffffffffffffffffffff",3.61,,0.32,17,20.49,33.25,100133.00,0.00,0,0,0,0,,,-1.00,-1.00,-1.00,-1.00,-1.00,-1.00
2022-12-11T00:27:37Z,"0002cc01000003e9","2250bfe679fd39c7050f11147b61c95509f000000000000000ffffffffffffffffffffffff",3.61,,0.32,17,20.48,33.22,100128.00,0.00,0,0,0,0,,,-1.00,-1.00,-1.00,-1.00,-1.00,-1.00
2022-12-11T00:33:33Z,"0002cc01000003e9","2250bfe7ddfd39cf050f11147961c854f4f000000000000000ffffffffffffffffffffffff",3.61,,0.32,17,20.47,33.18,100125.00,0.00,0,0,0,0,,,-1.00,-1.00,-1.00,-1.00,-1.00,-114634.35
2022-12-11T00:39:29Z,"0002cc01000003e9","2250bfe941fd39cf050f11147661c654e50800000000000000ffffffffffffffffffffffff",3.61,,0.32,17,20.46,33.16,100116.00,4.00,0,0,0,0,,,-1.00,-1.00,-1.00,-1.00,-1.00,-1.00
2022-12-11T00:45:25Z,"0002cc01000003e9","2250bfeaa5fd39cf050f11147461c454de0c00000000000000ffffffffffffffffffffffff",3.61,,0.32,17,20.45,33.15,100110.00,6.00,0,0,0,0,,,-1.00,-1.00,-1.00,-1.00,-1.00,-1.00
2022-12-11T00:51:21Z,"0002cc01000003e9","2250bfec09fd39c7050f11147161c454b30c00000000000000ffffffffffffffffffffffff",3.61,,0.32,17,20.44,33.09,100108.00,12.00,0,0,0,0,,,-1.00,-1.00,-1.00,-1.00,-1.00,-1.00
2022-12-11T00:57:17Z,"0002cc01000003e9","2250bfed6dfd39c7050f11147161c2546d0800000000000000ffffffffffffffffffffffff",3.61,,0.32,17,20.44,32.98,100102.00,1.00,0,0,0,0,,,-1.00,-1.00,-1.00,-1.00,-1.00,-1.00
2022-12-11T01:03:13Z,"0002cc01000003e9","2250bfeed1fd39cf050f11147461c25427f000000000000000ffffffffffffffffffffffff",3.61,,0.32,17,20.45,32.87,100101.00,0.00,0,0,0,0,,,-1.00,-1.00,-1.00,-1.00,-1.00,-114634.35
2022-12-11T01:09:09Z,"0002cc01000003e9","2250bff035fd39c3050f11147961c153e2f000000000000000ffffffffffffffffffffffff",3.61,,0.32,17,20.47,32.77,100096.00,0.00,0,0,0,0,,,-1.00,-1.00,-1.00,-1.00,-1.00,-1.00
2022-12-11T01:15:05Z,"0002cc01000003e9","2250bff199fd39c7050f11147661c153bff000000000000000ffffffffffffffffffffffff",3.61,,0.32,17,20.46,32.71,100097.00,0.00,0,0,0,0,,,-1.00,-1.00,-1.00,-1.00,-1.00,-114634.37
2022-12-11T01:21:02Z,"0002cc01000003e9","2250bff2fefd39cf051711147461c453a9f000000000000000ffffffffffffffffffffffff",3.61,,0.32,17,20.45,32.68,100109.00,0.00,0,0,0,0,,,-1.00,-1.00,-1.00,-1.00,-1.00,-1.00
2022-12-11T01:26:58Z,"0002cc01000003e9","2250bff462fd39cf050f11147161c7539b0980000000000000ffffffffffffffffffffffff",3.61,,0.32,17,20.44,32.66,100121.00,19.00,0,0,0,0,,,-1.00,-1.00,-1.00,-1.00,-1.00,-114619.07
2022-12-11T01:32:54Z,"0002cc01000003e9","2250bff5c6fd39cf050f11147461c653800800000000000000ffffffffffffffffffffffff",3.61,,0.32,17,20.45,32.62,100118.00,4.00,0,0,0,0,,,-1.00,-1.00,-1.00,-1.00,-1.00,-114625.17
2022-12-11T01:38:50Z,"0002cc01000003e9","2250bff72afd39c7051711147461ca53800900000000000000ffffffffffffffffffffffff",3.61,,0.32,17,20.45,32.62,100132.00,9.00,0,0,0,0,,,-1.00,-1.00,-1.00,-1.00,-1.00,-1.00
2022-12-11T01:44:46Z,"0002cc01000003e9","2250bff88efd39c7050f11147661c55379f000000000000000ffffffffffffffffffffffff",3.61,,0.32,17,20.46,32.61,100112.00,0.00,0,0,0,0,,,-1.00,-1.00,-1.00,-1.00,-1.00,-1.00
2022-12-11T01:50:42Z,"0002cc01000003e9","2250bff9f2fd39cf050f11147461c2536af000000000000000ffffffffffffffffffffffff",3.61,,0.32,17,20.45,32.58,100103.00,0.00,0,0,0,0,,,-1.00,-1.00,-1.00,-1.00,-1.00,-1.00
2022-12-11T01:56:38Z,"0002cc01000003e9","2250bffb56fd39cf050f11147161c05363f000000000000000ffffffffffffffffffffffff",3.61,,0.32,17,20.44,32.57,100094.00,0.00,0,0,0,0,,,-1.00,-1.00,-1.00,-1.00,-1.00,-1.00
2022-12-11T02:02:34Z,"0002cc01000003e9","2250bffcbafd39cf050f11147461c2535c0e00000000000000ffffffffffffffffffffffff",3.61,,0.32,17,20.45,32.56,100102.00,14.00,0,0,0,0,,,-1.00,-1.00,-1.00,-1.00,-1.00,-1.00
2022-12-11T02:08:30Z,"0002cc01000003e9","2250bffe1efd39c7050f11147461c15347f000000000000000ffffffffffffffffffffffff",3.61,,0.32,17,20.45,32.53,100098.00,0.00,0,0,0,0,,,-1.00,-1.00,-1.00,-1.00,-1.00,-114628.24
2022-12-11T02:14:26Z,"0002cc01000003e9","2250bfff82fd39c7050f11147461c6535c0900000000000000ffffffffffffffffffffffff",3.61,,0.32,17,20.45,32.56,100118.00,18.00,0,0,0,0,,,-1.00,-1.00,-1.00,-1.00,-1.00,-114622.11
2022-12-11T02:20:22Z,"0002cc01000003e9","2250c000e6fd39c7050f11147461ca53550c00000000000000ffffffffffffffffffffffff",3.61,,0.32,17,20.45,32.55,100133.00,6.00,0,0,0,0,,,-1.00,-1.00,-1.00,-1.00,-1.00,-1.00
2022-12-11T02:26:18Z,"0002cc01000003e9","2250c0024afd39cf050f11147461ca5347f000000000000000ffffffffffffffffffffffff",3.61,,0.32,17,20.45,32.53,100134.00,0.00,0,0,0,0,,,-1.00,-1.00,-1.00,-1.00,-1.00,-1.00
2022-12-11T02:32:14Z,"0002cc01000003e9","2250c003aefd39bf050f11147461cc5347f000000000000000ffffffffffffffffffffffff",3.61,,0.32,17,20.45,32.53,100143.00,0.00,0,0,0,0,,,-1.00,-1.00,-1.00,-1.00,-1.00,-114625.19
2022-12-11T02:38:10Z,"0002cc01000003e9","2250c00512fd39cf050f11147161cc53400800000000000000ffffffffffffffffffffffff",3.61,,0.32,17,20.44,32.52,100140.00,16.00,0,0,0,0,,,-1.00,-1.00,-1.00,-1.00,-1.00,-1.00
2022-12-11T02:44:06Z,"0002cc01000003e9","2250c00676fd39c7050f11147161ca53470a68000000000000ffffffffffffffffffffffff",3.61,,0.32,17,20.44,32.53,100132.00,333.00,0,0,0,0,,,-1.00,-1.00,-1.00,-1.00,-1.00,-1.00
2022-12-11T02:50:02Z,"0002cc01000003e9","2250c007dafd39c7050f11147161c953390980000000000000ffffffffffffffffffffffff",3.61,,0.32,17,20.44,32.51,100128.00,19.00,0,0,0,0,,,-1.00,-1.00,-1.00,-1.00,-1.00,-114631.30
2022-12-11T02:55:58Z,"0002cc01000003e9","2250c0093efd39cf050f11146f61cb5339f000000000000000ffffffffffffffffffffffff",3.61,,0.32,17,20.43,32.51,100139.00,0.00,0,0,0,0,,,-1.00,-1.00,-1.00,-1.00,-1.00,-115305.25
2022-12-11T03:01:54Z,"0002cc01000003e9","2250c00aa2fd39cf050f11146f61cb5346f000000000000000ffffffffffffffffffffffff",3.61,,0.32,17,20.43,32.53,100139.00,0.00,0,0,0,0,,,-1.00,-1.00,-1.00,-1.00,-1.00,-114628.24
2022-12-11T03:07:50Z,"0002cc01000003e9","2250c00c06fd39cf051711146c61ca534df000000000000000ffffffffffffffffffffffff",3.61,,0.32,17,20.42,32.54,100133.00,0.00,0,0,0,0,,,-1.00,-1.00,-1.00,-1.00,-1.00,-114628.24
2022-12-11T03:13:46Z,"0002cc01000003e9","2250c00d6afd39cf050f11146961cd533ef000000000000000ffffffffffffffffffffffff",3.61,,0.32,17,20.41,32.52,100146.00,0.00,0,0,0,0,,,-1.00,-1.00,-1.00,-1.00,-1.00,-1.00
2022-12-11T03:19:42Z,"0002cc01000003e9","2250c00ecefd39c7050f11146461cd53300800000000000000ffffffffffffffffffffffff",3.61,,0.32,17,20.39,32.50,100146.00,4.00,0,0,0,0,,,-1.00,-1.00,-1.00,-1.00,-1.00,-1.00
2022-12-11T03:25:38Z,"0002cc01000003e9","2250c01032fd39c7050f11146261cf533df000000000000000ffffffffffffffffffffffff",3.61,,0.32,17,20.38,32.52,100152.00,0.00,0,0,0,0,,,-1.00,-1.00,-1.00,-1.00,-1.00,-114634.35
2022-12-11T03:31:34Z,"0002cc01000003e9","2250c01196fd39bf050f11145d61cc5358f000000000000000ffffffffffffffffffffffff",3.61,,0.32,17,20.36,32.56,100143.00,0.00,0,0,0,0,,,-1.00,-1.00,-1.00,-1.00,-1.00,-1.00
2022-12-11T03:37:31Z,"0002cc01000003e9","2250c012fbfd39c7050f11145861cf5381f000000000000000ffffffffffffffffffffffff",3.61,,0.32,17,20.34,32.62,100154.00,0.00,0,0,0,0,,,-1.00,-1.00,-1.00,-1.00,-1.00,-114640.48
2022-12-11T03:43:27Z,"0002cc01000003e9","2250c0145ffd39c7050f11145261cb53a40a00000000000000ffffffffffffffffffffffff",3.61,,0.32,17,20.32,32.67,100139.00,5.00,0,0,0,0,,,-1.00,-1.00,-1.00,-1.00,-1.00,-114631.29
2022-12-11T03:49:23Z,"0002cc01000003e9","2250c015c3fd39c7050f11145061ce53b8f000000000000000ffffffffffffffffffffffff",3.61,,0.32,17,20.31,32.70,100149.00,0.00,0,0,0,0,,,-1.00,-1.00,-1.00,-1.00,-1.00,-114640.48
2022-12-11T03:55:19Z,"0002cc01000003e9","2250c01727fd39c7051711144d61cc53e20800000000000000ffffffffffffffffffffffff",3.61,,0.32,17,20.30,32.77,100140.00,4.00,0,0,0,0,,,-1.00,-1.00,-1.00,-1.00,-1.00,-115308.34
2022-12-11T04:01:15Z,"0002cc01000003e9","2250c0188bfd39c7050f11144d61c953e8f000000000000000ffffffffffffffffffffffff",3.61,,0.32,17,20.30,32.78,100130.00,0.00,0,0,0,0,,,-1.00,-1.00,-1.00,-1.00,-1.00,-114622.13
2022-12-11T04:07:11Z,"0002cc01000003e9","2250c019effd39c7050f11144b61c8540b0e00000000000000ffffffffffffffffffffffff",3.61,,0.32,17,20.29,32.83,100125.00,7.00,0,0,0,0,,,-1.00,-1.00,-1.00,-1.00,-1.00,-114628.24
2022-12-11T04:13:07Z,"0002cc01000003e9","2250c01b53fd39c7051711144b61c75412f000000000000000ffffffffffffffffffffffff",3.61,,0.32,17,20.29,32.84,100121.00,0.00,0,0,0,0,,,-1.00,-1.00,-1.00,-1.00,-1.00,-114634.35
2022-12-11T04:19:03Z,"0002cc01000003e9","2250c01cb7fd39c7050f11144861c854190800000000000000ffffffffffffffffffffffff",3.61,,0.32,17,20.28,32.85,100127.00,2.00,0,0,0,0,,,-1.00,-1.00,-1.00,-1.00,-1.00,-1.00
2022-12-11T04:24:59Z,"0002cc01000003e9","2250c01e1bfd39c7050f11144661c854260c00000000000000ffffffffffffffffffffffff",3.61,,0.32,17,20.27,32.87,100126.00,24.00,0,0,0,0,,,-1.00,-1.00,-1.00,-1.00,-1.00,-1.00
2022-12-11T04:30:55Z,"0002cc01000003e9","2250c01f7ffd39bf050f11144661c8542cf000000000000000ffffffffffffffffffffffff",3.61,,0.32,17,20.27,32.88,100125.00,0.00,0,0,0,0,,,-1.00,-1.00,-1.00,-1.00,-1.00,-1.00
2022-12-11T04:36:51Z,"0002cc01000003e9","2250c020e3fd39c7050f11144161ca543a0a00000000000000ffffffffffffffffffffffff",3.61,,0.32,17,20.25,32.90,100135.00,5.00,0,0,0,0,,,-1.00,-1.00,-1.00,-1.00,-1.00,-1.00
2022-12-11T04:42:47Z,"0002cc01000003e9","2250c02247fd39cf051f11144161cc544ef000000000000000ffffffffffffffffffffffff",3.61,,0.32,17,20.25,32.93,100142.00,0.00,0,0,0,0,,,-1.00,-1.00,-1.00,-1.00,-1.00,-1.00
2022-12-11T04:48:43Z,"0002cc01000003e9","2250c023abfd39c7050f11143b61cd54700900000000000000ffffffffffffffffffffffff",3.61,,0.32,17,20.23,32.98,100145.00,18.00,0,0,0,0,,,-1.00,-1.00,-1.00,-1.00,-1.00,-114634.37
2022-12-11T04:54:39Z,"0002cc01000003e9","2250c0250ffd39c7050f11143961cd547ef000000000000000ffffffffffffffffffffffff",3.61,,0.32,17,20.22,33.00,100144.00,0.00,0,0,0,0,,,-1.00,-1.00,-1.00,-1.00,-1.00,-115320.73
2022-12-11T05:00:35Z,"0002cc01000003e9","2250c02673fd39c7050f11143661cd5499f000000000000000ffffffffffffffffffffffff",3.61,,0.32,17,20.21,33.05,100147.00,0.00,0,0,0,0,,,-1.00,-1.00,-1.00,-1.00,-1.00,-114631.30
2022-12-11T05:06:31Z,"0002cc01000003e9","2250c027d7fd39c7051711143961cd54940e00000000000000ffffffffffffffffffffffff",3.61,,0.32,17,20.22,33.04,100146.00,7.00,0,0,0,0,,,-1.00,-1.00,-1.00,-1.00,-1.00,-114640.48
2022-12-11T05:12:27Z,"0002cc01000003e9","2250c0293bfd39c7050f11143461cf54920c00000000000000ffffffffffffffffffffffff",3.61,,0.32,17,20.20,33.04,100154.00,12.00,0,0,0,0,,,-1.00,-1.00,-1.00,-1.00,-1.00,-114625.17
2022-12-11T05:18:23Z,"0002cc01000003e9","2250c02a9ffd39c7050f11142f61d054750d00000000000000ffffffffffffffffffffffff",3.61,,0.32,17,20.18,32.99,100156.00,13.00,0,0,0,0,,,-1.00,-1.00,-1.00,-1.00,-1.00,-1.00
2022-12-11T05:24:19Z,"0002cc01000003e9","2250c02c03fd39bf050f11142c61d35452f000000000000000ffffffffffffffffffffffff",3.61,,0.32,17,20.17,32.94,100169.00,0.00,0,0,0,0,,,-1.00,-1.00,-1.00,-1.00,-1.00,-1.00
2022-12-11T05:30:15Z,"0002cc01000003e9","2250c02d67fd39c7050f11142761d354270e00000000000000ffffffffffffffffffffffff",3.61,,0.32,17,20.15,32.87,100168.00,7.00,0,0,0,0,,,-1.00,-1.00,-1.00,-1.00,-1.00,-1.00
2022-12-11T05:36:11Z,"0002cc01000003e9","2250c02ecbfd39c7051711142761d453fcf000000000000000ffffffffffffffffffffffff",3.61,,0.32,17,20.15,32.81,100173.00,0.00,0,0,0,0,,,-1.00,-1.00,-1.00,-1.00,-1.00,-1.00
2022-12-11T05:42:07Z,"0002cc01000003e9","2250c0302ffd39c7050f11142461d653e10800000000000000ffffffffffffffffffffffff",3.61,,0.32,17,20.14,32.77,100182.00,8.00,0,0,0,0,,,-1.00,-1.00,-1.00,-1.00,-1.00,-1.00
2022-12-11T05:48:03Z,"0002cc01000003e9","2250c03193fd39c7050f11142461d653cbf000000000000000ffffffffffffffffffffffff",3.61,,0.32,17,20.14,32.73,100183.00,0.00,0,0,0,0,,,-1.00,-1.00,-1.00,-1.00,-1.00,-1.00
2022-12-11T05:54:00Z,"0002cc01000003e9","2250c032f8fd39c7050f11142261d753b60d00000000000000ffffffffffffffffffffffff",3.61,,0.32,17,20.13,32.70,100185.00,13.00,0,0,0,0,,,-1.00,-1.00,-1.00,-1.00,-1.00,-1.00
2022-12-11T05:59:56Z,"0002cc01000003e9","2250c0345cfd39bf050f11141f61d653a8f000000000000000ffffffffffffffffffffffff",3.61,,0.32,17,20.12,32.68,100180.00,0.00,0,0,0,0,,,-1.00,-1.00,-1.00,-1.00,-1.00,-1.00
2022-12-11T06:05:52Z,"0002cc01000003e9","2250c035c0fd39c7050f11141f61da53a00880000000000000ffffffffffffffffffffffff",3.61,,0.32,17,20.12,32.67,100197.00,17.00,0,0,0,0,,,-1.00,-1.00,-1.00,-1.00,-1.00,-1.00
2022-12-11T06:11:48Z,"0002cc01000003e9","2250c03724fd39c7050f11141a61de5399f000000000000000ffffffffffffffffffffffff",3.61,,0.32,17,20.10,32.66,100215.00,0.00,0,0,0,0,,,-1.00,-1.00,-1.00,-1.00,-1.00,-1.00
2022-12-11T06:17:44Z,"0002cc01000003e9","2250c03888fd39c7051711141a61dc53920800000000000000ffffffffffffffffffffffff",3.61,,0.32,17,20.10,32.64,100207.00,2.00,0,0,0,0,,,-1.00,-1.00,-1.00,-1.00,-1.00,-1.00
2022-12-11T06:23:40Z,"0002cc01000003e9","2250c039ecfd39c7050f11141d61dc5376f000000000000000ffffffffffffffffffffffff",3.61,,0.32,17,20.11,32.60,100204.00,0.00,0,0,0,0,,,-1.00,-1.00,-1.00,-1.00,-1.00,-1.00
2022-12-11T06:29:36Z,"0002cc01000003e9","2250c03b50fd39c7050f11141f61df5362f000000000000000ffffffffffffffffffffffff",3.61,,0.32,17,20.12,32.57,100216.00,0.00,0,0,0,0,,,-1.00,-1.00,-1.00,-1.00,-1.00,-1.00
2022-12-11T06:35:32Z,"0002cc01000003e9","2250c03cb4fd39bf050f11141f61de533f0e00000000000000ffffffffffffffffffffffff",3.61,,0.32,17,20.12,32.52,100213.00,7.00,0,0,0,0,,,-1.00,-1.00,-1.00,-1.00,-1.00,-1.00
2022-12-11T06:41:28Z,"0002cc01000003e9","2250c03e18fd39bf050f11141d61e15329f000000000000000ffffffffffffffffffffffff",3.61,,0.32,17,20.11,32.49,100224.00,0.00,0,0,0,0,,,-1.00,-1.00,-1.00,-1.00,-1.00,-1.00
2022-12-11T06:47:24Z,"0002cc01000003e9","2250c03f7cfd39c7050f11141a61e35314f000000000000000ffffffffffffffffffffffff",3.61,,0.32,17,20.10,32.45,100234.00,0.00,0,0,0,0,,,-1.00,-1.00,-1.00,-1.00,-1.00,-114643.55
2022-12-11T06:53:20Z,"0002cc01000003e9","2250c040e0fd39bf050f11141a61e15305f000000000000000ffffffffffffffffffffffff",3.61,,0.32,17,20.10,32.43,100226.00,0.00,0,0,0,0,,,-1.00,-1.00,-1.00,-1.00,-1.00,-115320.74
2022-12-11T06:59:16Z,"0002cc01000003e9","2250c04244fd39c7051711141561df52f7f000000000000000ffffffffffffffffffffffff",3.61,,0.32,17,20.08,32.41,100216.00,0.00,0,0,0,0,,,-1.00,-1.00,-1.00,-1.00,-1.00,-114628.24
2022-12-11T07:05:12Z,"0002cc01000003e9","2250c043a8fd39bf051711141261df52d4f000000000000000ffffffffffffffffffffffff",3.61,,0.32,17,20.07,32.35,100217.00,0.00,0,0,0,0,,,-1.00,-1.00,-1.00,-1.00,-1.00,-114628.23
2022-12-11T07:11:08Z,"0002cc01000003e9","2250c0450cfd39c7051711141061e352a90e80000000000000ffffffffffffffffffffffff",3.61,,0.32,17,20.06,32.29,100233.00,29.00,0,0,0,0,,,-1.00,-1.00,-1.00,-1.00,-1.00,-1.00
2022-12-11T07:17:04Z,"0002cc01000003e9","2250c04670fd39c7050f11141061e4527ff000000000000000ffffffffffffffffffffffff",3.61,,0.32,17,20.06,32.23,100237.00,0.00,0,0,0,0,,,-1.00,-1.00,-1.00,-1.00,-1.00,-1.00
2022-12-11T07:23:00Z,"0002cc01000003e9","2250c047d4fd39c7050f11141061e45239f000000000000000ffffffffffffffffffffffff",3.61,,0.32,17,20.06,32.12,100236.00,0.00,0,0,0,0,,,-1.00,-1.00,-1.00,-1.00,-1.00,-1.00
2022-12-11T07:28:56Z,"0002cc01000003e9","2250c04938fd39bf050f11141261e651e50e00000000000000ffffffffffffffffffffffff",3.61,,0.32,17,20.07,31.99,100244.00,7.00,0,0,0,0,,,-1.00,-1.00,-1.00,-1.00,-1.00,-1.00
2022-12-11T07:34:52Z,"0002cc01000003e9","2250c04a9cfd39c7050f11141061e451910c00000000000000ffffffffffffffffffffffff",3.61,,0.32,17,20.06,31.86,100239.00,3.00,0,0,0,0,,,-1.00,-1.00,-1.00,-1.00,-1.00,-1.00
2022-12-11T07:40:49Z,"0002cc01000003e9","2250c04c01fd39c7050f11140d61e05152f000000000000000ffffffffffffffffffffffff",3.61,,0.32,17,20.05,31.77,100222.00,0.00,0,0,0,0,,,-1.00,-1.00,-1.00,-1.00,-1.00,-114631.30
2022-12-11T07:46:45Z,"0002cc01000003e9","2250c04d65fd39c7050f11140b61e45104f000000000000000ffffffffffffffffffffffff",3.61,,0.32,17,20.04,31.65,100237.00,0.00,0,0,0,0,,,-1.00,-1.00,-1.00,-1.00,-1.00,-114634.37
2022-12-11T07:52:41Z,"0002cc01000003e9","2250c04ec9fd39c3051711140861e050be0800000000000000ffffffffffffffffffffffff",3.61,,0.32,17,20.03,31.54,100223.00,2.00,0,0,0,0,,,-1.00,-1.00,-1.00,-1.00,-1.00,-114643.53
2022-12-11T07:58:37Z,"0002cc01000003e9","2250c0502dfd39c7051711140661e250620a00000000000000ffffffffffffffffffffffff",3.61,,0.32,17,20.02,31.40,100229.00,10.00,0,0,0,0,,,-1.00,-1.00,-1.00,-1.00,-1.00,-1.00
2022-12-11T08:04:33Z,"0002cc01000003e9","2250c05191fd39c7050f11140661e2500e0800000000000000ffffffffffffffffffffffff",3.61,,0.32,17,20.02,31.27,100229.00,4.00,0,0,0,0,,,-1.00,-1.00,-1.00,-1.00,-1.00,-114615.99
2022-12-11T08:10:29Z,"0002cc01000003e9","2250c052f5fd39bf050f11140661e34fcff000000000000000ffffffffffffffffffffffff",3.61,,0.32,17,20.02,31.18,100232.00,0.00,0,0,0,0,,,-1.00,-1.00,-1.00,-1.00,-1.00,-1.00
2022-12-11T08:16:25Z,"0002cc01000003e9","2250c05459fd39bf051711140361e64f740a00000000000000ffffffffffffffffffffffff",3.61,,0.32,17,20.01,31.04,100244.00,5.00,0,0,0,0,,,-1.00,-1.00,-1.00,-1.00,-1.00,-1.00
2022-12-11T08:22:21Z,"0002cc01000003e9","2250c055bdfd39b7050f11140661e84f27f000000000000000ffffffffffffffffffffffff",3.61,,0.32,17,20.02,30.92,100253.00,0.00,0,0,0,0,,,-1.00,-1.00,-1.00,-1.00,-1.00,-114640.47
2022-12-11T08:28:17Z,"0002cc01000003e9","2250c05721fd39bf050f11140b61e94ee20a00000000000000ffffffffffffffffffffffff",3.61,,0.32,17,20.04,30.81,100257.00,5.00,0,0,0,0,,,-1.00,-1.00,-1.00,-1.00,-1.00,-1.00
2022-12-11T08:34:13Z,"0002cc01000003e9","2250c05885fd39c7050f11140b61e84eab0980000000000000ffffffffffffffffffffffff",3.61,,0.32,17,20.04,30.73,100254.00,19.00,0,0,0,0,,,-1.00,-1.00,-1.00,-1.00,-1.00,-1.00
2022-12-11T08:40:09Z,"0002cc01000003e9","2250c059e9fd39c7050f11140b61eb4e9c0e00000000000000ffffffffffffffffffffffff",3.61,,0.32,17,20.04,30.71,100264.00,7.00,0,0,0,0,,,-1.00,-1.00,-1.00,-1.00,-1.00,-1.00
2022-12-11T08:46:05Z,"0002cc01000003e9","2250c05b4dfd39c3050f11140861eb4e80f000000000000000ffffffffffffffffffffffff",3.61,,0.32,17,20.03,30.66,100265.00,0.00,0,0,0,0,,,-1.00,-1.00,-1.00,-1.00,-1.00,-1.00
2022-12-11T08:52:01Z,"0002cc01000003e9","2250c05cb1fd39c7050f11140661ec4e4e0880000000000000ffffffffffffffffffffffff",3.61,,0.32,17,20.02,30.59,100271.00,17.00,0,0,0,0,,,-1.00,-1.00,-1.00,-1.00,-1.00,-114637.41
2022-12-11T08:57:57Z,"0002cc01000003e9","2250c05e15fd39c7050f11140661ec4dc2f000000000000000ffffffffffffffffffffffff",3.61,,0.32,17,20.02,30.37,100269.00,0.00,0,0,0,0,,,-1.00,-1.00,-1.00,-1.00,-1.00,-1.00
2022-12-11T09:03:53Z,"0002cc01000003e9","2250c05f79fd39c3050f11140661ed4d4bf000000000000000ffffffffffffffffffffffff",3.61,,0.32,17,20.02,30.19,100273.00,0.00,0,0,0,0,,,-1.00,-1.00,-1.00,-1.00,-1.00,-114634.37
2022-12-11T09:09:49Z,"0002cc01000003e9","2250c060ddfd39c7050f11140661ef4cfef000000000000000ffffffffffffffffffffffff",3.61,,0.32,17,20.02,30.08,100281.00,0.00,0,0,0,0,,,-1.00,-1.00,-1.00,-1.00,-1.00,-1.00
2022-12-11T09:15:45Z,"0002cc01000003e9","2250c06241fd39b7050f11140361ec4cb1f000000000000000ffffffffffffffffffffffff",3.61,,0.32,17,20.01,29.96,100271.00,0.00,0,0,0,0,,,-1.00,-1.00,-1.00,-1.00,-1.00,-114622.13
2022-12-11T09:21:41Z,"0002cc01000003e9","2250c063a5fd39b7050f11140361eb4c2cf000000000000000ffffffffffffffffffffffff",3.61,,0.32,17,20.01,29.75,100266.00,0.00,0,0,0,0,,,-1.00,-1.00,-1.00,-1.00,-1.00,-115311.45
2022-12-11T09:27:37Z,"0002cc01000003e9","2250c06509fd39c7050f11140361ed4c020a00000000000000ffffffffffffffffffffffff",3.61,,0.32,17,20.01,29.69,100275.00,10.00,0,0,0,0,,,-1.00,-1.00,-1.00,-1.00,-1.00,-114619.07
2022-12-11T09:33:33Z,"0002cc01000003e9","2250c0666dfd39bf051711140161ee4b61f000000000000000ffffffffffffffffffffffff",3.61,,0.32,17,20.00,29.45,100279.00,0.00,0,0,0,0,,,-1.00,-1.00,-1.00,-1.00,-1.00,-1.00
2022-12-11T09:39:30Z,"0002cc01000003e9","2250c067d2fd39b7050f1113fe61ed4ae90d00000000000000ffffffffffffffffffffffff",3.61,,0.32,17,19.99,29.26,100275.00,13.00,0,0,0,0,,,-1.00,-1.00,-1.00,-1.00,-1.00,-114631.30
2022-12-11T09:45:26Z,"0002cc01000003e9","2250c06936fd39bf050f1113fe61e74a560b80000000000000ffffffffffffffffffffffff",3.61,,0.32,17,19.99,29.04,100250.00,23.00,0,0,0,0,,,-1.00,-1.00,-1.00,-1.00,-1.00,-114631.30
2022-12-11T09:51:22Z,"0002cc01000003e9","2250c06a9afd39bf051711140161e649d90800000000000000ffffffffffffffffffffffff",3.61,,0.32,17,20.00,28.85,100247.00,8.00,0,0,0,0,,,-1.00,-1.00,-1.00,-1.00,-1.00,-113934.95
2022-12-11T09:57:18Z,"0002cc01000003e9","2250c06bfefd39c7050f11140361e14962f000000000000000ffffffffffffffffffffffff",3.61,,0.32,17,20.01,28.67,100227.00,0.00,0,0,0,0,,,-1.00,-1.00,-1.00,-1.00,-1.00,-1.00
2022-12-11T10:03:14Z,"0002cc01000003e9","2250c06d62fd39c3050f11140161df4900f000000000000000ffffffffffffffffffffffff",3.61,,0.32,17,20.00,28.52,100218.00,0.00,0,0,0,0,,,-1.00,-1.00,-1.00,-1.00,-1.00,-1.00
2022-12-11T10:09:10Z,"0002cc01000003e9","2250c06ec6fd39bf050f1113fe61e048c0f000000000000000ffffffffffffffffffffffff",3.61,,0.32,17,19.99,28.42,100220.00,0.00,0,0,0,0,,,-1.00,-1.00,-1.00,-1.00,-1.00,-1.00
2022-12-11T10:15:06Z,"0002cc01000003e9","2250c0702afd39bf050f1113fe61e248890c00000000000000ffffffffffffffffffffffff",3.61,,0.32,17,19.99,28.33,100230.00,3.00,0,0,0,0,,,-1.00,-1.00,-1.00,-1.00,-1.00,-114634.35
2022-12-11T10:21:02Z,"0002cc01000003e9","2250c0718efd39c3050f11140161e2483bf000000000000000ffffffffffffffffffffffff",3.61,,0.32,17,20.00,28.22,100231.00,0.00,0,0,0,0,,,-1.00,-1.00,-1.00,-1.00,-1.00,-1.00
2022-12-11T10:26:58Z,"0002cc01000003e9","2250c072f2fd39c705171113fe61e348180e00000000000000ffffffffffffffffffffffff",3.61,,0.32,17,19.99,28.16,100233.00,7.00,0,0,0,0,,,-1.00,-1.00,-1.00,-1.00,-1.00,-114619.07
2022-12-11T10:32:54Z,"0002cc01000003e9","2250c07456fd39c3050f1113fe61e54811f000000000000000ffffffffffffffffffffffff",3.61,,0.32,17,19.99,28.15,100243.00,0.00,0,0,0,0,,,-1.00,-1.00,-1.00,-1.00,-1.00,-114628.23
2022-12-11T10:38:50Z,"0002cc01000003e9","2250c075bafd39c7050f1113fb61e84803f000000000000000ffffffffffffffffffffffff",3.61,,0.32,17,19.98,28.13,100252.00,0.00,0,0,0,0,,,-1.00,-1.00,-1.00,-1.00,-1.00,-1.00
2022-12-11T10:44:46Z,"0002cc01000003e9","2250c0771efd39bf050f1113fb61ea47f5f000000000000000ffffffffffffffffffffffff",3.61,,0.32,17,19.98,28.11,100263.00,0.00,0,0,0,0,,,-1.00,-1.00,-1.00,-1.00,-1.00,-114637.41
2022-12-11T10:50:42Z,"0002cc01000003e9","2250c07882fd39c7050f1113fb61ec47b50800000000000000ffffffffffffffffffffffff",3.61,,0.32,17,19.98,28.01,100271.00,2.00,0,0,0,0,,,-1.00,-1.00,-1.00,-1.00,-1.00,-1.00
2022-12-11T10:56:38Z,"0002cc01000003e9","2250c079e6fd39b705171113fb61f047690800000000000000ffffffffffffffffffffffff",3.61,,0.32,17,19.98,27.89,100285.00,1.00,0,0,0,0,,,-1.00,-1.00,-1.00,-1.00,-1.00,-1.00
2022-12-11T11:02:34Z,"0002cc01000003e9","2250c07b4afd39c305171113f961f44745f000000000000000ffffffffffffffffffffffff",3.61,,0.32,17,19.97,27.84,100302.00,0.00,0,0,0,0,,,-1.00,-1.00,-1.00,-1.00,-1.00,-114637.41
2022-12-11T11:08:30Z,"0002cc01000003e9","2250c07caefd39c3050f1113f661f847300c00000000000000ffffffffffffffffffffffff",3.61,,0.32,17,19.96,27.81,100317.00,24.00,0,0,0,0,,,-1.00,-1.00,-1.00,-1.00,-1.00,-1.00
2022-12-11T11:14:26Z,"0002cc01000003e9","2250c07e12fd39b7050f1113f661fa4730f000000000000000ffffffffffffffffffffffff",3.61,,0.32,17,19.96,27.81,100325.00,0.00,0,0,0,0,,,-1.00,-1.00,-1.00,-1.00,-1.00,-1.00
2022-12-11T11:20:22Z,"0002cc01000003e9","2250c07f76fd39b7050f1113f461fb46e9f000000000000000ffffffffffffffffffffffff",3.61,,0.32,17,19.95,27.70,100328.00,0.00,0,0,0,0,,,-1.00,-1.00,-1.00,-1.00,-1.00,-1.00
2022-12-11T11:26:18Z,"0002cc01000003e9","2250c080dafd39b705171113ef61fc46dbf000000000000000ffffffffffffffffffffffff",3.61,,0.32,17,19.93,27.68,100333.00,0.00,0,0,0,0,,,-1.00,-1.00,-1.00,-1.00,-1.00,-1.00
2022-12-11T11:32:14Z,"0002cc01000003e9","2250c0823efd39c3050f1113ef620146cd0800000000000000ffffffffffffffffffffffff",3.61,,0.32,17,19.93,27.66,100352.00,2.00,0,0,0,0,,,-1.00,-1.00,-1.00,-1.00,-1.00,-114637.41
2022-12-11T11:38:10Z,"0002cc01000003e9","2250c083a2fd39c3050f1113f6620146c0f000000000000000ffffffffffffffffffffffff",3.61,,0.32,17,19.96,27.64,100353.00,0.00,0,0,0,0,,,-1.00,-1.00,-1.00,-1.00,-1.00,-1.00
2022-12-11T11:44:06Z,"0002cc01000003e9","2250c08506fd39c3050f111408620246e60a80000000000000ffffffffffffffffffffffff",3.61,,0.32,17,20.03,27.70,100358.00,21.00,0,0,0,0,,,-1.00,-1.00,-1.00,-1.00,-1.00,-114640.47
2022-12-11T11:50:03Z,"0002cc01000003e9","2250c0866bfd39c3050f11141d61ff46d4f000000000000000ffffffffffffffffffffffff",3.61,,0.32,17,20.11,27.67,100346.00,0.00,0,0,0,0,,,-1.00,-1.00,-1.00,-1.00,-1.00,-1.00
2022-12-11T11:55:59Z,"0002cc01000003e9","2250c087cffd39c3050f11142c6200469e0800000000000000ffffffffffffffffffffffff",3.61,,0.32,17,20.17,27.58,100348.00,4.00,0,0,0,0,,,-1.00,-1.00,-1.00,-1.00,-1.00,-114643.55
2022-12-11T12:01:55Z,"0002cc01000003e9","2250c08933fd39c7050f11143b62014669f000000000000000ffffffffffffffffffffffff",3.61,,0.32,17,20.23,27.50,100355.00,0.00,0,0,0,0,,,-1.00,-1.00,-1.00,-1.00,-1.00,-115317.65
2022-12-11T12:07:51Z,"0002cc01000003e9","2250c08a97fd39bf050f111448620246330800000000000000ffffffffffffffffffffffff",3.61,,0.32,17,20.28,27.42,100359.00,16.00,0,0,0,0,,,-1.00,-1.00,-1.00,-1.00,-1.00,-114643.55
2022-12-11T12:13:47Z,"0002cc01000003e9","2250c08bfbfd39c3050f111452620445d90a80000000000000ffffffffffffffffffffffff",3.61,,0.32,17,20.32,27.28,100366.00,21.00,0,0,0,0,,,-1.00,-1.00,-1.00,-1.00,-1.00,-115314.54
2022-12-11T12:19:43Z,"0002cc01000003e9","2250c08d5ffd39c3050f111458620545a90900000000000000ffffffffffffffffffffffff",3.61,,0.32,17,20.34,27.21,100368.00,9.00,0,0,0,0,,,-1.00,-1.00,-1.00,-1.00,-1.00,-114628.24
2022-12-11T12:25:39Z,"0002cc01000003e9","2250c08ec3fd39c3050f111452620444ebf000000000000000ffffffffffffffffffffffff",3.61,,0.32,17,20.32,26.92,100365.00,0.00,0,0,0,0,,,-1.00,-1.00,-1.00,-1.00,-1.00,-114637.42
2022-12-11T12:31:35Z,"0002cc01000003e9","2250c09027fd39c3050f111446620344e2f000000000000000ffffffffffffffffffffffff",3.61,,0.32,17,20.27,26.91,100361.00,0.00,0,0,0,0,,,-1.00,-1.00,-1.00,-1.00,-1.00,-114625.17
2022-12-11T12:37:31Z,"0002cc01000003e9","2250c0918bfd39c3050f111443620044a9f000000000000000ffffffffffffffffffffffff",3.61,,0.32,17,20.26,26.82,100349.00,0.00,0,0,0,0,,,-1.00,-1.00,-1.00,-1.00,-1.00,-1.00
2022-12-11T12:43:27Z,"0002cc01000003e9","2250c092effd39c3050f11143b620144b60d80000000000000ffffffffffffffffffffffff",3.61,,0.32,17,20.23,26.84,100355.00,27.00,0,0,0,0,,,-1.00,-1.00,-1.00,-1.00,-1.00,-1.00
2022-12-11T12:49:23Z,"0002cc01000003e9","2250c09453fd39bf050f11143e620544cb0900000000000000ffffffffffffffffffffffff",3.61,,0.32,17,20.24,26.87,100368.00,9.00,0,0,0,0,,,-1.00,-1.00,-1.00,-1.00,-1.00,-1.00
2022-12-11T12:55:19Z,"0002cc01000003e9","2250c095b7fd39c3050f11143e620844c40e00000000000000ffffffffffffffffffffffff",3.61,,0.32,17,20.24,26.86,100383.00,14.00,0,0,0,0,,,-1.00,-1.00,-1.00,-1.00,-1.00,-1.00
2022-12-11T13:01:15Z,"0002cc01000003e9","2250c0971bfd39c3050f11143e620744a8f000000000000000ffffffffffffffffffffffff",3.61,,0.32,17,20.24,26.82,100377.00,0.00,0,0,0,0,,,-1.00,-1.00,-1.00,-1.00,-1.00,-1.00
2022-12-11T13:07:11Z,"0002cc01000003e9","2250c0987ffd39c3050f11143b620b449af000000000000000ffffffffffffffffffffffff",3.61,,0.32,17,20.23,26.80,100393.00,0.00,0,0,0,0,,,-1.00,-1.00,-1.00,-1.00,-1.00,-114637.42
2022-12-11T13:13:07Z,"0002cc01000003e9","2250c099e3fd39b7050f11143b62094493f000000000000000ffffffffffffffffffffffff",3.61,,0.32,17,20.23,26.79,100384.00,0.00,0,0,0,0,,,-1.00,-1.00,-1.00,-1.00,-1.00,-115311.44
2022-12-11T13:19:03Z,"0002cc01000003e9","2250c09b47fd39c3050f11143b620944930a00000000000000ffffffffffffffffffffffff",3.61,,0.32,17,20.23,26.79,100385.00,5.00,0,0,0,0,,,-1.00,-1.00,-1.00,-1.00,-1.00,-114631.30
2022-12-11T13:24:59Z,"0002cc01000003e9","2250c09cabfd39c3050f11143e620b44620c00000000000000ffffffffffffffffffffffff",3.61,,0.32,17,20.24,26.71,100392.00,3.00,0,0,0,0,,,-1.00,-1.00,-1.00,-1.00,-1.00,-114634.35
2022-12-11T13:30:55Z,"0002cc01000003e9","2250c09e0ffd39c3050f11143e620c443ff000000000000000ffffffffffffffffffffffff",3.61,,0.32,17,20.24,26.66,100396.00,0.00,0,0,0,0,,,-1.00,-1.00,-1.00,-1.00,-1.00,-114625.19
2022-12-11T13:36:51Z,"0002cc01000003e9","2250c09f73fd39b7050f11143e620d44470900000000000000ffffffffffffffffffffffff",3.61,,0.32,17,20.24,26.67,100403.00,18.00,0,0,0,0,,,-1.00,-1.00,-1.00,-1.00,-1.00,-114634.37
2022-12-11T13:42:47Z,"0002cc01000003e9","2250c0a0d7fd39c3050f111441620e444ef000000000000000ffffffffffffffffffffffff",3.61,,0.32,17,20.25,26.68,100406.00,0.00,0,0,0,0,,,-1.00,-1.00,-1.00,-1.00,-1.00,-115317.63
2022-12-11T13:48:44Z,"0002cc01000003e9","2250c0a23cfd39c3050f111441620f441d0c00000000000000ffffffffffffffffffffffff",3.61,,0.32,17,20.25,26.61,100411.00,3.00,0,0,0,0,,,-1.00,-1.00,-1.00,-1.00,-1.00,-114628.24
2022-12-11T13:54:40Z,"0002cc01000003e9","2250c0a3a0fd39c3050f11143e62124407f000000000000000ffffffffffffffffffffffff",3.61,,0.32,17,20.24,26.57,100421.00,0.00,0,0,0,0,,,-1.00,-1.00,-1.00,-1.00,-1.00,-115323.82
2022-12-11T14:00:36Z,"0002cc01000003e9","2250c0a504fd39c3050f11143b621444150a00000000000000ffffffffffffffffffffffff",3.61,,0.32,17,20.23,26.59,100430.00,10.00,0,0,0,0,,,-1.00,-1.00,-1.00,-1.00,-1.00,-114634.37
2022-12-11T14:06:32Z,"0002cc01000003e9","2250c0a668fd39c3051711143b6218443ff000000000000000ffffffffffffffffffffffff",3.61,,0.32,17,20.23,26.66,100444.00,0.00,0,0,0,0,,,-1.00,-1.00,-1.00,-1.00,-1.00,-114631.30
2022-12-11T14:12:28Z,"0002cc01000003e9","2250c0a7ccfd39b7050f11143b621943d5f000000000000000ffffffffffffffffffffffff",3.61,,0.32,17,20.23,26.50,100449.00,0.00,0,0,0,0,,,-1.00,-1.00,-1.00,-1.00,-1.00,-1.00
2022-12-11T14:18:24Z,"0002cc01000003e9","2250c0a930fd39bb050f11143b621843acf000000000000000ffffffffffffffffffffffff",3.61,,0.32,17,20.23,26.43,100447.00,0.00,0,0,0,0,,,-1.00,-1.00,-1.00,-1.00,-1.00,-114625.19
2022-12-11T14:24:20Z,"0002cc01000003e9","2250c0aa94fd39b7050f1114396218437af000000000000000ffffffffffffffffffffffff",3.61,,0.32,17,20.22,26.36,100444.00,0.00,0,0,0,0,,,-1.00,-1.00,-1.00,-1.00,-1.00,-1.00
2022-12-11T14:30:16Z,"0002cc01000003e9","2250c0abf8fd39c3050f111436621d43500c00000000000000ffffffffffffffffffffffff",3.61,,0.32,17,20.21,26.29,100467.00,3.00,0,0,0,0,,,-1.00,-1.00,-1.00,-1.00,-1.00,-1.00
2022-12-11T14:36:12Z,"0002cc01000003e9","2250c0ad5cfd39c3050f111434622143640f00000000000000ffffffffffffffffffffffff",3.61,,0.32,17,20.20,26.33,100483.00,15.00,0,0,0,0,,,-1.00,-1.00,-1.00,-1.00,-1.00,-1.00
2022-12-11T14:42:08Z,"0002cc01000003e9","2250c0aec0fd39c3050f11143162224372f000000000000000ffffffffffffffffffffffff",3.61,,0.32,17,20.19,26.35,100485.00,0.00,0,0,0,0,,,-1.00,-1.00,-1.00,-1.00,-1.00,-1.00
2022-12-11T14:48:04Z,"0002cc01000003e9","2250c0b024fd39c30517111434622443720e00000000000000ffffffffffffffffffffffff",3.61,,0.32,17,20.20,26.35,100495.00,7.00,0,0,0,0,,,-1.00,-1.00,-1.00,-1.00,-1.00,-1.00
2022-12-11T14:54:00Z,"0002cc01000003e9","2250c0b188fd39c3050f111434622743790a00000000000000ffffffffffffffffffffffff",3.61,,0.32,17,20.20,26.36,100504.00,10.00,0,0,0,0,,,-1.00,-1.00,-1.00,-1.00,-1.00,-1.00
2022-12-11T14:59:56Z,"0002cc01000003e9","2250c0b2ecfd39bb050f111434622443730800000000000000ffffffffffffffffffffffff",3.61,,0.32,17,20.20,26.35,100495.00,8.00,0,0,0,0,,,-1.00,-1.00,-1.00,-1.00,-1.00,-114625.19
2022-12-11T15:05:52Z,"0002cc01000003e9","2250c0b450fd39c3050f1114366223435e0e00000000000000ffffffffffffffffffffffff",3.61,,0.32,17,20.21,26.32,100489.00,14.00,0,0,0,0,,,-1.00,-1.00,-1.00,-1.00,-1.00,-1.00
2022-12-11T15:11:48Z,"0002cc01000003e9","2250c0b5b4fd39b7050f11143462244357f000000000000000ffffffffffffffffffffffff",3.61,,0.32,17,20.20,26.30,100495.00,0.00,0,0,0,0,,,-1.00,-1.00,-1.00,-1.00,-1.00,-1.00
2022-12-11T15:17:44Z,"0002cc01000003e9","2250c0b718fd39c3050f111434622643570800000000000000ffffffffffffffffffffffff",3.61,,0.32,17,20.20,26.30,100500.00,1.00,0,0,0,0,,,-1.00,-1.00,-1.00,-1.00,-1.00,-114640.48
2022-12-11T15:23:40Z,"0002cc01000003e9","2250c0b87cfd39c3050f11143662294357f000000000000000ffffffffffffffffffffffff",3.61,,0.32,17,20.21,26.30,100513.00,0.00,0,0,0,0,,,-1.00,-1.00,-1.00,-1.00,-1.00,-114631.29
2022-12-11T15:29:36Z,"0002cc01000003e9","2250c0b9e0fd39bb050f1114366228433bf000000000000000ffffffffffffffffffffffff",3.61,,0.32,17,20.21,26.26,100509.00,0.00,0,0,0,0,,,-1.00,-1.00,-1.00,-1.00,-1.00,-1.00
2022-12-11T15:35:32Z,"0002cc01000003e9","2250c0bb44fd39c3050f11143962274349f000000000000000ffffffffffffffffffffffff",3.61,,0.32,17,20.22,26.28,100506.00,0.00,0,0,0,0,,,-1.00,-1.00,-1.00,-1.00,-1.00,-1.00
2022-12-11T15:41:28Z,"0002cc01000003e9","2250c0bca8fd39bb050f1114396228433b0f00000000000000ffffffffffffffffffffffff",3.61,,0.32,17,20.22,26.26,100509.00,15.00,0,0,0,0,,,-1.00,-1.00,-1.00,-1.00,-1.00,-1.00
2022-12-11T15:47:24Z,"0002cc01000003e9","2250c0be0cfd39c3050f111439622b43570800000000000000ffffffffffffffffffffffff",3.61,,0.32,17,20.22,26.31,100522.00,2.00,0,0,0,0,,,-1.00,-1.00,-1.00,-1.00,-1.00,-114625.17
2022-12-11T15:53:20Z,"0002cc01000003e9","2250c0bf70fd39b3050f111439622c43650c00000000000000ffffffffffffffffffffffff",3.61,,0.32,17,20.22,26.33,100525.00,6.00,0,0,0,0,,,-1.00,-1.00,-1.00,-1.00,-1.00,-115308.34
2022-12-11T15:59:16Z,"0002cc01000003e9","2250c0c0d4fd39bb050f111439622e435e0800000000000000ffffffffffffffffffffffff",3.61,,0.32,17,20.22,26.32,100532.00,8.00,0,0,0,0,,,-1.00,-1.00,-1.00,-1.00,-1.00,-115323.82
2022-12-11T16:05:12Z,"0002cc01000003e9","2250c0c238fd39c3050f111439622c43340e00000000000000ffffffffffffffffffffffff",3.61,,0.32,17,20.22,26.25,100525.00,7.00,0,0,0,0,,,-1.00,-1.00,-1.00,-1.00,-1.00,-114634.35
2022-12-11T16:11:08Z,"0002cc01000003e9","2250c0c39cfd39bb0503111436622c43250900000000000000ffffffffffffffffffffffff",3.61,,0.31,17,20.21,26.23,100525.00,18.00,0,0,0,0,,,-1.00,-1.00,-1.00,-1.00,-1.00,-1.00
2022-12-11T16:17:05Z,"0002cc01000003e9","2250c0c501fd39c3050f111439622b4342f000000000000000ffffffffffffffffffffffff",3.61,,0.32,17,20.22,26.27,100523.00,0.00,0,0,0,0,,,-1.00,-1.00,-1.00,-1.00,-1.00,-1.00
2022-12-11T16:23:01Z,"0002cc01000003e9","2250c0c665fd39b3050f111439622c43420a00000000000000ffffffffffffffffffffffff",3.61,,0.32,17,20.22,26.27,100525.00,10.00,0,0,0,0,,,-1.00,-1.00,-1.00,-1.00,-1.00,-115311.44
2022-12-11T16:28:57Z,"0002cc01000003e9","2250c0c7c9fd39b3050f11143b622f43420a00000000000000ffffffffffffffffffffffff",3.61,,0.32,17,20.23,26.27,100537.00,5.00,0,0,0,0,,,-1.00,-1.00,-1.00,-1.00,-1.00,-1.00
2022-12-11T16:34:53Z,"0002cc01000003e9","2250c0c92dfd39b3050f111441622d432e0c00000000000000ffffffffffffffffffffffff",3.61,,0.32,17,20.25,26.24,100528.00,12.00,0,0,0,0,,,-1.00,-1.00,-1.00,-1.00,-1.00,-1.00
2022-12-11T16:40:49Z,"0002cc01000003e9","2250c0ca91fd39b3050f111446622c432f0d00000000000000ffffffffffffffffffffffff",3.61,,0.32,17,20.27,26.24,100526.00,13.00,0,0,0,0,,,-1.00,-1.00,-1.00,-1.00,-1.00,-1.00
2022-12-11T16:46:45Z,"0002cc01000003e9","2250c0cbf5fd39b7050f111446622b433d0800000000000000ffffffffffffffffffffffff",3.61,,0.32,17,20.27,26.27,100520.00,8.00,0,0,0,0,,,-1.00,-1.00,-1.00,-1.00,-1.00,-1.00
2022-12-11T16:52:41Z,"0002cc01000003e9","2250c0cd59fd39bb050f11144662294321f000000000000000ffffffffffffffffffffffff",3.61,,0.32,17,20.27,26.22,100514.00,0.00,0,0,0,0,,,-1.00,-1.00,-1.00,-1.00,-1.00,-115326.92
2022-12-11T16:58:37Z,"0002cc01000003e9","2250c0cebdfd39b3050f111443622743130c00000000000000ffffffffffffffffffffffff",3.61,,0.32,17,20.26,26.20,100506.00,6.00,0,0,0,0,,,-1.00,-1.00,-1.00,-1.00,-1.00,-1.00
2022-12-11T17:04:33Z,"0002cc01000003e9","2250c0d021fd39bb050f111443622742f00840000000000000ffffffffffffffffffffffff",3.61,,0.32,17,20.26,26.15,100507.00,33.00,0,0,0,0,,,-1.00,-1.00,-1.00,-1.00,-1.00,-1.00
2022-12-11T17:10:29Z,"0002cc01000003e9","2250c0d185fd39c3050f111443622742dbf000000000000000ffffffffffffffffffffffff",3.61,,0.32,17,20.26,26.12,100507.00,0.00,0,0,0,0,,,-1.00,-1.00,-1.00,-1.00,-1.00,-1.00
2022-12-11T17:16:25Z,"0002cc01000003e9","2250c0d2e9fd39b3050f111443622642b10a00000000000000ffffffffffffffffffffffff",3.61,,0.32,17,20.26,26.05,100503.00,5.00,0,0,0,0,,,-1.00,-1.00,-1.00,-1.00,-1.00,-1.00
2022-12-11T17:22:21Z,"0002cc01000003e9","2250c0d44dfd39bb050f111443622442aaf000000000000000ffffffffffffffffffffffff",3.61,,0.32,17,20.26,26.04,100494.00,0.00,0,0,0,0,,,-1.00,-1.00,-1.00,-1.00,-1.00,-115314.54
2022-12-11T17:28:17Z,"0002cc01000003e9","2250c0d5b1fd39b7050f111443621f42a2f000000000000000ffffffffffffffffffffffff",3.61,,0.32,17,20.26,26.03,100475.00,0.00,0,0,0,0,,,-1.00,-1.00,-1.00,-1.00,-1.00,-1.00
2022-12-11T17:34:13Z,"0002cc01000003e9","2250c0d715fd39b7050f111443621c42b80e80000000000000ffffffffffffffffffffffff",3.61,,0.32,17,20.26,26.06,100460.00,29.00,0,0,0,0,,,-1.00,-1.00,-1.00,-1.00,-1.00,-115311.44
2022-12-11T17:40:09Z,"0002cc01000003e9","2250c0d879fd39bb050f111443621b42c50f00000000000000ffffffffffffffffffffffff",3.61,,0.32,17,20.26,26.08,100457.00,30.00,0,0,0,0,,,-1.00,-1.00,-1.00,-1.00,-1.00,-1.00
2022-12-11T17:46:05Z,"0002cc01000003e9","2250c0d9ddfd39bb050f111448621742a30e00000000000000ffffffffffffffffffffffff",3.61,,0.32,17,20.28,26.03,100443.00,14.00,0,0,0,0,,,-1.00,-1.00,-1.00,-1.00,-1.00,-114631.29
2022-12-11T17:52:01Z,"0002cc01000003e9","2250c0db41fd39bb050f1114486217428ef000000000000000ffffffffffffffffffffffff",3.61,,0.32,17,20.28,26.00,100441.00,0.00,0,0,0,0,,,-1.00,-1.00,-1.00,-1.00,-1.00,-1.00
2022-12-11T17:57:57Z,"0002cc01000003e9","2250c0dca5fd39bb050f1114486213428e0800000000000000ffffffffffffffffffffffff",3.61,,0.32,17,20.28,26.00,100425.00,8.00,0,0,0,0,,,-1.00,-1.00,-1.00,-1.00,-1.00,-114631.30
2022-12-11T18:03:53Z,"0002cc01000003e9","2250c0de09fd39bb050f11144d6212427a0e00000000000000ffffffffffffffffffffffff",3.61,,0.32,17,20.30,25.97,100420.00,14.00,0,0,0,0,,,-1.00,-1.00,-1.00,-1.00,-1.00,-1.00
2022-12-11T18:09:49Z,"0002cc01000003e9","2250c0df6dfd39bb050f11144b621242810a00000000000000ffffffffffffffffffffffff",3.61,,0.32,17,20.29,25.98,100422.00,5.00,0,0,0,0,,,-1.00,-1.00,-1.00,-1.00,-1.00,-1.00
2022-12-11T18:15:45Z,"0002cc01000003e9","2250c0e0d1fd39af050f111448620f42960b00000000000000ffffffffffffffffffffffff",3.61,,0.32,17,20.28,26.01,100408.00,11.00,0,0,0,0,,,-1.00,-1.00,-1.00,-1.00,-1.00,-1.00
2022-12-11T18:21:42Z,"0002cc01000003e9","2250c0e236fd39bb050f11144b620c42880f00000000000000ffffffffffffffffffffffff",3.61,,0.32,17,20.29,25.99,100396.00,30.00,0,0,0,0,,,-1.00,-1.00,-1.00,-1.00,-1.00,-1.00
2022-12-11T18:27:38Z,"0002cc01000003e9","2250c0e39afd39bb050f111448620c4280f000000000000000ffffffffffffffffffffffff",3.61,,0.32,17,20.28,25.98,100398.00,0.00,0,0,0,0,,,-1.00,-1.00,-1.00,-1.00,-1.00,-1.00
2022-12-11T18:33:34Z,"0002cc01000003e9","2250c0e4fefd39bb050f111448620e4279f000000000000000ffffffffffffffffffffffff",3.61,,0.32,17,20.28,25.97,100407.00,0.00,0,0,0,0,,,-1.00,-1.00,-1.00,-1.00,-1.00,-1.00
2022-12-11T18:39:30Z,"0002cc01000003e9","2250c0e662fd39b3050f111448620f424f0900000000000000ffffffffffffffffffffffff",3.61,,0.32,17,20.28,25.90,100409.00,18.00,0,0,0,0,,,-1.00,-1.00,-1.00,-1.00,-1.00,-1.00
2022-12-11T18:45:26Z,"0002cc01000003e9","2250c0e7c6fd39bb050f111448620e424f0800000000000000ffffffffffffffffffffffff",3.61,,0.32,17,20.28,25.90,100407.00,16.00,0,0,0,0,,,-1.00,-1.00,-1.00,-1.00,-1.00,-1.00
2022-12-11T18:51:22Z,"0002cc01000003e9","2250c0e92afd39b3050f111448621142640c80000000000000ffffffffffffffffffffffff",3.61,,0.32,17,20.28,25.93,100416.00,25.00,0,0,0,0,,,-1.00,-1.00,-1.00,-1.00,-1.00,-115317.63
2022-12-11T18:57:18Z,"0002cc01000003e9","2250c0ea8efd39b3050f111448620d42800c00000000000000ffffffffffffffffffffffff",3.61,,0.32,17,20.28,25.98,100402.00,3.00,0,0,0,0,,,-1.00,-1.00,-1.00,-1.00,-1.00,-1.00
2022-12-11T19:03:14Z,"0002cc01000003e9","2250c0ebf2fd39bb050f111448620c42aa0b00000000000000ffffffffffffffffffffffff",3.61,,0.32,17,20.28,26.04,100397.00,22.00,0,0,0,0,,,-1.00,-1.00,-1.00,-1.00,-1.00,-115314.54
2022-12-11T19:09:10Z,"0002cc01000003e9","2250c0ed56fd39bb050f111446620a428ef000000000000000ffffffffffffffffffffffff",3.61,,0.32,17,20.27,26.00,100391.00,0.00,0,0,0,0,,,-1.00,-1.00,-1.00,-1.00,-1.00,-1.00
2022-12-11T19:15:06Z,"0002cc01000003e9","2250c0eebafd39bb050f1114466206428e0c00000000000000ffffffffffffffffffffffff",3.61,,0.32,17,20.27,26.00,100375.00,24.00,0,0,0,0,,,-1.00,-1.00,-1.00,-1.00,-1.00,-1.00
2022-12-11T19:21:02Z,"0002cc01000003e9","2250c0f01efd39b3050f111448620342b10e80000000000000ffffffffffffffffffffffff",3.61,,0.32,17,20.28,26.05,100361.00,29.00,0,0,0,0,,,-1.00,-1.00,-1.00,-1.00,-1.00,-115311.44
2022-12-11T19:26:58Z,"0002cc01000003e9","2250c0f182fd39b3050f11144861ff42cd0e00000000000000ffffffffffffffffffffffff",3.61,,0.32,17,20.28,26.09,100347.00,28.00,0,0,0,0,,,-1.00,-1.00,-1.00,-1.00,-1.00,-1.00
2022-12-11T19:32:54Z,"0002cc01000003e9","2250c0f2e6fd39bb050f11144861fe42f00800000000000000ffffffffffffffffffffffff",3.61,,0.32,17,20.28,26.15,100340.00,4.00,0,0,0,0,,,-1.00,-1.00,-1.00,-1.00,-1.00,-1.00
2022-12-11T19:38:50Z,"0002cc01000003e9","2250c0f44afd39bb050f11144b61fd42f10800000000000000ffffffffffffffffffffffff",3.61,,0.32,17,20.29,26.15,100336.00,8.00,0,0,0,0,,,-1.00,-1.00,-1.00,-1.00,-1.00,-1.00
2022-12-11T19:44:46Z,"0002cc01000003e9","2250c0f5aefd39bb051711144b61fd42ff0d00000000000000ffffffffffffffffffffffff",3.61,,0.32,17,20.29,26.17,100337.00,13.00,0,0,0,0,,,-1.00,-1.00,-1.00,-1.00,-1.00,-1.00
2022-12-11T19:50:42Z,"0002cc01000003e9","2250c0f712fd39bb050f11144b61fd42f00880000000000000ffffffffffffffffffffffff",3.61,,0.32,17,20.29,26.15,100337.00,17.00,0,0,0,0,,,-1.00,-1.00,-1.00,-1.00,-1.00,-1.00
2022-12-11T19:56:38Z,"0002cc01000003e9","2250c0f876fd39bb050f11144861fc42cd0880000000000000ffffffffffffffffffffffff",3.61,,0.32,17,20.28,26.09,100334.00,17.00,0,0,0,0,,,-1.00,-1.00,-1.00,-1.00,-1.00,-1.00
2022-12-11T20:02:34Z,"0002cc01000003e9","2250c0f9dafd39b3050f11144861fb42c60b00000000000000ffffffffffffffffffffffff",3.61,,0.32,17,20.28,26.08,100331.00,11.00,0,0,0,0,,,-1.00,-1.00,-1.00,-1.00,-1.00,-1.00
2022-12-11T20:08:31Z,"0002cc01000003e9","2250c0fb3ffd39b3050f11144661f942bf0d00000000000000ffffffffffffffffffffffff",3.61,,0.32,17,20.27,26.07,100321.00,26.00,0,0,0,0,,,-1.00,-1.00,-1.00,-1.00,-1.00,-1.00
2022-12-11T20:14:26Z,"0002cc01000003e9","2250c0fca2fd39b3050f11144861f842b10800000000000000ffffffffffffffffffffffff",3.61,,0.32,17,20.28,26.05,100316.00,2.00,0,0,0,0,,,-1.00,-1.00,-1.00,-1.00,-1.00,-114640.47
2022-12-11T20:20:23Z,"0002cc01000003e9","2250c0fe07fd39bb050f11144861f542a30900000000000000ffffffffffffffffffffffff",3.61,,0.32,17,20.28,26.03,100307.00,9.00,0,0,0,0,,,-1.00,-1.00,-1.00,-1.00,-1.00,-1.00
2022-12-11T20:26:19Z,"0002cc01000003e9","2250c0ff6bfd39b3050f11144861f442870e00000000000000ffffffffffffffffffffffff",3.61,,0.32,17,20.28,25.99,100303.00,28.00,0,0,0,0,,,-1.00,-1.00,-1.00,-1.00,-1.00,-114634.35
2022-12-11T20:32:15Z,"0002cc01000003e9","2250c100cffd39b3050f11144861f2428e0c00000000000000ffffffffffffffffffffffff",3.61,,0.32,17,20.28,26.00,100294.00,3.00,0,0,0,0,,,-1.00,-1.00,-1.00,-1.00,-1.00,-1.00
2022-12-11T20:38:11Z,"0002cc01000003e9","2250c10233fd39b3050f11144861f142b90e00000000000000ffffffffffffffffffffffff",3.61,,0.32,17,20.28,26.06,100288.00,7.00,0,0,0,0,,,-1.00,-1.00,-1.00,-1.00,-1.00,-114640.47
2022-12-11T20:44:07Z,"0002cc01000003e9","2250c10397fd39b3050f11144b61f142b2f000000000000000ffffffffffffffffffffffff",3.61,,0.32,17,20.29,26.05,100290.00,0.00,0,0,0,0,,,-1.00,-1.00,-1.00,-1.00,-1.00,-1.00
2022-12-11T20:50:03Z,"0002cc01000003e9","2250c104fbfd39b3050f11145061f1429e0a00000000000000ffffffffffffffffffffffff",3.61,,0.32,17,20.31,26.02,100291.00,10.00,0,0,0,0,,,-1.00,-1.00,-1.00,-1.00,-1.00,-1.00
2022-12-11T20:55:59Z,"0002cc01000003e9","2250c1065ffd39bb050f11145061f242acf000000000000000ffffffffffffffffffffffff",3.61,,0.32,17,20.31,26.04,100295.00,0.00,0,0,0,0,,,-1.00,-1.00,-1.00,-1.00,-1.00,-1.00
2022-12-11T21:01:55Z,"0002cc01000003e9","2250c107c3fd39b3050f11145261f142c10a80000000000000ffffffffffffffffffffffff",3.61,,0.32,17,20.32,26.08,100291.00,21.00,0,0,0,0,,,-1.00,-1.00,-1.00,-1.00,-1.00,-1.00
2022-12-11T21:07:51Z,"0002cc01000003e9","2250c10927fd39bb050f11145261f342ac0800000000000000ffffffffffffffffffffffff",3.61,,0.32,17,20.32,26.04,100297.00,4.00,0,0,0,0,,,-1.00,-1.00,-1.00,-1.00,-1.00,-1.00
2022-12-11T21:13:47Z,"0002cc01000003e9","2250c10a8bfd39b3050f11145261f442c8f000000000000000ffffffffffffffffffffffff",3.61,,0.32,17,20.32,26.09,100302.00,0.00,0,0,0,0,,,-1.00,-1.00,-1.00,-1.00,-1.00,-1.00
2022-12-11T21:19:43Z,"0002cc01000003e9","2250c10beffd39b3050f11145261f342b30b00000000000000ffffffffffffffffffffffff",3.61,,0.32,17,20.32,26.05,100297.00,11.00,0,0,0,0,,,-1.00,-1.00,-1.00,-1.00,-1.00,-115317.63
2022-12-11T21:25:39Z,"0002cc01000003e9","2250c10d53fd39bb050f11145061f2429ef000000000000000ffffffffffffffffffffffff",3.61,,0.32,17,20.31,26.02,100295.00,0.00,0,0,0,0,,,-1.00,-1.00,-1.00,-1.00,-1.00,-1.00
2022-12-11T21:31:35Z,"0002cc01000003e9","2250c10eb7fd39b3050f11145061f342900b00000000000000ffffffffffffffffffffffff",3.61,,0.32,17,20.31,26.00,100297.00,22.00,0,0,0,0,,,-1.00,-1.00,-1.00,-1.00,-1.00,-115305.25
2022-12-11T21:37:31Z,"0002cc01000003e9","2250c1101bfd39bb050f11145061f542740c00000000000000ffffffffffffffffffffffff",3.61,,0.32,17,20.31,25.96,100304.00,3.00,0,0,0,0,,,-1.00,-1.00,-1.00,-1.00,-1.00,-1.00
2022-12-11T21:43:27Z,"0002cc01000003e9","2250c1117ffd39bb050f11145061f442500800000000000000ffffffffffffffffffffffff",3.61,,0.32,17,20.31,25.90,100300.00,16.00,0,0,0,0,,,-1.00,-1.00,-1.00,-1.00,-1.00,-1.00
2022-12-11T21:49:23Z,"0002cc01000003e9","2250c112e3fd39bb050f11145061f3423bf000000000000000ffffffffffffffffffffffff",3.61,,0.32,17,20.31,25.87,100296.00,0.00,0,0,0,0,,,-1.00,-1.00,-1.00,-1.00,-1.00,-1.00
2022-12-11T21:55:19Z,"0002cc01000003e9","2250c11447fd39bb050f11145261f042260c00000000000000ffffffffffffffffffffffff",3.61,,0.32,17,20.32,25.84,100287.00,24.00,0,0,0,0,,,-1.00,-1.00,-1.00,-1.00,-1.00,-1.00
2022-12-11T22:01:15Z,"0002cc01000003e9","2250c115abfd39b7050f11145261ef4226f000000000000000ffffffffffffffffffffffff",3.61,,0.32,17,20.32,25.84,100280.00,0.00,0,0,0,0,,,-1.00,-1.00,-1.00,-1.00,-1.00,-115314.54
2022-12-11T22:07:11Z,"0002cc01000003e9","2250c1170ffd39bb050f11144d61ed42260880000000000000ffffffffffffffffffffffff",3.61,,0.32,17,20.30,25.84,100272.00,34.00,0,0,0,0,,,-1.00,-1.00,-1.00,-1.00,-1.00,-1.00
2022-12-11T22:13:07Z,"0002cc01000003e9","2250c11873fd39b3050f11144b61eb42340800000000000000ffffffffffffffffffffffff",3.61,,0.32,17,20.29,25.86,100264.00,4.00,0,0,0,0,,,-1.00,-1.00,-1.00,-1.00,-1.00,-1.00
2022-12-11T22:19:03Z,"0002cc01000003e9","2250c119d7fd39b7050f11144861eb42560800000000000000ffffffffffffffffffffffff",3.61,,0.32,17,20.28,25.91,100267.00,8.00,0,0,0,0,,,-1.00,-1.00,-1.00,-1.00,-1.00,-1.00
2022-12-11T22:24:59Z,"0002cc01000003e9","2250c11b3bfd39bb050f11144861ea4264f000000000000000ffffffffffffffffffffffff",3.61,,0.32,17,20.28,25.93,100262.00,0.00,0,0,0,0,,,-1.00,-1.00,-1.00,-1.00,-1.00,-1.00
2022-12-11T22:30:56Z,"0002cc01000003e9","2250c11ca0fd39b3050f11144861e842720800000000000000ffffffffffffffffffffffff",3.61,,0.32,17,20.28,25.96,100255.00,2.00,0,0,0,0,,,-1.00,-1.00,-1.00,-1.00,-1.00,-1.00
2022-12-11T22:36:52Z,"0002cc01000003e9","2250c11e04fd39b7050f11144661e9425d0800000000000000ffffffffffffffffffffffff",3.61,,0.32,17,20.27,25.92,100259.00,1.00,0,0,0,0,,,-1.00,-1.00,-1.00,-1.00,-1.00,-1.00
2022-12-11T22:42:48Z,"0002cc01000003e9","2250c11f68fd39b7050f11144661e942560c00000000000000ffffffffffffffffffffffff",3.61,,0.32,17,20.27,25.91,100257.00,3.00,0,0,0,0,,,-1.00,-1.00,-1.00,-1.00,-1.00,-1.00
2022-12-11T22:48:44Z,"0002cc01000003e9","2250c120ccfd39b3050f11144661e94239f000000000000000ffffffffffffffffffffffff",3.61,,0.32,17,20.27,25.87,100258.00,0.00,0,0,0,0,,,-1.00,-1.00,-1.00,-1.00,-1.00,-1.00
2022-12-11T22:54:40Z,"0002cc01000003e9","2250c12230fd39b7050f11144361e742470c00000000000000ffffffffffffffffffffffff",3.61,,0.32,17,20.26,25.89,100251.00,3.00,0,0,0,0,,,-1.00,-1.00,-1.00,-1.00,-1.00,-114634.35
2022-12-11T23:00:36Z,"0002cc01000003e9","2250c12394fd39b7050f11144361e542400d00000000000000ffffffffffffffffffffffff",3.61,,0.32,17,20.26,25.88,100242.00,13.00,0,0,0,0,,,-1.00,-1.00,-1.00,-1.00,-1.00,-1.00
2022-12-11T23:06:32Z,"0002cc01000003e9","2250c124f8fd39b7051711144361e3424ef000000000000000ffffffffffffffffffffffff",3.61,,0.32,17,20.26,25.90,100233.00,0.00,0,0,0,0,,,-1.00,-1.00,-1.00,-1.00,-1.00,-1.00
2022-12-11T23:12:28Z,"0002cc01000003e9","2250c1265cfd39bb050f11144861e242480900000000000000ffffffffffffffffffffffff",3.61,,0.32,17,20.28,25.89,100229.00,9.00,0,0,0,0,,,-1.00,-1.00,-1.00,-1.00,-1.00,-1.00
2022-12-11T23:18:24Z,"0002cc01000003e9","2250c127c0fd39b7050f11144b61e142420900000000000000ffffffffffffffffffffffff",3.61,,0.32,17,20.29,25.88,100225.00,18.00,0,0,0,0,,,-1.00,-1.00,-1.00,-1.00,-1.00,-1.00
2022-12-11T23:24:20Z,"0002cc01000003e9","2250c12924fd39bb050f11144861e142480a00000000000000ffffffffffffffffffffffff",3.61,,0.32,17,20.28,25.89,100224.00,5.00,0,0,0,0,,,-1.00,-1.00,-1.00,-1.00,-1.00,-1.00
2022-12-11T23:30:16Z,"0002cc01000003e9","2250c12a88fd39b7051711144b61e042650800000000000000ffffffffffffffffffffffff",3.61,,0.32,17,20.29,25.94,100221.00,4.00,0,0,0,0,,,-1.00,-1.00,-1.00,-1.00,-1.00,-115308.34
2022-12-11T23:36:12Z,"0002cc01000003e9","2250c12becfd39a6050f11144b61e0427a0a00000000000000ffffffffffffffffffffffff",3.60,,0.32,17,20.29,25.97,100220.00,40.00,0,0,0,0,,,-1.00,-1.00,-1.00,-1.00,-1.00,-1.00
2022-12-11T23:42:08Z,"0002cc01000003e9","2250c12d50fd39b7050f11144861e142a40a00000000000000ffffffffffffffffffffffff",3.61,,0.32,17,20.28,26.03,100224.00,10.00,0,0,0,0,,,-1.00,-1.00,-1.00,-1.00,-1.00,-115305.25
2022-12-11T23:48:04Z,"0002cc01000003e9","2250c12eb4fd39b7050f11144861e442b90d00000000000000ffffffffffffffffffffffff",3.61,,0.32,17,20.28,26.06,100237.00,13.00,0,0,0,0,,,-1.00,-1.00,-1.00,-1.00,-1.00,-1.00
2022-12-11T23:54:00Z,"0002cc01000003e9","2250c13018fd39b7050f11144b61e642b20c00000000000000ffffffffffffffffffffffff",3.61,,0.32,17,20.29,26.05,100247.00,3.00,0,0,0,0,,,-1.00,-1.00,-1.00,-1.00,-1.00,-1.00
2022-12-11T23:59:56Z,"0002cc01000003e9","2250c1317cfd39b7050f11144b61e442b2f000000000000000ffffffffffffffffffffffff",3.61,,0.32,17,20.29,26.05,100238.00,0.00,0,0,0,0,,,-1.00,-1.00,-1.00,-1.00,-1.00,-115317.63
