Time,DevEUI,Raw,Vbat,Vsystem,Vbus,BootCount,T,RH,P,Light,P[0].delta,P[0].total,P[1].delta,P[1].total,Act[7],Act[6],Act[5],Act[4],Act[3],Act[2],Act[1],Act[0]
2022-12-17T00:03:58Z,"0002cc01000003e9","2250c7c9eefd393c04fa1115b460bd26180bf8000000000000ffffffffffffffffffffffff",3.58,,0.31,17,21.70,14.88,99057.00,383.00,0,0,0,0,,,-1.00,-1.00,-1.00,-1.00,-1.00,-1.00
2022-12-17T00:09:54Z,"0002cc01000003e9","2250c7cb52fd393804f21115af60bd25d00b68000000000000ffffffffffffffffffffffff",3.58,,0.31,17,21.68,14.77,99056.00,365.00,0,0,0,0,,,-1.00,-1.00,-1.00,-1.00,-1.00,-1.00
2022-12-17T00:15:50Z,"0002cc01000003e9","2250c7ccb6fd393804fa1115a960bc25de0bb8000000000000ffffffffffffffffffffffff",3.58,,0.31,17,21.66,14.79,99055.00,375.00,0,0,0,0,,,-1.00,-1.00,-1.00,-1.00,-1.00,-1.00
2022-12-17T00:21:46Z,"0002cc01000003e9","2250c7ce1afd393c04fa1115a960bd25c20c30000000000000ffffffffffffffffffffffff",3.58,,0.31,17,21.66,14.75,99058.00,390.00,0,0,0,0,,,-1.00,-1.00,-1.00,-1.00,-1.00,-1.00
2022-12-17T00:27:42Z,"0002cc01000003e9","2250c7cf7efd393404fa1115a460be25a60bc8000000000000ffffffffffffffffffffffff",3.58,,0.31,17,21.64,14.71,99062.00,377.00,0,0,0,0,,,-1.00,-1.00,-1.00,-1.00,-1.00,-1.00
2022-12-17T00:33:38Z,"0002cc01000003e9","2250c7d0e2fd393804fa1115a260be25f30c28000000000000ffffffffffffffffffffffff",3.58,,0.31,17,21.63,14.82,99060.00,389.00,0,0,0,0,,,-1.00,-1.00,-1.00,-1.00,-1.00,-1.00
2022-12-17T00:39:34Z,"0002cc01000003e9","2250c7d246fd392c04fa1115a460c0262b0c68000000000000ffffffffffffffffffffffff",3.57,,0.31,17,21.64,14.91,99071.00,397.00,0,0,0,0,,,-1.00,-1.00,-1.00,-1.00,-1.00,-1.00
2022-12-17T00:45:30Z,"0002cc01000003e9","2250c7d3aafd393804f21115a260bf261d0c00000000000000ffffffffffffffffffffffff",3.58,,0.31,17,21.63,14.89,99067.00,384.00,0,0,0,0,,,-1.00,-1.00,-1.00,-1.00,-1.00,-1.00
2022-12-17T00:51:26Z,"0002cc01000003e9","2250c7d50efd392c04fa11159f60be26240c78000000000000ffffffffffffffffffffffff",3.57,,0.31,17,21.62,14.90,99063.00,399.00,0,0,0,0,,,-1.00,-1.00,-1.00,-1.00,-1.00,-1.00
2022-12-17T00:57:22Z,"0002cc01000003e9","2250c7d672fd393804fa11159860c0265b0c18000000000000ffffffffffffffffffffffff",3.58,,0.31,17,21.59,14.98,99069.00,387.00,0,0,0,0,,,-1.00,-1.00,-1.00,-1.00,-1.00,-1.00
2022-12-17T01:03:18Z,"0002cc01000003e9","2250c7d7d6fd393c04fa11159860bf26710bd8000000000000ffffffffffffffffffffffff",3.58,,0.31,17,21.59,15.02,99065.00,379.00,0,0,0,0,,,-1.00,-1.00,-1.00,-1.00,-1.00,-1.00
2022-12-17T01:09:14Z,"0002cc01000003e9","2250c7d93afd393404fa11159860bf26a20bb0000000000000ffffffffffffffffffffffff",3.58,,0.31,17,21.59,15.09,99064.00,374.00,0,0,0,0,,,-1.00,-1.00,-1.00,-1.00,-1.00,-1.00
2022-12-17T01:15:10Z,"0002cc01000003e9","2250c7da9efd393804fa11159560c226cd0b88000000000000ffffffffffffffffffffffff",3.58,,0.31,17,21.58,15.16,99077.00,369.00,0,0,0,0,,,-1.00,-1.00,-1.00,-1.00,-1.00,-1.00
2022-12-17T01:21:07Z,"0002cc01000003e9","2250c7dc03fd393804fa11159560c127050c58000000000000ffffffffffffffffffffffff",3.58,,0.31,17,21.58,15.24,99074.00,395.00,0,0,0,0,,,-1.00,-1.00,-1.00,-1.00,-1.00,-1.00
2022-12-17T01:27:02Z,"0002cc01000003e9","2250c7dd66fd3938050311159260c026c6180c000000000000ffffffffffffffffffffffff",3.58,,0.31,17,21.57,15.15,99070.00,515.00,0,0,0,0,,,-1.00,-1.00,-1.00,-1.00,-1.00,-1.00
2022-12-17T01:32:59Z,"0002cc01000003e9","2250c7decbfd392c04fa11159560c026a90f78000000000000ffffffffffffffffffffffff",3.57,,0.31,17,21.58,15.10,99070.00,495.00,0,0,0,0,,,-1.00,-1.00,-1.00,-1.00,-1.00,-1.00
2022-12-17T01:38:54Z,"0002cc01000003e9","2250c7e02efd393804fa11159a60c0269b180c000000000000ffffffffffffffffffffffff",3.58,,0.31,17,21.60,15.08,99068.00,515.00,0,0,0,0,,,-1.00,-1.00,-1.00,-1.00,-1.00,-1.00
2022-12-17T01:44:51Z,"0002cc01000003e9","2250c7e193fd392c04fa11159f60c226a31800000000000000ffffffffffffffffffffffff",3.57,,0.31,17,21.62,15.09,99079.00,512.00,0,0,0,0,,,-1.00,-1.00,-1.00,-1.00,-1.00,-1.00
2022-12-17T01:50:47Z,"0002cc01000003e9","2250c7e2f7fd393804fa1115a260c226a30fc0000000000000ffffffffffffffffffffffff",3.58,,0.31,17,21.63,15.09,99077.00,504.00,0,0,0,0,,,-1.00,-1.00,-1.00,-1.00,-1.00,-1.00
2022-12-17T01:56:43Z,"0002cc01000003e9","2250c7e45bfd393804fa1115a260c026aa1830000000000000ffffffffffffffffffffffff",3.58,,0.31,17,21.63,15.10,99071.00,524.00,0,0,0,0,,,-1.00,-1.00,-1.00,-1.00,-1.00,-1.00
2022-12-17T02:02:39Z,"0002cc01000003e9","2250c7e5bffd392c04f21115a260c226b10f10000000000000ffffffffffffffffffffffff",3.57,,0.31,17,21.63,15.11,99079.00,482.00,0,0,0,0,,,-1.00,-1.00,-1.00,-1.00,-1.00,-1.00
2022-12-17T02:08:35Z,"0002cc01000003e9","2250c7e723fd393804fa11159f60c426c60fb8000000000000ffffffffffffffffffffffff",3.58,,0.31,17,21.62,15.15,99084.00,503.00,0,0,0,0,,,-1.00,-1.00,-1.00,-1.00,-1.00,-1.00
2022-12-17T02:14:31Z,"0002cc01000003e9","2250c7e887fd393804fa11159d60c526e20fe0000000000000ffffffffffffffffffffffff",3.58,,0.31,17,21.61,15.19,99088.00,508.00,0,0,0,0,,,-1.00,-1.00,-1.00,-1.00,-1.00,-1.00
2022-12-17T02:20:27Z,"0002cc01000003e9","2250c7e9ebfd393804fa11159860c326e91800000000000000ffffffffffffffffffffffff",3.58,,0.31,17,21.59,15.20,99082.00,512.00,0,0,0,0,,,-1.00,-1.00,-1.00,-1.00,-1.00,-1.00
2022-12-17T02:26:23Z,"0002cc01000003e9","2250c7eb4ffd392c04fa11159860c326cd1820000000000000ffffffffffffffffffffffff",3.57,,0.31,17,21.59,15.16,99080.00,520.00,0,0,0,0,,,-1.00,-1.00,-1.00,-1.00,-1.00,-1.00
2022-12-17T02:32:19Z,"0002cc01000003e9","2250c7ecb3fd393804fa11159060c126d30e80000000000000ffffffffffffffffffffffff",3.58,,0.31,17,21.56,15.17,99075.00,29.00,0,0,0,0,,,-1.00,-1.00,-1.00,-1.00,-1.00,-1.00
2022-12-17T02:38:15Z,"0002cc01000003e9","2250c7ee17fd393804fa11157b60c126ee0a00000000000000ffffffffffffffffffffffff",3.58,,0.31,17,21.48,15.21,99074.00,40.00,0,0,0,0,,,-1.00,-1.00,-1.00,-1.00,-1.00,-1.00
2022-12-17T02:44:11Z,"0002cc01000003e9","2250c7ef7bfd392c04f211156f60bf27020b00000000000000ffffffffffffffffffffffff",3.57,,0.31,17,21.43,15.24,99065.00,44.00,0,0,0,0,,,-1.00,-1.00,-1.00,-1.00,-1.00,-1.00
2022-12-17T02:50:07Z,"0002cc01000003e9","2250c7f0dffd393804fa11156260bf27160c80000000000000ffffffffffffffffffffffff",3.58,,0.31,17,21.38,15.27,99065.00,25.00,0,0,0,0,,,-1.00,-1.00,-1.00,-1.00,-1.00,-1.00
2022-12-17T02:56:03Z,"0002cc01000003e9","2250c7f243fd393804fa11155860bf27140900000000000000ffffffffffffffffffffffff",3.58,,0.31,17,21.34,15.27,99067.00,18.00,0,0,0,0,,,-1.00,-1.00,-1.00,-1.00,-1.00,-1.00
2022-12-17T03:01:59Z,"0002cc01000003e9","2250c7f3a7fd393804fa11154d60be27300b80000000000000ffffffffffffffffffffffff",3.58,,0.31,17,21.30,15.31,99063.00,23.00,0,0,0,0,,,-1.00,-1.00,-1.00,-1.00,-1.00,-1.00
2022-12-17T03:07:55Z,"0002cc01000003e9","2250c7f50bfd393804fa11154360be273df000000000000000ffffffffffffffffffffffff",3.58,,0.31,17,21.26,15.33,99061.00,0.00,0,0,0,0,,,-1.00,-1.00,-1.00,-1.00,-1.00,-1.00
2022-12-17T03:13:51Z,"0002cc01000003e9","2250c7f66ffd393804fa11153b60bc27430880000000000000ffffffffffffffffffffffff",3.58,,0.31,17,21.23,15.34,99052.00,17.00,0,0,0,0,,,-1.00,-1.00,-1.00,-1.00,-1.00,-1.00
2022-12-17T03:19:47Z,"0002cc01000003e9","2250c7f7d3fd393804fa11153460bc27420e80000000000000ffffffffffffffffffffffff",3.58,,0.31,17,21.20,15.34,99054.00,29.00,0,0,0,0,,,-1.00,-1.00,-1.00,-1.00,-1.00,-1.00
2022-12-17T03:25:43Z,"0002cc01000003e9","2250c7f937fd392c04fa11152c60bd27580d00000000000000ffffffffffffffffffffffff",3.57,,0.31,17,21.17,15.37,99058.00,26.00,0,0,0,0,,,-1.00,-1.00,-1.00,-1.00,-1.00,-1.00
2022-12-17T03:31:40Z,"0002cc01000003e9","2250c7fa9cfd393804fa11152460bf27650880000000000000ffffffffffffffffffffffff",3.58,,0.31,17,21.14,15.39,99065.00,17.00,0,0,0,0,,,-1.00,-1.00,-1.00,-1.00,-1.00,-1.00
2022-12-17T03:37:36Z,"0002cc01000003e9","2250c7fc00fd392c04fa11151d60c027720d00000000000000ffffffffffffffffffffffff",3.57,,0.31,17,21.11,15.41,99071.00,26.00,0,0,0,0,,,-1.00,-1.00,-1.00,-1.00,-1.00,-1.00
2022-12-17T03:43:32Z,"0002cc01000003e9","2250c7fd64fd392c04fa11151860bf27790c00000000000000ffffffffffffffffffffffff",3.57,,0.31,17,21.09,15.42,99067.00,24.00,0,0,0,0,,,-1.00,-1.00,-1.00,-1.00,-1.00,-1.00
2022-12-17T03:49:28Z,"0002cc01000003e9","2250c7fec8fd393804fa11151060c0278d0f00000000000000ffffffffffffffffffffffff",3.58,,0.31,17,21.06,15.45,99069.00,15.00,0,0,0,0,,,-1.00,-1.00,-1.00,-1.00,-1.00,-1.00
2022-12-17T03:55:24Z,"0002cc01000003e9","2250c8002cfd392c04fa11150b60c0279b0f80000000000000ffffffffffffffffffffffff",3.57,,0.31,17,21.04,15.47,99069.00,31.00,0,0,0,0,,,-1.00,-1.00,-1.00,-1.00,-1.00,-1.00
2022-12-17T04:01:20Z,"0002cc01000003e9","2250c80190fd393804fa11150660bf27a90e00000000000000ffffffffffffffffffffffff",3.58,,0.31,17,21.02,15.49,99066.00,56.00,0,0,0,0,,,-1.00,-1.00,-1.00,-1.00,-1.00,-1.00
2022-12-17T04:07:16Z,"0002cc01000003e9","2250c802f4fd393804fa11150160bf27b60d80000000000000ffffffffffffffffffffffff",3.58,,0.31,17,21.00,15.51,99066.00,27.00,0,0,0,0,,,-1.00,-1.00,-1.00,-1.00,-1.00,-1.00
2022-12-17T04:13:12Z,"0002cc01000003e9","2250c80458fd393804fa1114fb60be27cb0b80000000000000ffffffffffffffffffffffff",3.58,,0.31,17,20.98,15.54,99062.00,23.00,0,0,0,0,,,-1.00,-1.00,-1.00,-1.00,-1.00,-1.00
2022-12-17T04:19:08Z,"0002cc01000003e9","2250c805bcfd392c04fa1114f660bf27ca0f00000000000000ffffffffffffffffffffffff",3.57,,0.31,17,20.96,15.54,99067.00,15.00,0,0,0,0,,,-1.00,-1.00,-1.00,-1.00,-1.00,-1.00
2022-12-17T04:25:04Z,"0002cc01000003e9","2250c80720fd393804fa1114f460c027ae0d80000000000000ffffffffffffffffffffffff",3.58,,0.31,17,20.95,15.50,99068.00,27.00,0,0,0,0,,,-1.00,-1.00,-1.00,-1.00,-1.00,-1.00
2022-12-17T04:31:00Z,"0002cc01000003e9","2250c80884fd392c04fa1114ef60bf27980c00000000000000ffffffffffffffffffffffff",3.57,,0.31,17,20.93,15.47,99067.00,48.00,0,0,0,0,,,-1.00,-1.00,-1.00,-1.00,-1.00,-1.00
2022-12-17T04:36:56Z,"0002cc01000003e9","2250c809e8fd393804fa1114e960c0278a0e00000000000000ffffffffffffffffffffffff",3.58,,0.31,17,20.91,15.45,99069.00,7.00,0,0,0,0,,,-1.00,-1.00,-1.00,-1.00,-1.00,-1.00
2022-12-17T04:42:52Z,"0002cc01000003e9","2250c80b4cfd392704fa1114e760bf276d0a40000000000000ffffffffffffffffffffffff",3.57,,0.31,17,20.90,15.40,99066.00,41.00,0,0,0,0,,,-1.00,-1.00,-1.00,-1.00,-1.00,-1.00
2022-12-17T04:48:48Z,"0002cc01000003e9","2250c80cb0fd393804fa1114e460c127510c40000000000000ffffffffffffffffffffffff",3.58,,0.31,17,20.89,15.36,99073.00,49.00,0,0,0,0,,,-1.00,-1.00,-1.00,-1.00,-1.00,-1.00
2022-12-17T04:54:44Z,"0002cc01000003e9","2250c80e14fd392c04fa1114e260c1273b08c0000000000000ffffffffffffffffffffffff",3.57,,0.31,17,20.88,15.33,99075.00,35.00,0,0,0,0,,,-1.00,-1.00,-1.00,-1.00,-1.00,-1.00
2022-12-17T05:00:40Z,"0002cc01000003e9","2250c80f78fd393804fa1114df60c227260e00000000000000ffffffffffffffffffffffff",3.58,,0.31,17,20.87,15.29,99078.00,7.00,0,0,0,0,,,-1.00,-1.00,-1.00,-1.00,-1.00,-1.00
2022-12-17T05:06:36Z,"0002cc01000003e9","2250c810dcfd393804f21114da60bd27100b00000000000000ffffffffffffffffffffffff",3.58,,0.31,17,20.85,15.26,99058.00,22.00,0,0,0,0,,,-1.00,-1.00,-1.00,-1.00,-1.00,-1.00
2022-12-17T05:12:32Z,"0002cc01000003e9","2250c81240fd392c04fa1114d560bf26df0a80000000000000ffffffffffffffffffffffff",3.57,,0.31,17,20.83,15.18,99064.00,42.00,0,0,0,0,,,-1.00,-1.00,-1.00,-1.00,-1.00,-1.00
2022-12-17T05:18:28Z,"0002cc01000003e9","2250c813a4fd393804fa1114d260bf26d80880000000000000ffffffffffffffffffffffff",3.58,,0.31,17,20.82,15.17,99067.00,17.00,0,0,0,0,,,-1.00,-1.00,-1.00,-1.00,-1.00,-1.00
2022-12-17T05:24:24Z,"0002cc01000003e9","2250c81508fd393804fa1114cd60c226bb0980000000000000ffffffffffffffffffffffff",3.58,,0.31,17,20.80,15.13,99076.00,38.00,0,0,0,0,,,-1.00,-1.00,-1.00,-1.00,-1.00,-1.00
2022-12-17T05:30:20Z,"0002cc01000003e9","2250c8166cfd393804fa1114cd60c2269f0b80000000000000ffffffffffffffffffffffff",3.58,,0.31,17,20.80,15.09,99076.00,23.00,0,0,0,0,,,-1.00,-1.00,-1.00,-1.00,-1.00,-1.00
2022-12-17T05:36:16Z,"0002cc01000003e9","2250c817d0fd393004fa1114c860c126890a00000000000000ffffffffffffffffffffffff",3.57,,0.31,17,20.78,15.05,99074.00,20.00,0,0,0,0,,,-1.00,-1.00,-1.00,-1.00,-1.00,-1.00
2022-12-17T05:42:13Z,"0002cc01000003e9","2250c81935fd393804fa1114c160c0267b0f00000000000000ffffffffffffffffffffffff",3.58,,0.31,17,20.75,15.03,99070.00,30.00,0,0,0,0,,,-1.00,-1.00,-1.00,-1.00,-1.00,-1.00
2022-12-17T05:48:09Z,"0002cc01000003e9","2250c81a99fd393804fa1114bb60c026650e00000000000000ffffffffffffffffffffffff",3.58,,0.31,17,20.73,15.00,99070.00,28.00,0,0,0,0,,,-1.00,-1.00,-1.00,-1.00,-1.00,-1.00
2022-12-17T05:54:04Z,"0002cc01000003e9","2250c81bfcfd392c04fa1114b660bf265d0b80000000000000ffffffffffffffffffffffff",3.57,,0.31,17,20.71,14.99,99066.00,46.00,0,0,0,0,,,-1.00,-1.00,-1.00,-1.00,-1.00,-1.00
2022-12-17T06:00:01Z,"0002cc01000003e9","2250c81d61fd393404fa1114b460bd26640c00000000000000ffffffffffffffffffffffff",3.58,,0.31,17,20.70,15.00,99058.00,3.00,0,0,0,0,,,-1.00,-1.00,-1.00,-1.00,-1.00,-1.00
2022-12-17T06:05:57Z,"0002cc01000003e9","2250c81ec5fd392704fa1114af60be266b0800000000000000ffffffffffffffffffffffff",3.57,,0.31,17,20.68,15.01,99063.00,2.00,0,0,0,0,,,-1.00,-1.00,-1.00,-1.00,-1.00,-1.00
2022-12-17T06:11:53Z,"0002cc01000003e9","2250c82029fd392c04fa1114a960bd26720d80000000000000ffffffffffffffffffffffff",3.57,,0.31,17,20.66,15.02,99058.00,27.00,0,0,0,0,,,-1.00,-1.00,-1.00,-1.00,-1.00,-1.00
2022-12-17T06:17:49Z,"0002cc01000003e9","2250c8218dfd392c04fa1114a760bc26630f00000000000000ffffffffffffffffffffffff",3.57,,0.31,17,20.65,15.00,99055.00,15.00,0,0,0,0,,,-1.00,-1.00,-1.00,-1.00,-1.00,-1.00
2022-12-17T06:23:45Z,"0002cc01000003e9","2250c822f1fd393804fa1114a460bb26630840000000000000ffffffffffffffffffffffff",3.58,,0.31,17,20.64,15.00,99049.00,33.00,0,0,0,0,,,-1.00,-1.00,-1.00,-1.00,-1.00,-1.00
2022-12-17T06:29:41Z,"0002cc01000003e9","2250c82455fd392304fa11149f60ba26620e80000000000000ffffffffffffffffffffffff",3.57,,0.31,17,20.62,14.99,99044.00,29.00,0,0,0,0,,,-1.00,-1.00,-1.00,-1.00,-1.00,-1.00
2022-12-17T06:35:37Z,"0002cc01000003e9","2250c825b9fd392c04fa11149f60b926620b00000000000000ffffffffffffffffffffffff",3.57,,0.31,17,20.62,14.99,99042.00,22.00,0,0,0,0,,,-1.00,-1.00,-1.00,-1.00,-1.00,-1.00
2022-12-17T06:41:33Z,"0002cc01000003e9","2250c8271dfd392c04fa11149a60b926620b00000000000000ffffffffffffffffffffffff",3.57,,0.31,17,20.60,14.99,99040.00,11.00,0,0,0,0,,,-1.00,-1.00,-1.00,-1.00,-1.00,-1.00
2022-12-17T06:47:29Z,"0002cc01000003e9","2250c82881fd393004fa11149a60ba26690e00000000000000ffffffffffffffffffffffff",3.57,,0.31,17,20.60,15.00,99044.00,28.00,0,0,0,0,,,-1.00,-1.00,-1.00,-1.00,-1.00,-1.00
2022-12-17T06:53:25Z,"0002cc01000003e9","2250c829e5fd393804fa11149560b826770c00000000000000ffffffffffffffffffffffff",3.58,,0.31,17,20.58,15.03,99037.00,3.00,0,0,0,0,,,-1.00,-1.00,-1.00,-1.00,-1.00,-1.00
2022-12-17T06:59:21Z,"0002cc01000003e9","2250c82b49fd393804fa11149260b7268b0800000000000000ffffffffffffffffffffffff",3.58,,0.31,17,20.57,15.06,99033.00,32.00,0,0,0,0,,,-1.00,-1.00,-1.00,-1.00,-1.00,-1.00
2022-12-17T07:05:17Z,"0002cc01000003e9","2250c82cadfd392c04fa11149060b626920f00000000000000ffffffffffffffffffffffff",3.57,,0.31,17,20.56,15.07,99028.00,15.00,0,0,0,0,,,-1.00,-1.00,-1.00,-1.00,-1.00,-1.00
2022-12-17T07:11:13Z,"0002cc01000003e9","2250c82e11fd393004fa11149060b626990800000000000000ffffffffffffffffffffffff",3.57,,0.31,17,20.56,15.08,99028.00,16.00,0,0,0,0,,,-1.00,-1.00,-1.00,-1.00,-1.00,-1.00
2022-12-17T07:17:09Z,"0002cc01000003e9","2250c82f75fd3927050311148b60b326a00880000000000000ffffffffffffffffffffffff",3.57,,0.31,17,20.54,15.09,99016.00,17.00,0,0,0,0,,,-1.00,-1.00,-1.00,-1.00,-1.00,-1.00
2022-12-17T07:23:05Z,"0002cc01000003e9","2250c830d9fd392c04fa11148660b226a70e00000000000000ffffffffffffffffffffffff",3.57,,0.31,17,20.52,15.10,99012.00,28.00,0,0,0,0,,,-1.00,-1.00,-1.00,-1.00,-1.00,-1.00
2022-12-17T07:29:01Z,"0002cc01000003e9","2250c8323dfd392304fa11148360b126a60840000000000000ffffffffffffffffffffffff",3.57,,0.31,17,20.51,15.10,99011.00,33.00,0,0,0,0,,,-1.00,-1.00,-1.00,-1.00,-1.00,-1.00
2022-12-17T07:34:57Z,"0002cc01000003e9","2250c833a1fd393004fa11147e60b126b40e00000000000000ffffffffffffffffffffffff",3.57,,0.31,17,20.49,15.12,99008.00,7.00,0,0,0,0,,,-1.00,-1.00,-1.00,-1.00,-1.00,-1.00
2022-12-17T07:40:53Z,"0002cc01000003e9","2250c83505fd393804fa11147b60b126b40e00000000000000ffffffffffffffffffffffff",3.58,,0.31,17,20.48,15.12,99010.00,14.00,0,0,0,0,,,-1.00,-1.00,-1.00,-1.00,-1.00,-1.00
2022-12-17T07:46:49Z,"0002cc01000003e9","2250c83669fd393004fa11147960b326980f00000000000000ffffffffffffffffffffffff",3.57,,0.31,17,20.47,15.08,99018.00,15.00,0,0,0,0,,,-1.00,-1.00,-1.00,-1.00,-1.00,-1.00
2022-12-17T07:52:45Z,"0002cc01000003e9","2250c837cdfd393004fa11147960b326740980000000000000ffffffffffffffffffffffff",3.57,,0.31,17,20.47,15.02,99017.00,19.00,0,0,0,0,,,-1.00,-1.00,-1.00,-1.00,-1.00,-1.00
2022-12-17T07:58:42Z,"0002cc01000003e9","2250c83932fd393004fa11147960b4265f0e80000000000000ffffffffffffffffffffffff",3.57,,0.31,17,20.47,14.99,99020.00,29.00,0,0,0,0,,,-1.00,-1.00,-1.00,-1.00,-1.00,-1.00
2022-12-17T08:04:38Z,"0002cc01000003e9","2250c83a96fd393804fa11147660b4263c0b00000000000000ffffffffffffffffffffffff",3.58,,0.31,17,20.46,14.94,99022.00,22.00,0,0,0,0,,,-1.00,-1.00,-1.00,-1.00,-1.00,-1.00
2022-12-17T08:10:34Z,"0002cc01000003e9","2250c83bfafd393004fa11147460b4261ff000000000000000ffffffffffffffffffffffff",3.57,,0.31,17,20.45,14.89,99020.00,0.00,0,0,0,0,,,-1.00,-1.00,-1.00,-1.00,-1.00,-1.00
2022-12-17T08:16:30Z,"0002cc01000003e9","2250c83d5efd392704fa11147460b626030d00000000000000ffffffffffffffffffffffff",3.57,,0.31,17,20.45,14.85,99031.00,13.00,0,0,0,0,,,-1.00,-1.00,-1.00,-1.00,-1.00,-1.00
2022-12-17T08:22:26Z,"0002cc01000003e9","2250c83ec2fd392704fa11147160b625ee0b80000000000000ffffffffffffffffffffffff",3.57,,0.31,17,20.44,14.82,99030.00,23.00,0,0,0,0,,,-1.00,-1.00,-1.00,-1.00,-1.00,-1.00
2022-12-17T08:28:22Z,"0002cc01000003e9","2250c84026fd392704fa11147160b825ee0c80000000000000ffffffffffffffffffffffff",3.57,,0.31,17,20.44,14.82,99037.00,25.00,0,0,0,0,,,-1.00,-1.00,-1.00,-1.00,-1.00,-1.00
2022-12-17T08:34:18Z,"0002cc01000003e9","2250c8418afd393004fa11146f60b625df0c80000000000000ffffffffffffffffffffffff",3.57,,0.31,17,20.43,14.79,99029.00,25.00,0,0,0,0,,,-1.00,-1.00,-1.00,-1.00,-1.00,-1.00
2022-12-17T08:40:14Z,"0002cc01000003e9","2250c842eefd392704fa11146960b725e60a80000000000000ffffffffffffffffffffffff",3.57,,0.31,17,20.41,14.80,99032.00,21.00,0,0,0,0,,,-1.00,-1.00,-1.00,-1.00,-1.00,-1.00
2022-12-17T08:46:10Z,"0002cc01000003e9","2250c84452fd393004fa11146960b725e60f00000000000000ffffffffffffffffffffffff",3.57,,0.31,17,20.41,14.80,99032.00,15.00,0,0,0,0,,,-1.00,-1.00,-1.00,-1.00,-1.00,-1.00
2022-12-17T08:52:06Z,"0002cc01000003e9","2250c845b6fd393004fa11146460b725c90980000000000000ffffffffffffffffffffffff",3.57,,0.31,17,20.39,14.76,99035.00,19.00,0,0,0,0,,,-1.00,-1.00,-1.00,-1.00,-1.00,-1.00
2022-12-17T08:58:02Z,"0002cc01000003e9","2250c8471afd393004fa11146260b6259f0d00000000000000ffffffffffffffffffffffff",3.57,,0.31,17,20.38,14.70,99030.00,26.00,0,0,0,0,,,-1.00,-1.00,-1.00,-1.00,-1.00,-1.00
2022-12-17T09:03:58Z,"0002cc01000003e9","2250c8487efd392704fa11145f60b8259008c0000000000000ffffffffffffffffffffffff",3.57,,0.31,17,20.37,14.67,99036.00,35.00,0,0,0,0,,,-1.00,-1.00,-1.00,-1.00,-1.00,-1.00
2022-12-17T09:09:54Z,"0002cc01000003e9","2250c849e2fd393004fa11145a60b6257b0d00000000000000ffffffffffffffffffffffff",3.57,,0.31,17,20.35,14.64,99031.00,26.00,0,0,0,0,,,-1.00,-1.00,-1.00,-1.00,-1.00,-1.00
2022-12-17T09:15:50Z,"0002cc01000003e9","2250c84b46fd393004fa11145d60b725660b00000000000000ffffffffffffffffffffffff",3.57,,0.31,17,20.36,14.61,99035.00,22.00,0,0,0,0,,,-1.00,-1.00,-1.00,-1.00,-1.00,-1.00
2022-12-17T09:21:46Z,"0002cc01000003e9","2250c84caafd393004fa11145a60b625580c80000000000000ffffffffffffffffffffffff",3.57,,0.31,17,20.35,14.59,99029.00,25.00,0,0,0,0,,,-1.00,-1.00,-1.00,-1.00,-1.00,-1.00
2022-12-17T09:27:42Z,"0002cc01000003e9","2250c84e0efd392c050311145860b525430e00000000000000ffffffffffffffffffffffff",3.57,,0.31,17,20.34,14.56,99027.00,28.00,0,0,0,0,,,-1.00,-1.00,-1.00,-1.00,-1.00,-1.00
2022-12-17T09:33:38Z,"0002cc01000003e9","2250c84f72fd393004fa11145560b725430a00000000000000ffffffffffffffffffffffff",3.57,,0.31,17,20.33,14.56,99032.00,20.00,0,0,0,0,,,-1.00,-1.00,-1.00,-1.00,-1.00,-1.00
2022-12-17T09:39:34Z,"0002cc01000003e9","2250c850d6fd392704fa11145260b625260800000000000000ffffffffffffffffffffffff",3.57,,0.31,17,20.32,14.51,99031.00,32.00,0,0,0,0,,,-1.00,-1.00,-1.00,-1.00,-1.00,-1.00
2022-12-17T09:45:30Z,"0002cc01000003e9","2250c8523afd393804fa11145060b625260800000000000000ffffffffffffffffffffffff",3.58,,0.31,17,20.31,14.51,99028.00,16.00,0,0,0,0,,,-1.00,-1.00,-1.00,-1.00,-1.00,-1.00
2022-12-17T09:51:27Z,"0002cc01000003e9","2250c8539ffd3927050311144b60b625260f80000000000000ffffffffffffffffffffffff",3.57,,0.31,17,20.29,14.51,99030.00,31.00,0,0,0,0,,,-1.00,-1.00,-1.00,-1.00,-1.00,-1.00
2022-12-17T09:57:23Z,"0002cc01000003e9","2250c85503fd393004fa11144860b525260f80000000000000ffffffffffffffffffffffff",3.57,,0.31,17,20.28,14.51,99027.00,31.00,0,0,0,0,,,-1.00,-1.00,-1.00,-1.00,-1.00,-1.00
2022-12-17T10:03:19Z,"0002cc01000003e9","2250c85667fd3930050311144660b52517f000000000000000ffffffffffffffffffffffff",3.57,,0.31,17,20.27,14.49,99026.00,0.00,0,0,0,0,,,-1.00,-1.00,-1.00,-1.00,-1.00,-1.00
2022-12-17T10:09:15Z,"0002cc01000003e9","2250c857cbfd3930050311144160b6251e0d00000000000000ffffffffffffffffffffffff",3.57,,0.31,17,20.25,14.50,99031.00,26.00,0,0,0,0,,,-1.00,-1.00,-1.00,-1.00,-1.00,-1.00
2022-12-17T10:15:11Z,"0002cc01000003e9","2250c8592ffd3927050311143e60b4252c0f00000000000000ffffffffffffffffffffffff",3.57,,0.31,17,20.24,14.52,99022.00,15.00,0,0,0,0,,,-1.00,-1.00,-1.00,-1.00,-1.00,-1.00
2022-12-17T10:21:07Z,"0002cc01000003e9","2250c85a93fd393004fa11143b60b6252b0c00000000000000ffffffffffffffffffffffff",3.57,,0.31,17,20.23,14.52,99030.00,24.00,0,0,0,0,,,-1.00,-1.00,-1.00,-1.00,-1.00,-1.00
2022-12-17T10:27:03Z,"0002cc01000003e9","2250c85bf7fd392704fa11143b60b6252b0c40000000000000ffffffffffffffffffffffff",3.57,,0.31,17,20.23,14.52,99030.00,49.00,0,0,0,0,,,-1.00,-1.00,-1.00,-1.00,-1.00,-1.00
2022-12-17T10:32:59Z,"0002cc01000003e9","2250c85d5bfd392704fa11143960b425400f00000000000000ffffffffffffffffffffffff",3.57,,0.31,17,20.22,14.55,99022.00,15.00,0,0,0,0,,,-1.00,-1.00,-1.00,-1.00,-1.00,-1.00
2022-12-17T10:38:55Z,"0002cc01000003e9","2250c85ebffd391f04fa11143960b525480e40000000000000ffffffffffffffffffffffff",3.57,,0.31,17,20.22,14.56,99025.00,57.00,0,0,0,0,,,-1.00,-1.00,-1.00,-1.00,-1.00,-1.00
2022-12-17T10:44:51Z,"0002cc01000003e9","2250c86023fd392704fa11143960b425560880000000000000ffffffffffffffffffffffff",3.57,,0.31,17,20.22,14.58,99020.00,34.00,0,0,0,0,,,-1.00,-1.00,-1.00,-1.00,-1.00,-1.00
2022-12-17T10:50:47Z,"0002cc01000003e9","2250c86187fd392704fa11143460b325630f00000000000000ffffffffffffffffffffffff",3.57,,0.31,17,20.20,14.60,99018.00,15.00,0,0,0,0,,,-1.00,-1.00,-1.00,-1.00,-1.00,-1.00
2022-12-17T10:56:43Z,"0002cc01000003e9","2250c862ebfd392704fa11143460b4256a0880000000000000ffffffffffffffffffffffff",3.57,,0.31,17,20.20,14.62,99022.00,17.00,0,0,0,0,,,-1.00,-1.00,-1.00,-1.00,-1.00,-1.00
2022-12-17T11:02:39Z,"0002cc01000003e9","2250c8644ffd393004fa11143460b5256a0c80000000000000ffffffffffffffffffffffff",3.57,,0.31,17,20.20,14.62,99026.00,50.00,0,0,0,0,,,-1.00,-1.00,-1.00,-1.00,-1.00,-1.00
2022-12-17T11:08:35Z,"0002cc01000003e9","2250c865b3fd392c04fa11143160b725780b80000000000000ffffffffffffffffffffffff",3.57,,0.31,17,20.19,14.64,99034.00,46.00,0,0,0,0,,,-1.00,-1.00,-1.00,-1.00,-1.00,-1.00
2022-12-17T11:14:31Z,"0002cc01000003e9","2250c86717fd393004fa11142f60b7257f0b00000000000000ffffffffffffffffffffffff",3.57,,0.31,17,20.18,14.65,99034.00,11.00,0,0,0,0,,,-1.00,-1.00,-1.00,-1.00,-1.00,-1.00
2022-12-17T11:20:27Z,"0002cc01000003e9","2250c8687bfd392704fa11142c60b9258d0900000000000000ffffffffffffffffffffffff",3.57,,0.31,17,20.17,14.67,99040.00,18.00,0,0,0,0,,,-1.00,-1.00,-1.00,-1.00,-1.00,-1.00
2022-12-17T11:26:23Z,"0002cc01000003e9","2250c869dffd392c04fa11142960ba258d0c00000000000000ffffffffffffffffffffffff",3.57,,0.31,17,20.16,14.67,99044.00,24.00,0,0,0,0,,,-1.00,-1.00,-1.00,-1.00,-1.00,-1.00
2022-12-17T11:32:19Z,"0002cc01000003e9","2250c86b43fd392c04fa11142960bb258c0900000000000000ffffffffffffffffffffffff",3.57,,0.31,17,20.16,14.67,99051.00,9.00,0,0,0,0,,,-1.00,-1.00,-1.00,-1.00,-1.00,-1.00
2022-12-17T11:38:15Z,"0002cc01000003e9","2250c86ca7fd392c050311142760b925930a00000000000000ffffffffffffffffffffffff",3.57,,0.31,17,20.15,14.68,99043.00,5.00,0,0,0,0,,,-1.00,-1.00,-1.00,-1.00,-1.00,-1.00
2022-12-17T11:44:11Z,"0002cc01000003e9","2250c86e0bfd392704fa11142760b9258c0b40000000000000ffffffffffffffffffffffff",3.57,,0.31,17,20.15,14.67,99042.00,45.00,0,0,0,0,,,-1.00,-1.00,-1.00,-1.00,-1.00,-1.00
2022-12-17T11:50:07Z,"0002cc01000003e9","2250c86f6ffd392c050311142760be25850880000000000000ffffffffffffffffffffffff",3.57,,0.31,17,20.15,14.66,99060.00,17.00,0,0,0,0,,,-1.00,-1.00,-1.00,-1.00,-1.00,-1.00
2022-12-17T11:56:03Z,"0002cc01000003e9","2250c870d3fd392c04fa11142f60c025940880000000000000ffffffffffffffffffffffff",3.57,,0.31,17,20.18,14.68,99069.00,34.00,0,0,0,0,,,-1.00,-1.00,-1.00,-1.00,-1.00,-1.00
2022-12-17T12:02:00Z,"0002cc01000003e9","2250c87238fd392c04fa11143b60bf25800d80000000000000ffffffffffffffffffffffff",3.57,,0.31,17,20.23,14.65,99064.00,27.00,0,0,0,0,,,-1.00,-1.00,-1.00,-1.00,-1.00,-1.00
2022-12-17T12:07:56Z,"0002cc01000003e9","2250c8739cfd393004fa11144b60c125810840000000000000ffffffffffffffffffffffff",3.57,,0.31,17,20.29,14.65,99072.00,33.00,0,0,0,0,,,-1.00,-1.00,-1.00,-1.00,-1.00,-1.00
2022-12-17T12:13:52Z,"0002cc01000003e9","2250c87500fd391f04fa11145860c225660c00000000000000ffffffffffffffffffffffff",3.57,,0.31,17,20.34,14.61,99079.00,12.00,0,0,0,0,,,-1.00,-1.00,-1.00,-1.00,-1.00,-1.00
2022-12-17T12:19:48Z,"0002cc01000003e9","2250c87664fd391f04fa11146260c325590a80000000000000ffffffffffffffffffffffff",3.57,,0.31,17,20.38,14.59,99082.00,21.00,0,0,0,0,,,-1.00,-1.00,-1.00,-1.00,-1.00,-1.00
2022-12-17T12:25:44Z,"0002cc01000003e9","2250c877c8fd391f04fa11146960c6254b0a00000000000000ffffffffffffffffffffffff",3.57,,0.31,17,20.41,14.57,99092.00,5.00,0,0,0,0,,,-1.00,-1.00,-1.00,-1.00,-1.00,-1.00
2022-12-17T12:31:40Z,"0002cc01000003e9","2250c8792cfd393004fa11146c60c6254b0c00000000000000ffffffffffffffffffffffff",3.57,,0.31,17,20.42,14.57,99092.00,6.00,0,0,0,0,,,-1.00,-1.00,-1.00,-1.00,-1.00,-1.00
2022-12-17T12:37:36Z,"0002cc01000003e9","2250c87a90fd392c04fa11146f60c925370f00000000000000ffffffffffffffffffffffff",3.57,,0.31,17,20.43,14.54,99104.00,30.00,0,0,0,0,,,-1.00,-1.00,-1.00,-1.00,-1.00,-1.00
2022-12-17T12:43:32Z,"0002cc01000003e9","2250c87bf4fd393004fa11146c60cc251a0e00000000000000ffffffffffffffffffffffff",3.57,,0.31,17,20.42,14.49,99118.00,7.00,0,0,0,0,,,-1.00,-1.00,-1.00,-1.00,-1.00,-1.00
2022-12-17T12:49:28Z,"0002cc01000003e9","2250c87d58fd392c04fa11146760cc25210d00000000000000ffffffffffffffffffffffff",3.57,,0.31,17,20.40,14.50,99118.00,26.00,0,0,0,0,,,-1.00,-1.00,-1.00,-1.00,-1.00,-1.00
2022-12-17T12:55:24Z,"0002cc01000003e9","2250c87ebcfd391f04fa11146760ce24fe0800000000000000ffffffffffffffffffffffff",3.57,,0.31,17,20.40,14.45,99125.00,8.00,0,0,0,0,,,-1.00,-1.00,-1.00,-1.00,-1.00,-1.00
2022-12-17T13:01:20Z,"0002cc01000003e9","2250c88020fd392704fa11146460d0250c0880000000000000ffffffffffffffffffffffff",3.57,,0.31,17,20.39,14.47,99134.00,17.00,0,0,0,0,,,-1.00,-1.00,-1.00,-1.00,-1.00,-1.00
2022-12-17T13:07:16Z,"0002cc01000003e9","2250c88184fd391f04fa11146260d124fd0d80000000000000ffffffffffffffffffffffff",3.57,,0.31,17,20.38,14.45,99137.00,27.00,0,0,0,0,,,-1.00,-1.00,-1.00,-1.00,-1.00,-1.00
2022-12-17T13:13:12Z,"0002cc01000003e9","2250c882e8fd391f04fa11146260d224ef0d00000000000000ffffffffffffffffffffffff",3.57,,0.31,17,20.38,14.43,99143.00,13.00,0,0,0,0,,,-1.00,-1.00,-1.00,-1.00,-1.00,-1.00
2022-12-17T13:19:08Z,"0002cc01000003e9","2250c8844cfd392c04fa11146460d424db0f80000000000000ffffffffffffffffffffffff",3.57,,0.31,17,20.39,14.40,99150.00,31.00,0,0,0,0,,,-1.00,-1.00,-1.00,-1.00,-1.00,-1.00
2022-12-17T13:25:04Z,"0002cc01000003e9","2250c885b0fd393004fa11146460d324cd0800000000000000ffffffffffffffffffffffff",3.57,,0.31,17,20.39,14.38,99146.00,4.00,0,0,0,0,,,-1.00,-1.00,-1.00,-1.00,-1.00,-1.00
2022-12-17T13:31:00Z,"0002cc01000003e9","2250c88714fd391f050311146460d324b00b40000000000000ffffffffffffffffffffffff",3.57,,0.31,17,20.39,14.33,99144.00,45.00,0,0,0,0,,,-1.00,-1.00,-1.00,-1.00,-1.00,-1.00
2022-12-17T13:36:56Z,"0002cc01000003e9","2250c88878fd392c04fa11146260d324a20c00000000000000ffffffffffffffffffffffff",3.57,,0.31,17,20.38,14.31,99144.00,24.00,0,0,0,0,,,-1.00,-1.00,-1.00,-1.00,-1.00,-1.00
2022-12-17T13:42:53Z,"0002cc01000003e9","2250c889ddfd392c04fa11145f60d624940f80000000000000ffffffffffffffffffffffff",3.57,,0.31,17,20.37,14.29,99157.00,31.00,0,0,0,0,,,-1.00,-1.00,-1.00,-1.00,-1.00,-1.00
2022-12-17T13:48:49Z,"0002cc01000003e9","2250c88b41fd392704fa11146260d724780e80000000000000ffffffffffffffffffffffff",3.57,,0.31,17,20.38,14.25,99161.00,58.00,0,0,0,0,,,-1.00,-1.00,-1.00,-1.00,-1.00,-1.00
2022-12-17T13:54:45Z,"0002cc01000003e9","2250c88ca5fd392c04fa11145f60db246909c0000000000000ffffffffffffffffffffffff",3.57,,0.31,17,20.37,14.22,99176.00,39.00,0,0,0,0,,,-1.00,-1.00,-1.00,-1.00,-1.00,-1.00
2022-12-17T14:00:41Z,"0002cc01000003e9","2250c88e09fd392c04fa11145f60db245b0b00000000000000ffffffffffffffffffffffff",3.57,,0.31,17,20.37,14.20,99179.00,88.00,0,0,0,0,,,-1.00,-1.00,-1.00,-1.00,-1.00,-1.00
2022-12-17T14:06:37Z,"0002cc01000003e9","2250c88f6dfd391f050311145f60da24540bc0000000000000ffffffffffffffffffffffff",3.57,,0.31,17,20.37,14.19,99173.00,94.00,0,0,0,0,,,-1.00,-1.00,-1.00,-1.00,-1.00,-1.00
2022-12-17T14:12:33Z,"0002cc01000003e9","2250c890d1fd392c04fa11145f60dc244d09c0000000000000ffffffffffffffffffffffff",3.57,,0.31,17,20.37,14.18,99182.00,156.00,0,0,0,0,,,-1.00,-1.00,-1.00,-1.00,-1.00,-1.00
2022-12-17T14:18:29Z,"0002cc01000003e9","2250c89235fd392c04fa11145f60e0243f0be0000000000000ffffffffffffffffffffffff",3.57,,0.31,17,20.37,14.16,99198.00,95.00,0,0,0,0,,,-1.00,-1.00,-1.00,-1.00,-1.00,-1.00
2022-12-17T14:24:25Z,"0002cc01000003e9","2250c89399fd391f04fa11145d60e324460ea0000000000000ffffffffffffffffffffffff",3.57,,0.31,17,20.36,14.17,99211.00,117.00,0,0,0,0,,,-1.00,-1.00,-1.00,-1.00,-1.00,-1.00
2022-12-17T14:30:21Z,"0002cc01000003e9","2250c894fdfd391f04fa11145f60e4243808d0000000000000ffffffffffffffffffffffff",3.57,,0.31,17,20.37,14.15,99215.00,141.00,0,0,0,0,,,-1.00,-1.00,-1.00,-1.00,-1.00,-1.00
2022-12-17T14:36:17Z,"0002cc01000003e9","2250c89661fd391f04fa11146260e624230ee0000000000000ffffffffffffffffffffffff",3.57,,0.31,17,20.38,14.12,99222.00,119.00,0,0,0,0,,,-1.00,-1.00,-1.00,-1.00,-1.00,-1.00
2022-12-17T14:42:13Z,"0002cc01000003e9","2250c897c5fd392c04fa11146460e824070820000000000000ffffffffffffffffffffffff",3.57,,0.31,17,20.39,14.07,99230.00,130.00,0,0,0,0,,,-1.00,-1.00,-1.00,-1.00,-1.00,-1.00
2022-12-17T14:48:09Z,"0002cc01000003e9","2250c89929fd392c04fa11146460e923f208c0000000000000ffffffffffffffffffffffff",3.57,,0.31,17,20.39,14.04,99233.00,140.00,0,0,0,0,,,-1.00,-1.00,-1.00,-1.00,-1.00,-1.00
2022-12-17T14:54:05Z,"0002cc01000003e9","2250c89a8dfd392c04fa11146260eb23dd0900000000000000ffffffffffffffffffffffff",3.57,,0.31,17,20.38,14.01,99241.00,144.00,0,0,0,0,,,-1.00,-1.00,-1.00,-1.00,-1.00,-1.00
2022-12-17T15:00:01Z,"0002cc01000003e9","2250c89bf1fd392c04fa11145f60ed23c10cc0000000000000ffffffffffffffffffffffff",3.57,,0.31,17,20.37,13.97,99248.00,204.00,0,0,0,0,,,-1.00,-1.00,-1.00,-1.00,-1.00,-1.00
2022-12-17T15:05:57Z,"0002cc01000003e9","2250c89d55fd392c04fa11145f60ee23ab0c20000000000000ffffffffffffffffffffffff",3.57,,0.31,17,20.37,13.93,99255.00,194.00,0,0,0,0,,,-1.00,-1.00,-1.00,-1.00,-1.00,-1.00
2022-12-17T15:11:53Z,"0002cc01000003e9","2250c89eb9fd391f04fa11145f60f023ab0a10000000000000ffffffffffffffffffffffff",3.57,,0.31,17,20.37,13.93,99262.00,161.00,0,0,0,0,,,-1.00,-1.00,-1.00,-1.00,-1.00,-1.00
2022-12-17T15:17:49Z,"0002cc01000003e9","2250c8a01dfd391f04fa11145d60f423a40bc0000000000000ffffffffffffffffffffffff",3.57,,0.31,17,20.36,13.92,99276.00,188.00,0,0,0,0,,,-1.00,-1.00,-1.00,-1.00,-1.00,-1.00
2022-12-17T15:23:45Z,"0002cc01000003e9","2250c8a181fd391f04fa11145d60f7238f0a00000000000000ffffffffffffffffffffffff",3.57,,0.31,17,20.36,13.89,99288.00,160.00,0,0,0,0,,,-1.00,-1.00,-1.00,-1.00,-1.00,-1.00
2022-12-17T15:29:41Z,"0002cc01000003e9","2250c8a2e5fd392c050311145d60f7237a0a20000000000000ffffffffffffffffffffffff",3.57,,0.31,17,20.36,13.86,99288.00,162.00,0,0,0,0,,,-1.00,-1.00,-1.00,-1.00,-1.00,-1.00
2022-12-17T15:35:37Z,"0002cc01000003e9","2250c8a449fd392c04fa11145d60f6236c0d20000000000000ffffffffffffffffffffffff",3.57,,0.31,17,20.36,13.84,99285.00,105.00,0,0,0,0,,,-1.00,-1.00,-1.00,-1.00,-1.00,-1.00
2022-12-17T15:41:34Z,"0002cc01000003e9","2250c8a5aefd392c04fa11145a60f5235e0e80000000000000ffffffffffffffffffffffff",3.57,,0.31,17,20.35,13.82,99283.00,116.00,0,0,0,0,,,-1.00,-1.00,-1.00,-1.00,-1.00,-1.00
2022-12-17T15:47:30Z,"0002cc01000003e9","2250c8a712fd392c04fa11145a60f5235008f0000000000000ffffffffffffffffffffffff",3.57,,0.31,17,20.35,13.79,99280.00,143.00,0,0,0,0,,,-1.00,-1.00,-1.00,-1.00,-1.00,-1.00
2022-12-17T15:53:26Z,"0002cc01000003e9","2250c8a876fd392c04fa11145a60f623420910000000000000ffffffffffffffffffffffff",3.57,,0.31,17,20.35,13.77,99286.00,145.00,0,0,0,0,,,-1.00,-1.00,-1.00,-1.00,-1.00,-1.00
2022-12-17T15:59:22Z,"0002cc01000003e9","2250c8a9dafd391f04fa11145a60f7233b0a30000000000000ffffffffffffffffffffffff",3.57,,0.31,17,20.35,13.76,99289.00,163.00,0,0,0,0,,,-1.00,-1.00,-1.00,-1.00,-1.00,-1.00
2022-12-17T16:05:18Z,"0002cc01000003e9","2250c8ab3efd391f04fa11145d60f9232d0a90000000000000ffffffffffffffffffffffff",3.57,,0.31,17,20.36,13.74,99299.00,169.00,0,0,0,0,,,-1.00,-1.00,-1.00,-1.00,-1.00,-1.00
2022-12-17T16:11:14Z,"0002cc01000003e9","2250c8aca2fd392c04fa11145d60fc23260980000000000000ffffffffffffffffffffffff",3.57,,0.31,17,20.36,13.73,99309.00,152.00,0,0,0,0,,,-1.00,-1.00,-1.00,-1.00,-1.00,-1.00
2022-12-17T16:17:10Z,"0002cc01000003e9","2250c8ae06fd392304fa11145d60fc23110900000000000000ffffffffffffffffffffffff",3.57,,0.31,17,20.36,13.70,99311.00,144.00,0,0,0,0,,,-1.00,-1.00,-1.00,-1.00,-1.00,-1.00
2022-12-17T16:23:06Z,"0002cc01000003e9","2250c8af6afd391f050311145d60fd23090a80000000000000ffffffffffffffffffffffff",3.57,,0.31,17,20.36,13.69,99312.00,168.00,0,0,0,0,,,-1.00,-1.00,-1.00,-1.00,-1.00,-1.00
2022-12-17T16:29:02Z,"0002cc01000003e9","2250c8b0cefd392c04fa11145a60fe22fb0ad0000000000000ffffffffffffffffffffffff",3.57,,0.31,17,20.35,13.67,99318.00,173.00,0,0,0,0,,,-1.00,-1.00,-1.00,-1.00,-1.00,-1.00
2022-12-17T16:34:58Z,"0002cc01000003e9","2250c8b232fd392c04fa11145d60fc22e60a90000000000000ffffffffffffffffffffffff",3.57,,0.31,17,20.36,13.63,99311.00,169.00,0,0,0,0,,,-1.00,-1.00,-1.00,-1.00,-1.00,-1.00
2022-12-17T16:40:54Z,"0002cc01000003e9","2250c8b396fd391f04fa11145d60ff22ca0a00000000000000ffffffffffffffffffffffff",3.57,,0.31,17,20.36,13.59,99321.00,160.00,0,0,0,0,,,-1.00,-1.00,-1.00,-1.00,-1.00,-1.00
2022-12-17T16:46:50Z,"0002cc01000003e9","2250c8b4fafd391f050311145d610122ca08c0000000000000ffffffffffffffffffffffff",3.57,,0.31,17,20.36,13.59,99330.00,140.00,0,0,0,0,,,-1.00,-1.00,-1.00,-1.00,-1.00,-1.00
2022-12-17T16:52:46Z,"0002cc01000003e9","2250c8b65efd392304fa11145a610022b40a40000000000000ffffffffffffffffffffffff",3.57,,0.31,17,20.35,13.56,99324.00,164.00,0,0,0,0,,,-1.00,-1.00,-1.00,-1.00,-1.00,-1.00
2022-12-17T16:58:42Z,"0002cc01000003e9","2250c8b7c2fd391f0503111458610122910810000000000000ffffffffffffffffffffffff",3.57,,0.31,17,20.34,13.50,99328.00,129.00,0,0,0,0,,,-1.00,-1.00,-1.00,-1.00,-1.00,-1.00
2022-12-17T17:04:38Z,"0002cc01000003e9","2250c8b926fd391f04fa111458610022750840000000000000ffffffffffffffffffffffff",3.57,,0.31,17,20.34,13.46,99326.00,132.00,0,0,0,0,,,-1.00,-1.00,-1.00,-1.00,-1.00,-1.00
2022-12-17T17:10:34Z,"0002cc01000003e9","2250c8ba8afd392c05031114586101225908c0000000000000ffffffffffffffffffffffff",3.57,,0.31,17,20.34,13.42,99328.00,140.00,0,0,0,0,,,-1.00,-1.00,-1.00,-1.00,-1.00,-1.00
2022-12-17T17:16:30Z,"0002cc01000003e9","2250c8bbeefd391f04fa11145860fe22360860000000000000ffffffffffffffffffffffff",3.57,,0.31,17,20.34,13.36,99316.00,134.00,0,0,0,0,,,-1.00,-1.00,-1.00,-1.00,-1.00,-1.00
2022-12-17T17:22:26Z,"0002cc01000003e9","2250c8bd52fd391f04fa11145860fc222f0910000000000000ffffffffffffffffffffffff",3.57,,0.31,17,20.34,13.35,99311.00,145.00,0,0,0,0,,,-1.00,-1.00,-1.00,-1.00,-1.00,-1.00
2022-12-17T17:28:23Z,"0002cc01000003e9","2250c8beb7fd392c04fa11145a60fa22210ac0000000000000ffffffffffffffffffffffff",3.57,,0.31,17,20.35,13.33,99302.00,172.00,0,0,0,0,,,-1.00,-1.00,-1.00,-1.00,-1.00,-1.00
2022-12-17T17:34:19Z,"0002cc01000003e9","2250c8c01bfd392304fa11145a60fb22120bb0000000000000ffffffffffffffffffffffff",3.57,,0.31,17,20.35,13.31,99306.00,187.00,0,0,0,0,,,-1.00,-1.00,-1.00,-1.00,-1.00,-1.00
2022-12-17T17:40:15Z,"0002cc01000003e9","2250c8c17ffd391f04fa11145a60fb220c0ad0000000000000ffffffffffffffffffffffff",3.57,,0.31,17,20.35,13.30,99305.00,173.00,0,0,0,0,,,-1.00,-1.00,-1.00,-1.00,-1.00,-1.00
2022-12-17T17:46:11Z,"0002cc01000003e9","2250c8c2e3fd3923050f11145860f921f60800000000000000ffffffffffffffffffffffff",3.57,,0.32,17,20.34,13.27,99299.00,128.00,0,0,0,0,,,-1.00,-1.00,-1.00,-1.00,-1.00,-1.00
2022-12-17T17:52:07Z,"0002cc01000003e9","2250c8c447fd392304fa11145860f721da0970000000000000ffffffffffffffffffffffff",3.57,,0.31,17,20.34,13.22,99291.00,151.00,0,0,0,0,,,-1.00,-1.00,-1.00,-1.00,-1.00,-1.00
2022-12-17T17:58:03Z,"0002cc01000003e9","2250c8c5abfd392c04fa11145860f721be09a0000000000000ffffffffffffffffffffffff",3.57,,0.31,17,20.34,13.18,99289.00,154.00,0,0,0,0,,,-1.00,-1.00,-1.00,-1.00,-1.00,-1.00
2022-12-17T18:03:59Z,"0002cc01000003e9","2250c8c70ffd392c04fa11145560f821a20960000000000000ffffffffffffffffffffffff",3.57,,0.31,17,20.33,13.14,99292.00,150.00,0,0,0,0,,,-1.00,-1.00,-1.00,-1.00,-1.00,-1.00
2022-12-17T18:09:55Z,"0002cc01000003e9","2250c8c873fd392304fa11145860f8219408d0000000000000ffffffffffffffffffffffff",3.57,,0.31,17,20.34,13.12,99292.00,141.00,0,0,0,0,,,-1.00,-1.00,-1.00,-1.00,-1.00,-1.00
2022-12-17T18:15:51Z,"0002cc01000003e9","2250c8c9d7fd392c04fa11145560f521860fc0000000000000ffffffffffffffffffffffff",3.57,,0.31,17,20.33,13.09,99283.00,126.00,0,0,0,0,,,-1.00,-1.00,-1.00,-1.00,-1.00,-1.00
2022-12-17T18:21:47Z,"0002cc01000003e9","2250c8cb3bfd392c04fa11145560f6216909d0000000000000ffffffffffffffffffffffff",3.57,,0.31,17,20.33,13.05,99285.00,157.00,0,0,0,0,,,-1.00,-1.00,-1.00,-1.00,-1.00,-1.00
2022-12-17T18:27:43Z,"0002cc01000003e9","2250c8cc9ffd391f04fa11145860f521620820000000000000ffffffffffffffffffffffff",3.57,,0.31,17,20.34,13.04,99283.00,130.00,0,0,0,0,,,-1.00,-1.00,-1.00,-1.00,-1.00,-1.00
2022-12-17T18:33:39Z,"0002cc01000003e9","2250c8ce03fd392304fa11145560f721710990000000000000ffffffffffffffffffffffff",3.57,,0.31,17,20.33,13.06,99289.00,153.00,0,0,0,0,,,-1.00,-1.00,-1.00,-1.00,-1.00,-1.00
2022-12-17T18:39:35Z,"0002cc01000003e9","2250c8cf67fd391f04fa11145260f5217f09e0000000000000ffffffffffffffffffffffff",3.57,,0.31,17,20.32,13.08,99280.00,158.00,0,0,0,0,,,-1.00,-1.00,-1.00,-1.00,-1.00,-1.00
2022-12-17T18:45:31Z,"0002cc01000003e9","2250c8d0cbfd392304fa11145060ee218d0830000000000000ffffffffffffffffffffffff",3.57,,0.31,17,20.31,13.11,99254.00,131.00,0,0,0,0,,,-1.00,-1.00,-1.00,-1.00,-1.00,-1.00
2022-12-17T18:51:27Z,"0002cc01000003e9","2250c8d22ffd392c04fa11145260eb21940970000000000000ffffffffffffffffffffffff",3.57,,0.31,17,20.32,13.12,99242.00,151.00,0,0,0,0,,,-1.00,-1.00,-1.00,-1.00,-1.00,-1.00
2022-12-17T18:57:23Z,"0002cc01000003e9","2250c8d393fd392c04fa11145560eb219b0800000000000000ffffffffffffffffffffffff",3.57,,0.31,17,20.33,13.13,99241.00,128.00,0,0,0,0,,,-1.00,-1.00,-1.00,-1.00,-1.00,-1.00
2022-12-17T19:03:19Z,"0002cc01000003e9","2250c8d4f7fd392c04fa11145860ee21a90a50000000000000ffffffffffffffffffffffff",3.57,,0.31,17,20.34,13.15,99255.00,165.00,0,0,0,0,,,-1.00,-1.00,-1.00,-1.00,-1.00,-1.00
2022-12-17T19:09:15Z,"0002cc01000003e9","2250c8d65bfd391f04fa11145860ec21b70b00000000000000ffffffffffffffffffffffff",3.57,,0.31,17,20.34,13.17,99246.00,176.00,0,0,0,0,,,-1.00,-1.00,-1.00,-1.00,-1.00,-1.00
2022-12-17T19:15:12Z,"0002cc01000003e9","2250c8d7c0fd392304fa11145a60ef21bf0960000000000000ffffffffffffffffffffffff",3.57,,0.31,17,20.35,13.18,99256.00,150.00,0,0,0,0,,,-1.00,-1.00,-1.00,-1.00,-1.00,-1.00
2022-12-17T19:21:08Z,"0002cc01000003e9","2250c8d924fd391f050311145a60f021cd0b50000000000000ffffffffffffffffffffffff",3.57,,0.31,17,20.35,13.20,99260.00,181.00,0,0,0,0,,,-1.00,-1.00,-1.00,-1.00,-1.00,-1.00
2022-12-17T19:27:04Z,"0002cc01000003e9","2250c8da88fd392304fa11145d60ee21d40cc0000000000000ffffffffffffffffffffffff",3.57,,0.31,17,20.36,13.21,99255.00,204.00,0,0,0,0,,,-1.00,-1.00,-1.00,-1.00,-1.00,-1.00
2022-12-17T19:33:00Z,"0002cc01000003e9","2250c8dbecfd391b04fa11145d60ee21e20f20000000000000ffffffffffffffffffffffff",3.57,,0.31,17,20.36,13.24,99252.00,242.00,0,0,0,0,,,-1.00,-1.00,-1.00,-1.00,-1.00,-1.00
2022-12-17T19:38:56Z,"0002cc01000003e9","2250c8dd50fd392304fa11145d60ee21fe0cf0000000000000ffffffffffffffffffffffff",3.57,,0.31,17,20.36,13.28,99255.00,207.00,0,0,0,0,,,-1.00,-1.00,-1.00,-1.00,-1.00,-1.00
2022-12-17T19:44:52Z,"0002cc01000003e9","2250c8deb4fd392304fa11145d60ed220c0cd0000000000000ffffffffffffffffffffffff",3.57,,0.31,17,20.36,13.30,99250.00,205.00,0,0,0,0,,,-1.00,-1.00,-1.00,-1.00,-1.00,-1.00
2022-12-17T19:50:48Z,"0002cc01000003e9","2250c8e018fd392c04fa11145f60ed22280938000000000000ffffffffffffffffffffffff",3.57,,0.31,17,20.37,13.34,99251.00,295.00,0,0,0,0,,,-1.00,-1.00,-1.00,-1.00,-1.00,-1.00
2022-12-17T19:56:44Z,"0002cc01000003e9","2250c8e17cfd392304fa11145d60ef22440880000000000000ffffffffffffffffffffffff",3.57,,0.31,17,20.36,13.39,99258.00,136.00,0,0,0,0,,,-1.00,-1.00,-1.00,-1.00,-1.00,-1.00
2022-12-17T20:02:40Z,"0002cc01000003e9","2250c8e2e0fd391b04fa11145d60f022680ef0000000000000ffffffffffffffffffffffff",3.57,,0.31,17,20.36,13.44,99261.00,239.00,0,0,0,0,,,-1.00,-1.00,-1.00,-1.00,-1.00,-1.00
2022-12-17T20:08:36Z,"0002cc01000003e9","2250c8e444fd391b04fa11145d60f1228b0fe0000000000000ffffffffffffffffffffffff",3.57,,0.31,17,20.36,13.49,99266.00,127.00,0,0,0,0,,,-1.00,-1.00,-1.00,-1.00,-1.00,-1.00
2022-12-17T20:14:32Z,"0002cc01000003e9","2250c8e5a8fd392304fa11145a60f122a70820000000000000ffffffffffffffffffffffff",3.57,,0.31,17,20.35,13.54,99267.00,260.00,0,0,0,0,,,-1.00,-1.00,-1.00,-1.00,-1.00,-1.00
2022-12-17T20:20:28Z,"0002cc01000003e9","2250c8e70cfd392304fa11145d60f522c30940000000000000ffffffffffffffffffffffff",3.57,,0.31,17,20.36,13.58,99280.00,148.00,0,0,0,0,,,-1.00,-1.00,-1.00,-1.00,-1.00,-1.00
2022-12-17T20:26:24Z,"0002cc01000003e9","2250c8e870fd392304fa11145d60f522df0e60000000000000ffffffffffffffffffffffff",3.57,,0.31,17,20.36,13.62,99283.00,115.00,0,0,0,0,,,-1.00,-1.00,-1.00,-1.00,-1.00,-1.00
2022-12-17T20:32:20Z,"0002cc01000003e9","2250c8e9d4fd391b04fa11145d60f722f40e00000000000000ffffffffffffffffffffffff",3.57,,0.31,17,20.36,13.65,99289.00,112.00,0,0,0,0,,,-1.00,-1.00,-1.00,-1.00,-1.00,-1.00
2022-12-17T20:38:16Z,"0002cc01000003e9","2250c8eb38fd391b04fa11145d60fa23110f60000000000000ffffffffffffffffffffffff",3.57,,0.31,17,20.36,13.70,99303.00,123.00,0,0,0,0,,,-1.00,-1.00,-1.00,-1.00,-1.00,-1.00
2022-12-17T20:44:12Z,"0002cc01000003e9","2250c8ec9cfd391b04fa11145d60fb23260e60000000000000ffffffffffffffffffffffff",3.57,,0.31,17,20.36,13.73,99304.00,115.00,0,0,0,0,,,-1.00,-1.00,-1.00,-1.00,-1.00,-1.00
2022-12-17T20:50:08Z,"0002cc01000003e9","2250c8ee00fd391b04fa11145d60fe23340f60000000000000ffffffffffffffffffffffff",3.57,,0.31,17,20.36,13.75,99318.00,123.00,0,0,0,0,,,-1.00,-1.00,-1.00,-1.00,-1.00,-1.00
2022-12-17T20:56:05Z,"0002cc01000003e9","2250c8ef65fd392304fa11145a60ff23420e80000000000000ffffffffffffffffffffffff",3.57,,0.31,17,20.35,13.77,99320.00,116.00,0,0,0,0,,,-1.00,-1.00,-1.00,-1.00,-1.00,-1.00
2022-12-17T21:02:00Z,"0002cc01000003e9","2250c8f0c8fd392304fa11145a6103235e0f20000000000000ffffffffffffffffffffffff",3.57,,0.31,17,20.35,13.82,99338.00,121.00,0,0,0,0,,,-1.00,-1.00,-1.00,-1.00,-1.00,-1.00
2022-12-17T21:07:56Z,"0002cc01000003e9","2250c8f22cfd392304fa11145a6104236c0c60000000000000ffffffffffffffffffffffff",3.57,,0.31,17,20.35,13.84,99341.00,99.00,0,0,0,0,,,-1.00,-1.00,-1.00,-1.00,-1.00,-1.00
2022-12-17T21:13:53Z,"0002cc01000003e9","2250c8f391fd391b050311145d6107237a0ba0000000000000ffffffffffffffffffffffff",3.57,,0.31,17,20.36,13.86,99354.00,93.00,0,0,0,0,,,-1.00,-1.00,-1.00,-1.00,-1.00,-1.00
2022-12-17T21:19:49Z,"0002cc01000003e9","2250c8f4f5fd392304fa11145d6109238f0840000000000000ffffffffffffffffffffffff",3.57,,0.31,17,20.36,13.89,99360.00,66.00,0,0,0,0,,,-1.00,-1.00,-1.00,-1.00,-1.00,-1.00
2022-12-17T21:25:45Z,"0002cc01000003e9","2250c8f659fd391b050311145f610d23880c80000000000000ffffffffffffffffffffffff",3.57,,0.31,17,20.37,13.88,99377.00,100.00,0,0,0,0,,,-1.00,-1.00,-1.00,-1.00,-1.00,-1.00
2022-12-17T21:31:41Z,"0002cc01000003e9","2250c8f7bdfd392304fa11145d610f23810e00000000000000ffffffffffffffffffffffff",3.57,,0.31,17,20.36,13.87,99385.00,224.00,0,0,0,0,,,-1.00,-1.00,-1.00,-1.00,-1.00,-1.00
2022-12-17T21:37:37Z,"0002cc01000003e9","2250c8f921fd391b050311145f611423880d30000000000000ffffffffffffffffffffffff",3.57,,0.31,17,20.37,13.88,99404.00,211.00,0,0,0,0,,,-1.00,-1.00,-1.00,-1.00,-1.00,-1.00
2022-12-17T21:43:33Z,"0002cc01000003e9","2250c8fa85fd392304fa11145d611523810c40000000000000ffffffffffffffffffffffff",3.57,,0.31,17,20.36,13.87,99409.00,98.00,0,0,0,0,,,-1.00,-1.00,-1.00,-1.00,-1.00,-1.00
2022-12-17T21:49:29Z,"0002cc01000003e9","2250c8fbe9fd391b04fa11145d611623650880000000000000ffffffffffffffffffffffff",3.57,,0.31,17,20.36,13.83,99414.00,68.00,0,0,0,0,,,-1.00,-1.00,-1.00,-1.00,-1.00,-1.00
2022-12-17T21:55:25Z,"0002cc01000003e9","2250c8fd4dfd392304fa11145a611a236c0dc0000000000000ffffffffffffffffffffffff",3.57,,0.31,17,20.35,13.84,99429.00,55.00,0,0,0,0,,,-1.00,-1.00,-1.00,-1.00,-1.00,-1.00
2022-12-17T22:01:21Z,"0002cc01000003e9","2250c8feb1fd392304fa11145d611d236c0ec0000000000000ffffffffffffffffffffffff",3.57,,0.31,17,20.36,13.84,99443.00,59.00,0,0,0,0,,,-1.00,-1.00,-1.00,-1.00,-1.00,-1.00
2022-12-17T22:07:17Z,"0002cc01000003e9","2250c90015fd391b04fa11145d611f236c08c0000000000000ffffffffffffffffffffffff",3.57,,0.31,17,20.36,13.84,99451.00,35.00,0,0,0,0,,,-1.00,-1.00,-1.00,-1.00,-1.00,-1.00
2022-12-17T22:13:13Z,"0002cc01000003e9","2250c90179fd391704fa11145d612423730fc0000000000000ffffffffffffffffffffffff",3.57,,0.31,17,20.36,13.85,99470.00,63.00,0,0,0,0,,,-1.00,-1.00,-1.00,-1.00,-1.00,-1.00
2022-12-17T22:19:09Z,"0002cc01000003e9","2250c902ddfd391b04fa11145a6125236c0880000000000000ffffffffffffffffffffffff",3.57,,0.31,17,20.35,13.84,99474.00,34.00,0,0,0,0,,,-1.00,-1.00,-1.00,-1.00,-1.00,-1.00
2022-12-17T22:25:05Z,"0002cc01000003e9","2250c90441fd391b04fa11145d612823730ec0000000000000ffffffffffffffffffffffff",3.57,,0.31,17,20.36,13.85,99484.00,59.00,0,0,0,0,,,-1.00,-1.00,-1.00,-1.00,-1.00,-1.00
2022-12-17T22:31:01Z,"0002cc01000003e9","2250c905a5fd392304fa11145a612d236c0b80000000000000ffffffffffffffffffffffff",3.57,,0.31,17,20.35,13.84,99507.00,46.00,0,0,0,0,,,-1.00,-1.00,-1.00,-1.00,-1.00,-1.00
2022-12-17T22:36:57Z,"0002cc01000003e9","2250c90709fd392304fa11145d613023650a80000000000000ffffffffffffffffffffffff",3.57,,0.31,17,20.36,13.83,99517.00,42.00,0,0,0,0,,,-1.00,-1.00,-1.00,-1.00,-1.00,-1.00
2022-12-17T22:42:53Z,"0002cc01000003e9","2250c9086dfd392304fa11145a613223650f80000000000000ffffffffffffffffffffffff",3.57,,0.31,17,20.35,13.83,99525.00,31.00,0,0,0,0,,,-1.00,-1.00,-1.00,-1.00,-1.00,-1.00
2022-12-17T22:48:50Z,"0002cc01000003e9","2250c909d2fd392304fa11145d6136237a0b80000000000000ffffffffffffffffffffffff",3.57,,0.31,17,20.36,13.86,99543.00,23.00,0,0,0,0,,,-1.00,-1.00,-1.00,-1.00,-1.00,-1.00
2022-12-17T22:54:46Z,"0002cc01000003e9","2250c90b36fd391b04fa11145a613a238f0800000000000000ffffffffffffffffffffffff",3.57,,0.31,17,20.35,13.89,99556.00,1.00,0,0,0,0,,,-1.00,-1.00,-1.00,-1.00,-1.00,-1.00
2022-12-17T23:00:42Z,"0002cc01000003e9","2250c90c9afd392304fa11145d613a239d0b00000000000000ffffffffffffffffffffffff",3.57,,0.31,17,20.36,13.91,99557.00,44.00,0,0,0,0,,,-1.00,-1.00,-1.00,-1.00,-1.00,-1.00
2022-12-17T23:06:38Z,"0002cc01000003e9","2250c90dfefd392304fa11145f613d23ab0800000000000000ffffffffffffffffffffffff",3.57,,0.31,17,20.37,13.93,99568.00,8.00,0,0,0,0,,,-1.00,-1.00,-1.00,-1.00,-1.00,-1.00
2022-12-17T23:12:34Z,"0002cc01000003e9","2250c90f62fd392304fa11145d613e23b90a00000000000000ffffffffffffffffffffffff",3.57,,0.31,17,20.36,13.96,99574.00,10.00,0,0,0,0,,,-1.00,-1.00,-1.00,-1.00,-1.00,-1.00
2022-12-17T23:18:30Z,"0002cc01000003e9","2250c910c6fd392304fa11145d613e23ce0d00000000000000ffffffffffffffffffffffff",3.57,,0.31,17,20.36,13.99,99575.00,26.00,0,0,0,0,,,-1.00,-1.00,-1.00,-1.00,-1.00,-1.00
2022-12-17T23:24:26Z,"0002cc01000003e9","2250c9122afd392304fa11145d614223d50a80000000000000ffffffffffffffffffffffff",3.57,,0.31,17,20.36,14.00,99590.00,21.00,0,0,0,0,,,-1.00,-1.00,-1.00,-1.00,-1.00,-1.00
2022-12-17T23:30:22Z,"0002cc01000003e9","2250c9138efd391b04fa11145d614223eb0e00000000000000ffffffffffffffffffffffff",3.57,,0.31,17,20.36,14.03,99588.00,28.00,0,0,0,0,,,-1.00,-1.00,-1.00,-1.00,-1.00,-1.00
2022-12-17T23:36:18Z,"0002cc01000003e9","2250c914f2fd391b04fa11145d614323f80a80000000000000ffffffffffffffffffffffff",3.57,,0.31,17,20.36,14.05,99592.00,42.00,0,0,0,0,,,-1.00,-1.00,-1.00,-1.00,-1.00,-1.00
2022-12-17T23:42:14Z,"0002cc01000003e9","2250c91656fd392304fa11145a6143240d0c00000000000000ffffffffffffffffffffffff",3.57,,0.31,17,20.35,14.08,99593.00,12.00,0,0,0,0,,,-1.00,-1.00,-1.00,-1.00,-1.00,-1.00
2022-12-17T23:48:10Z,"0002cc01000003e9","2250c917bafd392304fa11145d614824150a00000000000000ffffffffffffffffffffffff",3.57,,0.31,17,20.36,14.09,99614.00,20.00,0,0,0,0,,,-1.00,-1.00,-1.00,-1.00,-1.00,-1.00
2022-12-17T23:54:06Z,"0002cc01000003e9","2250c9191efd391b04fa11145d614a241b0c00000000000000ffffffffffffffffffffffff",3.57,,0.31,17,20.36,14.10,99623.00,24.00,0,0,0,0,,,-1.00,-1.00,-1.00,-1.00,-1.00,-1.00
