Time,DevEUI,Raw,Vbat,Vsystem,Vbus,BootCount,T,RH,P,Light,P[0].delta,P[0].total,P[1].delta,P[1].total,Act[7],Act[6],Act[5],Act[4],Act[3],Act[2],Act[1],Act[0]
2022-12-04T00:01:45Z,"0002cc01000003e9","2250b6a5e9fd3a2e052311148d62de25bff000000000000000ffffffffffffffffffffffff",3.64,,0.32,17,20.55,14.75,101238.00,0.00,0,0,0,0,,,-1.00,-1.00,-1.00,-1.00,-1.00,-113959.13
2022-12-04T00:07:41Z,"0002cc01000003e9","2250b6a74dfd3a3a051711148d62dc25b10d00000000000000ffffffffffffffffffffffff",3.64,,0.32,17,20.55,14.72,101230.00,13.00,0,0,0,0,,,-1.00,-1.00,-1.00,-1.00,-1.00,-1.00
2022-12-04T00:13:37Z,"0002cc01000003e9","2250b6a8b1fd3a3a052311148d62dc259cf000000000000000ffffffffffffffffffffffff",3.64,,0.32,17,20.55,14.69,101228.00,0.00,0,0,0,0,,,-1.00,-1.00,-1.00,-1.00,-1.00,-113959.13
2022-12-04T00:19:33Z,"0002cc01000003e9","2250b6aa15fd3a3a052311148d62da25a90b80000000000000ffffffffffffffffffffffff",3.64,,0.32,17,20.55,14.71,101223.00,23.00,0,0,0,0,,,-1.00,-1.00,-1.00,-1.00,-1.00,-1.00
2022-12-04T00:25:29Z,"0002cc01000003e9","2250b6ab79fd3a21052311148b62db257f0800000000000000ffffffffffffffffffffffff",3.63,,0.32,17,20.54,14.65,101225.00,2.00,0,0,0,0,,,-1.00,-1.00,-1.00,-1.00,-1.00,-1.00
2022-12-04T00:31:25Z,"0002cc01000003e9","2250b6acddfd3a32052c11148b62e225a90800000000000000ffffffffffffffffffffffff",3.64,,0.32,17,20.54,14.71,101252.00,8.00,0,0,0,0,,,-1.00,-1.00,-1.00,-1.00,-1.00,-113962.16
2022-12-04T00:37:21Z,"0002cc01000003e9","2250b6ae41fd3a3a052c11148862e1259b0800000000000000ffffffffffffffffffffffff",3.64,,0.32,17,20.53,14.69,101248.00,4.00,0,0,0,0,,,-1.00,-1.00,-1.00,-1.00,-1.00,-1.00
2022-12-04T00:43:18Z,"0002cc01000003e9","2250b6afa6fd3a3a051f11148b62df25a20b00000000000000ffffffffffffffffffffffff",3.64,,0.32,17,20.54,14.70,101243.00,11.00,0,0,0,0,,,-1.00,-1.00,-1.00,-1.00,-1.00,-1.00
2022-12-04T00:49:14Z,"0002cc01000003e9","2250b6b10afd3a3a051711148862dc25780800000000000000ffffffffffffffffffffffff",3.64,,0.32,17,20.53,14.64,101231.00,8.00,0,0,0,0,,,-1.00,-1.00,-1.00,-1.00,-1.00,-1.00
2022-12-04T00:55:10Z,"0002cc01000003e9","2250b6b26efd3a3a052311148862db2578f000000000000000ffffffffffffffffffffffff",3.64,,0.32,17,20.53,14.64,101224.00,0.00,0,0,0,0,,,-1.00,-1.00,-1.00,-1.00,-1.00,-1.00
2022-12-04T01:01:06Z,"0002cc01000003e9","2250b6b3d2fd3a3a051711148b62d82563f000000000000000ffffffffffffffffffffffff",3.64,,0.32,17,20.54,14.60,101213.00,0.00,0,0,0,0,,,-1.00,-1.00,-1.00,-1.00,-1.00,-1.00
2022-12-04T01:07:02Z,"0002cc01000003e9","2250b6b536fd3a3a051711149062d7256b0a00000000000000ffffffffffffffffffffffff",3.64,,0.32,17,20.56,14.62,101209.00,5.00,0,0,0,0,,,-1.00,-1.00,-1.00,-1.00,-1.00,-1.00
2022-12-04T01:12:58Z,"0002cc01000003e9","2250b6b69afd3a36051711149062d125640c00000000000000ffffffffffffffffffffffff",3.64,,0.32,17,20.56,14.61,101185.00,6.00,0,0,0,0,,,-1.00,-1.00,-1.00,-1.00,-1.00,-1.00
2022-12-04T01:18:54Z,"0002cc01000003e9","2250b6b7fefd3a32051711148d62cc255d0c00000000000000ffffffffffffffffffffffff",3.64,,0.32,17,20.55,14.59,101166.00,12.00,0,0,0,0,,,-1.00,-1.00,-1.00,-1.00,-1.00,-113956.11
2022-12-04T01:24:50Z,"0002cc01000003e9","2250b6b962fd3a3a052311148d62cd25640a00000000000000ffffffffffffffffffffffff",3.64,,0.32,17,20.55,14.61,101169.00,5.00,0,0,0,0,,,-1.00,-1.00,-1.00,-1.00,-1.00,-113294.80
2022-12-04T01:30:46Z,"0002cc01000003e9","2250b6bac6fd3a3a052311148d62cc256bf000000000000000ffffffffffffffffffffffff",3.64,,0.32,17,20.55,14.62,101164.00,0.00,0,0,0,0,,,-1.00,-1.00,-1.00,-1.00,-1.00,-1.00
2022-12-04T01:36:42Z,"0002cc01000003e9","2250b6bc2afd3a3a052311148d62ca2564f000000000000000ffffffffffffffffffffffff",3.64,,0.32,17,20.55,14.61,101156.00,0.00,0,0,0,0,,,-1.00,-1.00,-1.00,-1.00,-1.00,-113953.09
2022-12-04T01:42:38Z,"0002cc01000003e9","2250b6bd8efd3a3a052311148d62c725800900000000000000ffffffffffffffffffffffff",3.64,,0.32,17,20.55,14.65,101145.00,9.00,0,0,0,0,,,-1.00,-1.00,-1.00,-1.00,-1.00,-113953.09
2022-12-04T01:48:34Z,"0002cc01000003e9","2250b6bef2fd3a32051711148d62c725800800000000000000ffffffffffffffffffffffff",3.64,,0.32,17,20.55,14.65,101147.00,16.00,0,0,0,0,,,-1.00,-1.00,-1.00,-1.00,-1.00,-1.00
2022-12-04T01:54:30Z,"0002cc01000003e9","2250b6c056fd3a32052311148b62c3257ff000000000000000ffffffffffffffffffffffff",3.64,,0.32,17,20.54,14.65,101131.00,0.00,0,0,0,0,,,-1.00,-1.00,-1.00,-1.00,-1.00,-1.00
2022-12-04T02:00:26Z,"0002cc01000003e9","2250b6c1bafd3a3a052311148b62c22586f000000000000000ffffffffffffffffffffffff",3.64,,0.32,17,20.54,14.66,101124.00,0.00,0,0,0,0,,,-1.00,-1.00,-1.00,-1.00,-1.00,-1.00
2022-12-04T02:06:22Z,"0002cc01000003e9","2250b6c31efd3a32052311148862c525940800000000000000ffffffffffffffffffffffff",3.64,,0.32,17,20.53,14.68,101137.00,1.00,0,0,0,0,,,-1.00,-1.00,-1.00,-1.00,-1.00,-113968.20
2022-12-04T02:12:18Z,"0002cc01000003e9","2250b6c482fd3a36052311148662c225a9f000000000000000ffffffffffffffffffffffff",3.64,,0.32,17,20.52,14.71,101126.00,0.00,0,0,0,0,,,-1.00,-1.00,-1.00,-1.00,-1.00,-113956.11
2022-12-04T02:18:15Z,"0002cc01000003e9","2250b6c5e7fd3a3a052311148662c325b80c80000000000000ffffffffffffffffffffffff",3.64,,0.32,17,20.52,14.73,101129.00,25.00,0,0,0,0,,,-1.00,-1.00,-1.00,-1.00,-1.00,-1.00
2022-12-04T02:24:10Z,"0002cc01000003e9","2250b6c74afd3a3a052c11148662c825d40d00000000000000ffffffffffffffffffffffff",3.64,,0.32,17,20.52,14.78,101148.00,13.00,0,0,0,0,,,-1.00,-1.00,-1.00,-1.00,-1.00,-113959.13
2022-12-04T02:30:07Z,"0002cc01000003e9","2250b6c8affd3a3a051711148662c225db0880000000000000ffffffffffffffffffffffff",3.64,,0.32,17,20.52,14.79,101127.00,17.00,0,0,0,0,,,-1.00,-1.00,-1.00,-1.00,-1.00,-1.00
2022-12-04T02:36:03Z,"0002cc01000003e9","2250b6ca13fd3a3a051711148362c325e8f000000000000000ffffffffffffffffffffffff",3.64,,0.32,17,20.51,14.81,101129.00,0.00,0,0,0,0,,,-1.00,-1.00,-1.00,-1.00,-1.00,-113297.80
2022-12-04T02:41:59Z,"0002cc01000003e9","2250b6cb77fd3a32051711148362c525f60900000000000000ffffffffffffffffffffffff",3.64,,0.32,17,20.51,14.83,101137.00,9.00,0,0,0,0,,,-1.00,-1.00,-1.00,-1.00,-1.00,-1.00
2022-12-04T02:47:55Z,"0002cc01000003e9","2250b6ccdbfd3a3a052311148662c32605f000000000000000ffffffffffffffffffffffff",3.64,,0.32,17,20.52,14.85,101130.00,0.00,0,0,0,0,,,-1.00,-1.00,-1.00,-1.00,-1.00,-113959.15
2022-12-04T02:53:51Z,"0002cc01000003e9","2250b6ce3ffd3a3a051711148662c225fef000000000000000ffffffffffffffffffffffff",3.64,,0.32,17,20.52,14.84,101124.00,0.00,0,0,0,0,,,-1.00,-1.00,-1.00,-1.00,-1.00,-113959.13
2022-12-04T02:59:47Z,"0002cc01000003e9","2250b6cfa3fd3a3a051f11148862c32605f000000000000000ffffffffffffffffffffffff",3.64,,0.32,17,20.53,14.85,101131.00,0.00,0,0,0,0,,,-1.00,-1.00,-1.00,-1.00,-1.00,-113950.08
2022-12-04T03:05:43Z,"0002cc01000003e9","2250b6d107fd3a3a051f11148662c8261a0e00000000000000ffffffffffffffffffffffff",3.64,,0.32,17,20.52,14.88,101148.00,7.00,0,0,0,0,,,-1.00,-1.00,-1.00,-1.00,-1.00,-113285.84
2022-12-04T03:11:39Z,"0002cc01000003e9","2250b6d26bfd3a3a052311148662c72613f000000000000000ffffffffffffffffffffffff",3.64,,0.32,17,20.52,14.87,101144.00,0.00,0,0,0,0,,,-1.00,-1.00,-1.00,-1.00,-1.00,-113962.16
2022-12-04T03:17:35Z,"0002cc01000003e9","2250b6d3cffd3a32051711148362c726120800000000000000ffffffffffffffffffffffff",3.64,,0.32,17,20.51,14.87,101147.00,16.00,0,0,0,0,,,-1.00,-1.00,-1.00,-1.00,-1.00,-113950.08
2022-12-04T03:23:31Z,"0002cc01000003e9","2250b6d533fd3a32051711148362cc2619f000000000000000ffffffffffffffffffffffff",3.64,,0.32,17,20.51,14.88,101164.00,0.00,0,0,0,0,,,-1.00,-1.00,-1.00,-1.00,-1.00,-113959.13
2022-12-04T03:29:27Z,"0002cc01000003e9","2250b6d697fd3a3a052311148162cc2612f000000000000000ffffffffffffffffffffffff",3.64,,0.32,17,20.50,14.87,101167.00,0.00,0,0,0,0,,,-1.00,-1.00,-1.00,-1.00,-1.00,-1.00
2022-12-04T03:35:23Z,"0002cc01000003e9","2250b6d7fbfd3a3a051711147e62ca26270980000000000000ffffffffffffffffffffffff",3.64,,0.32,17,20.49,14.90,101157.00,19.00,0,0,0,0,,,-1.00,-1.00,-1.00,-1.00,-1.00,-1.00
2022-12-04T03:41:19Z,"0002cc01000003e9","2250b6d95ffd3a36052311147b62c72620f000000000000000ffffffffffffffffffffffff",3.64,,0.32,17,20.48,14.89,101145.00,0.00,0,0,0,0,,,-1.00,-1.00,-1.00,-1.00,-1.00,-113956.11
2022-12-04T03:47:15Z,"0002cc01000003e9","2250b6dac3fd3a3a052c11147962c2262e0b00000000000000ffffffffffffffffffffffff",3.64,,0.32,17,20.47,14.91,101127.00,11.00,0,0,0,0,,,-1.00,-1.00,-1.00,-1.00,-1.00,-1.00
2022-12-04T03:53:11Z,"0002cc01000003e9","2250b6dc27fd3a32051f11147962c2262e0b00000000000000ffffffffffffffffffffffff",3.64,,0.32,17,20.47,14.91,101124.00,11.00,0,0,0,0,,,-1.00,-1.00,-1.00,-1.00,-1.00,-1.00
2022-12-04T03:59:07Z,"0002cc01000003e9","2250b6dd8bfd3a32052311147662c126270800000000000000ffffffffffffffffffffffff",3.64,,0.32,17,20.46,14.90,101121.00,2.00,0,0,0,0,,,-1.00,-1.00,-1.00,-1.00,-1.00,-1.00
2022-12-04T04:05:03Z,"0002cc01000003e9","2250b6deeffd3a32052311147662bf26200800000000000000ffffffffffffffffffffffff",3.64,,0.32,17,20.46,14.89,101114.00,16.00,0,0,0,0,,,-1.00,-1.00,-1.00,-1.00,-1.00,-1.00
2022-12-04T04:11:00Z,"0002cc01000003e9","2250b6e054fd3a3a052311147662c226270e00000000000000ffffffffffffffffffffffff",3.64,,0.32,17,20.46,14.90,101124.00,14.00,0,0,0,0,,,-1.00,-1.00,-1.00,-1.00,-1.00,-1.00
2022-12-04T04:16:56Z,"0002cc01000003e9","2250b6e1b8fd3a3a051711147462c4261f0c00000000000000ffffffffffffffffffffffff",3.64,,0.32,17,20.45,14.89,101132.00,3.00,0,0,0,0,,,-1.00,-1.00,-1.00,-1.00,-1.00,-113959.13
2022-12-04T04:22:51Z,"0002cc01000003e9","2250b6e31bfd3a3a051711147462c5260af000000000000000ffffffffffffffffffffffff",3.64,,0.32,17,20.45,14.86,101136.00,0.00,0,0,0,0,,,-1.00,-1.00,-1.00,-1.00,-1.00,-113965.18
2022-12-04T04:28:48Z,"0002cc01000003e9","2250b6e480fd3a3a052311147462c32618f000000000000000ffffffffffffffffffffffff",3.64,,0.32,17,20.45,14.88,101129.00,0.00,0,0,0,0,,,-1.00,-1.00,-1.00,-1.00,-1.00,-1.00
2022-12-04T04:34:44Z,"0002cc01000003e9","2250b6e5e4fd3a3a052311147162c2261ff000000000000000ffffffffffffffffffffffff",3.64,,0.32,17,20.44,14.89,101125.00,0.00,0,0,0,0,,,-1.00,-1.00,-1.00,-1.00,-1.00,-1.00
2022-12-04T04:40:40Z,"0002cc01000003e9","2250b6e748fd3a32051711146f62c1262d0e00000000000000ffffffffffffffffffffffff",3.64,,0.32,17,20.43,14.91,101122.00,14.00,0,0,0,0,,,-1.00,-1.00,-1.00,-1.00,-1.00,-113959.13
2022-12-04T04:46:36Z,"0002cc01000003e9","2250b6e8acfd3a32051711146f62bf2642f000000000000000ffffffffffffffffffffffff",3.64,,0.32,17,20.43,14.95,101113.00,0.00,0,0,0,0,,,-1.00,-1.00,-1.00,-1.00,-1.00,-1.00
2022-12-04T04:52:32Z,"0002cc01000003e9","2250b6ea10fd3a32051711146f62c1262df000000000000000ffffffffffffffffffffffff",3.64,,0.32,17,20.43,14.91,101121.00,0.00,0,0,0,0,,,-1.00,-1.00,-1.00,-1.00,-1.00,-1.00
2022-12-04T04:58:28Z,"0002cc01000003e9","2250b6eb74fd3a32051711146f62be2634f000000000000000ffffffffffffffffffffffff",3.64,,0.32,17,20.43,14.92,101109.00,0.00,0,0,0,0,,,-1.00,-1.00,-1.00,-1.00,-1.00,-1.00
2022-12-04T05:04:24Z,"0002cc01000003e9","2250b6ecd8fd3a32052311146c62ba262d0a00000000000000ffffffffffffffffffffffff",3.64,,0.32,17,20.42,14.91,101094.00,5.00,0,0,0,0,,,-1.00,-1.00,-1.00,-1.00,-1.00,-1.00
2022-12-04T05:10:20Z,"0002cc01000003e9","2250b6ee3cfd3a32052311146962ba26260c00000000000000ffffffffffffffffffffffff",3.64,,0.32,17,20.41,14.90,101094.00,3.00,0,0,0,0,,,-1.00,-1.00,-1.00,-1.00,-1.00,-1.00
2022-12-04T05:16:16Z,"0002cc01000003e9","2250b6efa0fd3a3a052311146762bd2618f000000000000000ffffffffffffffffffffffff",3.64,,0.32,17,20.40,14.88,101105.00,0.00,0,0,0,0,,,-1.00,-1.00,-1.00,-1.00,-1.00,-113288.84
2022-12-04T05:22:12Z,"0002cc01000003e9","2250b6f104fd3a32052311146462b826100d00000000000000ffffffffffffffffffffffff",3.64,,0.32,17,20.39,14.87,101084.00,13.00,0,0,0,0,,,-1.00,-1.00,-1.00,-1.00,-1.00,-1.00
2022-12-04T05:28:08Z,"0002cc01000003e9","2250b6f268fd3a32052311146262b326170c00000000000000ffffffffffffffffffffffff",3.64,,0.32,17,20.38,14.88,101066.00,6.00,0,0,0,0,,,-1.00,-1.00,-1.00,-1.00,-1.00,-113285.84
2022-12-04T05:34:04Z,"0002cc01000003e9","2250b6f3ccfd3a3a052311145f62b726250800000000000000ffffffffffffffffffffffff",3.64,,0.32,17,20.37,14.90,101083.00,2.00,0,0,0,0,,,-1.00,-1.00,-1.00,-1.00,-1.00,-1.00
2022-12-04T05:40:00Z,"0002cc01000003e9","2250b6f530fd3a3a052311145d62b2262b0c80000000000000ffffffffffffffffffffffff",3.64,,0.32,17,20.36,14.91,101063.00,25.00,0,0,0,0,,,-1.00,-1.00,-1.00,-1.00,-1.00,-1.00
2022-12-04T05:45:56Z,"0002cc01000003e9","2250b6f694fd3a32052311145a62b12632f000000000000000ffffffffffffffffffffffff",3.64,,0.32,17,20.35,14.92,101056.00,0.00,0,0,0,0,,,-1.00,-1.00,-1.00,-1.00,-1.00,-113294.81
2022-12-04T05:51:52Z,"0002cc01000003e9","2250b6f7f8fd3a32052311145862b126320f00000000000000ffffffffffffffffffffffff",3.64,,0.32,17,20.34,14.92,101058.00,15.00,0,0,0,0,,,-1.00,-1.00,-1.00,-1.00,-1.00,-1.00
2022-12-04T05:57:48Z,"0002cc01000003e9","2250b6f95cfd3a32052311145562ac264ef000000000000000ffffffffffffffffffffffff",3.64,,0.32,17,20.33,14.96,101039.00,0.00,0,0,0,0,,,-1.00,-1.00,-1.00,-1.00,-1.00,-113959.15
2022-12-04T06:03:44Z,"0002cc01000003e9","2250b6fac0fd3a32051711145262ab26780c00000000000000ffffffffffffffffffffffff",3.64,,0.32,17,20.32,15.03,101035.00,6.00,0,0,0,0,,,-1.00,-1.00,-1.00,-1.00,-1.00,-113959.13
2022-12-04T06:09:41Z,"0002cc01000003e9","2250b6fc25fd3a36052311145262a62686f000000000000000ffffffffffffffffffffffff",3.64,,0.32,17,20.32,15.05,101014.00,0.00,0,0,0,0,,,-1.00,-1.00,-1.00,-1.00,-1.00,-1.00
2022-12-04T06:15:37Z,"0002cc01000003e9","2250b6fd89fd3a32051711145062a5269b0c00000000000000ffffffffffffffffffffffff",3.64,,0.32,17,20.31,15.08,101008.00,6.00,0,0,0,0,,,-1.00,-1.00,-1.00,-1.00,-1.00,-113959.13
2022-12-04T06:21:33Z,"0002cc01000003e9","2250b6feedfd3a32052311144d62a326a9f000000000000000ffffffffffffffffffffffff",3.64,,0.32,17,20.30,15.10,101002.00,0.00,0,0,0,0,,,-1.00,-1.00,-1.00,-1.00,-1.00,-113959.13
2022-12-04T06:27:29Z,"0002cc01000003e9","2250b70051fd3a3a052311144d62a226be0c00000000000000ffffffffffffffffffffffff",3.64,,0.32,17,20.30,15.13,100999.00,6.00,0,0,0,0,,,-1.00,-1.00,-1.00,-1.00,-1.00,-1.00
2022-12-04T06:33:25Z,"0002cc01000003e9","2250b701b5fd3a32052311144b629d26cc0980000000000000ffffffffffffffffffffffff",3.64,,0.32,17,20.29,15.16,100978.00,19.00,0,0,0,0,,,-1.00,-1.00,-1.00,-1.00,-1.00,-113965.18
2022-12-04T06:39:21Z,"0002cc01000003e9","2250b70319fd3a320523111446629d26cbf000000000000000ffffffffffffffffffffffff",3.64,,0.32,17,20.27,15.15,100979.00,0.00,0,0,0,0,,,-1.00,-1.00,-1.00,-1.00,-1.00,-1.00
2022-12-04T06:45:17Z,"0002cc01000003e9","2250b7047dfd3a290523111441629b26cb0800000000000000ffffffffffffffffffffffff",3.63,,0.32,17,20.25,15.15,100968.00,8.00,0,0,0,0,,,-1.00,-1.00,-1.00,-1.00,-1.00,-1.00
2022-12-04T06:51:13Z,"0002cc01000003e9","2250b705e1fd3a32052311143e629426d20f00000000000000ffffffffffffffffffffffff",3.64,,0.32,17,20.24,15.16,100942.00,15.00,0,0,0,0,,,-1.00,-1.00,-1.00,-1.00,-1.00,-1.00
2022-12-04T06:57:09Z,"0002cc01000003e9","2250b70745fd3a32051711143b629226d1f000000000000000ffffffffffffffffffffffff",3.64,,0.32,17,20.23,15.16,100933.00,0.00,0,0,0,0,,,-1.00,-1.00,-1.00,-1.00,-1.00,-113294.80
2022-12-04T07:03:05Z,"0002cc01000003e9","2250b708a9fd3a320523111436629126e60c00000000000000ffffffffffffffffffffffff",3.64,,0.32,17,20.21,15.20,100930.00,6.00,0,0,0,0,,,-1.00,-1.00,-1.00,-1.00,-1.00,-1.00
2022-12-04T07:09:01Z,"0002cc01000003e9","2250b70a0dfd3a29052311143962902709f000000000000000ffffffffffffffffffffffff",3.63,,0.32,17,20.22,15.25,100925.00,0.00,0,0,0,0,,,-1.00,-1.00,-1.00,-1.00,-1.00,-1.00
2022-12-04T07:14:57Z,"0002cc01000003e9","2250b70b71fd3a29052311143b629027260e00000000000000ffffffffffffffffffffffff",3.63,,0.32,17,20.23,15.29,100926.00,14.00,0,0,0,0,,,-1.00,-1.00,-1.00,-1.00,-1.00,-113956.11
2022-12-04T07:20:53Z,"0002cc01000003e9","2250b70cd5fd3a3a0523111441628a2734f000000000000000ffffffffffffffffffffffff",3.64,,0.32,17,20.25,15.31,100901.00,0.00,0,0,0,0,,,-1.00,-1.00,-1.00,-1.00,-1.00,-113968.20
2022-12-04T07:26:49Z,"0002cc01000003e9","2250b70e39fd3a320523111441628927490e00000000000000ffffffffffffffffffffffff",3.64,,0.32,17,20.25,15.35,100899.00,28.00,0,0,0,0,,,-1.00,-1.00,-1.00,-1.00,-1.00,-1.00
2022-12-04T07:32:45Z,"0002cc01000003e9","2250b70f9dfd3a3a05231114416286275ff000000000000000ffffffffffffffffffffffff",3.64,,0.32,17,20.25,15.38,100887.00,0.00,0,0,0,0,,,-1.00,-1.00,-1.00,-1.00,-1.00,-1.00
2022-12-04T07:38:41Z,"0002cc01000003e9","2250b71101fd3a29052311143e6286276c0c00000000000000ffffffffffffffffffffffff",3.63,,0.32,17,20.24,15.40,100887.00,12.00,0,0,0,0,,,-1.00,-1.00,-1.00,-1.00,-1.00,-113962.17
2022-12-04T07:44:37Z,"0002cc01000003e9","2250b71265fd3a32052311143e6288277a09c0000000000000ffffffffffffffffffffffff",3.64,,0.32,17,20.24,15.42,100893.00,39.00,0,0,0,0,,,-1.00,-1.00,-1.00,-1.00,-1.00,-113291.82
2022-12-04T07:50:34Z,"0002cc01000003e9","2250b713cafd3a32052c11143b6286277af000000000000000ffffffffffffffffffffffff",3.64,,0.32,17,20.23,15.42,100884.00,0.00,0,0,0,0,,,-1.00,-1.00,-1.00,-1.00,-1.00,-1.00
2022-12-04T07:56:30Z,"0002cc01000003e9","2250b7152efd3a3a052311143b6285277a0a80000000000000ffffffffffffffffffffffff",3.64,,0.32,17,20.23,15.42,100880.00,21.00,0,0,0,0,,,-1.00,-1.00,-1.00,-1.00,-1.00,-113288.84
2022-12-04T08:02:26Z,"0002cc01000003e9","2250b71692fd3a2e05231114396288277a0a40000000000000ffffffffffffffffffffffff",3.64,,0.32,17,20.22,15.42,100892.00,41.00,0,0,0,0,,,-1.00,-1.00,-1.00,-1.00,-1.00,-1.00
2022-12-04T08:08:22Z,"0002cc01000003e9","2250b717f6fd3a2905231114396285277a0f00000000000000ffffffffffffffffffffffff",3.63,,0.32,17,20.22,15.42,100881.00,15.00,0,0,0,0,,,-1.00,-1.00,-1.00,-1.00,-1.00,-113953.10
2022-12-04T08:14:18Z,"0002cc01000003e9","2250b7195afd3a3a051f11143662872788f000000000000000ffffffffffffffffffffffff",3.64,,0.32,17,20.21,15.44,100888.00,0.00,0,0,0,0,,,-1.00,-1.00,-1.00,-1.00,-1.00,-113291.82
2022-12-04T08:20:14Z,"0002cc01000003e9","2250b71abefd3a320523111436628127b2f000000000000000ffffffffffffffffffffffff",3.64,,0.32,17,20.21,15.51,100865.00,0.00,0,0,0,0,,,-1.00,-1.00,-1.00,-1.00,-1.00,-1.00
2022-12-04T08:26:10Z,"0002cc01000003e9","2250b71c22fd3a3a0523111436628027ea0800000000000000ffffffffffffffffffffffff",3.64,,0.32,17,20.21,15.59,100860.00,1.00,0,0,0,0,,,-1.00,-1.00,-1.00,-1.00,-1.00,-113953.10
2022-12-04T08:32:06Z,"0002cc01000003e9","2250b71d86fd3a3a0523111439627e27f80c00000000000000ffffffffffffffffffffffff",3.64,,0.32,17,20.22,15.61,100855.00,3.00,0,0,0,0,,,-1.00,-1.00,-1.00,-1.00,-1.00,-113965.18
2022-12-04T08:38:02Z,"0002cc01000003e9","2250b71eeafd3a320523111439627d27f1f000000000000000ffffffffffffffffffffffff",3.64,,0.32,17,20.22,15.60,100851.00,0.00,0,0,0,0,,,-1.00,-1.00,-1.00,-1.00,-1.00,-1.00
2022-12-04T08:43:58Z,"0002cc01000003e9","2250b7204efd3a320523111436627927dcf000000000000000ffffffffffffffffffffffff",3.64,,0.32,17,20.21,15.57,100835.00,0.00,0,0,0,0,,,-1.00,-1.00,-1.00,-1.00,-1.00,-113959.13
2022-12-04T08:49:54Z,"0002cc01000003e9","2250b721b2fd3a290523111434627a27f1f000000000000000ffffffffffffffffffffffff",3.63,,0.32,17,20.20,15.60,100839.00,0.00,0,0,0,0,,,-1.00,-1.00,-1.00,-1.00,-1.00,-113956.11
2022-12-04T08:55:50Z,"0002cc01000003e9","2250b72316fd3a320523111431627a280df000000000000000ffffffffffffffffffffffff",3.64,,0.32,17,20.19,15.65,100837.00,0.00,0,0,0,0,,,-1.00,-1.00,-1.00,-1.00,-1.00,-1.00
2022-12-04T09:01:46Z,"0002cc01000003e9","2250b7247afd3a320523111431627c28370800000000000000ffffffffffffffffffffffff",3.64,,0.32,17,20.19,15.71,100847.00,1.00,0,0,0,0,,,-1.00,-1.00,-1.00,-1.00,-1.00,-113959.13
2022-12-04T09:07:42Z,"0002cc01000003e9","2250b725defd3a3a052311142f627a28610900000000000000ffffffffffffffffffffffff",3.64,,0.32,17,20.18,15.77,100836.00,18.00,0,0,0,0,,,-1.00,-1.00,-1.00,-1.00,-1.00,-1.00
2022-12-04T09:13:38Z,"0002cc01000003e9","2250b72742fd3a32052311142f6279288bf000000000000000ffffffffffffffffffffffff",3.64,,0.32,17,20.18,15.84,100833.00,0.00,0,0,0,0,,,-1.00,-1.00,-1.00,-1.00,-1.00,-1.00
2022-12-04T09:19:34Z,"0002cc01000003e9","2250b728a6fd3a29051f11142c627a28d8f000000000000000ffffffffffffffffffffffff",3.63,,0.32,17,20.17,15.96,100836.00,0.00,0,0,0,0,,,-1.00,-1.00,-1.00,-1.00,-1.00,-113971.23
2022-12-04T09:25:30Z,"0002cc01000003e9","2250b72a0afd3a32052311142c627a29180900000000000000ffffffffffffffffffffffff",3.64,,0.32,17,20.17,16.05,100839.00,18.00,0,0,0,0,,,-1.00,-1.00,-1.00,-1.00,-1.00,-113288.82
2022-12-04T09:31:26Z,"0002cc01000003e9","2250b72b6efd3a32052311142c627f2942f000000000000000ffffffffffffffffffffffff",3.64,,0.32,17,20.17,16.12,100857.00,0.00,0,0,0,0,,,-1.00,-1.00,-1.00,-1.00,-1.00,-1.00
2022-12-04T09:37:23Z,"0002cc01000003e9","2250b72cd3fd3a3a0523111429627e2949f000000000000000ffffffffffffffffffffffff",3.64,,0.32,17,20.16,16.13,100852.00,0.00,0,0,0,0,,,-1.00,-1.00,-1.00,-1.00,-1.00,-1.00
2022-12-04T09:43:19Z,"0002cc01000003e9","2250b72e37fd3a320523111429627829420a80000000000000ffffffffffffffffffffffff",3.64,,0.32,17,20.16,16.12,100828.00,21.00,0,0,0,0,,,-1.00,-1.00,-1.00,-1.00,-1.00,-113962.16
2022-12-04T09:49:15Z,"0002cc01000003e9","2250b72f9bfd3a2905231114276272292cf000000000000000ffffffffffffffffffffffff",3.63,,0.32,17,20.15,16.08,100807.00,0.00,0,0,0,0,,,-1.00,-1.00,-1.00,-1.00,-1.00,-1.00
2022-12-04T09:55:11Z,"0002cc01000003e9","2250b730fffd3a32051f111427627129100c00000000000000ffffffffffffffffffffffff",3.64,,0.32,17,20.15,16.04,100802.00,6.00,0,0,0,0,,,-1.00,-1.00,-1.00,-1.00,-1.00,-1.00
2022-12-04T10:01:07Z,"0002cc01000003e9","2250b73263fd3a320523111424627228fb0c00000000000000ffffffffffffffffffffffff",3.64,,0.32,17,20.14,16.01,100804.00,12.00,0,0,0,0,,,-1.00,-1.00,-1.00,-1.00,-1.00,-1.00
2022-12-04T10:07:03Z,"0002cc01000003e9","2250b733c7fd3a320523111424627128dff000000000000000ffffffffffffffffffffffff",3.64,,0.32,17,20.14,15.96,100802.00,0.00,0,0,0,0,,,-1.00,-1.00,-1.00,-1.00,-1.00,-113965.18
2022-12-04T10:12:59Z,"0002cc01000003e9","2250b7352bfd3a290523111422627028c90c00000000000000ffffffffffffffffffffffff",3.63,,0.32,17,20.13,15.93,100797.00,24.00,0,0,0,0,,,-1.00,-1.00,-1.00,-1.00,-1.00,-113968.20
2022-12-04T10:18:55Z,"0002cc01000003e9","2250b7368ffd3a29052311141f626e28c20c00000000000000ffffffffffffffffffffffff",3.63,,0.32,17,20.12,15.92,100791.00,12.00,0,0,0,0,,,-1.00,-1.00,-1.00,-1.00,-1.00,-1.00
2022-12-04T10:24:51Z,"0002cc01000003e9","2250b737f3fd3a32052311141a626b28c2f000000000000000ffffffffffffffffffffffff",3.64,,0.32,17,20.10,15.92,100776.00,0.00,0,0,0,0,,,-1.00,-1.00,-1.00,-1.00,-1.00,-1.00
2022-12-04T10:30:47Z,"0002cc01000003e9","2250b73957fd3a32052311141a626728bb0d80000000000000ffffffffffffffffffffffff",3.64,,0.32,17,20.10,15.91,100760.00,27.00,0,0,0,0,,,-1.00,-1.00,-1.00,-1.00,-1.00,-113956.11
2022-12-04T10:36:43Z,"0002cc01000003e9","2250b73abbfd3a320523111418626728acf000000000000000ffffffffffffffffffffffff",3.64,,0.32,17,20.09,15.89,100761.00,0.00,0,0,0,0,,,-1.00,-1.00,-1.00,-1.00,-1.00,-1.00
2022-12-04T10:42:39Z,"0002cc01000003e9","2250b73c1ffd3a2905171114186261289e0800000000000000ffffffffffffffffffffffff",3.63,,0.32,17,20.09,15.87,100736.00,8.00,0,0,0,0,,,-1.00,-1.00,-1.00,-1.00,-1.00,-1.00
2022-12-04T10:48:35Z,"0002cc01000003e9","2250b73d83fd3a32051f1114186261287bf000000000000000ffffffffffffffffffffffff",3.64,,0.32,17,20.09,15.81,100739.00,0.00,0,0,0,0,,,-1.00,-1.00,-1.00,-1.00,-1.00,-113953.10
2022-12-04T10:54:31Z,"0002cc01000003e9","2250b73ee7fd3a3205231114186262286d0e00000000000000ffffffffffffffffffffffff",3.64,,0.32,17,20.09,15.79,100743.00,14.00,0,0,0,0,,,-1.00,-1.00,-1.00,-1.00,-1.00,-113291.82
2022-12-04T11:00:27Z,"0002cc01000003e9","2250b7404bfd3a290517111418625f28580900000000000000ffffffffffffffffffffffff",3.63,,0.32,17,20.09,15.76,100729.00,9.00,0,0,0,0,,,-1.00,-1.00,-1.00,-1.00,-1.00,-113959.13
2022-12-04T11:06:23Z,"0002cc01000003e9","2250b741affd3a320517111412625e2849f000000000000000ffffffffffffffffffffffff",3.64,,0.32,17,20.07,15.74,100724.00,0.00,0,0,0,0,,,-1.00,-1.00,-1.00,-1.00,-1.00,-113962.17
2022-12-04T11:12:19Z,"0002cc01000003e9","2250b74313fd3a320523111410625b282d0900000000000000ffffffffffffffffffffffff",3.64,,0.32,17,20.06,15.69,100713.00,9.00,0,0,0,0,,,-1.00,-1.00,-1.00,-1.00,-1.00,-113956.11
2022-12-04T11:18:15Z,"0002cc01000003e9","2250b74477fd3a3205231114126259281ff000000000000000ffffffffffffffffffffffff",3.64,,0.32,17,20.07,15.67,100706.00,0.00,0,0,0,0,,,-1.00,-1.00,-1.00,-1.00,-1.00,-1.00
2022-12-04T11:24:12Z,"0002cc01000003e9","2250b745dcfd3a320523111412625b280af000000000000000ffffffffffffffffffffffff",3.64,,0.32,17,20.07,15.64,100712.00,0.00,0,0,0,0,,,-1.00,-1.00,-1.00,-1.00,-1.00,-1.00
2022-12-04T11:30:07Z,"0002cc01000003e9","2250b7473ffd3a290523111412625b280a0a00000000000000ffffffffffffffffffffffff",3.63,,0.32,17,20.07,15.64,100714.00,10.00,0,0,0,0,,,-1.00,-1.00,-1.00,-1.00,-1.00,-113953.09
2022-12-04T11:36:03Z,"0002cc01000003e9","2250b748a3fd3a290523111418625a27ef0900000000000000ffffffffffffffffffffffff",3.63,,0.32,17,20.09,15.60,100709.00,9.00,0,0,0,0,,,-1.00,-1.00,-1.00,-1.00,-1.00,-1.00
2022-12-04T11:42:00Z,"0002cc01000003e9","2250b74a08fd3a32051f11141f625c27ef0800000000000000ffffffffffffffffffffffff",3.64,,0.32,17,20.12,15.60,100716.00,8.00,0,0,0,0,,,-1.00,-1.00,-1.00,-1.00,-1.00,-1.00
2022-12-04T11:47:56Z,"0002cc01000003e9","2250b74b6cfd3a29052311142c625c27f00a00000000000000ffffffffffffffffffffffff",3.63,,0.32,17,20.17,15.60,100718.00,40.00,0,0,0,0,,,-1.00,-1.00,-1.00,-1.00,-1.00,-1.00
2022-12-04T11:53:52Z,"0002cc01000003e9","2250b74cd0fd3a320523111439625e27eaf000000000000000ffffffffffffffffffffffff",3.64,,0.32,17,20.22,15.59,100725.00,0.00,0,0,0,0,,,-1.00,-1.00,-1.00,-1.00,-1.00,-1.00
2022-12-04T11:59:48Z,"0002cc01000003e9","2250b74e34fd3a32052311143e626027f2f000000000000000ffffffffffffffffffffffff",3.64,,0.32,17,20.24,15.60,100732.00,0.00,0,0,0,0,,,-1.00,-1.00,-1.00,-1.00,-1.00,-1.00
2022-12-04T12:05:44Z,"0002cc01000003e9","2250b74f98fd3a320523111446626527f90a00000000000000ffffffffffffffffffffffff",3.64,,0.32,17,20.27,15.62,100754.00,10.00,0,0,0,0,,,-1.00,-1.00,-1.00,-1.00,-1.00,-113959.13
2022-12-04T12:11:40Z,"0002cc01000003e9","2250b750fcfd3a32052311144d62692802f000000000000000ffffffffffffffffffffffff",3.64,,0.32,17,20.30,15.63,100771.00,0.00,0,0,0,0,,,-1.00,-1.00,-1.00,-1.00,-1.00,-113959.13
2022-12-04T12:17:36Z,"0002cc01000003e9","2250b75260fd3a320517111455626827fbf000000000000000ffffffffffffffffffffffff",3.64,,0.32,17,20.33,15.62,100764.00,0.00,0,0,0,0,,,-1.00,-1.00,-1.00,-1.00,-1.00,-1.00
2022-12-04T12:23:32Z,"0002cc01000003e9","2250b753c4fd3a320517111455626927edf000000000000000ffffffffffffffffffffffff",3.64,,0.32,17,20.33,15.60,100768.00,0.00,0,0,0,0,,,-1.00,-1.00,-1.00,-1.00,-1.00,-1.00
2022-12-04T12:29:28Z,"0002cc01000003e9","2250b75528fd3a29052311145a626927d1f000000000000000ffffffffffffffffffffffff",3.63,,0.32,17,20.35,15.55,100768.00,0.00,0,0,0,0,,,-1.00,-1.00,-1.00,-1.00,-1.00,-113968.20
2022-12-04T12:35:24Z,"0002cc01000003e9","2250b7568cfd3a29051711145a626727af0900000000000000ffffffffffffffffffffffff",3.63,,0.32,17,20.35,15.50,100760.00,9.00,0,0,0,0,,,-1.00,-1.00,-1.00,-1.00,-1.00,-1.00
2022-12-04T12:41:20Z,"0002cc01000003e9","2250b757f0fd3a290523111455626427a70800000000000000ffffffffffffffffffffffff",3.63,,0.32,17,20.33,15.49,100748.00,2.00,0,0,0,0,,,-1.00,-1.00,-1.00,-1.00,-1.00,-1.00
2022-12-04T12:47:16Z,"0002cc01000003e9","2250b75954fd3a3205231114526263279ff000000000000000ffffffffffffffffffffffff",3.64,,0.32,17,20.32,15.48,100745.00,0.00,0,0,0,0,,,-1.00,-1.00,-1.00,-1.00,-1.00,-1.00
2022-12-04T12:53:12Z,"0002cc01000003e9","2250b75ab8fd3a29052311145262622798f000000000000000ffffffffffffffffffffffff",3.63,,0.32,17,20.32,15.47,100743.00,0.00,0,0,0,0,,,-1.00,-1.00,-1.00,-1.00,-1.00,-113956.13
2022-12-04T12:59:08Z,"0002cc01000003e9","2250b75c1cfd3a32051f11144d626427a6f000000000000000ffffffffffffffffffffffff",3.64,,0.32,17,20.30,15.49,100750.00,0.00,0,0,0,0,,,-1.00,-1.00,-1.00,-1.00,-1.00,-113297.78
2022-12-04T13:05:04Z,"0002cc01000003e9","2250b75d80fd3a32052311144b626227b4f000000000000000ffffffffffffffffffffffff",3.64,,0.32,17,20.29,15.51,100743.00,0.00,0,0,0,0,,,-1.00,-1.00,-1.00,-1.00,-1.00,-113959.15
2022-12-04T13:11:00Z,"0002cc01000003e9","2250b75ee4fd3a2e051711144b626327bb0800000000000000ffffffffffffffffffffffff",3.64,,0.32,17,20.29,15.52,100745.00,16.00,0,0,0,0,,,-1.00,-1.00,-1.00,-1.00,-1.00,-113965.18
2022-12-04T13:16:57Z,"0002cc01000003e9","2250b76049fd3a2e0523111448626427c90a80000000000000ffffffffffffffffffffffff",3.64,,0.32,17,20.28,15.54,100748.00,21.00,0,0,0,0,,,-1.00,-1.00,-1.00,-1.00,-1.00,-1.00
2022-12-04T13:22:52Z,"0002cc01000003e9","2250b761acfd3a29052311144b626427d00c00000000000000ffffffffffffffffffffffff",3.63,,0.32,17,20.29,15.55,100751.00,3.00,0,0,0,0,,,-1.00,-1.00,-1.00,-1.00,-1.00,-113956.11
2022-12-04T13:28:49Z,"0002cc01000003e9","2250b76311fd3a32051f111448626227de0880000000000000ffffffffffffffffffffffff",3.64,,0.32,17,20.28,15.57,100742.00,17.00,0,0,0,0,,,-1.00,-1.00,-1.00,-1.00,-1.00,-1.00
2022-12-04T13:34:45Z,"0002cc01000003e9","2250b76475fd3a32052311144b626327ecf000000000000000ffffffffffffffffffffffff",3.64,,0.32,17,20.29,15.59,100745.00,0.00,0,0,0,0,,,-1.00,-1.00,-1.00,-1.00,-1.00,-113965.20
2022-12-04T13:40:41Z,"0002cc01000003e9","2250b765d9fd3a32052311144b626527f30800000000000000ffffffffffffffffffffffff",3.64,,0.32,17,20.29,15.61,100753.00,8.00,0,0,0,0,,,-1.00,-1.00,-1.00,-1.00,-1.00,-113959.13
2022-12-04T13:46:37Z,"0002cc01000003e9","2250b7673dfd3a29052311144d626527fa0800000000000000ffffffffffffffffffffffff",3.63,,0.32,17,20.30,15.62,100753.00,16.00,0,0,0,0,,,-1.00,-1.00,-1.00,-1.00,-1.00,-113956.13
2022-12-04T13:52:33Z,"0002cc01000003e9","2250b768a1fd3a2e052311144d625d28100a00000000000000ffffffffffffffffffffffff",3.64,,0.32,17,20.30,15.65,100723.00,5.00,0,0,0,0,,,-1.00,-1.00,-1.00,-1.00,-1.00,-113959.13
2022-12-04T13:58:29Z,"0002cc01000003e9","2250b76a05fd3a32052311144d625f281d0800000000000000ffffffffffffffffffffffff",3.64,,0.32,17,20.30,15.67,100729.00,8.00,0,0,0,0,,,-1.00,-1.00,-1.00,-1.00,-1.00,-1.00
2022-12-04T14:04:25Z,"0002cc01000003e9","2250b76b69fd3a2e052311144d625f28320f00000000000000ffffffffffffffffffffffff",3.64,,0.32,17,20.30,15.70,100730.00,30.00,0,0,0,0,,,-1.00,-1.00,-1.00,-1.00,-1.00,-1.00
2022-12-04T14:10:21Z,"0002cc01000003e9","2250b76ccdfd3a32052311144d626128390c80000000000000ffffffffffffffffffffffff",3.64,,0.32,17,20.30,15.71,100739.00,25.00,0,0,0,0,,,-1.00,-1.00,-1.00,-1.00,-1.00,-113962.16
2022-12-04T14:16:17Z,"0002cc01000003e9","2250b76e31fd3a29052311144d626128410980000000000000ffffffffffffffffffffffff",3.63,,0.32,17,20.30,15.72,100737.00,38.00,0,0,0,0,,,-1.00,-1.00,-1.00,-1.00,-1.00,-1.00
2022-12-04T14:22:13Z,"0002cc01000003e9","2250b76f95fd3a320523111450625c28480f00000000000000ffffffffffffffffffffffff",3.64,,0.32,17,20.31,15.74,100717.00,15.00,0,0,0,0,,,-1.00,-1.00,-1.00,-1.00,-1.00,-1.00
2022-12-04T14:28:09Z,"0002cc01000003e9","2250b770f9fd3a2e0523111450625628560900000000000000ffffffffffffffffffffffff",3.64,,0.32,17,20.31,15.76,100695.00,9.00,0,0,0,0,,,-1.00,-1.00,-1.00,-1.00,-1.00,-113294.80
2022-12-04T14:34:05Z,"0002cc01000003e9","2250b7725dfd3a32052311144d6256286b0b00000000000000ffffffffffffffffffffffff",3.64,,0.32,17,20.30,15.79,100695.00,11.00,0,0,0,0,,,-1.00,-1.00,-1.00,-1.00,-1.00,-113291.80
2022-12-04T14:40:01Z,"0002cc01000003e9","2250b773c1fd3a32052311144d625a28720800000000000000ffffffffffffffffffffffff",3.64,,0.32,17,20.30,15.80,100710.00,32.00,0,0,0,0,,,-1.00,-1.00,-1.00,-1.00,-1.00,-1.00
2022-12-04T14:45:57Z,"0002cc01000003e9","2250b77525fd3a320523111450625b285d0f00000000000000ffffffffffffffffffffffff",3.64,,0.32,17,20.31,15.77,100713.00,30.00,0,0,0,0,,,-1.00,-1.00,-1.00,-1.00,-1.00,-113959.13
2022-12-04T14:51:53Z,"0002cc01000003e9","2250b77689fd3a320523111450625d285d0d80000000000000ffffffffffffffffffffffff",3.64,,0.32,17,20.31,15.77,100720.00,27.00,0,0,0,0,,,-1.00,-1.00,-1.00,-1.00,-1.00,-113950.06
2022-12-04T14:57:49Z,"0002cc01000003e9","2250b777edfd3a320523111450625b285608c0000000000000ffffffffffffffffffffffff",3.64,,0.32,17,20.31,15.76,100715.00,35.00,0,0,0,0,,,-1.00,-1.00,-1.00,-1.00,-1.00,-1.00
2022-12-04T15:03:45Z,"0002cc01000003e9","2250b77951fd3a320523111452625c284f0ac0000000000000ffffffffffffffffffffffff",3.64,,0.32,17,20.32,15.75,100716.00,43.00,0,0,0,0,,,-1.00,-1.00,-1.00,-1.00,-1.00,-1.00
2022-12-04T15:09:42Z,"0002cc01000003e9","2250b77ab6fd3a290517111452625828480e80000000000000ffffffffffffffffffffffff",3.63,,0.32,17,20.32,15.74,100701.00,29.00,0,0,0,0,,,-1.00,-1.00,-1.00,-1.00,-1.00,-1.00
2022-12-04T15:15:38Z,"0002cc01000003e9","2250b77c1afd3a2905231114526259285d0c40000000000000ffffffffffffffffffffffff",3.63,,0.32,17,20.32,15.77,100706.00,49.00,0,0,0,0,,,-1.00,-1.00,-1.00,-1.00,-1.00,-113962.16
2022-12-04T15:21:34Z,"0002cc01000003e9","2250b77d7efd3a3205231114506256284108e0000000000000ffffffffffffffffffffffff",3.64,,0.32,17,20.31,15.72,100693.00,71.00,0,0,0,0,,,-1.00,-1.00,-1.00,-1.00,-1.00,-113959.13
2022-12-04T15:27:30Z,"0002cc01000003e9","2250b77ee2fd3a32052c1114526255283a0e80000000000000ffffffffffffffffffffffff",3.64,,0.32,17,20.32,15.71,100690.00,29.00,0,0,0,0,,,-1.00,-1.00,-1.00,-1.00,-1.00,-1.00
2022-12-04T15:33:26Z,"0002cc01000003e9","2250b78046fd3a2e0517111452625628330e00000000000000ffffffffffffffffffffffff",3.64,,0.32,17,20.32,15.70,100695.00,56.00,0,0,0,0,,,-1.00,-1.00,-1.00,-1.00,-1.00,-1.00
2022-12-04T15:39:22Z,"0002cc01000003e9","2250b781aafd3a3205231114526257283a0940000000000000ffffffffffffffffffffffff",3.64,,0.32,17,20.32,15.71,100698.00,37.00,0,0,0,0,,,-1.00,-1.00,-1.00,-1.00,-1.00,-113962.16
2022-12-04T15:45:18Z,"0002cc01000003e9","2250b7830efd3a320523111455625528490f00000000000000ffffffffffffffffffffffff",3.64,,0.32,17,20.33,15.74,100689.00,60.00,0,0,0,0,,,-1.00,-1.00,-1.00,-1.00,-1.00,-113962.16
2022-12-04T15:51:14Z,"0002cc01000003e9","2250b78472fd3a320523111458625428490820000000000000ffffffffffffffffffffffff",3.64,,0.32,17,20.34,15.74,100685.00,65.00,0,0,0,0,,,-1.00,-1.00,-1.00,-1.00,-1.00,-1.00
2022-12-04T15:57:10Z,"0002cc01000003e9","2250b785d6fd3a290517111458625928490ac0000000000000ffffffffffffffffffffffff",3.63,,0.32,17,20.34,15.74,100706.00,43.00,0,0,0,0,,,-1.00,-1.00,-1.00,-1.00,-1.00,-1.00
2022-12-04T16:03:06Z,"0002cc01000003e9","2250b7873afd3a320523111458625728500940000000000000ffffffffffffffffffffffff",3.64,,0.32,17,20.34,15.75,100699.00,37.00,0,0,0,0,,,-1.00,-1.00,-1.00,-1.00,-1.00,-114634.38
2022-12-04T16:09:02Z,"0002cc01000003e9","2250b7889efd3a32051711145a625928490980000000000000ffffffffffffffffffffffff",3.64,,0.32,17,20.35,15.74,100706.00,38.00,0,0,0,0,,,-1.00,-1.00,-1.00,-1.00,-1.00,-113959.13
2022-12-04T16:14:58Z,"0002cc01000003e9","2250b78a02fd3a32052311145a625728340f80000000000000ffffffffffffffffffffffff",3.64,,0.32,17,20.35,15.70,100696.00,31.00,0,0,0,0,,,-1.00,-1.00,-1.00,-1.00,-1.00,-1.00
2022-12-04T16:20:54Z,"0002cc01000003e9","2250b78b66fd3a320517111458625528090980000000000000ffffffffffffffffffffffff",3.64,,0.32,17,20.34,15.64,100688.00,38.00,0,0,0,0,,,-1.00,-1.00,-1.00,-1.00,-1.00,-1.00
2022-12-04T16:26:50Z,"0002cc01000003e9","2250b78ccafd3a32052311145a625127fb0c80000000000000ffffffffffffffffffffffff",3.64,,0.32,17,20.35,15.62,100672.00,50.00,0,0,0,0,,,-1.00,-1.00,-1.00,-1.00,-1.00,-1.00
2022-12-04T16:32:46Z,"0002cc01000003e9","2250b78e2efd3a32051711145a624f27d10e80000000000000ffffffffffffffffffffffff",3.64,,0.32,17,20.35,15.55,100667.00,29.00,0,0,0,0,,,-1.00,-1.00,-1.00,-1.00,-1.00,-114637.42
2022-12-04T16:38:42Z,"0002cc01000003e9","2250b78f92fd3a32051711145a624f27b60e40000000000000ffffffffffffffffffffffff",3.64,,0.32,17,20.35,15.51,100664.00,57.00,0,0,0,0,,,-1.00,-1.00,-1.00,-1.00,-1.00,-113959.13
2022-12-04T16:44:38Z,"0002cc01000003e9","2250b790f6fd3a32052311145a624827af09c0000000000000ffffffffffffffffffffffff",3.64,,0.32,17,20.35,15.50,100639.00,39.00,0,0,0,0,,,-1.00,-1.00,-1.00,-1.00,-1.00,-1.00
2022-12-04T16:50:34Z,"0002cc01000003e9","2250b7925afd3a32052311145f624627a00a00000000000000ffffffffffffffffffffffff",3.64,,0.32,17,20.37,15.48,100628.00,40.00,0,0,0,0,,,-1.00,-1.00,-1.00,-1.00,-1.00,-114634.37
2022-12-04T16:56:30Z,"0002cc01000003e9","2250b793befd3a32052311145f6244279208c0000000000000ffffffffffffffffffffffff",3.64,,0.32,17,20.37,15.46,100623.00,70.00,0,0,0,0,,,-1.00,-1.00,-1.00,-1.00,-1.00,-113959.13
2022-12-04T17:02:26Z,"0002cc01000003e9","2250b79522fd3a320517111462623c27990f80000000000000ffffffffffffffffffffffff",3.64,,0.32,17,20.38,15.47,100590.00,62.00,0,0,0,0,,,-1.00,-1.00,-1.00,-1.00,-1.00,-1.00
2022-12-04T17:08:23Z,"0002cc01000003e9","2250b79687fd3a320523111464623927930980000000000000ffffffffffffffffffffffff",3.64,,0.32,17,20.39,15.46,100576.00,38.00,0,0,0,0,,,-1.00,-1.00,-1.00,-1.00,-1.00,-1.00
2022-12-04T17:14:19Z,"0002cc01000003e9","2250b797ebfd3a2905231114626234279309c0000000000000ffffffffffffffffffffffff",3.63,,0.32,17,20.38,15.46,100556.00,39.00,0,0,0,0,,,-1.00,-1.00,-1.00,-1.00,-1.00,-113965.18
2022-12-04T17:20:15Z,"0002cc01000003e9","2250b7994ffd3a320523111464623027cb08c0000000000000ffffffffffffffffffffffff",3.64,,0.32,17,20.39,15.54,100541.00,35.00,0,0,0,0,,,-1.00,-1.00,-1.00,-1.00,-1.00,-1.00
2022-12-04T17:26:11Z,"0002cc01000003e9","2250b79ab3fd3a290517111467622a28040800000000000000ffffffffffffffffffffffff",3.63,,0.32,17,20.40,15.63,100518.00,32.00,0,0,0,0,,,-1.00,-1.00,-1.00,-1.00,-1.00,-1.00
2022-12-04T17:32:07Z,"0002cc01000003e9","2250b79c17fd3a320517111467622528190d00000000000000ffffffffffffffffffffffff",3.64,,0.32,17,20.40,15.66,100496.00,52.00,0,0,0,0,,,-1.00,-1.00,-1.00,-1.00,-1.00,-114640.48
2022-12-04T17:38:03Z,"0002cc01000003e9","2250b79d7bfd3a29051f1114676223282e08c0000000000000ffffffffffffffffffffffff",3.63,,0.32,17,20.40,15.70,100491.00,35.00,0,0,0,0,,,-1.00,-1.00,-1.00,-1.00,-1.00,-113962.16
2022-12-04T17:43:59Z,"0002cc01000003e9","2250b79edffd3a29051f1114676221284a09c0000000000000ffffffffffffffffffffffff",3.63,,0.32,17,20.40,15.74,100483.00,39.00,0,0,0,0,,,-1.00,-1.00,-1.00,-1.00,-1.00,-1.00
2022-12-04T17:49:55Z,"0002cc01000003e9","2250b7a043fd3a320517111467621e28580b40000000000000ffffffffffffffffffffffff",3.64,,0.32,17,20.40,15.76,100470.00,45.00,0,0,0,0,,,-1.00,-1.00,-1.00,-1.00,-1.00,-1.00
2022-12-04T17:55:51Z,"0002cc01000003e9","2250b7a1a7fd3a2e0523111467621a28740b00000000000000ffffffffffffffffffffffff",3.64,,0.32,17,20.40,15.80,100452.00,44.00,0,0,0,0,,,-1.00,-1.00,-1.00,-1.00,-1.00,-1.00
2022-12-04T18:01:47Z,"0002cc01000003e9","2250b7a30bfd3a2e0517111469621528900cc0000000000000ffffffffffffffffffffffff",3.64,,0.32,17,20.41,15.85,100435.00,51.00,0,0,0,0,,,-1.00,-1.00,-1.00,-1.00,-1.00,-114634.37
2022-12-04T18:07:43Z,"0002cc01000003e9","2250b7a46ffd3a320517111469621228ad0b80000000000000ffffffffffffffffffffffff",3.64,,0.32,17,20.41,15.89,100422.00,46.00,0,0,0,0,,,-1.00,-1.00,-1.00,-1.00,-1.00,-113956.11
2022-12-04T18:13:39Z,"0002cc01000003e9","2250b7a5d3fd3a29051f11146c620a28890a40000000000000ffffffffffffffffffffffff",3.63,,0.32,17,20.42,15.83,100389.00,41.00,0,0,0,0,,,-1.00,-1.00,-1.00,-1.00,-1.00,-1.00
2022-12-04T18:19:35Z,"0002cc01000003e9","2250b7a737fd3a32051f11146c6207286d0c80000000000000ffffffffffffffffffffffff",3.64,,0.32,17,20.42,15.79,100377.00,50.00,0,0,0,0,,,-1.00,-1.00,-1.00,-1.00,-1.00,-114628.24
2022-12-04T18:25:31Z,"0002cc01000003e9","2250b7a89bfd3a2e052311146c620428600a40000000000000ffffffffffffffffffffffff",3.64,,0.32,17,20.42,15.77,100367.00,41.00,0,0,0,0,,,-1.00,-1.00,-1.00,-1.00,-1.00,-113962.16
2022-12-04T18:31:27Z,"0002cc01000003e9","2250b7a9fffd3a29052311146c61fd28590b00000000000000ffffffffffffffffffffffff",3.63,,0.32,17,20.42,15.76,100338.00,22.00,0,0,0,0,,,-1.00,-1.00,-1.00,-1.00,-1.00,-114634.37
2022-12-04T18:37:23Z,"0002cc01000003e9","2250b7ab63fd3a2e052311146c61fb28350a40000000000000ffffffffffffffffffffffff",3.64,,0.32,17,20.42,15.71,100328.00,41.00,0,0,0,0,,,-1.00,-1.00,-1.00,-1.00,-1.00,-113959.13
2022-12-04T18:43:19Z,"0002cc01000003e9","2250b7acc7fd3a32052311146c61f8282e0b80000000000000ffffffffffffffffffffffff",3.64,,0.32,17,20.42,15.70,100316.00,46.00,0,0,0,0,,,-1.00,-1.00,-1.00,-1.00,-1.00,-1.00
2022-12-04T18:49:16Z,"0002cc01000003e9","2250b7ae2cfd3a32051711146f61f6282f0f80000000000000ffffffffffffffffffffffff",3.64,,0.32,17,20.43,15.70,100311.00,31.00,0,0,0,0,,,-1.00,-1.00,-1.00,-1.00,-1.00,-1.00
2022-12-04T18:55:11Z,"0002cc01000003e9","2250b7af8ffd3a32052311146f61f2283d0c00000000000000ffffffffffffffffffffffff",3.64,,0.32,17,20.43,15.72,100293.00,24.00,0,0,0,0,,,-1.00,-1.00,-1.00,-1.00,-1.00,-113965.18
2022-12-04T19:01:08Z,"0002cc01000003e9","2250b7b0f4fd3a2e052311146f61ed28440a00000000000000ffffffffffffffffffffffff",3.64,,0.32,17,20.43,15.73,100273.00,10.00,0,0,0,0,,,-1.00,-1.00,-1.00,-1.00,-1.00,-1.00
2022-12-04T19:07:04Z,"0002cc01000003e9","2250b7b258fd3a2e052311147161ea28520a40000000000000ffffffffffffffffffffffff",3.64,,0.32,17,20.44,15.75,100263.00,41.00,0,0,0,0,,,-1.00,-1.00,-1.00,-1.00,-1.00,-1.00
2022-12-04T19:13:00Z,"0002cc01000003e9","2250b7b3bcfd3a32051711147461e428670980000000000000ffffffffffffffffffffffff",3.64,,0.32,17,20.45,15.78,100236.00,38.00,0,0,0,0,,,-1.00,-1.00,-1.00,-1.00,-1.00,-114634.37
2022-12-04T19:18:56Z,"0002cc01000003e9","2250b7b520fd3a29052311147461e1287c0b80000000000000ffffffffffffffffffffffff",3.63,,0.32,17,20.45,15.81,100227.00,23.00,0,0,0,0,,,-1.00,-1.00,-1.00,-1.00,-1.00,-113953.09
2022-12-04T19:24:52Z,"0002cc01000003e9","2250b7b684fd3a29052311147461e328920a80000000000000ffffffffffffffffffffffff",3.63,,0.32,17,20.45,15.85,100235.00,21.00,0,0,0,0,,,-1.00,-1.00,-1.00,-1.00,-1.00,-1.00
2022-12-04T19:30:48Z,"0002cc01000003e9","2250b7b7e8fd3a2e051711147461e228ae0a00000000000000ffffffffffffffffffffffff",3.64,,0.32,17,20.45,15.89,100230.00,20.00,0,0,0,0,,,-1.00,-1.00,-1.00,-1.00,-1.00,-1.00
2022-12-04T19:36:44Z,"0002cc01000003e9","2250b7b94cfd3a2e052311147661df28df0a00000000000000ffffffffffffffffffffffff",3.64,,0.32,17,20.46,15.97,100218.00,40.00,0,0,0,0,,,-1.00,-1.00,-1.00,-1.00,-1.00,-113962.16
2022-12-04T19:42:40Z,"0002cc01000003e9","2250b7bab0fd3a2e051f11147661db28ed0ac0000000000000ffffffffffffffffffffffff",3.64,,0.32,17,20.46,15.99,100201.00,43.00,0,0,0,0,,,-1.00,-1.00,-1.00,-1.00,-1.00,-1.00
2022-12-04T19:48:36Z,"0002cc01000003e9","2250b7bc14fd3a21052311147661d628ed0940000000000000ffffffffffffffffffffffff",3.63,,0.32,17,20.46,15.99,100182.00,37.00,0,0,0,0,,,-1.00,-1.00,-1.00,-1.00,-1.00,-1.00
2022-12-04T19:54:32Z,"0002cc01000003e9","2250b7bd78fd3a2e052311147661d628fb0860000000000000ffffffffffffffffffffffff",3.64,,0.32,17,20.46,16.01,100180.00,67.00,0,0,0,0,,,-1.00,-1.00,-1.00,-1.00,-1.00,-113962.16
2022-12-04T20:00:28Z,"0002cc01000003e9","2250b7bedcfd3a2e052311147961d529100b00000000000000ffffffffffffffffffffffff",3.64,,0.32,17,20.47,16.04,100178.00,11.00,0,0,0,0,,,-1.00,-1.00,-1.00,-1.00,-1.00,-1.00
2022-12-04T20:06:24Z,"0002cc01000003e9","2250b7c040fd3a32052311147961d1291f0b00000000000000ffffffffffffffffffffffff",3.64,,0.32,17,20.47,16.06,100161.00,44.00,0,0,0,0,,,-1.00,-1.00,-1.00,-1.00,-1.00,-1.00
2022-12-04T20:12:20Z,"0002cc01000003e9","2250b7c1a4fd3a2e052311147961ce291f0b80000000000000ffffffffffffffffffffffff",3.64,,0.32,17,20.47,16.06,100148.00,46.00,0,0,0,0,,,-1.00,-1.00,-1.00,-1.00,-1.00,-114637.42
2022-12-04T20:18:16Z,"0002cc01000003e9","2250b7c308fd3a21052311147961ca29180b80000000000000ffffffffffffffffffffffff",3.63,,0.32,17,20.47,16.05,100132.00,46.00,0,0,0,0,,,-1.00,-1.00,-1.00,-1.00,-1.00,-113953.09
2022-12-04T20:24:12Z,"0002cc01000003e9","2250b7c46cfd3a29052311147961c629260840000000000000ffffffffffffffffffffffff",3.63,,0.32,17,20.47,16.07,100116.00,33.00,0,0,0,0,,,-1.00,-1.00,-1.00,-1.00,-1.00,-1.00
2022-12-04T20:30:08Z,"0002cc01000003e9","2250b7c5d0fd3a21052311147961c229420ec0000000000000ffffffffffffffffffffffff",3.63,,0.32,17,20.47,16.12,100101.00,59.00,0,0,0,0,,,-1.00,-1.00,-1.00,-1.00,-1.00,-114640.48
2022-12-04T20:36:05Z,"0002cc01000003e9","2250b7c735fd3a2e052311147961c329580d00000000000000ffffffffffffffffffffffff",3.64,,0.32,17,20.47,16.15,100105.00,26.00,0,0,0,0,,,-1.00,-1.00,-1.00,-1.00,-1.00,-1.00
2022-12-04T20:42:01Z,"0002cc01000003e9","2250b7c899fd3a21052311147e61c429890880000000000000ffffffffffffffffffffffff",3.63,,0.32,17,20.49,16.22,100108.00,34.00,0,0,0,0,,,-1.00,-1.00,-1.00,-1.00,-1.00,-1.00
2022-12-04T20:47:57Z,"0002cc01000003e9","2250b7c9fdfd3a32052311148161c229970e80000000000000ffffffffffffffffffffffff",3.64,,0.32,17,20.50,16.25,100101.00,29.00,0,0,0,0,,,-1.00,-1.00,-1.00,-1.00,-1.00,-1.00
2022-12-04T20:53:53Z,"0002cc01000003e9","2250b7cb61fd3a2e051711148361c129bb0b00000000000000ffffffffffffffffffffffff",3.64,,0.32,17,20.51,16.30,100096.00,22.00,0,0,0,0,,,-1.00,-1.00,-1.00,-1.00,-1.00,-113953.09
2022-12-04T20:59:49Z,"0002cc01000003e9","2250b7ccc5fd3a2e051f11148361bd29bb0800000000000000ffffffffffffffffffffffff",3.64,,0.32,17,20.51,16.30,100083.00,32.00,0,0,0,0,,,-1.00,-1.00,-1.00,-1.00,-1.00,-1.00
2022-12-04T21:05:45Z,"0002cc01000003e9","2250b7ce29fd3a2e051711148661bd29e50c00000000000000ffffffffffffffffffffffff",3.64,,0.32,17,20.52,16.37,100081.00,24.00,0,0,0,0,,,-1.00,-1.00,-1.00,-1.00,-1.00,-1.00
2022-12-04T21:11:41Z,"0002cc01000003e9","2250b7cf8dfd3a2e051711148b61ba2a2c0c80000000000000ffffffffffffffffffffffff",3.64,,0.32,17,20.54,16.47,100070.00,25.00,0,0,0,0,,,-1.00,-1.00,-1.00,-1.00,-1.00,-113962.17
2022-12-04T21:17:37Z,"0002cc01000003e9","2250b7d0f1fd3a2e052311148b61b82a6b0940000000000000ffffffffffffffffffffffff",3.64,,0.32,17,20.54,16.57,100060.00,37.00,0,0,0,0,,,-1.00,-1.00,-1.00,-1.00,-1.00,-1.00
2022-12-04T21:23:33Z,"0002cc01000003e9","2250b7d255fd3a2e051711148b61b52a8f0b00000000000000ffffffffffffffffffffffff",3.64,,0.32,17,20.54,16.62,100049.00,44.00,0,0,0,0,,,-1.00,-1.00,-1.00,-1.00,-1.00,-114631.30
2022-12-04T21:29:29Z,"0002cc01000003e9","2250b7d3b9fd3a2e051711148b61b32aa30e00000000000000ffffffffffffffffffffffff",3.64,,0.32,17,20.54,16.66,100043.00,7.00,0,0,0,0,,,-1.00,-1.00,-1.00,-1.00,-1.00,-113953.09
2022-12-04T21:35:25Z,"0002cc01000003e9","2250b7d51dfd3a2e052311148b61af2a9c0880000000000000ffffffffffffffffffffffff",3.64,,0.32,17,20.54,16.64,100026.00,17.00,0,0,0,0,,,-1.00,-1.00,-1.00,-1.00,-1.00,-1.00
2022-12-04T21:41:21Z,"0002cc01000003e9","2250b7d681fd3a21052311148861b12a800f80000000000000ffffffffffffffffffffffff",3.63,,0.32,17,20.53,16.60,100032.00,31.00,0,0,0,0,,,-1.00,-1.00,-1.00,-1.00,-1.00,-114625.19
2022-12-04T21:47:17Z,"0002cc01000003e9","2250b7d7e5fd3a2e051711148661b32a800a80000000000000ffffffffffffffffffffffff",3.64,,0.32,17,20.52,16.60,100043.00,21.00,0,0,0,0,,,-1.00,-1.00,-1.00,-1.00,-1.00,-113953.09
2022-12-04T21:53:13Z,"0002cc01000003e9","2250b7d949fd3a2e052311148661b32a9c0900000000000000ffffffffffffffffffffffff",3.64,,0.32,17,20.52,16.64,100042.00,9.00,0,0,0,0,,,-1.00,-1.00,-1.00,-1.00,-1.00,-1.00
2022-12-04T21:59:09Z,"0002cc01000003e9","2250b7daadfd3a2e051711148361b22abf0800000000000000ffffffffffffffffffffffff",3.64,,0.32,17,20.51,16.70,100036.00,1.00,0,0,0,0,,,-1.00,-1.00,-1.00,-1.00,-1.00,-1.00
2022-12-04T22:05:05Z,"0002cc01000003e9","2250b7dc11fd3a2e051711148361b12ae90b00000000000000ffffffffffffffffffffffff",3.64,,0.32,17,20.51,16.76,100035.00,11.00,0,0,0,0,,,-1.00,-1.00,-1.00,-1.00,-1.00,-113962.16
2022-12-04T22:11:01Z,"0002cc01000003e9","2250b7dd75fd3a2e052311148361b02b050a00000000000000ffffffffffffffffffffffff",3.64,,0.32,17,20.51,16.80,100029.00,5.00,0,0,0,0,,,-1.00,-1.00,-1.00,-1.00,-1.00,-1.00
2022-12-04T22:16:58Z,"0002cc01000003e9","2250b7dedafd3a2e052311148361b02b210a00000000000000ffffffffffffffffffffffff",3.64,,0.32,17,20.51,16.85,100031.00,20.00,0,0,0,0,,,-1.00,-1.00,-1.00,-1.00,-1.00,-1.00
2022-12-04T22:22:54Z,"0002cc01000003e9","2250b7e03efd3a29052311148161ad2b440a80000000000000ffffffffffffffffffffffff",3.63,,0.32,17,20.50,16.90,100018.00,21.00,0,0,0,0,,,-1.00,-1.00,-1.00,-1.00,-1.00,-114643.55
2022-12-04T22:28:50Z,"0002cc01000003e9","2250b7e1a2fd3a2e051711148161ae2b6f0900000000000000ffffffffffffffffffffffff",3.64,,0.32,17,20.50,16.97,100020.00,9.00,0,0,0,0,,,-1.00,-1.00,-1.00,-1.00,-1.00,-113953.09
2022-12-04T22:34:46Z,"0002cc01000003e9","2250b7e306fd3a2e052c11148161ad2b92f000000000000000ffffffffffffffffffffffff",3.64,,0.32,17,20.50,17.02,100019.00,0.00,0,0,0,0,,,-1.00,-1.00,-1.00,-1.00,-1.00,-1.00
2022-12-04T22:40:42Z,"0002cc01000003e9","2250b7e46afd3a2e051711148161af2ba7f000000000000000ffffffffffffffffffffffff",3.64,,0.32,17,20.50,17.05,100026.00,0.00,0,0,0,0,,,-1.00,-1.00,-1.00,-1.00,-1.00,-114640.48
2022-12-04T22:46:38Z,"0002cc01000003e9","2250b7e5cefd3a2e051711147e61ad2bca0b00000000000000ffffffffffffffffffffffff",3.64,,0.32,17,20.49,17.11,100019.00,11.00,0,0,0,0,,,-1.00,-1.00,-1.00,-1.00,-1.00,-1.00
2022-12-04T22:52:34Z,"0002cc01000003e9","2250b7e732fd3a2e051711148161ad2bd8f000000000000000ffffffffffffffffffffffff",3.64,,0.32,17,20.50,17.13,100016.00,0.00,0,0,0,0,,,-1.00,-1.00,-1.00,-1.00,-1.00,-114640.48
2022-12-04T22:58:30Z,"0002cc01000003e9","2250b7e896fd3a21051711147e61ac2bf4f000000000000000ffffffffffffffffffffffff",3.63,,0.32,17,20.49,17.17,100015.00,0.00,0,0,0,0,,,-1.00,-1.00,-1.00,-1.00,-1.00,-113962.16
2022-12-04T23:04:26Z,"0002cc01000003e9","2250b7e9fafd3a2e052311147e61ac2c100800000000000000ffffffffffffffffffffffff",3.64,,0.32,17,20.49,17.21,100012.00,4.00,0,0,0,0,,,-1.00,-1.00,-1.00,-1.00,-1.00,-1.00
2022-12-04T23:10:22Z,"0002cc01000003e9","2250b7eb5efd3a2e051711148161ac2c1ef000000000000000ffffffffffffffffffffffff",3.64,,0.32,17,20.50,17.23,100013.00,0.00,0,0,0,0,,,-1.00,-1.00,-1.00,-1.00,-1.00,-114631.30
2022-12-04T23:16:18Z,"0002cc01000003e9","2250b7ecc2fd3a2e052311147e61ab2c2c0800000000000000ffffffffffffffffffffffff",3.64,,0.32,17,20.49,17.25,100008.00,8.00,0,0,0,0,,,-1.00,-1.00,-1.00,-1.00,-1.00,-113956.11
2022-12-04T23:22:14Z,"0002cc01000003e9","2250b7ee26fd3a2e051711148161ad2c2cf000000000000000ffffffffffffffffffffffff",3.64,,0.32,17,20.50,17.25,100016.00,0.00,0,0,0,0,,,-1.00,-1.00,-1.00,-1.00,-1.00,-1.00
2022-12-04T23:28:10Z,"0002cc01000003e9","2250b7ef8afd3a2e051711148361b02c3b0c00000000000000ffffffffffffffffffffffff",3.64,,0.32,17,20.51,17.28,100029.00,24.00,0,0,0,0,,,-1.00,-1.00,-1.00,-1.00,-1.00,-1.00
2022-12-04T23:34:06Z,"0002cc01000003e9","2250b7f0eefd3a2e051711148361b12c420c00000000000000ffffffffffffffffffffffff",3.64,,0.32,17,20.51,17.29,100033.00,3.00,0,0,0,0,,,-1.00,-1.00,-1.00,-1.00,-1.00,-113962.16
2022-12-04T23:40:02Z,"0002cc01000003e9","2250b7f252fd3a2e051711148361b02c50f000000000000000ffffffffffffffffffffffff",3.64,,0.32,17,20.51,17.31,100028.00,0.00,0,0,0,0,,,-1.00,-1.00,-1.00,-1.00,-1.00,-1.00
2022-12-04T23:45:58Z,"0002cc01000003e9","2250b7f3b6fd3a2e052311148361af2c570980000000000000ffffffffffffffffffffffff",3.64,,0.32,17,20.51,17.32,100024.00,19.00,0,0,0,0,,,-1.00,-1.00,-1.00,-1.00,-1.00,-113959.13
2022-12-04T23:51:54Z,"0002cc01000003e9","2250b7f51afd3a2e051711148361ad2c570c00000000000000ffffffffffffffffffffffff",3.64,,0.32,17,20.51,17.32,100018.00,6.00,0,0,0,0,,,-1.00,-1.00,-1.00,-1.00,-1.00,-1.00
2022-12-04T23:57:51Z,"0002cc01000003e9","2250b7f67ffd3a2e052311148361ab2c5e0880000000000000ffffffffffffffffffffffff",3.64,,0.32,17,20.51,17.33,100010.00,17.00,0,0,0,0,,,-1.00,-1.00,-1.00,-1.00,-1.00,-1.00
