Time,DevEUI,Raw,Vbat,Vsystem,Vbus,BootCount,T,RH,P,Light,P[0].delta,P[0].total,P[1].delta,P[1].total,Act[7],Act[6],Act[5],Act[4],Act[3],Act[2],Act[1],Act[0]
2022-12-03T00:05:41Z,"0002cc01000003e9","2250b55555fd3a4605171115c860a254fb0b00000000000000ffffffffffffffffffffffff",3.64,,0.32,17,21.78,33.20,98948.00,88.00,0,0,0,0,,,-1.00,-1.00,-1.00,-1.00,-1.00,-1.00
2022-12-03T00:11:37Z,"0002cc01000003e9","2250b556b9fd3a4e05171115c360a6552b0d80000000000000ffffffffffffffffffffffff",3.64,,0.32,17,21.76,33.27,98964.00,54.00,0,0,0,0,,,-1.00,-1.00,-1.00,-1.00,-1.00,-1.00
2022-12-03T00:17:33Z,"0002cc01000003e9","2250b5581dfd3a4605171115c160ad55630980000000000000ffffffffffffffffffffffff",3.64,,0.32,17,21.75,33.35,98995.00,76.00,0,0,0,0,,,-1.00,-1.00,-1.00,-1.00,-1.00,-1.00
2022-12-03T00:23:29Z,"0002cc01000003e9","2250b55981fd3a3e05171115be60a555a909e0000000000000ffffffffffffffffffffffff",3.64,,0.32,17,21.74,33.46,98960.00,79.00,0,0,0,0,,,-1.00,-1.00,-1.00,-1.00,-1.00,-1.00
2022-12-03T00:29:25Z,"0002cc01000003e9","2250b55ae5fd3a4205171115c160a956440e40000000000000ffffffffffffffffffffffff",3.64,,0.32,17,21.75,33.70,98976.00,228.00,0,0,0,0,,,-1.00,-1.00,-1.00,-1.00,-1.00,-1.00
2022-12-03T00:35:21Z,"0002cc01000003e9","2250b55c49fd3a4605171115c860aa56cb0f60000000000000ffffffffffffffffffffffff",3.64,,0.32,17,21.78,33.90,98982.00,246.00,0,0,0,0,,,-1.00,-1.00,-1.00,-1.00,-1.00,-1.00
2022-12-03T00:41:17Z,"0002cc01000003e9","2250b55dadfd3a4605171115d060ad56e80f00000000000000ffffffffffffffffffffffff",3.64,,0.32,17,21.81,33.95,98995.00,240.00,0,0,0,0,,,-1.00,-1.00,-1.00,-1.00,-1.00,-1.00
2022-12-03T00:47:13Z,"0002cc01000003e9","2250b55f11fd3a4205171115d260ad57130860000000000000ffffffffffffffffffffffff",3.64,,0.32,17,21.82,34.01,98993.00,268.00,0,0,0,0,,,-1.00,-1.00,-1.00,-1.00,-1.00,-1.00
2022-12-03T00:53:09Z,"0002cc01000003e9","2250b56075fd3a3e05171115d860b2575a0e90000000000000ffffffffffffffffffffffff",3.64,,0.32,17,21.84,34.12,99012.00,233.00,0,0,0,0,,,-1.00,-1.00,-1.00,-1.00,-1.00,-1.00
2022-12-03T00:59:05Z,"0002cc01000003e9","2250b561d9fd3a3e05171115dd60b257850fb0000000000000ffffffffffffffffffffffff",3.64,,0.32,17,21.86,34.19,99014.00,251.00,0,0,0,0,,,-1.00,-1.00,-1.00,-1.00,-1.00,-1.00
2022-12-03T01:05:01Z,"0002cc01000003e9","2250b5633dfd3a46050f1115df60ae57d30fa0000000000000ffffffffffffffffffffffff",3.64,,0.32,17,21.87,34.31,98996.00,250.00,0,0,0,0,,,-1.00,-1.00,-1.00,-1.00,-1.00,-1.00
2022-12-03T01:10:57Z,"0002cc01000003e9","2250b564a1fd3a3e05171115df60af58430f40000000000000ffffffffffffffffffffffff",3.64,,0.32,17,21.87,34.48,99003.00,244.00,0,0,0,0,,,-1.00,-1.00,-1.00,-1.00,-1.00,-1.00
2022-12-03T01:16:53Z,"0002cc01000003e9","2250b56605fd3a4605171115dd60b858eb0fa0000000000000ffffffffffffffffffffffff",3.64,,0.32,17,21.86,34.73,99038.00,250.00,0,0,0,0,,,-1.00,-1.00,-1.00,-1.00,-1.00,-1.00
2022-12-03T01:22:49Z,"0002cc01000003e9","2250b56769fd3a4605171115dd60b9591c0f40000000000000ffffffffffffffffffffffff",3.64,,0.32,17,21.86,34.81,99043.00,244.00,0,0,0,0,,,-1.00,-1.00,-1.00,-1.00,-1.00,-1.00
2022-12-03T01:28:45Z,"0002cc01000003e9","2250b568cdfd3a4205171115dd60b659a20d50000000000000ffffffffffffffffffffffff",3.64,,0.32,17,21.86,35.01,99030.00,213.00,0,0,0,0,,,-1.00,-1.00,-1.00,-1.00,-1.00,-1.00
2022-12-03T01:34:41Z,"0002cc01000003e9","2250b56a31fd3a4605171115df60b65a120818000000000000ffffffffffffffffffffffff",3.64,,0.32,17,21.87,35.18,99030.00,259.00,0,0,0,0,,,-1.00,-1.00,-1.00,-1.00,-1.00,-1.00
2022-12-03T01:40:37Z,"0002cc01000003e9","2250b56b95fd3a4605171115df60b65a67f000000000000000ffffffffffffffffffffffff",3.64,,0.32,17,21.87,35.31,99030.00,0.00,0,0,0,0,,,-1.00,-1.00,-1.00,-1.00,-1.00,-1.00
2022-12-03T01:46:33Z,"0002cc01000003e9","2250b56cf9fd3a4605171115d260b55abff000000000000000ffffffffffffffffffffffff",3.64,,0.32,17,21.82,35.45,99024.00,0.00,0,0,0,0,,,-1.00,-1.00,-1.00,-1.00,-1.00,-1.00
2022-12-03T01:52:30Z,"0002cc01000003e9","2250b56e5efd3a4605171115c360b35adff000000000000000ffffffffffffffffffffffff",3.64,,0.32,17,21.76,35.50,99018.00,0.00,0,0,0,0,,,-1.00,-1.00,-1.00,-1.00,-1.00,-1.00
2022-12-03T01:58:25Z,"0002cc01000003e9","2250b56fc1fd3a4605171115b960b95b4e0800000000000000ffffffffffffffffffffffff",3.64,,0.32,17,21.72,35.67,99043.00,1.00,0,0,0,0,,,-1.00,-1.00,-1.00,-1.00,-1.00,-1.00
2022-12-03T02:04:22Z,"0002cc01000003e9","2250b57126fd3a42050f1115b160bc5b99f000000000000000ffffffffffffffffffffffff",3.64,,0.32,17,21.69,35.78,99053.00,0.00,0,0,0,0,,,-1.00,-1.00,-1.00,-1.00,-1.00,-1.00
2022-12-03T02:10:18Z,"0002cc01000003e9","2250b5728afd3a4605171115a760bd5c150b00000000000000ffffffffffffffffffffffff",3.64,,0.32,17,21.65,35.97,99059.00,11.00,0,0,0,0,,,-1.00,-1.00,-1.00,-1.00,-1.00,-113953.09
2022-12-03T02:16:14Z,"0002cc01000003e9","2250b573eefd3a46051711159f60c55c610900000000000000ffffffffffffffffffffffff",3.64,,0.32,17,21.62,36.09,99089.00,18.00,0,0,0,0,,,-1.00,-1.00,-1.00,-1.00,-1.00,-113959.13
2022-12-03T02:22:10Z,"0002cc01000003e9","2250b57552fd3a4e051711159d60cd5cf30a00000000000000ffffffffffffffffffffffff",3.64,,0.32,17,21.61,36.31,99121.00,5.00,0,0,0,0,,,-1.00,-1.00,-1.00,-1.00,-1.00,-1.00
2022-12-03T02:28:06Z,"0002cc01000003e9","2250b576b6fd3a46051711159860ce5d38f000000000000000ffffffffffffffffffffffff",3.64,,0.32,17,21.59,36.41,99124.00,0.00,0,0,0,0,,,-1.00,-1.00,-1.00,-1.00,-1.00,-1.00
2022-12-03T02:34:02Z,"0002cc01000003e9","2250b5781afd3a46050f11159060cc5d920900000000000000ffffffffffffffffffffffff",3.64,,0.32,17,21.56,36.55,99119.00,36.00,0,0,0,0,,,-1.00,-1.00,-1.00,-1.00,-1.00,-1.00
2022-12-03T02:39:58Z,"0002cc01000003e9","2250b5797efd3a46051711158b60cb5e02f000000000000000ffffffffffffffffffffffff",3.64,,0.32,17,21.54,36.72,99113.00,0.00,0,0,0,0,,,-1.00,-1.00,-1.00,-1.00,-1.00,-1.00
2022-12-03T02:45:54Z,"0002cc01000003e9","2250b57ae2fd3a46051711158860c45ea9f000000000000000ffffffffffffffffffffffff",3.64,,0.32,17,21.53,36.98,99087.00,0.00,0,0,0,0,,,-1.00,-1.00,-1.00,-1.00,-1.00,-1.00
2022-12-03T02:51:50Z,"0002cc01000003e9","2250b57c46fd3a46051711158660c55f27f000000000000000ffffffffffffffffffffffff",3.64,,0.32,17,21.52,37.17,99091.00,0.00,0,0,0,0,,,-1.00,-1.00,-1.00,-1.00,-1.00,-1.00
2022-12-03T02:57:46Z,"0002cc01000003e9","2250b57daafd3a3e051711158360c35f800800000000000000ffffffffffffffffffffffff",3.64,,0.32,17,21.51,37.31,99083.00,8.00,0,0,0,0,,,-1.00,-1.00,-1.00,-1.00,-1.00,-1.00
2022-12-03T03:03:42Z,"0002cc01000003e9","2250b57f0efd3a42052311158160c860450d00000000000000ffffffffffffffffffffffff",3.64,,0.32,17,21.50,37.61,99101.00,13.00,0,0,0,0,,,-1.00,-1.00,-1.00,-1.00,-1.00,-1.00
2022-12-03T03:09:38Z,"0002cc01000003e9","2250b58072fd3a46051711157e60c960980800000000000000ffffffffffffffffffffffff",3.64,,0.32,17,21.49,37.73,99105.00,2.00,0,0,0,0,,,-1.00,-1.00,-1.00,-1.00,-1.00,-1.00
2022-12-03T03:15:34Z,"0002cc01000003e9","2250b581d6fd3a46052311157b60d0614ef000000000000000ffffffffffffffffffffffff",3.64,,0.32,17,21.48,38.01,99134.00,0.00,0,0,0,0,,,-1.00,-1.00,-1.00,-1.00,-1.00,-1.00
2022-12-03T03:21:30Z,"0002cc01000003e9","2250b5833afd3a3e051711157960d361d2f000000000000000ffffffffffffffffffffffff",3.64,,0.32,17,21.47,38.21,99146.00,0.00,0,0,0,0,,,-1.00,-1.00,-1.00,-1.00,-1.00,-1.00
2022-12-03T03:27:26Z,"0002cc01000003e9","2250b5849efd3a46051711157b60d16212f000000000000000ffffffffffffffffffffffff",3.64,,0.32,17,21.48,38.31,99137.00,0.00,0,0,0,0,,,-1.00,-1.00,-1.00,-1.00,-1.00,-1.00
2022-12-03T03:33:22Z,"0002cc01000003e9","2250b58602fd3a46051711157b60d262890800000000000000ffffffffffffffffffffffff",3.64,,0.32,17,21.48,38.49,99143.00,32.00,0,0,0,0,,,-1.00,-1.00,-1.00,-1.00,-1.00,-1.00
2022-12-03T03:39:18Z,"0002cc01000003e9","2250b58766fd3a3e051711157b60d563310800000000000000ffffffffffffffffffffffff",3.64,,0.32,17,21.48,38.75,99152.00,1.00,0,0,0,0,,,-1.00,-1.00,-1.00,-1.00,-1.00,-1.00
2022-12-03T03:45:14Z,"0002cc01000003e9","2250b588cafd3a46051711157b60d863a20900000000000000ffffffffffffffffffffffff",3.64,,0.32,17,21.48,38.92,99165.00,9.00,0,0,0,0,,,-1.00,-1.00,-1.00,-1.00,-1.00,-1.00
2022-12-03T03:51:10Z,"0002cc01000003e9","2250b58a2efd3a46051711157b60d964260900000000000000ffffffffffffffffffffffff",3.64,,0.32,17,21.48,39.12,99168.00,9.00,0,0,0,0,,,-1.00,-1.00,-1.00,-1.00,-1.00,-1.00
2022-12-03T03:57:06Z,"0002cc01000003e9","2250b58b92fd3a46051711157660dc64a30b00000000000000ffffffffffffffffffffffff",3.64,,0.32,17,21.46,39.31,99183.00,22.00,0,0,0,0,,,-1.00,-1.00,-1.00,-1.00,-1.00,-1.00
2022-12-03T04:03:02Z,"0002cc01000003e9","2250b58cf6fd3a46052311157460db64e2f000000000000000ffffffffffffffffffffffff",3.64,,0.32,17,21.45,39.41,99176.00,0.00,0,0,0,0,,,-1.00,-1.00,-1.00,-1.00,-1.00,-1.00
2022-12-03T04:08:58Z,"0002cc01000003e9","2250b58e5afd3a42051711157460de65670800000000000000ffffffffffffffffffffffff",3.64,,0.32,17,21.45,39.61,99191.00,16.00,0,0,0,0,,,-1.00,-1.00,-1.00,-1.00,-1.00,-1.00
2022-12-03T04:14:54Z,"0002cc01000003e9","2250b58fbefd3a3e052311157160e165cf0a00000000000000ffffffffffffffffffffffff",3.64,,0.32,17,21.44,39.77,99203.00,10.00,0,0,0,0,,,-1.00,-1.00,-1.00,-1.00,-1.00,-1.00
2022-12-03T04:20:50Z,"0002cc01000003e9","2250b59122fd3a46051711157160e466690800000000000000ffffffffffffffffffffffff",3.64,,0.32,17,21.44,40.00,99212.00,1.00,0,0,0,0,,,-1.00,-1.00,-1.00,-1.00,-1.00,-1.00
2022-12-03T04:26:46Z,"0002cc01000003e9","2250b59286fd3a3e052311156f60e766a0f000000000000000ffffffffffffffffffffffff",3.64,,0.32,17,21.43,40.09,99225.00,0.00,0,0,0,0,,,-1.00,-1.00,-1.00,-1.00,-1.00,-1.00
2022-12-03T04:32:43Z,"0002cc01000003e9","2250b593ebfd3a46051711156c60e966fa0a00000000000000ffffffffffffffffffffffff",3.64,,0.32,17,21.42,40.23,99235.00,5.00,0,0,0,0,,,-1.00,-1.00,-1.00,-1.00,-1.00,-1.00
2022-12-03T04:38:39Z,"0002cc01000003e9","2250b5954ffd3a46050f11156c60ec67b1f000000000000000ffffffffffffffffffffffff",3.64,,0.32,17,21.42,40.50,99244.00,0.00,0,0,0,0,,,-1.00,-1.00,-1.00,-1.00,-1.00,-1.00
2022-12-03T04:44:35Z,"0002cc01000003e9","2250b596b3fd3a46051711156960ed684a08c0000000000000ffffffffffffffffffffffff",3.64,,0.32,17,21.41,40.74,99249.00,35.00,0,0,0,0,,,-1.00,-1.00,-1.00,-1.00,-1.00,-1.00
2022-12-03T04:50:31Z,"0002cc01000003e9","2250b59817fd3a46050f11156760ee689e0c00000000000000ffffffffffffffffffffffff",3.64,,0.32,17,21.40,40.87,99253.00,12.00,0,0,0,0,,,-1.00,-1.00,-1.00,-1.00,-1.00,-1.00
2022-12-03T04:56:27Z,"0002cc01000003e9","2250b5997bfd3a42051711156760ee68d50a80000000000000ffffffffffffffffffffffff",3.64,,0.32,17,21.40,40.95,99255.00,21.00,0,0,0,0,,,-1.00,-1.00,-1.00,-1.00,-1.00,-1.00
2022-12-03T05:02:23Z,"0002cc01000003e9","2250b59adffd3a3e051711156460f2698cf000000000000000ffffffffffffffffffffffff",3.64,,0.32,17,21.39,41.23,99268.00,0.00,0,0,0,0,,,-1.00,-1.00,-1.00,-1.00,-1.00,-1.00
2022-12-03T05:08:19Z,"0002cc01000003e9","2250b59c43fd3a3e051711156760f169aef000000000000000ffffffffffffffffffffffff",3.64,,0.32,17,21.40,41.28,99265.00,0.00,0,0,0,0,,,-1.00,-1.00,-1.00,-1.00,-1.00,-1.00
2022-12-03T05:14:15Z,"0002cc01000003e9","2250b59da7fd3a42051711156460f66a1ef000000000000000ffffffffffffffffffffffff",3.64,,0.32,17,21.39,41.45,99287.00,0.00,0,0,0,0,,,-1.00,-1.00,-1.00,-1.00,-1.00,-1.00
2022-12-03T05:20:11Z,"0002cc01000003e9","2250b59f0bfd3a46051711156460f86a710940000000000000ffffffffffffffffffffffff",3.64,,0.32,17,21.39,41.58,99295.00,37.00,0,0,0,0,,,-1.00,-1.00,-1.00,-1.00,-1.00,-1.00
2022-12-03T05:26:07Z,"0002cc01000003e9","2250b5a06ffd3a46051711156460fd6ac60800000000000000ffffffffffffffffffffffff",3.64,,0.32,17,21.39,41.71,99314.00,1.00,0,0,0,0,,,-1.00,-1.00,-1.00,-1.00,-1.00,-1.00
2022-12-03T05:32:03Z,"0002cc01000003e9","2250b5a1d3fd3a46051f11156260fe6b04f000000000000000ffffffffffffffffffffffff",3.64,,0.32,17,21.38,41.80,99317.00,0.00,0,0,0,0,,,-1.00,-1.00,-1.00,-1.00,-1.00,-1.00
2022-12-03T05:37:59Z,"0002cc01000003e9","2250b5a337fd3a46051711155f60fe6b4af000000000000000ffffffffffffffffffffffff",3.64,,0.32,17,21.37,41.91,99319.00,0.00,0,0,0,0,,,-1.00,-1.00,-1.00,-1.00,-1.00,-1.00
2022-12-03T05:43:55Z,"0002cc01000003e9","2250b5a49bfd3a42051711155f61046babf000000000000000ffffffffffffffffffffffff",3.64,,0.32,17,21.37,42.06,99341.00,0.00,0,0,0,0,,,-1.00,-1.00,-1.00,-1.00,-1.00,-1.00
2022-12-03T05:49:51Z,"0002cc01000003e9","2250b5a5fffd3a46052311155d61056bea0c00000000000000ffffffffffffffffffffffff",3.64,,0.32,17,21.36,42.15,99344.00,12.00,0,0,0,0,,,-1.00,-1.00,-1.00,-1.00,-1.00,-113285.84
2022-12-03T05:55:47Z,"0002cc01000003e9","2250b5a763fd3a3e051711155a61096c36f000000000000000ffffffffffffffffffffffff",3.64,,0.32,17,21.35,42.27,99361.00,0.00,0,0,0,0,,,-1.00,-1.00,-1.00,-1.00,-1.00,-1.00
2022-12-03T06:01:43Z,"0002cc01000003e9","2250b5a8c7fd3a46052311155a610b6c7cf000000000000000ffffffffffffffffffffffff",3.64,,0.32,17,21.35,42.38,99371.00,0.00,0,0,0,0,,,-1.00,-1.00,-1.00,-1.00,-1.00,-1.00
2022-12-03T06:07:39Z,"0002cc01000003e9","2250b5aa2bfd3a36051711155a610a6cde0c00000000000000ffffffffffffffffffffffff",3.64,,0.32,17,21.35,42.53,99366.00,6.00,0,0,0,0,,,-1.00,-1.00,-1.00,-1.00,-1.00,-1.00
2022-12-03T06:13:35Z,"0002cc01000003e9","2250b5ab8ffd3a3e0517111558610d6d470900000000000000ffffffffffffffffffffffff",3.64,,0.32,17,21.34,42.69,99376.00,9.00,0,0,0,0,,,-1.00,-1.00,-1.00,-1.00,-1.00,-1.00
2022-12-03T06:19:31Z,"0002cc01000003e9","2250b5acf3fd3a46051711155561106daff000000000000000ffffffffffffffffffffffff",3.64,,0.32,17,21.33,42.85,99389.00,0.00,0,0,0,0,,,-1.00,-1.00,-1.00,-1.00,-1.00,-1.00
2022-12-03T06:25:27Z,"0002cc01000003e9","2250b5ae57fd3a46050f11155561126e0af000000000000000ffffffffffffffffffffffff",3.64,,0.32,17,21.33,42.98,99399.00,0.00,0,0,0,0,,,-1.00,-1.00,-1.00,-1.00,-1.00,-1.00
2022-12-03T06:31:24Z,"0002cc01000003e9","2250b5afbcfd3a46051711155561156e5ef000000000000000ffffffffffffffffffffffff",3.64,,0.32,17,21.33,43.11,99410.00,0.00,0,0,0,0,,,-1.00,-1.00,-1.00,-1.00,-1.00,-1.00
2022-12-03T06:37:20Z,"0002cc01000003e9","2250b5b120fd3a46050f11155561176ec70880000000000000ffffffffffffffffffffffff",3.64,,0.32,17,21.33,43.27,99419.00,17.00,0,0,0,0,,,-1.00,-1.00,-1.00,-1.00,-1.00,-1.00
2022-12-03T06:43:15Z,"0002cc01000003e9","2250b5b283fd3a420517111555611a6f2ff000000000000000ffffffffffffffffffffffff",3.64,,0.32,17,21.33,43.43,99428.00,0.00,0,0,0,0,,,-1.00,-1.00,-1.00,-1.00,-1.00,-1.00
2022-12-03T06:49:12Z,"0002cc01000003e9","2250b5b3e8fd3a460517111558611d6fa0f000000000000000ffffffffffffffffffffffff",3.64,,0.32,17,21.34,43.60,99443.00,0.00,0,0,0,0,,,-1.00,-1.00,-1.00,-1.00,-1.00,-1.00
2022-12-03T06:55:08Z,"0002cc01000003e9","2250b5b54cfd3a46051711155861237025f000000000000000ffffffffffffffffffffffff",3.64,,0.32,17,21.34,43.81,99467.00,0.00,0,0,0,0,,,-1.00,-1.00,-1.00,-1.00,-1.00,-1.00
2022-12-03T07:01:04Z,"0002cc01000003e9","2250b5b6b0fd3a460517111558612770630c00000000000000ffffffffffffffffffffffff",3.64,,0.32,17,21.34,43.90,99480.00,3.00,0,0,0,0,,,-1.00,-1.00,-1.00,-1.00,-1.00,-1.00
2022-12-03T07:07:00Z,"0002cc01000003e9","2250b5b814fd3a460517111555612871190c00000000000000ffffffffffffffffffffffff",3.64,,0.32,17,21.33,44.18,99487.00,24.00,0,0,0,0,,,-1.00,-1.00,-1.00,-1.00,-1.00,-1.00
2022-12-03T07:12:56Z,"0002cc01000003e9","2250b5b978fd3a460517111552612b7134f000000000000000ffffffffffffffffffffffff",3.64,,0.32,17,21.32,44.22,99497.00,0.00,0,0,0,0,,,-1.00,-1.00,-1.00,-1.00,-1.00,-1.00
2022-12-03T07:18:52Z,"0002cc01000003e9","2250b5badcfd3a46050f111552612c716c0a00000000000000ffffffffffffffffffffffff",3.64,,0.32,17,21.32,44.31,99503.00,5.00,0,0,0,0,,,-1.00,-1.00,-1.00,-1.00,-1.00,-1.00
2022-12-03T07:24:48Z,"0002cc01000003e9","2250b5bc40fd3a3e052311154d613271daf000000000000000ffffffffffffffffffffffff",3.64,,0.32,17,21.30,44.47,99526.00,0.00,0,0,0,0,,,-1.00,-1.00,-1.00,-1.00,-1.00,-1.00
2022-12-03T07:30:44Z,"0002cc01000003e9","2250b5bda4fd3a420517111548613571ee0e00000000000000ffffffffffffffffffffffff",3.64,,0.32,17,21.28,44.50,99539.00,7.00,0,0,0,0,,,-1.00,-1.00,-1.00,-1.00,-1.00,-1.00
2022-12-03T07:36:40Z,"0002cc01000003e9","2250b5bf08fd3a42051711154361367271f000000000000000ffffffffffffffffffffffff",3.64,,0.32,17,21.26,44.70,99542.00,0.00,0,0,0,0,,,-1.00,-1.00,-1.00,-1.00,-1.00,-1.00
2022-12-03T07:42:36Z,"0002cc01000003e9","2250b5c06cfd3a32050f111541613972c5f000000000000000ffffffffffffffffffffffff",3.64,,0.32,17,21.25,44.83,99555.00,0.00,0,0,0,0,,,-1.00,-1.00,-1.00,-1.00,-1.00,-1.00
2022-12-03T07:48:32Z,"0002cc01000003e9","2250b5c1d0fd3a3e051711153b613d72ca0800000000000000ffffffffffffffffffffffff",3.64,,0.32,17,21.23,44.84,99571.00,4.00,0,0,0,0,,,-1.00,-1.00,-1.00,-1.00,-1.00,-1.00
2022-12-03T07:54:28Z,"0002cc01000003e9","2250b5c334fd3a3e0517111539614272def000000000000000ffffffffffffffffffffffff",3.64,,0.32,17,21.22,44.87,99591.00,0.00,0,0,0,0,,,-1.00,-1.00,-1.00,-1.00,-1.00,-1.00
2022-12-03T08:00:24Z,"0002cc01000003e9","2250b5c498fd3a460517111539614672b4f000000000000000ffffffffffffffffffffffff",3.64,,0.32,17,21.22,44.81,99604.00,0.00,0,0,0,0,,,-1.00,-1.00,-1.00,-1.00,-1.00,-1.00
2022-12-03T08:06:20Z,"0002cc01000003e9","2250b5c5fcfd3a420517111536614f72b40800000000000000ffffffffffffffffffffffff",3.64,,0.32,17,21.21,44.81,99643.00,16.00,0,0,0,0,,,-1.00,-1.00,-1.00,-1.00,-1.00,-1.00
2022-12-03T08:12:16Z,"0002cc01000003e9","2250b5c760fd3a3a05171115346154724bf000000000000000ffffffffffffffffffffffff",3.64,,0.32,17,21.20,44.65,99663.00,0.00,0,0,0,0,,,-1.00,-1.00,-1.00,-1.00,-1.00,-1.00
2022-12-03T08:18:12Z,"0002cc01000003e9","2250b5c8c4fd3a460517111531616070fbf000000000000000ffffffffffffffffffffffff",3.64,,0.32,17,21.19,44.13,99708.00,0.00,0,0,0,0,,,-1.00,-1.00,-1.00,-1.00,-1.00,-1.00
2022-12-03T08:24:08Z,"0002cc01000003e9","2250b5ca28fd3a460517111529616b6d870880000000000000ffffffffffffffffffffffff",3.64,,0.32,17,21.16,42.79,99752.00,17.00,0,0,0,0,,,-1.00,-1.00,-1.00,-1.00,-1.00,-1.00
2022-12-03T08:30:04Z,"0002cc01000003e9","2250b5cb8cfd3a46051711151d617369a3f000000000000000ffffffffffffffffffffffff",3.64,,0.32,17,21.11,41.27,99787.00,0.00,0,0,0,0,,,-1.00,-1.00,-1.00,-1.00,-1.00,-1.00
2022-12-03T08:36:00Z,"0002cc01000003e9","2250b5ccf0fd3a420517111515617a667e0800000000000000ffffffffffffffffffffffff",3.64,,0.32,17,21.08,40.04,99815.00,1.00,0,0,0,0,,,-1.00,-1.00,-1.00,-1.00,-1.00,-1.00
2022-12-03T08:41:57Z,"0002cc01000003e9","2250b5ce55fd3a46051711150d618862c4f000000000000000ffffffffffffffffffffffff",3.64,,0.32,17,21.05,38.58,99868.00,0.00,0,0,0,0,,,-1.00,-1.00,-1.00,-1.00,-1.00,-1.00
2022-12-03T08:47:53Z,"0002cc01000003e9","2250b5cfb9fd3a46052311150361945f420c00000000000000ffffffffffffffffffffffff",3.64,,0.32,17,21.01,37.21,99919.00,24.00,0,0,0,0,,,-1.00,-1.00,-1.00,-1.00,-1.00,-1.00
2022-12-03T08:53:49Z,"0002cc01000003e9","2250b5d11dfd3a4605171114f661a25c0c0b00000000000000ffffffffffffffffffffffff",3.64,,0.32,17,20.96,35.96,99975.00,11.00,0,0,0,0,,,-1.00,-1.00,-1.00,-1.00,-1.00,-1.00
2022-12-03T08:59:45Z,"0002cc01000003e9","2250b5d281fd3a3e05171114e961ad5940f000000000000000ffffffffffffffffffffffff",3.64,,0.32,17,20.91,34.86,100016.00,0.00,0,0,0,0,,,-1.00,-1.00,-1.00,-1.00,-1.00,-1.00
2022-12-03T09:05:41Z,"0002cc01000003e9","2250b5d3e5fd3a3605171114dd61b55664f000000000000000ffffffffffffffffffffffff",3.64,,0.32,17,20.86,33.75,100049.00,0.00,0,0,0,0,,,-1.00,-1.00,-1.00,-1.00,-1.00,-1.00
2022-12-03T09:11:37Z,"0002cc01000003e9","2250b5d549fd3a4205231114d061ba54a90a00000000000000ffffffffffffffffffffffff",3.64,,0.32,17,20.81,33.07,100071.00,5.00,0,0,0,0,,,-1.00,-1.00,-1.00,-1.00,-1.00,-1.00
2022-12-03T09:17:33Z,"0002cc01000003e9","2250b5d6adfd3a3e05231114d061c15382f000000000000000ffffffffffffffffffffffff",3.64,,0.32,17,20.81,32.62,100097.00,0.00,0,0,0,0,,,-1.00,-1.00,-1.00,-1.00,-1.00,-1.00
2022-12-03T09:23:29Z,"0002cc01000003e9","2250b5d811fd3a4605231114d061cf51de0800000000000000ffffffffffffffffffffffff",3.64,,0.32,17,20.81,31.98,100154.00,1.00,0,0,0,0,,,-1.00,-1.00,-1.00,-1.00,-1.00,-1.00
2022-12-03T09:29:25Z,"0002cc01000003e9","2250b5d975fd3a4205231114d061d85002f000000000000000ffffffffffffffffffffffff",3.64,,0.32,17,20.81,31.25,100188.00,0.00,0,0,0,0,,,-1.00,-1.00,-1.00,-1.00,-1.00,-1.00
2022-12-03T09:35:21Z,"0002cc01000003e9","2250b5dad9fd3a4205231114d261e24dd80c00000000000000ffffffffffffffffffffffff",3.64,,0.32,17,20.82,30.41,100230.00,3.00,0,0,0,0,,,-1.00,-1.00,-1.00,-1.00,-1.00,-1.00
2022-12-03T09:41:17Z,"0002cc01000003e9","2250b5dc3dfd3a4205231114d261e94c6c0b80000000000000ffffffffffffffffffffffff",3.64,,0.32,17,20.82,29.85,100256.00,23.00,0,0,0,0,,,-1.00,-1.00,-1.00,-1.00,-1.00,-1.00
2022-12-03T09:47:13Z,"0002cc01000003e9","2250b5dda1fd3a3e05231114d061f14a1ef000000000000000ffffffffffffffffffffffff",3.64,,0.32,17,20.81,28.95,100289.00,0.00,0,0,0,0,,,-1.00,-1.00,-1.00,-1.00,-1.00,-1.00
2022-12-03T09:53:09Z,"0002cc01000003e9","2250b5df05fd3a4205231114c861f448e9f000000000000000ffffffffffffffffffffffff",3.64,,0.32,17,20.78,28.48,100300.00,0.00,0,0,0,0,,,-1.00,-1.00,-1.00,-1.00,-1.00,-1.00
2022-12-03T09:59:05Z,"0002cc01000003e9","2250b5e069fd3a4605231114c361f94782f000000000000000ffffffffffffffffffffffff",3.64,,0.32,17,20.76,27.93,100321.00,0.00,0,0,0,0,,,-1.00,-1.00,-1.00,-1.00,-1.00,-1.00
2022-12-03T10:05:01Z,"0002cc01000003e9","2250b5e1cdfd3a4605231114c161ff4726f000000000000000ffffffffffffffffffffffff",3.64,,0.32,17,20.75,27.79,100346.00,0.00,0,0,0,0,,,-1.00,-1.00,-1.00,-1.00,-1.00,-113965.18
2022-12-03T10:10:57Z,"0002cc01000003e9","2250b5e331fd3a4605171114bb620445b90c00000000000000ffffffffffffffffffffffff",3.64,,0.32,17,20.73,27.24,100365.00,6.00,0,0,0,0,,,-1.00,-1.00,-1.00,-1.00,-1.00,-113959.13
2022-12-03T10:16:53Z,"0002cc01000003e9","2250b5e495fd3a4605231114b6620a44def000000000000000ffffffffffffffffffffffff",3.64,,0.32,17,20.71,26.90,100391.00,0.00,0,0,0,0,,,-1.00,-1.00,-1.00,-1.00,-1.00,-1.00
2022-12-03T10:22:49Z,"0002cc01000003e9","2250b5e5f9fd3a3605231114af62124474f000000000000000ffffffffffffffffffffffff",3.64,,0.32,17,20.68,26.74,100420.00,0.00,0,0,0,0,,,-1.00,-1.00,-1.00,-1.00,-1.00,-1.00
2022-12-03T10:28:45Z,"0002cc01000003e9","2250b5e75dfd3a4605231114a7621243c4f000000000000000ffffffffffffffffffffffff",3.64,,0.32,17,20.65,26.47,100420.00,0.00,0,0,0,0,,,-1.00,-1.00,-1.00,-1.00,-1.00,-1.00
2022-12-03T10:34:41Z,"0002cc01000003e9","2250b5e8c1fd3a3e052311149f6213430b0a00000000000000ffffffffffffffffffffffff",3.64,,0.32,17,20.62,26.19,100425.00,10.00,0,0,0,0,,,-1.00,-1.00,-1.00,-1.00,-1.00,-1.00
2022-12-03T10:40:37Z,"0002cc01000003e9","2250b5ea25fd3a4205171114986216422af000000000000000ffffffffffffffffffffffff",3.64,,0.32,17,20.59,25.85,100438.00,0.00,0,0,0,0,,,-1.00,-1.00,-1.00,-1.00,-1.00,-1.00
2022-12-03T10:46:33Z,"0002cc01000003e9","2250b5eb89fd3a42051f111492621e40f40a80000000000000ffffffffffffffffffffffff",3.64,,0.32,17,20.57,25.37,100470.00,21.00,0,0,0,0,,,-1.00,-1.00,-1.00,-1.00,-1.00,-1.00
2022-12-03T10:52:30Z,"0002cc01000003e9","2250b5eceefd3a3e052311148d621e3f470d00000000000000ffffffffffffffffffffffff",3.64,,0.32,17,20.55,24.72,100470.00,13.00,0,0,0,0,,,-1.00,-1.00,-1.00,-1.00,-1.00,-1.00
2022-12-03T10:58:26Z,"0002cc01000003e9","2250b5ee52fd3a46052311148b62233ea60e00000000000000ffffffffffffffffffffffff",3.64,,0.32,17,20.54,24.47,100490.00,14.00,0,0,0,0,,,-1.00,-1.00,-1.00,-1.00,-1.00,-1.00
2022-12-03T11:04:22Z,"0002cc01000003e9","2250b5efb6fd3a42051f11148b62273e12f000000000000000ffffffffffffffffffffffff",3.64,,0.32,17,20.54,24.25,100507.00,0.00,0,0,0,0,,,-1.00,-1.00,-1.00,-1.00,-1.00,-1.00
2022-12-03T11:10:18Z,"0002cc01000003e9","2250b5f11afd3a36052311148b622f3d7f0e00000000000000ffffffffffffffffffffffff",3.64,,0.32,17,20.54,24.02,100536.00,14.00,0,0,0,0,,,-1.00,-1.00,-1.00,-1.00,-1.00,-1.00
2022-12-03T11:16:14Z,"0002cc01000003e9","2250b5f27efd3a42052311148862353cc20a00000000000000ffffffffffffffffffffffff",3.64,,0.32,17,20.53,23.73,100562.00,5.00,0,0,0,0,,,-1.00,-1.00,-1.00,-1.00,-1.00,-1.00
2022-12-03T11:22:10Z,"0002cc01000003e9","2250b5f3e2fd3a3e0523111486623d3c50f000000000000000ffffffffffffffffffffffff",3.64,,0.32,17,20.52,23.56,100593.00,0.00,0,0,0,0,,,-1.00,-1.00,-1.00,-1.00,-1.00,-1.00
2022-12-03T11:28:06Z,"0002cc01000003e9","2250b5f546fd3a42051711148362433bee0840000000000000ffffffffffffffffffffffff",3.64,,0.32,17,20.51,23.41,100617.00,33.00,0,0,0,0,,,-1.00,-1.00,-1.00,-1.00,-1.00,-1.00
2022-12-03T11:34:02Z,"0002cc01000003e9","2250b5f6aafd3a42052311148662453b9a0d00000000000000ffffffffffffffffffffffff",3.64,,0.32,17,20.52,23.28,100626.00,13.00,0,0,0,0,,,-1.00,-1.00,-1.00,-1.00,-1.00,-1.00
2022-12-03T11:39:58Z,"0002cc01000003e9","2250b5f80efd3a46052311148d62493b0e0c00000000000000ffffffffffffffffffffffff",3.64,,0.32,17,20.55,23.07,100640.00,24.00,0,0,0,0,,,-1.00,-1.00,-1.00,-1.00,-1.00,-1.00
2022-12-03T11:45:54Z,"0002cc01000003e9","2250b5f972fd3a420523111495624e3a980800000000000000ffffffffffffffffffffffff",3.64,,0.32,17,20.58,22.89,100662.00,4.00,0,0,0,0,,,-1.00,-1.00,-1.00,-1.00,-1.00,-1.00
2022-12-03T11:51:50Z,"0002cc01000003e9","2250b5fad6fd3a42051711149d62513a0d0800000000000000ffffffffffffffffffffffff",3.64,,0.32,17,20.61,22.68,100673.00,1.00,0,0,0,0,,,-1.00,-1.00,-1.00,-1.00,-1.00,-1.00
2022-12-03T11:57:46Z,"0002cc01000003e9","2250b5fc3afd3a4205231114a26253396c0900000000000000ffffffffffffffffffffffff",3.64,,0.32,17,20.63,22.43,100680.00,9.00,0,0,0,0,,,-1.00,-1.00,-1.00,-1.00,-1.00,-1.00
2022-12-03T12:03:42Z,"0002cc01000003e9","2250b5fd9efd3a4605231114a4625538e7f000000000000000ffffffffffffffffffffffff",3.64,,0.32,17,20.64,22.23,100689.00,0.00,0,0,0,0,,,-1.00,-1.00,-1.00,-1.00,-1.00,-1.00
2022-12-03T12:09:38Z,"0002cc01000003e9","2250b5ff02fd3a4605171114a9625a387ef000000000000000ffffffffffffffffffffffff",3.64,,0.32,17,20.66,22.07,100710.00,0.00,0,0,0,0,,,-1.00,-1.00,-1.00,-1.00,-1.00,-1.00
2022-12-03T12:15:34Z,"0002cc01000003e9","2250b60066fd3a42051f1114a9625f382af000000000000000ffffffffffffffffffffffff",3.64,,0.32,17,20.66,21.94,100728.00,0.00,0,0,0,0,,,-1.00,-1.00,-1.00,-1.00,-1.00,-1.00
2022-12-03T12:21:30Z,"0002cc01000003e9","2250b601cafd3a3e05231114a7626337410800000000000000ffffffffffffffffffffffff",3.64,,0.32,17,20.65,21.58,100745.00,1.00,0,0,0,0,,,-1.00,-1.00,-1.00,-1.00,-1.00,-1.00
2022-12-03T12:27:26Z,"0002cc01000003e9","2250b6032efd3a4205231114a2626436120a00000000000000ffffffffffffffffffffffff",3.64,,0.32,17,20.63,21.12,100748.00,10.00,0,0,0,0,,,-1.00,-1.00,-1.00,-1.00,-1.00,-1.00
2022-12-03T12:33:22Z,"0002cc01000003e9","2250b60492fd3a42052311149f626736040800000000000000ffffffffffffffffffffffff",3.64,,0.32,17,20.62,21.10,100760.00,8.00,0,0,0,0,,,-1.00,-1.00,-1.00,-1.00,-1.00,-1.00
2022-12-03T12:39:18Z,"0002cc01000003e9","2250b605f6fd3a36052311149d626d354df000000000000000ffffffffffffffffffffffff",3.64,,0.32,17,20.61,20.82,100786.00,0.00,0,0,0,0,,,-1.00,-1.00,-1.00,-1.00,-1.00,-1.00
2022-12-03T12:45:15Z,"0002cc01000003e9","2250b6075bfd3a42052311149a627134f9f000000000000000ffffffffffffffffffffffff",3.64,,0.32,17,20.60,20.69,100803.00,0.00,0,0,0,0,,,-1.00,-1.00,-1.00,-1.00,-1.00,-1.00
2022-12-03T12:51:11Z,"0002cc01000003e9","2250b608bffd3a42052311149a627834b9f000000000000000ffffffffffffffffffffffff",3.64,,0.32,17,20.60,20.60,100829.00,0.00,0,0,0,0,,,-1.00,-1.00,-1.00,-1.00,-1.00,-113962.16
2022-12-03T12:57:07Z,"0002cc01000003e9","2250b60a23fd3a36052c111498627a34570800000000000000ffffffffffffffffffffffff",3.64,,0.32,17,20.59,20.45,100838.00,8.00,0,0,0,0,,,-1.00,-1.00,-1.00,-1.00,-1.00,-113962.16
2022-12-03T13:03:03Z,"0002cc01000003e9","2250b60b87fd3a360523111495628133840800000000000000ffffffffffffffffffffffff",3.64,,0.32,17,20.58,20.12,100864.00,2.00,0,0,0,0,,,-1.00,-1.00,-1.00,-1.00,-1.00,-1.00
2022-12-03T13:08:59Z,"0002cc01000003e9","2250b60cebfd3a420523111492628332cdf000000000000000ffffffffffffffffffffffff",3.64,,0.32,17,20.57,19.84,100872.00,0.00,0,0,0,0,,,-1.00,-1.00,-1.00,-1.00,-1.00,-1.00
2022-12-03T13:14:55Z,"0002cc01000003e9","2250b60e4ffd3a420523111490628532160c80000000000000ffffffffffffffffffffffff",3.64,,0.32,17,20.56,19.56,100880.00,25.00,0,0,0,0,,,-1.00,-1.00,-1.00,-1.00,-1.00,-1.00
2022-12-03T13:20:51Z,"0002cc01000003e9","2250b60fb3fd3a32052311148d628b31a5f000000000000000ffffffffffffffffffffffff",3.64,,0.32,17,20.55,19.39,100904.00,0.00,0,0,0,0,,,-1.00,-1.00,-1.00,-1.00,-1.00,-1.00
2022-12-03T13:26:47Z,"0002cc01000003e9","2250b61117fd3a420517111490628d31180c00000000000000ffffffffffffffffffffffff",3.64,,0.32,17,20.56,19.18,100913.00,6.00,0,0,0,0,,,-1.00,-1.00,-1.00,-1.00,-1.00,-1.00
2022-12-03T13:32:43Z,"0002cc01000003e9","2250b6127bfd3a36052311149562913120f000000000000000ffffffffffffffffffffffff",3.64,,0.32,17,20.58,19.19,100931.00,0.00,0,0,0,0,,,-1.00,-1.00,-1.00,-1.00,-1.00,-1.00
2022-12-03T13:38:39Z,"0002cc01000003e9","2250b613dffd3a420523111498629330e80c00000000000000ffffffffffffffffffffffff",3.64,,0.32,17,20.59,19.10,100939.00,24.00,0,0,0,0,,,-1.00,-1.00,-1.00,-1.00,-1.00,-1.00
2022-12-03T13:44:35Z,"0002cc01000003e9","2250b61543fd3a36052311149a629530c60e00000000000000ffffffffffffffffffffffff",3.64,,0.32,17,20.60,19.05,100944.00,7.00,0,0,0,0,,,-1.00,-1.00,-1.00,-1.00,-1.00,-1.00
2022-12-03T13:50:31Z,"0002cc01000003e9","2250b616a7fd3a36052311149d6293309b0c00000000000000ffffffffffffffffffffffff",3.64,,0.32,17,20.61,18.99,100937.00,3.00,0,0,0,0,,,-1.00,-1.00,-1.00,-1.00,-1.00,-1.00
2022-12-03T13:56:27Z,"0002cc01000003e9","2250b6180bfd3a42051711149d62982f890880000000000000ffffffffffffffffffffffff",3.64,,0.32,17,20.61,18.57,100957.00,34.00,0,0,0,0,,,-1.00,-1.00,-1.00,-1.00,-1.00,-1.00
2022-12-03T14:02:23Z,"0002cc01000003e9","2250b6196ffd3a3e052c11149a629d2f740b40000000000000ffffffffffffffffffffffff",3.64,,0.32,17,20.60,18.54,100977.00,45.00,0,0,0,0,,,-1.00,-1.00,-1.00,-1.00,-1.00,-1.00
2022-12-03T14:08:19Z,"0002cc01000003e9","2250b61ad3fd3a42052311149a62a22f4a0820000000000000ffffffffffffffffffffffff",3.64,,0.32,17,20.60,18.47,100997.00,65.00,0,0,0,0,,,-1.00,-1.00,-1.00,-1.00,-1.00,-1.00
2022-12-03T14:14:15Z,"0002cc01000003e9","2250b61c37fd3a42052311149a62a72ee708a0000000000000ffffffffffffffffffffffff",3.64,,0.32,17,20.60,18.32,101016.00,69.00,0,0,0,0,,,-1.00,-1.00,-1.00,-1.00,-1.00,-1.00
2022-12-03T14:20:11Z,"0002cc01000003e9","2250b61d9bfd3a36052311149a62a82e930960000000000000ffffffffffffffffffffffff",3.64,,0.32,17,20.60,18.19,101020.00,75.00,0,0,0,0,,,-1.00,-1.00,-1.00,-1.00,-1.00,-1.00
2022-12-03T14:26:08Z,"0002cc01000003e9","2250b61f00fd3a36052311149a62ad2e7e0980000000000000ffffffffffffffffffffffff",3.64,,0.32,17,20.60,18.16,101041.00,38.00,0,0,0,0,,,-1.00,-1.00,-1.00,-1.00,-1.00,-1.00
2022-12-03T14:32:04Z,"0002cc01000003e9","2250b62064fd3a36052311149a62af2e700900000000000000ffffffffffffffffffffffff",3.64,,0.32,17,20.60,18.14,101049.00,72.00,0,0,0,0,,,-1.00,-1.00,-1.00,-1.00,-1.00,-1.00
2022-12-03T14:38:00Z,"0002cc01000003e9","2250b621c8fd3a42052311149a62b12e4d0a40000000000000ffffffffffffffffffffffff",3.64,,0.32,17,20.60,18.09,101057.00,41.00,0,0,0,0,,,-1.00,-1.00,-1.00,-1.00,-1.00,-1.00
2022-12-03T14:43:56Z,"0002cc01000003e9","2250b6232cfd3a42052311149a62b62e460f40000000000000ffffffffffffffffffffffff",3.64,,0.32,17,20.60,18.08,101076.00,61.00,0,0,0,0,,,-1.00,-1.00,-1.00,-1.00,-1.00,-1.00
2022-12-03T14:49:52Z,"0002cc01000003e9","2250b62490fd3a36052311149862bc2e4c0e00000000000000ffffffffffffffffffffffff",3.64,,0.32,17,20.59,18.08,101100.00,56.00,0,0,0,0,,,-1.00,-1.00,-1.00,-1.00,-1.00,-1.00
2022-12-03T14:55:48Z,"0002cc01000003e9","2250b625f4fd3a42052311149862b92e220e00000000000000ffffffffffffffffffffffff",3.64,,0.32,17,20.59,18.02,101088.00,56.00,0,0,0,0,,,-1.00,-1.00,-1.00,-1.00,-1.00,-1.00
2022-12-03T15:01:44Z,"0002cc01000003e9","2250b62758fd3a42052311149562bb2de20880000000000000ffffffffffffffffffffffff",3.64,,0.32,17,20.58,17.92,101097.00,34.00,0,0,0,0,,,-1.00,-1.00,-1.00,-1.00,-1.00,-1.00
2022-12-03T15:07:40Z,"0002cc01000003e9","2250b628bcfd3a42052311149562c22db10f80000000000000ffffffffffffffffffffffff",3.64,,0.32,17,20.58,17.85,101126.00,31.00,0,0,0,0,,,-1.00,-1.00,-1.00,-1.00,-1.00,-1.00
2022-12-03T15:13:36Z,"0002cc01000003e9","2250b62a20fd3a36051711149562c52d800a80000000000000ffffffffffffffffffffffff",3.64,,0.32,17,20.58,17.77,101139.00,21.00,0,0,0,0,,,-1.00,-1.00,-1.00,-1.00,-1.00,-1.00
2022-12-03T15:19:32Z,"0002cc01000003e9","2250b62b84fd3a42051711149262c62cf30d00000000000000ffffffffffffffffffffffff",3.64,,0.32,17,20.57,17.56,101142.00,26.00,0,0,0,0,,,-1.00,-1.00,-1.00,-1.00,-1.00,-1.00
2022-12-03T15:25:28Z,"0002cc01000003e9","2250b62ce8fd3a36052311149562c82d160d80000000000000ffffffffffffffffffffffff",3.64,,0.32,17,20.58,17.61,101149.00,27.00,0,0,0,0,,,-1.00,-1.00,-1.00,-1.00,-1.00,-1.00
2022-12-03T15:31:24Z,"0002cc01000003e9","2250b62e4cfd3a42051711149562ca2d160d80000000000000ffffffffffffffffffffffff",3.64,,0.32,17,20.58,17.61,101158.00,27.00,0,0,0,0,,,-1.00,-1.00,-1.00,-1.00,-1.00,-1.00
2022-12-03T15:37:20Z,"0002cc01000003e9","2250b62fb0fd3a42051711149862cc2d4f0a40000000000000ffffffffffffffffffffffff",3.64,,0.32,17,20.59,17.70,101167.00,41.00,0,0,0,0,,,-1.00,-1.00,-1.00,-1.00,-1.00,-1.00
2022-12-03T15:43:16Z,"0002cc01000003e9","2250b63114fd3a42052311149a62d02d3a0940000000000000ffffffffffffffffffffffff",3.64,,0.32,17,20.60,17.67,101181.00,37.00,0,0,0,0,,,-1.00,-1.00,-1.00,-1.00,-1.00,-1.00
2022-12-03T15:49:12Z,"0002cc01000003e9","2250b63278fd3a42052311149a62d52c990880000000000000ffffffffffffffffffffffff",3.64,,0.32,17,20.60,17.42,101203.00,34.00,0,0,0,0,,,-1.00,-1.00,-1.00,-1.00,-1.00,-1.00
2022-12-03T15:55:09Z,"0002cc01000003e9","2250b633ddfd3a42052311149562d72c7c0b00000000000000ffffffffffffffffffffffff",3.64,,0.32,17,20.58,17.38,101208.00,22.00,0,0,0,0,,,-1.00,-1.00,-1.00,-1.00,-1.00,-1.00
2022-12-03T16:01:04Z,"0002cc01000003e9","2250b63540fd3a42051f11149262da2c200880000000000000ffffffffffffffffffffffff",3.64,,0.32,17,20.57,17.24,101222.00,17.00,0,0,0,0,,,-1.00,-1.00,-1.00,-1.00,-1.00,-1.00
2022-12-03T16:07:01Z,"0002cc01000003e9","2250b636a5fd3a42051711149262db2bcb0800000000000000ffffffffffffffffffffffff",3.64,,0.32,17,20.57,17.11,101226.00,32.00,0,0,0,0,,,-1.00,-1.00,-1.00,-1.00,-1.00,-1.00
2022-12-03T16:12:57Z,"0002cc01000003e9","2250b63809fd3a42052311149262dd2bb60e80000000000000ffffffffffffffffffffffff",3.64,,0.32,17,20.57,17.08,101235.00,29.00,0,0,0,0,,,-1.00,-1.00,-1.00,-1.00,-1.00,-1.00
2022-12-03T16:18:53Z,"0002cc01000003e9","2250b6396dfd3a42052311149062dc2b7e0a80000000000000ffffffffffffffffffffffff",3.64,,0.32,17,20.56,16.99,101230.00,21.00,0,0,0,0,,,-1.00,-1.00,-1.00,-1.00,-1.00,-1.00
2022-12-03T16:24:49Z,"0002cc01000003e9","2250b63ad1fd3a36052311149062e12b220e80000000000000ffffffffffffffffffffffff",3.64,,0.32,17,20.56,16.85,101248.00,29.00,0,0,0,0,,,-1.00,-1.00,-1.00,-1.00,-1.00,-1.00
2022-12-03T16:30:45Z,"0002cc01000003e9","2250b63c35fd3a42052311148d62e42b060e80000000000000ffffffffffffffffffffffff",3.64,,0.32,17,20.55,16.81,101260.00,29.00,0,0,0,0,,,-1.00,-1.00,-1.00,-1.00,-1.00,-113950.06
2022-12-03T16:36:41Z,"0002cc01000003e9","2250b63d99fd3a36051711148b62e72adbf000000000000000ffffffffffffffffffffffff",3.64,,0.32,17,20.54,16.74,101275.00,0.00,0,0,0,0,,,-1.00,-1.00,-1.00,-1.00,-1.00,-1.00
2022-12-03T16:42:37Z,"0002cc01000003e9","2250b63efdfd3a42052311148d62e72b290a40000000000000ffffffffffffffffffffffff",3.64,,0.32,17,20.55,16.86,101273.00,41.00,0,0,0,0,,,-1.00,-1.00,-1.00,-1.00,-1.00,-1.00
2022-12-03T16:48:33Z,"0002cc01000003e9","2250b64061fd3a42052311148d62e52b220e00000000000000ffffffffffffffffffffffff",3.64,,0.32,17,20.55,16.85,101264.00,7.00,0,0,0,0,,,-1.00,-1.00,-1.00,-1.00,-1.00,-1.00
2022-12-03T16:54:29Z,"0002cc01000003e9","2250b641c5fd3a36051711148d62e62b140c80000000000000ffffffffffffffffffffffff",3.64,,0.32,17,20.55,16.83,101271.00,25.00,0,0,0,0,,,-1.00,-1.00,-1.00,-1.00,-1.00,-1.00
2022-12-03T17:00:25Z,"0002cc01000003e9","2250b64329fd3a36052311149062e62aea0e80000000000000ffffffffffffffffffffffff",3.64,,0.32,17,20.56,16.76,101271.00,29.00,0,0,0,0,,,-1.00,-1.00,-1.00,-1.00,-1.00,-113953.09
2022-12-03T17:06:21Z,"0002cc01000003e9","2250b6448dfd3a42052311148d62e72ad50f80000000000000ffffffffffffffffffffffff",3.64,,0.32,17,20.55,16.73,101273.00,31.00,0,0,0,0,,,-1.00,-1.00,-1.00,-1.00,-1.00,-1.00
2022-12-03T17:12:17Z,"0002cc01000003e9","2250b645f1fd3a42052311148d62e72ad50f00000000000000ffffffffffffffffffffffff",3.64,,0.32,17,20.55,16.73,101273.00,15.00,0,0,0,0,,,-1.00,-1.00,-1.00,-1.00,-1.00,-1.00
2022-12-03T17:18:13Z,"0002cc01000003e9","2250b64755fd3a42051f11148d62e82ac00e00000000000000ffffffffffffffffffffffff",3.64,,0.32,17,20.55,16.70,101278.00,28.00,0,0,0,0,,,-1.00,-1.00,-1.00,-1.00,-1.00,-1.00
2022-12-03T17:24:09Z,"0002cc01000003e9","2250b648b9fd3a42051711148d62e82a9d0c00000000000000ffffffffffffffffffffffff",3.64,,0.32,17,20.55,16.65,101279.00,3.00,0,0,0,0,,,-1.00,-1.00,-1.00,-1.00,-1.00,-1.00
2022-12-03T17:30:05Z,"0002cc01000003e9","2250b64a1dfd3a42052311149062e72aa40c80000000000000ffffffffffffffffffffffff",3.64,,0.32,17,20.56,16.66,101274.00,25.00,0,0,0,0,,,-1.00,-1.00,-1.00,-1.00,-1.00,-113956.11
2022-12-03T17:36:01Z,"0002cc01000003e9","2250b64b81fd3a42052311148d62e62a880d00000000000000ffffffffffffffffffffffff",3.64,,0.32,17,20.55,16.61,101271.00,13.00,0,0,0,0,,,-1.00,-1.00,-1.00,-1.00,-1.00,-1.00
2022-12-03T17:41:58Z,"0002cc01000003e9","2250b64ce6fd3a42052311148b62e52a640e80000000000000ffffffffffffffffffffffff",3.64,,0.32,17,20.54,16.56,101267.00,29.00,0,0,0,0,,,-1.00,-1.00,-1.00,-1.00,-1.00,-1.00
2022-12-03T17:47:54Z,"0002cc01000003e9","2250b64e4afd3a36051711148862e52a2c0800000000000000ffffffffffffffffffffffff",3.64,,0.32,17,20.53,16.47,101264.00,32.00,0,0,0,0,,,-1.00,-1.00,-1.00,-1.00,-1.00,-114631.30
2022-12-03T17:53:50Z,"0002cc01000003e9","2250b64faefd3a42052311148862e62a0f0a00000000000000ffffffffffffffffffffffff",3.64,,0.32,17,20.53,16.43,101268.00,40.00,0,0,0,0,,,-1.00,-1.00,-1.00,-1.00,-1.00,-113950.06
2022-12-03T17:59:46Z,"0002cc01000003e9","2250b65112fd3a42052c11148862e72a100860000000000000ffffffffffffffffffffffff",3.64,,0.32,17,20.53,16.43,101275.00,67.00,0,0,0,0,,,-1.00,-1.00,-1.00,-1.00,-1.00,-1.00
2022-12-03T18:05:42Z,"0002cc01000003e9","2250b65276fd3a42052311148b62e62a020900000000000000ffffffffffffffffffffffff",3.64,,0.32,17,20.54,16.41,101271.00,36.00,0,0,0,0,,,-1.00,-1.00,-1.00,-1.00,-1.00,-114631.30
2022-12-03T18:11:38Z,"0002cc01000003e9","2250b653dafd3a36051f11148862e429d00a80000000000000ffffffffffffffffffffffff",3.64,,0.32,17,20.53,16.33,101262.00,42.00,0,0,0,0,,,-1.00,-1.00,-1.00,-1.00,-1.00,-113968.20
2022-12-03T18:17:34Z,"0002cc01000003e9","2250b6553efd3a42052311148862e329ad0800000000000000ffffffffffffffffffffffff",3.64,,0.32,17,20.53,16.28,101258.00,32.00,0,0,0,0,,,-1.00,-1.00,-1.00,-1.00,-1.00,-1.00
2022-12-03T18:23:30Z,"0002cc01000003e9","2250b656a2fd3a36051711148862e2295f0b00000000000000ffffffffffffffffffffffff",3.64,,0.32,17,20.53,16.16,101255.00,22.00,0,0,0,0,,,-1.00,-1.00,-1.00,-1.00,-1.00,-1.00
2022-12-03T18:29:26Z,"0002cc01000003e9","2250b65806fd3a42052311148862e0294a0d00000000000000ffffffffffffffffffffffff",3.64,,0.32,17,20.53,16.13,101247.00,26.00,0,0,0,0,,,-1.00,-1.00,-1.00,-1.00,-1.00,-113959.13
2022-12-03T18:35:22Z,"0002cc01000003e9","2250b6596afd3a3a051711148d62e229590b00000000000000ffffffffffffffffffffffff",3.64,,0.32,17,20.55,16.15,101255.00,22.00,0,0,0,0,,,-1.00,-1.00,-1.00,-1.00,-1.00,-1.00
2022-12-03T18:41:18Z,"0002cc01000003e9","2250b65acefd3a42052311149062e1294408c0000000000000ffffffffffffffffffffffff",3.64,,0.32,17,20.56,16.12,101249.00,35.00,0,0,0,0,,,-1.00,-1.00,-1.00,-1.00,-1.00,-1.00
2022-12-03T18:47:14Z,"0002cc01000003e9","2250b65c32fd3a36052311149562e229280800000000000000ffffffffffffffffffffffff",3.64,,0.32,17,20.58,16.08,101252.00,32.00,0,0,0,0,,,-1.00,-1.00,-1.00,-1.00,-1.00,-113959.15
2022-12-03T18:53:10Z,"0002cc01000003e9","2250b65d96fd3a42052311149262e229210800000000000000ffffffffffffffffffffffff",3.64,,0.32,17,20.57,16.07,101253.00,64.00,0,0,0,0,,,-1.00,-1.00,-1.00,-1.00,-1.00,-1.00
2022-12-03T18:59:06Z,"0002cc01000003e9","2250b65efafd3a36051711149262df28e90880000000000000ffffffffffffffffffffffff",3.64,,0.32,17,20.57,15.98,101241.00,34.00,0,0,0,0,,,-1.00,-1.00,-1.00,-1.00,-1.00,-113959.13
2022-12-03T19:05:02Z,"0002cc01000003e9","2250b6605efd3a42052311149062de289b0d00000000000000ffffffffffffffffffffffff",3.64,,0.32,17,20.56,15.86,101238.00,13.00,0,0,0,0,,,-1.00,-1.00,-1.00,-1.00,-1.00,-1.00
2022-12-03T19:10:58Z,"0002cc01000003e9","2250b661c2fd3a42052311148d62df28860a80000000000000ffffffffffffffffffffffff",3.64,,0.32,17,20.55,15.83,101241.00,42.00,0,0,0,0,,,-1.00,-1.00,-1.00,-1.00,-1.00,-1.00
2022-12-03T19:16:54Z,"0002cc01000003e9","2250b66326fd3a36051711148d62df28940a80000000000000ffffffffffffffffffffffff",3.64,,0.32,17,20.55,15.85,101243.00,42.00,0,0,0,0,,,-1.00,-1.00,-1.00,-1.00,-1.00,-1.00
2022-12-03T19:22:51Z,"0002cc01000003e9","2250b6648bfd3a3a052311148d62e028700a40000000000000ffffffffffffffffffffffff",3.64,,0.32,17,20.55,15.80,101245.00,41.00,0,0,0,0,,,-1.00,-1.00,-1.00,-1.00,-1.00,-1.00
2022-12-03T19:28:47Z,"0002cc01000003e9","2250b665effd3a3a052311149062e0286a0a00000000000000ffffffffffffffffffffffff",3.64,,0.32,17,20.56,15.79,101247.00,5.00,0,0,0,0,,,-1.00,-1.00,-1.00,-1.00,-1.00,-113956.11
2022-12-03T19:34:43Z,"0002cc01000003e9","2250b66753fd3a42051711149062e128710d00000000000000ffffffffffffffffffffffff",3.64,,0.32,17,20.56,15.80,101248.00,52.00,0,0,0,0,,,-1.00,-1.00,-1.00,-1.00,-1.00,-1.00
2022-12-03T19:40:39Z,"0002cc01000003e9","2250b668b7fd3a42051f11149062e028630900000000000000ffffffffffffffffffffffff",3.64,,0.32,17,20.56,15.78,101245.00,36.00,0,0,0,0,,,-1.00,-1.00,-1.00,-1.00,-1.00,-1.00
2022-12-03T19:46:35Z,"0002cc01000003e9","2250b66a1bfd3a36052311149062e128390f80000000000000ffffffffffffffffffffffff",3.64,,0.32,17,20.56,15.71,101250.00,31.00,0,0,0,0,,,-1.00,-1.00,-1.00,-1.00,-1.00,-114640.48
2022-12-03T19:52:31Z,"0002cc01000003e9","2250b66b7ffd3a42052311149062e028470e00000000000000ffffffffffffffffffffffff",3.64,,0.32,17,20.56,15.73,101245.00,56.00,0,0,0,0,,,-1.00,-1.00,-1.00,-1.00,-1.00,-113962.16
2022-12-03T19:58:27Z,"0002cc01000003e9","2250b66ce3fd3a3a052311149062df28390bc0000000000000ffffffffffffffffffffffff",3.64,,0.32,17,20.56,15.71,101241.00,47.00,0,0,0,0,,,-1.00,-1.00,-1.00,-1.00,-1.00,-1.00
2022-12-03T20:04:23Z,"0002cc01000003e9","2250b66e47fd3a42052311149062e128000900000000000000ffffffffffffffffffffffff",3.64,,0.32,17,20.56,15.63,101250.00,36.00,0,0,0,0,,,-1.00,-1.00,-1.00,-1.00,-1.00,-1.00
2022-12-03T20:10:19Z,"0002cc01000003e9","2250b66fabfd3a32052311149062e127c80d80000000000000ffffffffffffffffffffffff",3.64,,0.32,17,20.56,15.54,101251.00,27.00,0,0,0,0,,,-1.00,-1.00,-1.00,-1.00,-1.00,-113953.09
2022-12-03T20:16:15Z,"0002cc01000003e9","2250b6710ffd3a42052c11149262df27cf0e80000000000000ffffffffffffffffffffffff",3.64,,0.32,17,20.57,15.55,101242.00,29.00,0,0,0,0,,,-1.00,-1.00,-1.00,-1.00,-1.00,-1.00
2022-12-03T20:22:11Z,"0002cc01000003e9","2250b67273fd3a42052311149262da27900a00000000000000ffffffffffffffffffffffff",3.64,,0.32,17,20.57,15.45,101221.00,40.00,0,0,0,0,,,-1.00,-1.00,-1.00,-1.00,-1.00,-1.00
2022-12-03T20:28:07Z,"0002cc01000003e9","2250b673d7fd3a32052311149262d827500880000000000000ffffffffffffffffffffffff",3.64,,0.32,17,20.57,15.36,101213.00,34.00,0,0,0,0,,,-1.00,-1.00,-1.00,-1.00,-1.00,-114637.42
2022-12-03T20:34:03Z,"0002cc01000003e9","2250b6753bfd3a3e051711149262d7277b0820000000000000ffffffffffffffffffffffff",3.64,,0.32,17,20.57,15.42,101208.00,65.00,0,0,0,0,,,-1.00,-1.00,-1.00,-1.00,-1.00,-113968.20
2022-12-03T20:39:59Z,"0002cc01000003e9","2250b6769ffd3a36051f11149262d427500980000000000000ffffffffffffffffffffffff",3.64,,0.32,17,20.57,15.36,101199.00,38.00,0,0,0,0,,,-1.00,-1.00,-1.00,-1.00,-1.00,-1.00
2022-12-03T20:45:55Z,"0002cc01000003e9","2250b67803fd3a3a052311149262d027580b00000000000000ffffffffffffffffffffffff",3.64,,0.32,17,20.57,15.37,101182.00,44.00,0,0,0,0,,,-1.00,-1.00,-1.00,-1.00,-1.00,-114628.24
2022-12-03T20:51:51Z,"0002cc01000003e9","2250b67967fd3a42052311149562d227430900000000000000ffffffffffffffffffffffff",3.64,,0.32,17,20.58,15.34,101191.00,18.00,0,0,0,0,,,-1.00,-1.00,-1.00,-1.00,-1.00,-113959.13
2022-12-03T20:57:47Z,"0002cc01000003e9","2250b67acbfd3a3a051711149562d527510f80000000000000ffffffffffffffffffffffff",3.64,,0.32,17,20.58,15.36,101203.00,31.00,0,0,0,0,,,-1.00,-1.00,-1.00,-1.00,-1.00,-1.00
2022-12-03T21:03:44Z,"0002cc01000003e9","2250b67c30fd3a42051711149562d627510ac0000000000000ffffffffffffffffffffffff",3.64,,0.32,17,20.58,15.36,101205.00,43.00,0,0,0,0,,,-1.00,-1.00,-1.00,-1.00,-1.00,-1.00
2022-12-03T21:09:39Z,"0002cc01000003e9","2250b67d93fd3a42052311149562d727350ac0000000000000ffffffffffffffffffffffff",3.64,,0.32,17,20.58,15.32,101211.00,43.00,0,0,0,0,,,-1.00,-1.00,-1.00,-1.00,-1.00,-113965.18
2022-12-03T21:15:36Z,"0002cc01000003e9","2250b67ef8fd3a3a051711149262d526ee0840000000000000ffffffffffffffffffffffff",3.64,,0.32,17,20.57,15.21,101201.00,33.00,0,0,0,0,,,-1.00,-1.00,-1.00,-1.00,-1.00,-1.00
2022-12-03T21:21:32Z,"0002cc01000003e9","2250b6805cfd3a42052311149262d726e70a00000000000000ffffffffffffffffffffffff",3.64,,0.32,17,20.57,15.20,101211.00,10.00,0,0,0,0,,,-1.00,-1.00,-1.00,-1.00,-1.00,-113959.13
2022-12-03T21:27:28Z,"0002cc01000003e9","2250b681c0fd3a3a052311149262d926e00900000000000000ffffffffffffffffffffffff",3.64,,0.32,17,20.57,15.19,101218.00,36.00,0,0,0,0,,,-1.00,-1.00,-1.00,-1.00,-1.00,-1.00
2022-12-03T21:33:24Z,"0002cc01000003e9","2250b68324fd3a3a052311149562db26cb0b80000000000000ffffffffffffffffffffffff",3.64,,0.32,17,20.58,15.15,101225.00,23.00,0,0,0,0,,,-1.00,-1.00,-1.00,-1.00,-1.00,-1.00
2022-12-03T21:39:20Z,"0002cc01000003e9","2250b68488fd3a36052311149262d526ef0800000000000000ffffffffffffffffffffffff",3.64,,0.32,17,20.57,15.21,101203.00,8.00,0,0,0,0,,,-1.00,-1.00,-1.00,-1.00,-1.00,-113953.09
2022-12-03T21:45:16Z,"0002cc01000003e9","2250b685ecfd3a3a052311149562d826cb0800000000000000ffffffffffffffffffffffff",3.64,,0.32,17,20.58,15.15,101212.00,4.00,0,0,0,0,,,-1.00,-1.00,-1.00,-1.00,-1.00,-114637.44
2022-12-03T21:51:12Z,"0002cc01000003e9","2250b68750fd3a3a051711149262d726c40800000000000000ffffffffffffffffffffffff",3.64,,0.32,17,20.57,15.14,101211.00,2.00,0,0,0,0,,,-1.00,-1.00,-1.00,-1.00,-1.00,-113950.06
2022-12-03T21:57:08Z,"0002cc01000003e9","2250b688b4fd3a42052311149262d626d20a00000000000000ffffffffffffffffffffffff",3.64,,0.32,17,20.57,15.16,101204.00,10.00,0,0,0,0,,,-1.00,-1.00,-1.00,-1.00,-1.00,-1.00
2022-12-03T22:03:04Z,"0002cc01000003e9","2250b68a18fd3a3a052311149262d626b60e00000000000000ffffffffffffffffffffffff",3.64,,0.32,17,20.57,15.12,101204.00,7.00,0,0,0,0,,,-1.00,-1.00,-1.00,-1.00,-1.00,-1.00
2022-12-03T22:09:00Z,"0002cc01000003e9","2250b68b7cfd3a32052311149062db26a80b00000000000000ffffffffffffffffffffffff",3.64,,0.32,17,20.56,15.10,101226.00,11.00,0,0,0,0,,,-1.00,-1.00,-1.00,-1.00,-1.00,-113959.13
2022-12-03T22:14:56Z,"0002cc01000003e9","2250b68ce0fd3a3a051f11148d62db267df000000000000000ffffffffffffffffffffffff",3.64,,0.32,17,20.55,15.04,101225.00,0.00,0,0,0,0,,,-1.00,-1.00,-1.00,-1.00,-1.00,-1.00
2022-12-03T22:20:52Z,"0002cc01000003e9","2250b68e44fd3a3a052311148d62dc26530900000000000000ffffffffffffffffffffffff",3.64,,0.32,17,20.55,14.97,101230.00,9.00,0,0,0,0,,,-1.00,-1.00,-1.00,-1.00,-1.00,-1.00
2022-12-03T22:26:48Z,"0002cc01000003e9","2250b68fa8fd3a3a051711148d62dd263e0c00000000000000ffffffffffffffffffffffff",3.64,,0.32,17,20.55,14.94,101234.00,12.00,0,0,0,0,,,-1.00,-1.00,-1.00,-1.00,-1.00,-1.00
2022-12-03T22:32:44Z,"0002cc01000003e9","2250b6910cfd3a36052311148d62dd26290b00000000000000ffffffffffffffffffffffff",3.64,,0.32,17,20.55,14.91,101232.00,11.00,0,0,0,0,,,-1.00,-1.00,-1.00,-1.00,-1.00,-1.00
2022-12-03T22:38:40Z,"0002cc01000003e9","2250b69270fd3a42051711148d62e126370a00000000000000ffffffffffffffffffffffff",3.64,,0.32,17,20.55,14.93,101248.00,20.00,0,0,0,0,,,-1.00,-1.00,-1.00,-1.00,-1.00,-1.00
2022-12-03T22:44:36Z,"0002cc01000003e9","2250b693d4fd3a42052311149062df2629f000000000000000ffffffffffffffffffffffff",3.64,,0.32,17,20.56,14.91,101243.00,0.00,0,0,0,0,,,-1.00,-1.00,-1.00,-1.00,-1.00,-1.00
2022-12-03T22:50:33Z,"0002cc01000003e9","2250b69539fd3a3a052311149062e2260df000000000000000ffffffffffffffffffffffff",3.64,,0.32,17,20.56,14.86,101254.00,0.00,0,0,0,0,,,-1.00,-1.00,-1.00,-1.00,-1.00,-1.00
2022-12-03T22:56:29Z,"0002cc01000003e9","2250b6969dfd3a3a051711148d62e026050d80000000000000ffffffffffffffffffffffff",3.64,,0.32,17,20.55,14.85,101245.00,27.00,0,0,0,0,,,-1.00,-1.00,-1.00,-1.00,-1.00,-114640.48
2022-12-03T23:02:25Z,"0002cc01000003e9","2250b69801fd3a3a051711148b62dd25fef000000000000000ffffffffffffffffffffffff",3.64,,0.32,17,20.54,14.84,101233.00,0.00,0,0,0,0,,,-1.00,-1.00,-1.00,-1.00,-1.00,-113959.13
2022-12-03T23:08:21Z,"0002cc01000003e9","2250b69965fd3a3a052311148b62dd25f7f000000000000000ffffffffffffffffffffffff",3.64,,0.32,17,20.54,14.83,101233.00,0.00,0,0,0,0,,,-1.00,-1.00,-1.00,-1.00,-1.00,-1.00
2022-12-03T23:14:17Z,"0002cc01000003e9","2250b69ac9fd3a3a052311148b62dd26050d00000000000000ffffffffffffffffffffffff",3.64,,0.32,17,20.54,14.85,101235.00,26.00,0,0,0,0,,,-1.00,-1.00,-1.00,-1.00,-1.00,-1.00
2022-12-03T23:20:13Z,"0002cc01000003e9","2250b69c2dfd3a32051711148b62db26130c00000000000000ffffffffffffffffffffffff",3.64,,0.32,17,20.54,14.87,101224.00,3.00,0,0,0,0,,,-1.00,-1.00,-1.00,-1.00,-1.00,-1.00
2022-12-03T23:26:09Z,"0002cc01000003e9","2250b69d91fd3a3a052311148b62dc25f00e00000000000000ffffffffffffffffffffffff",3.64,,0.32,17,20.54,14.82,101228.00,7.00,0,0,0,0,,,-1.00,-1.00,-1.00,-1.00,-1.00,-1.00
2022-12-03T23:32:05Z,"0002cc01000003e9","2250b69ef5fd3a3a051711148862da25cdf000000000000000ffffffffffffffffffffffff",3.64,,0.32,17,20.53,14.77,101222.00,0.00,0,0,0,0,,,-1.00,-1.00,-1.00,-1.00,-1.00,-113962.16
2022-12-03T23:38:01Z,"0002cc01000003e9","2250b6a059fd3a32051711148862d925b8f000000000000000ffffffffffffffffffffffff",3.64,,0.32,17,20.53,14.73,101216.00,0.00,0,0,0,0,,,-1.00,-1.00,-1.00,-1.00,-1.00,-1.00
2022-12-03T23:43:57Z,"0002cc01000003e9","2250b6a1bdfd3a3a052311148862da25bf0d00000000000000ffffffffffffffffffffffff",3.64,,0.32,17,20.53,14.74,101223.00,26.00,0,0,0,0,,,-1.00,-1.00,-1.00,-1.00,-1.00,-1.00
2022-12-03T23:49:53Z,"0002cc01000003e9","2250b6a321fd3a3a051711148b62da25b0f000000000000000ffffffffffffffffffffffff",3.64,,0.32,17,20.54,14.72,101223.00,0.00,0,0,0,0,,,-1.00,-1.00,-1.00,-1.00,-1.00,-113962.16
2022-12-03T23:55:49Z,"0002cc01000003e9","2250b6a485fd3a32051711148d62dd25aa0900000000000000ffffffffffffffffffffffff",3.64,,0.32,17,20.55,14.71,101233.00,18.00,0,0,0,0,,,-1.00,-1.00,-1.00,-1.00,-1.00,-1.00
