Time,DevEUI,Raw,Vbat,Vsystem,Vbus,BootCount,T,RH,P,Light,P[0].delta,P[0].total,P[1].delta,P[1].total,Act[7],Act[6],Act[5],Act[4],Act[3],Act[2],Act[1],Act[0]
2022-12-20T00:04:04Z,"0002cc01000003e9","2250cbbe74fd38ee04f21115a4625028040b18000000000000ffffffffffffffffffffffff",3.56,,0.31,17,21.64,15.63,100670.00,355.00,0,0,0,0,,,-1.00,-1.00,-1.00,-1.00,-1.00,-1.00
2022-12-20T00:10:00Z,"0002cc01000003e9","2250cbbfd8fd38e604f211159d624e27ef0a48000000000000ffffffffffffffffffffffff",3.56,,0.31,17,21.61,15.60,100660.00,329.00,0,0,0,0,,,-1.00,-1.00,-1.00,-1.00,-1.00,-1.00
2022-12-20T00:15:56Z,"0002cc01000003e9","2250cbc13cfd38e604e6111598624c27fc0b88000000000000ffffffffffffffffffffffff",3.56,,0.31,17,21.59,15.62,100655.00,369.00,0,0,0,0,,,-1.00,-1.00,-1.00,-1.00,-1.00,-1.00
2022-12-20T00:21:53Z,"0002cc01000003e9","2250cbc2a1fd38de04f2111595624e28030b10000000000000ffffffffffffffffffffffff",3.55,,0.31,17,21.58,15.63,100663.00,354.00,0,0,0,0,,,-1.00,-1.00,-1.00,-1.00,-1.00,-1.00
2022-12-20T00:27:49Z,"0002cc01000003e9","2250cbc405fd38ee04f2111590625328180ae8000000000000ffffffffffffffffffffffff",3.56,,0.31,17,21.56,15.66,100680.00,349.00,0,0,0,0,,,-1.00,-1.00,-1.00,-1.00,-1.00,-1.00
2022-12-20T00:33:45Z,"0002cc01000003e9","2250cbc569fd38de04ee111592624f281f0b38000000000000ffffffffffffffffffffffff",3.55,,0.31,17,21.57,15.67,100664.00,359.00,0,0,0,0,,,-1.00,-1.00,-1.00,-1.00,-1.00,-1.00
2022-12-20T00:39:41Z,"0002cc01000003e9","2250cbc6cdfd38e604f2111590624f281f0af8000000000000ffffffffffffffffffffffff",3.56,,0.31,17,21.56,15.67,100665.00,351.00,0,0,0,0,,,-1.00,-1.00,-1.00,-1.00,-1.00,-1.00
2022-12-20T00:45:37Z,"0002cc01000003e9","2250cbc831fd38e604e6111590625028260ac8000000000000ffffffffffffffffffffffff",3.56,,0.31,17,21.56,15.68,100669.00,345.00,0,0,0,0,,,-1.00,-1.00,-1.00,-1.00,-1.00,-1.00
2022-12-20T00:51:33Z,"0002cc01000003e9","2250cbc995fd38e604e611158d6250282d0b50000000000000ffffffffffffffffffffffff",3.56,,0.31,17,21.55,15.69,100671.00,362.00,0,0,0,0,,,-1.00,-1.00,-1.00,-1.00,-1.00,-1.00
2022-12-20T00:57:29Z,"0002cc01000003e9","2250cbcaf9fd38da04ee11158b624e28260af8000000000000ffffffffffffffffffffffff",3.55,,0.31,17,21.54,15.68,100661.00,351.00,0,0,0,0,,,-1.00,-1.00,-1.00,-1.00,-1.00,-1.00
2022-12-20T01:03:25Z,"0002cc01000003e9","2250cbcc5dfd38e604f2111588625028250af0000000000000ffffffffffffffffffffffff",3.56,,0.31,17,21.53,15.68,100670.00,350.00,0,0,0,0,,,-1.00,-1.00,-1.00,-1.00,-1.00,-1.00
2022-12-20T01:09:21Z,"0002cc01000003e9","2250cbcdc1fd38e604f2111588625128330a28000000000000ffffffffffffffffffffffff",3.56,,0.31,17,21.53,15.70,100672.00,325.00,0,0,0,0,,,-1.00,-1.00,-1.00,-1.00,-1.00,-1.00
2022-12-20T01:15:17Z,"0002cc01000003e9","2250cbcf25fd38e604f2111586625028480b28000000000000ffffffffffffffffffffffff",3.56,,0.31,17,21.52,15.74,100668.00,357.00,0,0,0,0,,,-1.00,-1.00,-1.00,-1.00,-1.00,-1.00
2022-12-20T01:21:13Z,"0002cc01000003e9","2250cbd089fd38de04ee111586625028480b88000000000000ffffffffffffffffffffffff",3.55,,0.31,17,21.52,15.74,100669.00,369.00,0,0,0,0,,,-1.00,-1.00,-1.00,-1.00,-1.00,-1.00
2022-12-20T01:27:09Z,"0002cc01000003e9","2250cbd1edfd38de04e6111586624e28560a40000000000000ffffffffffffffffffffffff",3.55,,0.31,17,21.52,15.76,100663.00,328.00,0,0,0,0,,,-1.00,-1.00,-1.00,-1.00,-1.00,-1.00
2022-12-20T01:33:05Z,"0002cc01000003e9","2250cbd351fd38de04e6111583624a28790bf8000000000000ffffffffffffffffffffffff",3.55,,0.31,17,21.51,15.81,100647.00,383.00,0,0,0,0,,,-1.00,-1.00,-1.00,-1.00,-1.00,-1.00
2022-12-20T01:39:01Z,"0002cc01000003e9","2250cbd4b5fd38de04f2111586624e288f0b40000000000000ffffffffffffffffffffffff",3.55,,0.31,17,21.52,15.84,100660.00,360.00,0,0,0,0,,,-1.00,-1.00,-1.00,-1.00,-1.00,-1.00
2022-12-20T01:44:57Z,"0002cc01000003e9","2250cbd619fd38e604e6111586624f289d0c10000000000000ffffffffffffffffffffffff",3.56,,0.31,17,21.52,15.86,100666.00,386.00,0,0,0,0,,,-1.00,-1.00,-1.00,-1.00,-1.00,-1.00
2022-12-20T01:50:53Z,"0002cc01000003e9","2250cbd77dfd38de04e6111581625228b10af0000000000000ffffffffffffffffffffffff",3.55,,0.31,17,21.50,15.90,100679.00,350.00,0,0,0,0,,,-1.00,-1.00,-1.00,-1.00,-1.00,-1.00
2022-12-20T01:56:49Z,"0002cc01000003e9","2250cbd8e1fd38de04e611157e625228b80af0000000000000ffffffffffffffffffffffff",3.55,,0.31,17,21.49,15.91,100679.00,350.00,0,0,0,0,,,-1.00,-1.00,-1.00,-1.00,-1.00,-1.00
2022-12-20T02:02:46Z,"0002cc01000003e9","2250cbda46fd38de04f211157b625828cd0c30000000000000ffffffffffffffffffffffff",3.55,,0.31,17,21.48,15.94,100701.00,390.00,0,0,0,0,,,-1.00,-1.00,-1.00,-1.00,-1.00,-1.00
2022-12-20T02:08:42Z,"0002cc01000003e9","2250cbdbaafd38e604f211157e625c28e20a48000000000000ffffffffffffffffffffffff",3.56,,0.31,17,21.49,15.97,100718.00,329.00,0,0,0,0,,,-1.00,-1.00,-1.00,-1.00,-1.00,-1.00
2022-12-20T02:14:38Z,"0002cc01000003e9","2250cbdd0efd38e604f2111579625a28f80b20000000000000ffffffffffffffffffffffff",3.56,,0.31,17,21.47,16.00,100711.00,356.00,0,0,0,0,,,-1.00,-1.00,-1.00,-1.00,-1.00,-1.00
2022-12-20T02:20:34Z,"0002cc01000003e9","2250cbde72fd38e604ee11157e625b29060b20000000000000ffffffffffffffffffffffff",3.56,,0.31,17,21.49,16.02,100714.00,356.00,0,0,0,0,,,-1.00,-1.00,-1.00,-1.00,-1.00,-1.00
2022-12-20T02:26:30Z,"0002cc01000003e9","2250cbdfd6fd38de04e611157e625829300af8000000000000ffffffffffffffffffffffff",3.55,,0.31,17,21.49,16.09,100702.00,351.00,0,0,0,0,,,-1.00,-1.00,-1.00,-1.00,-1.00,-1.00
2022-12-20T02:32:26Z,"0002cc01000003e9","2250cbe13afd38e604e611157e6257296f0b78000000000000ffffffffffffffffffffffff",3.56,,0.31,17,21.49,16.19,100697.00,367.00,0,0,0,0,,,-1.00,-1.00,-1.00,-1.00,-1.00,-1.00
2022-12-20T02:38:22Z,"0002cc01000003e9","2250cbe29efd38de04ee11157e6255298c0a20000000000000ffffffffffffffffffffffff",3.55,,0.31,17,21.49,16.23,100691.00,324.00,0,0,0,0,,,-1.00,-1.00,-1.00,-1.00,-1.00,-1.00
2022-12-20T02:44:18Z,"0002cc01000003e9","2250cbe402fd38e604ee11157e6253298b0b50000000000000ffffffffffffffffffffffff",3.56,,0.31,17,21.49,16.23,100682.00,362.00,0,0,0,0,,,-1.00,-1.00,-1.00,-1.00,-1.00,-1.00
2022-12-20T02:50:14Z,"0002cc01000003e9","2250cbe566fd38e604f211157b625329c40a38000000000000ffffffffffffffffffffffff",3.56,,0.31,17,21.48,16.31,100682.00,327.00,0,0,0,0,,,-1.00,-1.00,-1.00,-1.00,-1.00,-1.00
2022-12-20T02:56:10Z,"0002cc01000003e9","2250cbe6cafd38e604fa111576625829a0f000000000000000ffffffffffffffffffffffff",3.56,,0.31,17,21.46,16.26,100703.00,0.00,0,0,0,0,,,-1.00,-1.00,-1.00,-1.00,-1.00,-1.00
2022-12-20T03:02:06Z,"0002cc01000003e9","2250cbe82efd38de04e6111567625829820b80000000000000ffffffffffffffffffffffff",3.55,,0.31,17,21.40,16.21,100700.00,23.00,0,0,0,0,,,-1.00,-1.00,-1.00,-1.00,-1.00,-1.00
2022-12-20T03:08:02Z,"0002cc01000003e9","2250cbe992fd38de04f211155a6256296cf000000000000000ffffffffffffffffffffffff",3.55,,0.31,17,21.35,16.18,100693.00,0.00,0,0,0,0,,,-1.00,-1.00,-1.00,-1.00,-1.00,-1.00
2022-12-20T03:13:58Z,"0002cc01000003e9","2250cbeaf6fd38e604e611154b625429720c00000000000000ffffffffffffffffffffffff",3.56,,0.31,17,21.29,16.19,100685.00,3.00,0,0,0,0,,,-1.00,-1.00,-1.00,-1.00,-1.00,-1.00
2022-12-20T03:19:54Z,"0002cc01000003e9","2250cbec5afd38e604f211153b62562993f000000000000000ffffffffffffffffffffffff",3.56,,0.31,17,21.23,16.24,100693.00,0.00,0,0,0,0,,,-1.00,-1.00,-1.00,-1.00,-1.00,-1.00
2022-12-20T03:25:50Z,"0002cc01000003e9","2250cbedbefd38de04ee11152f625829d90800000000000000ffffffffffffffffffffffff",3.55,,0.31,17,21.18,16.35,100701.00,2.00,0,0,0,0,,,-1.00,-1.00,-1.00,-1.00,-1.00,-1.00
2022-12-20T03:31:46Z,"0002cc01000003e9","2250cbef22fd38e604f211152c625929eef000000000000000ffffffffffffffffffffffff",3.56,,0.31,17,21.17,16.38,100707.00,0.00,0,0,0,0,,,-1.00,-1.00,-1.00,-1.00,-1.00,-1.00
2022-12-20T03:37:42Z,"0002cc01000003e9","2250cbf086fd38e604f211152c625929e70c00000000000000ffffffffffffffffffffffff",3.56,,0.31,17,21.17,16.37,100705.00,6.00,0,0,0,0,,,-1.00,-1.00,-1.00,-1.00,-1.00,-1.00
2022-12-20T03:43:38Z,"0002cc01000003e9","2250cbf1eafd38e604f2111527625929dff000000000000000ffffffffffffffffffffffff",3.56,,0.31,17,21.15,16.36,100704.00,0.00,0,0,0,0,,,-1.00,-1.00,-1.00,-1.00,-1.00,-1.00
2022-12-20T03:49:35Z,"0002cc01000003e9","2250cbf34ffd38de04e611151f625b29f30800000000000000ffffffffffffffffffffffff",3.55,,0.31,17,21.12,16.39,100713.00,16.00,0,0,0,0,,,-1.00,-1.00,-1.00,-1.00,-1.00,-1.00
2022-12-20T03:55:31Z,"0002cc01000003e9","2250cbf4b3fd38de04f2111515625b2a08f000000000000000ffffffffffffffffffffffff",3.55,,0.31,17,21.08,16.42,100712.00,0.00,0,0,0,0,,,-1.00,-1.00,-1.00,-1.00,-1.00,-1.00
2022-12-20T04:01:27Z,"0002cc01000003e9","2250cbf617fd38de04f211150b62612a310d00000000000000ffffffffffffffffffffffff",3.55,,0.31,17,21.04,16.48,100737.00,13.00,0,0,0,0,,,-1.00,-1.00,-1.00,-1.00,-1.00,-1.00
2022-12-20T04:07:23Z,"0002cc01000003e9","2250cbf77bfd38de04fa11150362602a5af000000000000000ffffffffffffffffffffffff",3.55,,0.31,17,21.01,16.54,100732.00,0.00,0,0,0,0,,,-1.00,-1.00,-1.00,-1.00,-1.00,-1.00
2022-12-20T04:13:19Z,"0002cc01000003e9","2250cbf8dffd38e604fa1114fb62602a8b0e80000000000000ffffffffffffffffffffffff",3.56,,0.31,17,20.98,16.62,100735.00,29.00,0,0,0,0,,,-1.00,-1.00,-1.00,-1.00,-1.00,-1.00
2022-12-20T04:19:15Z,"0002cc01000003e9","2250cbfa43fd38de04e61114f662602aa70a80000000000000ffffffffffffffffffffffff",3.55,,0.31,17,20.96,16.66,100732.00,21.00,0,0,0,0,,,-1.00,-1.00,-1.00,-1.00,-1.00,-1.00
2022-12-20T04:25:11Z,"0002cc01000003e9","2250cbfba7fd38e604e61114f1625f2ab4f000000000000000ffffffffffffffffffffffff",3.56,,0.31,17,20.94,16.68,100731.00,0.00,0,0,0,0,,,-1.00,-1.00,-1.00,-1.00,-1.00,-1.00
2022-12-20T04:31:07Z,"0002cc01000003e9","2250cbfd0bfd38de04f21114ef62622ac90d00000000000000ffffffffffffffffffffffff",3.55,,0.31,17,20.93,16.71,100743.00,13.00,0,0,0,0,,,-1.00,-1.00,-1.00,-1.00,-1.00,-1.00
2022-12-20T04:37:03Z,"0002cc01000003e9","2250cbfe6ffd38e204f21114ec62642ade0e00000000000000ffffffffffffffffffffffff",3.56,,0.31,17,20.92,16.75,100751.00,28.00,0,0,0,0,,,-1.00,-1.00,-1.00,-1.00,-1.00,-1.00
2022-12-20T04:42:59Z,"0002cc01000003e9","2250cbffd3fd38e604fa1114e962652b010c00000000000000ffffffffffffffffffffffff",3.56,,0.31,17,20.91,16.80,100755.00,24.00,0,0,0,0,,,-1.00,-1.00,-1.00,-1.00,-1.00,-1.00
2022-12-20T04:48:55Z,"0002cc01000003e9","2250cc0137fd38e604fa1114e762632b400b00000000000000ffffffffffffffffffffffff",3.56,,0.31,17,20.90,16.89,100746.00,11.00,0,0,0,0,,,-1.00,-1.00,-1.00,-1.00,-1.00,-1.00
2022-12-20T04:54:51Z,"0002cc01000003e9","2250cc029bfd38e204f21114e762632b4e0f00000000000000ffffffffffffffffffffffff",3.56,,0.31,17,20.90,16.92,100745.00,30.00,0,0,0,0,,,-1.00,-1.00,-1.00,-1.00,-1.00,-1.00
2022-12-20T05:00:47Z,"0002cc01000003e9","2250cc03fffd38e604fa1114ec62622b40f000000000000000ffffffffffffffffffffffff",3.56,,0.31,17,20.92,16.90,100743.00,0.00,0,0,0,0,,,-1.00,-1.00,-1.00,-1.00,-1.00,-1.00
2022-12-20T05:06:43Z,"0002cc01000003e9","2250cc0563fd38e604fa1114e962602b6a0a00000000000000ffffffffffffffffffffffff",3.56,,0.31,17,20.91,16.96,100734.00,5.00,0,0,0,0,,,-1.00,-1.00,-1.00,-1.00,-1.00,-1.00
2022-12-20T05:12:40Z,"0002cc01000003e9","2250cc06c8fd38e204f21114e962612b87f000000000000000ffffffffffffffffffffffff",3.56,,0.31,17,20.91,17.00,100737.00,0.00,0,0,0,0,,,-1.00,-1.00,-1.00,-1.00,-1.00,-1.00
2022-12-20T05:18:35Z,"0002cc01000003e9","2250cc082bfd38e604f21114ef62622b72f000000000000000ffffffffffffffffffffffff",3.56,,0.31,17,20.93,16.97,100742.00,0.00,0,0,0,0,,,-1.00,-1.00,-1.00,-1.00,-1.00,-1.00
2022-12-20T05:24:32Z,"0002cc01000003e9","2250cc0990fd38e204f21114e962622b790f00000000000000ffffffffffffffffffffffff",3.56,,0.31,17,20.91,16.98,100743.00,15.00,0,0,0,0,,,-1.00,-1.00,-1.00,-1.00,-1.00,-1.00
2022-12-20T05:30:28Z,"0002cc01000003e9","2250cc0af4fd38da04fa1114df62642b9b0800000000000000ffffffffffffffffffffffff",3.55,,0.31,17,20.87,17.03,100748.00,16.00,0,0,0,0,,,-1.00,-1.00,-1.00,-1.00,-1.00,-1.00
2022-12-20T05:36:24Z,"0002cc01000003e9","2250cc0c58fd38e204fa1114d862662bb6f000000000000000ffffffffffffffffffffffff",3.56,,0.31,17,20.84,17.08,100756.00,0.00,0,0,0,0,,,-1.00,-1.00,-1.00,-1.00,-1.00,-1.00
2022-12-20T05:42:20Z,"0002cc01000003e9","2250cc0dbcfd38e604ee1114d062662be70c00000000000000ffffffffffffffffffffffff",3.56,,0.31,17,20.81,17.15,100757.00,12.00,0,0,0,0,,,-1.00,-1.00,-1.00,-1.00,-1.00,-1.00
2022-12-20T05:48:16Z,"0002cc01000003e9","2250cc0f20fd38de04f21114c862662c17f000000000000000ffffffffffffffffffffffff",3.55,,0.31,17,20.78,17.22,100759.00,0.00,0,0,0,0,,,-1.00,-1.00,-1.00,-1.00,-1.00,-1.00
2022-12-20T05:54:12Z,"0002cc01000003e9","2250cc1084fd38e604f21114c362632c330a80000000000000ffffffffffffffffffffffff",3.56,,0.31,17,20.76,17.27,100747.00,21.00,0,0,0,0,,,-1.00,-1.00,-1.00,-1.00,-1.00,-1.00
2022-12-20T06:00:08Z,"0002cc01000003e9","2250cc11e8fd38e204e61114be62652c56f000000000000000ffffffffffffffffffffffff",3.56,,0.31,17,20.74,17.32,100755.00,0.00,0,0,0,0,,,-1.00,-1.00,-1.00,-1.00,-1.00,-1.00
2022-12-20T06:06:04Z,"0002cc01000003e9","2250cc134cfd38de04fa1114be62652c6bf000000000000000ffffffffffffffffffffffff",3.55,,0.31,17,20.74,17.35,100755.00,0.00,0,0,0,0,,,-1.00,-1.00,-1.00,-1.00,-1.00,-1.00
2022-12-20T06:12:00Z,"0002cc01000003e9","2250cc14b0fd38de04ee1114b962672c8df000000000000000ffffffffffffffffffffffff",3.55,,0.31,17,20.72,17.40,100760.00,0.00,0,0,0,0,,,-1.00,-1.00,-1.00,-1.00,-1.00,-1.00
2022-12-20T06:17:56Z,"0002cc01000003e9","2250cc1614fd38e204f21114b662662ca90800000000000000ffffffffffffffffffffffff",3.56,,0.31,17,20.71,17.45,100759.00,4.00,0,0,0,0,,,-1.00,-1.00,-1.00,-1.00,-1.00,-1.00
2022-12-20T06:23:52Z,"0002cc01000003e9","2250cc1778fd38e604f21114b462672cc5f000000000000000ffffffffffffffffffffffff",3.56,,0.31,17,20.70,17.49,100763.00,0.00,0,0,0,0,,,-1.00,-1.00,-1.00,-1.00,-1.00,-1.00
2022-12-20T06:29:48Z,"0002cc01000003e9","2250cc18dcfd38e604f21114b462672cd3f000000000000000ffffffffffffffffffffffff",3.56,,0.31,17,20.70,17.51,100760.00,0.00,0,0,0,0,,,-1.00,-1.00,-1.00,-1.00,-1.00,-1.00
2022-12-20T06:35:44Z,"0002cc01000003e9","2250cc1a40fd38d504f21114b162662ce80840000000000000ffffffffffffffffffffffff",3.55,,0.31,17,20.69,17.54,100756.00,33.00,0,0,0,0,,,-1.00,-1.00,-1.00,-1.00,-1.00,-1.00
2022-12-20T06:41:40Z,"0002cc01000003e9","2250cc1ba4fd38e604f21114af62652cf60800000000000000ffffffffffffffffffffffff",3.56,,0.31,17,20.68,17.56,100755.00,16.00,0,0,0,0,,,-1.00,-1.00,-1.00,-1.00,-1.00,-1.00
2022-12-20T06:47:36Z,"0002cc01000003e9","2250cc1d08fd38e204f21114a962642d04f000000000000000ffffffffffffffffffffffff",3.56,,0.31,17,20.66,17.58,100749.00,0.00,0,0,0,0,,,-1.00,-1.00,-1.00,-1.00,-1.00,-1.00
2022-12-20T06:53:32Z,"0002cc01000003e9","2250cc1e6cfd38de04fa1114a462642d180980000000000000ffffffffffffffffffffffff",3.55,,0.31,17,20.64,17.62,100750.00,19.00,0,0,0,0,,,-1.00,-1.00,-1.00,-1.00,-1.00,-1.00
2022-12-20T06:59:28Z,"0002cc01000003e9","2250cc1fd0fd38e604fa1114a262652d2d0800000000000000ffffffffffffffffffffffff",3.56,,0.31,17,20.63,17.65,100754.00,2.00,0,0,0,0,,,-1.00,-1.00,-1.00,-1.00,-1.00,-1.00
2022-12-20T07:05:24Z,"0002cc01000003e9","2250cc2134fd38e204f211149f62662d3b0d00000000000000ffffffffffffffffffffffff",3.56,,0.31,17,20.62,17.67,100757.00,13.00,0,0,0,0,,,-1.00,-1.00,-1.00,-1.00,-1.00,-1.00
2022-12-20T07:11:20Z,"0002cc01000003e9","2250cc2298fd38e204fa11149a62632d410980000000000000ffffffffffffffffffffffff",3.56,,0.31,17,20.60,17.68,100747.00,19.00,0,0,0,0,,,-1.00,-1.00,-1.00,-1.00,-1.00,-1.00
2022-12-20T07:17:17Z,"0002cc01000003e9","2250cc23fdfd38de04f211149a62642d5d0c00000000000000ffffffffffffffffffffffff",3.55,,0.31,17,20.60,17.72,100750.00,6.00,0,0,0,0,,,-1.00,-1.00,-1.00,-1.00,-1.00,-1.00
2022-12-20T07:23:13Z,"0002cc01000003e9","2250cc2561fd38e204fa11149562642d87f000000000000000ffffffffffffffffffffffff",3.56,,0.31,17,20.58,17.78,100751.00,0.00,0,0,0,0,,,-1.00,-1.00,-1.00,-1.00,-1.00,-1.00
2022-12-20T07:29:09Z,"0002cc01000003e9","2250cc26c5fd38e204fa11149262642db1f000000000000000ffffffffffffffffffffffff",3.56,,0.31,17,20.57,17.85,100750.00,0.00,0,0,0,0,,,-1.00,-1.00,-1.00,-1.00,-1.00,-1.00
2022-12-20T07:35:05Z,"0002cc01000003e9","2250cc2829fd38d504f211149262642ddb0c00000000000000ffffffffffffffffffffffff",3.55,,0.31,17,20.57,17.91,100749.00,12.00,0,0,0,0,,,-1.00,-1.00,-1.00,-1.00,-1.00,-1.00
2022-12-20T07:41:01Z,"0002cc01000003e9","2250cc298dfd38e204f211148d62652e050d00000000000000ffffffffffffffffffffffff",3.56,,0.31,17,20.55,17.98,100753.00,13.00,0,0,0,0,,,-1.00,-1.00,-1.00,-1.00,-1.00,-1.00
2022-12-20T07:46:57Z,"0002cc01000003e9","2250cc2af1fd38d504f211148b62662e2ff000000000000000ffffffffffffffffffffffff",3.55,,0.31,17,20.54,18.04,100757.00,0.00,0,0,0,0,,,-1.00,-1.00,-1.00,-1.00,-1.00,-1.00
2022-12-20T07:52:53Z,"0002cc01000003e9","2250cc2c55fd38d504f211148662662e510980000000000000ffffffffffffffffffffffff",3.55,,0.31,17,20.52,18.09,100759.00,19.00,0,0,0,0,,,-1.00,-1.00,-1.00,-1.00,-1.00,-1.00
2022-12-20T07:58:49Z,"0002cc01000003e9","2250cc2db9fd38de04f211148362672e7bf000000000000000ffffffffffffffffffffffff",3.55,,0.31,17,20.51,18.16,100763.00,0.00,0,0,0,0,,,-1.00,-1.00,-1.00,-1.00,-1.00,-1.00
2022-12-20T08:04:45Z,"0002cc01000003e9","2250cc2f1dfd38d504f211148162672e970a00000000000000ffffffffffffffffffffffff",3.55,,0.31,17,20.50,18.20,100762.00,20.00,0,0,0,0,,,-1.00,-1.00,-1.00,-1.00,-1.00,-1.00
2022-12-20T08:10:41Z,"0002cc01000003e9","2250cc3081fd38e204f211148162662eba0b00000000000000ffffffffffffffffffffffff",3.56,,0.31,17,20.50,18.25,100757.00,11.00,0,0,0,0,,,-1.00,-1.00,-1.00,-1.00,-1.00,-1.00
2022-12-20T08:16:37Z,"0002cc01000003e9","2250cc31e5fd38e204fa11148162672ed6f000000000000000ffffffffffffffffffffffff",3.56,,0.31,17,20.50,18.30,100762.00,0.00,0,0,0,0,,,-1.00,-1.00,-1.00,-1.00,-1.00,-1.00
2022-12-20T08:22:33Z,"0002cc01000003e9","2250cc3349fd38e204fa11147e62672eebf000000000000000ffffffffffffffffffffffff",3.56,,0.31,17,20.49,18.33,100762.00,0.00,0,0,0,0,,,-1.00,-1.00,-1.00,-1.00,-1.00,-1.00
2022-12-20T08:28:29Z,"0002cc01000003e9","2250cc34adfd38e204fa11147e62672ef20d80000000000000ffffffffffffffffffffffff",3.56,,0.31,17,20.49,18.34,100761.00,27.00,0,0,0,0,,,-1.00,-1.00,-1.00,-1.00,-1.00,-1.00
2022-12-20T08:34:25Z,"0002cc01000003e9","2250cc3611fd38d504fa11147962672ef90c00000000000000ffffffffffffffffffffffff",3.55,,0.31,17,20.47,18.35,100761.00,6.00,0,0,0,0,,,-1.00,-1.00,-1.00,-1.00,-1.00,-1.00
2022-12-20T08:40:21Z,"0002cc01000003e9","2250cc3775fd38e204f211147662692eff0800000000000000ffffffffffffffffffffffff",3.56,,0.31,17,20.46,18.36,100769.00,4.00,0,0,0,0,,,-1.00,-1.00,-1.00,-1.00,-1.00,-1.00
2022-12-20T08:46:17Z,"0002cc01000003e9","2250cc38d9fd38e204fa111471626a2f140800000000000000ffffffffffffffffffffffff",3.56,,0.31,17,20.44,18.39,100773.00,16.00,0,0,0,0,,,-1.00,-1.00,-1.00,-1.00,-1.00,-1.00
2022-12-20T08:52:14Z,"0002cc01000003e9","2250cc3a3efd38d504f211146f626a2f29f000000000000000ffffffffffffffffffffffff",3.55,,0.31,17,20.43,18.42,100773.00,0.00,0,0,0,0,,,-1.00,-1.00,-1.00,-1.00,-1.00,-1.00
2022-12-20T08:58:10Z,"0002cc01000003e9","2250cc3ba2fd38d504fa11146c62672f360800000000000000ffffffffffffffffffffffff",3.55,,0.31,17,20.42,18.44,100761.00,4.00,0,0,0,0,,,-1.00,-1.00,-1.00,-1.00,-1.00,-1.00
2022-12-20T09:04:05Z,"0002cc01000003e9","2250cc3d05fd38d504fa11146962682f4b0e00000000000000ffffffffffffffffffffffff",3.55,,0.31,17,20.41,18.47,100767.00,7.00,0,0,0,0,,,-1.00,-1.00,-1.00,-1.00,-1.00,-1.00
2022-12-20T09:10:02Z,"0002cc01000003e9","2250cc3e6afd38e204fa11146962692f520800000000000000ffffffffffffffffffffffff",3.56,,0.31,17,20.41,18.49,100770.00,1.00,0,0,0,0,,,-1.00,-1.00,-1.00,-1.00,-1.00,-1.00
2022-12-20T09:15:58Z,"0002cc01000003e9","2250cc3fcefd38d504fa11146962672f52f000000000000000ffffffffffffffffffffffff",3.55,,0.31,17,20.41,18.49,100761.00,0.00,0,0,0,0,,,-1.00,-1.00,-1.00,-1.00,-1.00,-1.00
2022-12-20T09:21:54Z,"0002cc01000003e9","2250cc4132fd38e204fa11146962662f59f000000000000000ffffffffffffffffffffffff",3.56,,0.31,17,20.41,18.50,100759.00,0.00,0,0,0,0,,,-1.00,-1.00,-1.00,-1.00,-1.00,-1.00
2022-12-20T09:27:50Z,"0002cc01000003e9","2250cc4296fd38e204fa11146762682f670800000000000000ffffffffffffffffffffffff",3.56,,0.31,17,20.40,18.52,100765.00,8.00,0,0,0,0,,,-1.00,-1.00,-1.00,-1.00,-1.00,-1.00
2022-12-20T09:33:46Z,"0002cc01000003e9","2250cc43fafd38d504f211146462692f6ef000000000000000ffffffffffffffffffffffff",3.55,,0.31,17,20.39,18.53,100769.00,0.00,0,0,0,0,,,-1.00,-1.00,-1.00,-1.00,-1.00,-1.00
2022-12-20T09:39:42Z,"0002cc01000003e9","2250cc455efd38d504fa11146462682f7cf000000000000000ffffffffffffffffffffffff",3.55,,0.31,17,20.39,18.55,100766.00,0.00,0,0,0,0,,,-1.00,-1.00,-1.00,-1.00,-1.00,-1.00
2022-12-20T09:45:38Z,"0002cc01000003e9","2250cc46c2fd38d504fa11146462682f83f000000000000000ffffffffffffffffffffffff",3.55,,0.31,17,20.39,18.56,100764.00,0.00,0,0,0,0,,,-1.00,-1.00,-1.00,-1.00,-1.00,-1.00
2022-12-20T09:51:34Z,"0002cc01000003e9","2250cc4826fd38d104f211146262692f9f0a40000000000000ffffffffffffffffffffffff",3.55,,0.31,17,20.38,18.60,100768.00,41.00,0,0,0,0,,,-1.00,-1.00,-1.00,-1.00,-1.00,-1.00
2022-12-20T09:57:30Z,"0002cc01000003e9","2250cc498afd38d504f2111462626b2fb40e80000000000000ffffffffffffffffffffffff",3.55,,0.31,17,20.38,18.63,100778.00,29.00,0,0,0,0,,,-1.00,-1.00,-1.00,-1.00,-1.00,-1.00
2022-12-20T10:03:26Z,"0002cc01000003e9","2250cc4aeefd38e204fa11145f626b2fc90b80000000000000ffffffffffffffffffffffff",3.56,,0.31,17,20.37,18.67,100779.00,23.00,0,0,0,0,,,-1.00,-1.00,-1.00,-1.00,-1.00,-1.00
2022-12-20T10:09:22Z,"0002cc01000003e9","2250cc4c52fd38e204fa11145d62692fd70c00000000000000ffffffffffffffffffffffff",3.56,,0.31,17,20.36,18.69,100771.00,3.00,0,0,0,0,,,-1.00,-1.00,-1.00,-1.00,-1.00,-1.00
2022-12-20T10:15:18Z,"0002cc01000003e9","2250cc4db6fd38de04fa11145f626b2fde0880000000000000ffffffffffffffffffffffff",3.55,,0.31,17,20.37,18.70,100778.00,17.00,0,0,0,0,,,-1.00,-1.00,-1.00,-1.00,-1.00,-1.00
2022-12-20T10:21:14Z,"0002cc01000003e9","2250cc4f1afd38e204fa11145d626c2fec0800000000000000ffffffffffffffffffffffff",3.56,,0.31,17,20.36,18.72,100782.00,32.00,0,0,0,0,,,-1.00,-1.00,-1.00,-1.00,-1.00,-1.00
2022-12-20T10:27:10Z,"0002cc01000003e9","2250cc507efd38e204f211145d626c2ff9f000000000000000ffffffffffffffffffffffff",3.56,,0.31,17,20.36,18.74,100781.00,0.00,0,0,0,0,,,-1.00,-1.00,-1.00,-1.00,-1.00,-1.00
2022-12-20T10:33:06Z,"0002cc01000003e9","2250cc51e2fd38d504f211145a626c30160c00000000000000ffffffffffffffffffffffff",3.55,,0.31,17,20.35,18.78,100781.00,3.00,0,0,0,0,,,-1.00,-1.00,-1.00,-1.00,-1.00,-1.00
2022-12-20T10:39:02Z,"0002cc01000003e9","2250cc5346fd38da04f211145a626a3032f000000000000000ffffffffffffffffffffffff",3.55,,0.31,17,20.35,18.83,100775.00,0.00,0,0,0,0,,,-1.00,-1.00,-1.00,-1.00,-1.00,-1.00
2022-12-20T10:44:58Z,"0002cc01000003e9","2250cc54aafd38da04f2111458626b30390e00000000000000ffffffffffffffffffffffff",3.55,,0.31,17,20.34,18.84,100777.00,7.00,0,0,0,0,,,-1.00,-1.00,-1.00,-1.00,-1.00,-1.00
2022-12-20T10:50:55Z,"0002cc01000003e9","2250cc560ffd38e204fa111458626c30470d00000000000000ffffffffffffffffffffffff",3.56,,0.31,17,20.34,18.86,100782.00,13.00,0,0,0,0,,,-1.00,-1.00,-1.00,-1.00,-1.00,-1.00
2022-12-20T10:56:51Z,"0002cc01000003e9","2250cc5773fd38d104fa111455626b30460800000000000000ffffffffffffffffffffffff",3.55,,0.31,17,20.33,18.86,100776.00,1.00,0,0,0,0,,,-1.00,-1.00,-1.00,-1.00,-1.00,-1.00
2022-12-20T11:02:47Z,"0002cc01000003e9","2250cc58d7fd38d504fa111452626b305b0a80000000000000ffffffffffffffffffffffff",3.55,,0.31,17,20.32,18.89,100778.00,21.00,0,0,0,0,,,-1.00,-1.00,-1.00,-1.00,-1.00,-1.00
2022-12-20T11:08:43Z,"0002cc01000003e9","2250cc5a3bfd38e204fa111450626c3070f000000000000000ffffffffffffffffffffffff",3.56,,0.31,17,20.31,18.92,100783.00,0.00,0,0,0,0,,,-1.00,-1.00,-1.00,-1.00,-1.00,-1.00
2022-12-20T11:14:39Z,"0002cc01000003e9","2250cc5b9ffd38d104f21114506271308c0c00000000000000ffffffffffffffffffffffff",3.55,,0.31,17,20.31,18.96,100803.00,12.00,0,0,0,0,,,-1.00,-1.00,-1.00,-1.00,-1.00,-1.00
2022-12-20T11:20:35Z,"0002cc01000003e9","2250cc5d03fd38e204fa11144d627430990e00000000000000ffffffffffffffffffffffff",3.56,,0.31,17,20.30,18.98,100815.00,14.00,0,0,0,0,,,-1.00,-1.00,-1.00,-1.00,-1.00,-1.00
2022-12-20T11:26:31Z,"0002cc01000003e9","2250cc5e67fd38e204fa11144b627530a70c00000000000000ffffffffffffffffffffffff",3.56,,0.31,17,20.29,19.01,100817.00,24.00,0,0,0,0,,,-1.00,-1.00,-1.00,-1.00,-1.00,-1.00
2022-12-20T11:32:27Z,"0002cc01000003e9","2250cc5fcbfd38d504fa111448627730aff000000000000000ffffffffffffffffffffffff",3.55,,0.31,17,20.28,19.02,100825.00,0.00,0,0,0,0,,,-1.00,-1.00,-1.00,-1.00,-1.00,-1.00
2022-12-20T11:38:23Z,"0002cc01000003e9","2250cc612ffd38da04fa111443627930c30e00000000000000ffffffffffffffffffffffff",3.55,,0.31,17,20.26,19.05,100832.00,14.00,0,0,0,0,,,-1.00,-1.00,-1.00,-1.00,-1.00,-1.00
2022-12-20T11:44:19Z,"0002cc01000003e9","2250cc6293fd38d504fa111441627930dff000000000000000ffffffffffffffffffffffff",3.55,,0.31,17,20.25,19.09,100835.00,0.00,0,0,0,0,,,-1.00,-1.00,-1.00,-1.00,-1.00,-1.00
2022-12-20T11:50:15Z,"0002cc01000003e9","2250cc63f7fd38d504fa111441627730e6f000000000000000ffffffffffffffffffffffff",3.55,,0.31,17,20.25,19.10,100827.00,0.00,0,0,0,0,,,-1.00,-1.00,-1.00,-1.00,-1.00,-1.00
2022-12-20T11:56:11Z,"0002cc01000003e9","2250cc655bfd38d104f2111448627a30e6f000000000000000ffffffffffffffffffffffff",3.55,,0.31,17,20.28,19.10,100838.00,0.00,0,0,0,0,,,-1.00,-1.00,-1.00,-1.00,-1.00,-1.00
2022-12-20T12:02:07Z,"0002cc01000003e9","2250cc66bffd38d104ee111455627b30da0800000000000000ffffffffffffffffffffffff",3.55,,0.31,17,20.33,19.08,100840.00,4.00,0,0,0,0,,,-1.00,-1.00,-1.00,-1.00,-1.00,-1.00
2022-12-20T12:08:03Z,"0002cc01000003e9","2250cc6823fd38d504fa111464628030db0c00000000000000ffffffffffffffffffffffff",3.55,,0.31,17,20.39,19.08,100862.00,6.00,0,0,0,0,,,-1.00,-1.00,-1.00,-1.00,-1.00,-1.00
2022-12-20T12:13:59Z,"0002cc01000003e9","2250cc6987fd38e204fa111471628230dd0e80000000000000ffffffffffffffffffffffff",3.56,,0.31,17,20.44,19.09,100869.00,29.00,0,0,0,0,,,-1.00,-1.00,-1.00,-1.00,-1.00,-1.00
2022-12-20T12:19:55Z,"0002cc01000003e9","2250cc6aebfd38da04fa11147b627e30de0f00000000000000ffffffffffffffffffffffff",3.55,,0.31,17,20.48,19.09,100855.00,15.00,0,0,0,0,,,-1.00,-1.00,-1.00,-1.00,-1.00,-1.00
2022-12-20T12:25:51Z,"0002cc01000003e9","2250cc6c4ffd38da04fa111486627d30df0800000000000000ffffffffffffffffffffffff",3.55,,0.31,17,20.52,19.09,100849.00,8.00,0,0,0,0,,,-1.00,-1.00,-1.00,-1.00,-1.00,-1.00
2022-12-20T12:31:48Z,"0002cc01000003e9","2250cc6db4fd38d504fa111488627d30fc0e00000000000000ffffffffffffffffffffffff",3.55,,0.31,17,20.53,19.13,100850.00,14.00,0,0,0,0,,,-1.00,-1.00,-1.00,-1.00,-1.00,-1.00
2022-12-20T12:37:44Z,"0002cc01000003e9","2250cc6f18fd38e204f211148d627e3103f000000000000000ffffffffffffffffffffffff",3.56,,0.31,17,20.55,19.15,100852.00,0.00,0,0,0,0,,,-1.00,-1.00,-1.00,-1.00,-1.00,-1.00
2022-12-20T12:43:40Z,"0002cc01000003e9","2250cc707cfd38da04f2111488627c3109f000000000000000ffffffffffffffffffffffff",3.55,,0.31,17,20.53,19.16,100844.00,0.00,0,0,0,0,,,-1.00,-1.00,-1.00,-1.00,-1.00,-1.00
2022-12-20T12:49:36Z,"0002cc01000003e9","2250cc71e0fd38d504f2111483627b31090b00000000000000ffffffffffffffffffffffff",3.55,,0.31,17,20.51,19.15,100843.00,22.00,0,0,0,0,,,-1.00,-1.00,-1.00,-1.00,-1.00,-1.00
2022-12-20T12:55:32Z,"0002cc01000003e9","2250cc7344fd38d504f2111483627c31100900000000000000ffffffffffffffffffffffff",3.55,,0.31,17,20.51,19.17,100847.00,18.00,0,0,0,0,,,-1.00,-1.00,-1.00,-1.00,-1.00,-1.00
2022-12-20T13:01:28Z,"0002cc01000003e9","2250cc74a8fd38d104f2111481627f31100800000000000000ffffffffffffffffffffffff",3.55,,0.31,17,20.50,19.17,100858.00,4.00,0,0,0,0,,,-1.00,-1.00,-1.00,-1.00,-1.00,-1.00
2022-12-20T13:07:24Z,"0002cc01000003e9","2250cc760cfd38da04ee11147b627e311d0800000000000000ffffffffffffffffffffffff",3.55,,0.31,17,20.48,19.19,100854.00,1.00,0,0,0,0,,,-1.00,-1.00,-1.00,-1.00,-1.00,-1.00
2022-12-20T13:13:20Z,"0002cc01000003e9","2250cc7770fd38da04f211147b627e311d0800000000000000ffffffffffffffffffffffff",3.55,,0.31,17,20.48,19.19,100853.00,2.00,0,0,0,0,,,-1.00,-1.00,-1.00,-1.00,-1.00,-1.00
2022-12-20T13:19:16Z,"0002cc01000003e9","2250cc78d4fd38d104f211147b628131240900000000000000ffffffffffffffffffffffff",3.55,,0.31,17,20.48,19.20,100864.00,9.00,0,0,0,0,,,-1.00,-1.00,-1.00,-1.00,-1.00,-1.00
2022-12-20T13:25:12Z,"0002cc01000003e9","2250cc7a38fd38e204fa111479628131320e00000000000000ffffffffffffffffffffffff",3.56,,0.31,17,20.47,19.22,100866.00,7.00,0,0,0,0,,,-1.00,-1.00,-1.00,-1.00,-1.00,-1.00
2022-12-20T13:31:08Z,"0002cc01000003e9","2250cc7b9cfd38d104f211147b62843147f000000000000000ffffffffffffffffffffffff",3.55,,0.31,17,20.48,19.25,100876.00,0.00,0,0,0,0,,,-1.00,-1.00,-1.00,-1.00,-1.00,-1.00
2022-12-20T13:37:04Z,"0002cc01000003e9","2250cc7d00fd38da04fa1114796285315cf000000000000000ffffffffffffffffffffffff",3.55,,0.31,17,20.47,19.28,100882.00,0.00,0,0,0,0,,,-1.00,-1.00,-1.00,-1.00,-1.00,-1.00
2022-12-20T13:43:00Z,"0002cc01000003e9","2250cc7e64fd38da04f21114796286316af000000000000000ffffffffffffffffffffffff",3.55,,0.31,17,20.47,19.30,100887.00,0.00,0,0,0,0,,,-1.00,-1.00,-1.00,-1.00,-1.00,-1.00
2022-12-20T13:48:56Z,"0002cc01000003e9","2250cc7fc8fd38da04f2111479628731940a00000000000000ffffffffffffffffffffffff",3.55,,0.31,17,20.47,19.37,100889.00,5.00,0,0,0,0,,,-1.00,-1.00,-1.00,-1.00,-1.00,-1.00
2022-12-20T13:54:52Z,"0002cc01000003e9","2250cc812cfd38da04fa111479628631bff000000000000000ffffffffffffffffffffffff",3.55,,0.31,17,20.47,19.43,100886.00,0.00,0,0,0,0,,,-1.00,-1.00,-1.00,-1.00,-1.00,-1.00
2022-12-20T14:00:48Z,"0002cc01000003e9","2250cc8290fd38cd04f2111479628931cd0800000000000000ffffffffffffffffffffffff",3.55,,0.31,17,20.47,19.45,100899.00,2.00,0,0,0,0,,,-1.00,-1.00,-1.00,-1.00,-1.00,-1.00
2022-12-20T14:06:44Z,"0002cc01000003e9","2250cc83f4fd38da04f211147b628b31db0d00000000000000ffffffffffffffffffffffff",3.55,,0.31,17,20.48,19.47,100905.00,13.00,0,0,0,0,,,-1.00,-1.00,-1.00,-1.00,-1.00,-1.00
2022-12-20T14:12:40Z,"0002cc01000003e9","2250cc8558fd38d104ee111479628c31fe0800000000000000ffffffffffffffffffffffff",3.55,,0.31,17,20.47,19.53,100909.00,4.00,0,0,0,0,,,-1.00,-1.00,-1.00,-1.00,-1.00,-1.00
2022-12-20T14:18:36Z,"0002cc01000003e9","2250cc86bcfd38da04f211147e628e32220c80000000000000ffffffffffffffffffffffff",3.55,,0.31,17,20.49,19.58,100919.00,25.00,0,0,0,0,,,-1.00,-1.00,-1.00,-1.00,-1.00,-1.00
2022-12-20T14:24:33Z,"0002cc01000003e9","2250cc8821fd38da04f211147b6292323d0a80000000000000ffffffffffffffffffffffff",3.55,,0.31,17,20.48,19.62,100935.00,21.00,0,0,0,0,,,-1.00,-1.00,-1.00,-1.00,-1.00,-1.00
2022-12-20T14:30:29Z,"0002cc01000003e9","2250cc8985fd38da04fa11147b629332590980000000000000ffffffffffffffffffffffff",3.55,,0.31,17,20.48,19.67,100939.00,38.00,0,0,0,0,,,-1.00,-1.00,-1.00,-1.00,-1.00,-1.00
2022-12-20T14:36:25Z,"0002cc01000003e9","2250cc8ae9fd38d104f211147e629732610900000000000000ffffffffffffffffffffffff",3.55,,0.31,17,20.49,19.68,100953.00,18.00,0,0,0,0,,,-1.00,-1.00,-1.00,-1.00,-1.00,-1.00
2022-12-20T14:42:21Z,"0002cc01000003e9","2250cc8c4dfd38da04fa11147b629632670b00000000000000ffffffffffffffffffffffff",3.55,,0.31,17,20.48,19.69,100949.00,44.00,0,0,0,0,,,-1.00,-1.00,-1.00,-1.00,-1.00,-1.00
2022-12-20T14:48:17Z,"0002cc01000003e9","2250cc8db1fd38d504f211147e6299326f09c0000000000000ffffffffffffffffffffffff",3.55,,0.31,17,20.49,19.70,100962.00,39.00,0,0,0,0,,,-1.00,-1.00,-1.00,-1.00,-1.00,-1.00
2022-12-20T14:54:13Z,"0002cc01000003e9","2250cc8f15fd38d104fa11147e629b326f0900000000000000ffffffffffffffffffffffff",3.55,,0.31,17,20.49,19.70,100968.00,9.00,0,0,0,0,,,-1.00,-1.00,-1.00,-1.00,-1.00,-1.00
2022-12-20T15:00:09Z,"0002cc01000003e9","2250cc9079fd38da04fa11147e629b324c0c00000000000000ffffffffffffffffffffffff",3.55,,0.31,17,20.49,19.65,100971.00,24.00,0,0,0,0,,,-1.00,-1.00,-1.00,-1.00,-1.00,-1.00
2022-12-20T15:06:05Z,"0002cc01000003e9","2250cc91ddfd38da04f211147e629d32a7f000000000000000ffffffffffffffffffffffff",3.55,,0.31,17,20.49,19.79,100976.00,0.00,0,0,0,0,,,-1.00,-1.00,-1.00,-1.00,-1.00,-1.00
2022-12-20T15:12:01Z,"0002cc01000003e9","2250cc9341fd38d104ee1114a7629f3c00f000000000000000ffffffffffffffffffffffff",3.55,,0.31,17,20.65,23.44,100987.00,0.00,0,0,0,0,,,-1.00,-1.00,-1.00,-1.00,-1.00,-1.00
2022-12-20T15:17:57Z,"0002cc01000003e9","2250cc94a5fd38d104f21114a9629f32eb0f00000000000000ffffffffffffffffffffffff",3.55,,0.31,17,20.66,19.89,100987.00,60.00,0,0,0,0,,,-1.00,-1.00,-1.00,-1.00,-1.00,-1.00
2022-12-20T15:23:53Z,"0002cc01000003e9","2250cc9609fd38d104fa1114a2629e32170980000000000000ffffffffffffffffffffffff",3.55,,0.31,17,20.63,19.57,100981.00,38.00,0,0,0,0,,,-1.00,-1.00,-1.00,-1.00,-1.00,-1.00
2022-12-20T15:29:49Z,"0002cc01000003e9","2250cc976dfd38d104ee1114a2629f31c40b00000000000000ffffffffffffffffffffffff",3.55,,0.31,17,20.63,19.44,100986.00,44.00,0,0,0,0,,,-1.00,-1.00,-1.00,-1.00,-1.00,-1.00
2022-12-20T15:35:45Z,"0002cc01000003e9","2250cc98d1fd38c904ee1114a7629f31920a80000000000000ffffffffffffffffffffffff",3.55,,0.31,17,20.65,19.36,100985.00,42.00,0,0,0,0,,,-1.00,-1.00,-1.00,-1.00,-1.00,-1.00
2022-12-20T15:41:41Z,"0002cc01000003e9","2250cc9a35fd38da04f21114a962a131850c00000000000000ffffffffffffffffffffffff",3.55,,0.31,17,20.66,19.34,100993.00,48.00,0,0,0,0,,,-1.00,-1.00,-1.00,-1.00,-1.00,-1.00
2022-12-20T15:47:37Z,"0002cc01000003e9","2250cc9b99fd38da04f21114ac62a231540980000000000000ffffffffffffffffffffffff",3.55,,0.31,17,20.67,19.27,100997.00,38.00,0,0,0,0,,,-1.00,-1.00,-1.00,-1.00,-1.00,-1.00
2022-12-20T15:53:33Z,"0002cc01000003e9","2250cc9cfdfd38d104ee1114a962a231220d00000000000000ffffffffffffffffffffffff",3.55,,0.31,17,20.66,19.19,100997.00,52.00,0,0,0,0,,,-1.00,-1.00,-1.00,-1.00,-1.00,-1.00
2022-12-20T15:59:29Z,"0002cc01000003e9","2250cc9e61fd38c904f21114a762a4311b0860000000000000ffffffffffffffffffffffff",3.55,,0.31,17,20.65,19.18,101006.00,67.00,0,0,0,0,,,-1.00,-1.00,-1.00,-1.00,-1.00,-1.00
2022-12-20T16:05:25Z,"0002cc01000003e9","2250cc9fc5fd38d104f21114a462a7311408a0000000000000ffffffffffffffffffffffff",3.55,,0.31,17,20.64,19.17,101019.00,69.00,0,0,0,0,,,-1.00,-1.00,-1.00,-1.00,-1.00,-1.00
2022-12-20T16:11:21Z,"0002cc01000003e9","2250cca129fd38da04fa1114a262a931280a40000000000000ffffffffffffffffffffffff",3.55,,0.31,17,20.63,19.20,101024.00,82.00,0,0,0,0,,,-1.00,-1.00,-1.00,-1.00,-1.00,-1.00
2022-12-20T16:17:17Z,"0002cc01000003e9","2250cca28dfd38d104fa11149f62a8313d0800000000000000ffffffffffffffffffffffff",3.55,,0.31,17,20.62,19.23,101021.00,64.00,0,0,0,0,,,-1.00,-1.00,-1.00,-1.00,-1.00,-1.00
2022-12-20T16:23:14Z,"0002cc01000003e9","2250cca3f2fd38da04f211149f62aa314b0d00000000000000ffffffffffffffffffffffff",3.55,,0.31,17,20.62,19.26,101030.00,52.00,0,0,0,0,,,-1.00,-1.00,-1.00,-1.00,-1.00,-1.00
2022-12-20T16:29:10Z,"0002cc01000003e9","2250cca556fd38d504fa11149f62a931520800000000000000ffffffffffffffffffffffff",3.55,,0.31,17,20.62,19.27,101027.00,32.00,0,0,0,0,,,-1.00,-1.00,-1.00,-1.00,-1.00,-1.00
2022-12-20T16:35:06Z,"0002cc01000003e9","2250cca6bafd38da04f21114a262ab31520980000000000000ffffffffffffffffffffffff",3.55,,0.31,17,20.63,19.27,101033.00,38.00,0,0,0,0,,,-1.00,-1.00,-1.00,-1.00,-1.00,-1.00
2022-12-20T16:41:02Z,"0002cc01000003e9","2250cca81efd38d504fa11149f62ac31600980000000000000ffffffffffffffffffffffff",3.55,,0.31,17,20.62,19.29,101038.00,38.00,0,0,0,0,,,-1.00,-1.00,-1.00,-1.00,-1.00,-1.00
2022-12-20T16:46:58Z,"0002cc01000003e9","2250cca982fd38d504f211149f62ae313d0a00000000000000ffffffffffffffffffffffff",3.55,,0.31,17,20.62,19.23,101044.00,40.00,0,0,0,0,,,-1.00,-1.00,-1.00,-1.00,-1.00,-1.00
2022-12-20T16:52:54Z,"0002cc01000003e9","2250ccaae6fd38c904f211149f62af30fe0f40000000000000ffffffffffffffffffffffff",3.55,,0.31,17,20.62,19.14,101049.00,61.00,0,0,0,0,,,-1.00,-1.00,-1.00,-1.00,-1.00,-1.00
2022-12-20T16:58:50Z,"0002cc01000003e9","2250ccac4afd38c904f21114a262af31bc0ad0000000000000ffffffffffffffffffffffff",3.55,,0.31,17,20.63,19.43,101051.00,346.00,0,0,0,0,,,-1.00,-1.00,-1.00,-1.00,-1.00,-1.00
2022-12-20T17:04:46Z,"0002cc01000003e9","2250ccadaefd38d504e61114d562ae32870fc0000000000000ffffffffffffffffffffffff",3.55,,0.31,17,20.83,19.74,101047.00,504.00,0,0,0,0,,,-1.00,-1.00,-1.00,-1.00,-1.00,-1.00
2022-12-20T17:10:42Z,"0002cc01000003e9","2250ccaf12fd38da04fa1114fb62ae323e0fe0000000000000ffffffffffffffffffffffff",3.55,,0.31,17,20.98,19.63,101044.00,508.00,0,0,0,0,,,-1.00,-1.00,-1.00,-1.00,-1.00,-1.00
2022-12-20T17:16:38Z,"0002cc01000003e9","2250ccb076fd38d504e611151562ac31a618a4000000000000ffffffffffffffffffffffff",3.55,,0.31,17,21.08,19.39,101036.00,553.00,0,0,0,0,,,-1.00,-1.00,-1.00,-1.00,-1.00,-1.00
2022-12-20T17:22:34Z,"0002cc01000003e9","2250ccb1dafd38c904f211151f62a931370ff8000000000000ffffffffffffffffffffffff",3.55,,0.31,17,21.12,19.22,101024.00,511.00,0,0,0,0,,,-1.00,-1.00,-1.00,-1.00,-1.00,-1.00
2022-12-20T17:28:30Z,"0002cc01000003e9","2250ccb33efd38c904f211153162a830eb185c000000000000ffffffffffffffffffffffff",3.55,,0.31,17,21.19,19.11,101023.00,535.00,0,0,0,0,,,-1.00,-1.00,-1.00,-1.00,-1.00,-1.00
2022-12-20T17:34:26Z,"0002cc01000003e9","2250ccb4a2fd38c904f211154162a9309f1878000000000000ffffffffffffffffffffffff",3.55,,0.31,17,21.25,18.99,101027.00,542.00,0,0,0,0,,,-1.00,-1.00,-1.00,-1.00,-1.00,-1.00
2022-12-20T17:40:22Z,"0002cc01000003e9","2250ccb606fd38c904f211155062a7305a1878000000000000ffffffffffffffffffffffff",3.55,,0.31,17,21.31,18.89,101016.00,542.00,0,0,0,0,,,-1.00,-1.00,-1.00,-1.00,-1.00,-1.00
2022-12-20T17:46:18Z,"0002cc01000003e9","2250ccb76afd38d504e611155d62a530241840000000000000ffffffffffffffffffffffff",3.55,,0.31,17,21.36,18.80,101009.00,528.00,0,0,0,0,,,-1.00,-1.00,-1.00,-1.00,-1.00,-1.00
2022-12-20T17:52:14Z,"0002cc01000003e9","2250ccb8cefd38c904f211156762a32fde1894000000000000ffffffffffffffffffffffff",3.55,,0.31,17,21.40,18.70,101002.00,549.00,0,0,0,0,,,-1.00,-1.00,-1.00,-1.00,-1.00,-1.00
2022-12-20T17:58:11Z,"0002cc01000003e9","2250ccba33fd38c904e6111569629f2fd00ff8000000000000ffffffffffffffffffffffff",3.55,,0.31,17,21.41,18.68,100987.00,511.00,0,0,0,0,,,-1.00,-1.00,-1.00,-1.00,-1.00,-1.00
2022-12-20T18:04:07Z,"0002cc01000003e9","2250ccbb97fd38c904e611155f629e2fa518e4000000000000ffffffffffffffffffffffff",3.55,,0.31,17,21.37,18.61,100980.00,569.00,0,0,0,0,,,-1.00,-1.00,-1.00,-1.00,-1.00,-1.00
2022-12-20T18:10:03Z,"0002cc01000003e9","2250ccbcfbfd38d504e611155f629c2f971954000000000000ffffffffffffffffffffffff",3.55,,0.31,17,21.37,18.59,100973.00,597.00,0,0,0,0,,,-1.00,-1.00,-1.00,-1.00,-1.00,-1.00
2022-12-20T18:15:59Z,"0002cc01000003e9","2250ccbe5ffd38c904ee111558629b2f421924000000000000ffffffffffffffffffffffff",3.55,,0.31,17,21.34,18.46,100970.00,585.00,0,0,0,0,,,-1.00,-1.00,-1.00,-1.00,-1.00,-1.00
2022-12-20T18:21:55Z,"0002cc01000003e9","2250ccbfc3fd38c904e6111552629b2efb18f8000000000000ffffffffffffffffffffffff",3.55,,0.31,17,21.32,18.35,100970.00,574.00,0,0,0,0,,,-1.00,-1.00,-1.00,-1.00,-1.00,-1.00
2022-12-20T18:27:51Z,"0002cc01000003e9","2250ccc127fd38d504f211155262992ea60ff0000000000000ffffffffffffffffffffffff",3.55,,0.31,17,21.32,18.22,100963.00,510.00,0,0,0,0,,,-1.00,-1.00,-1.00,-1.00,-1.00,-1.00
2022-12-20T18:33:47Z,"0002cc01000003e9","2250ccc28bfd38d504e6111555629c2e911880000000000000ffffffffffffffffffffffff",3.55,,0.31,17,21.33,18.19,100972.00,544.00,0,0,0,0,,,-1.00,-1.00,-1.00,-1.00,-1.00,-1.00
2022-12-20T18:39:43Z,"0002cc01000003e9","2250ccc3effd38d504ee11155262972e9118a4000000000000ffffffffffffffffffffffff",3.55,,0.31,17,21.32,18.19,100955.00,553.00,0,0,0,0,,,-1.00,-1.00,-1.00,-1.00,-1.00,-1.00
2022-12-20T18:45:39Z,"0002cc01000003e9","2250ccc553fd38d104fa11155862972e841840000000000000ffffffffffffffffffffffff",3.55,,0.31,17,21.34,18.17,100953.00,528.00,0,0,0,0,,,-1.00,-1.00,-1.00,-1.00,-1.00,-1.00
2022-12-20T18:51:35Z,"0002cc01000003e9","2250ccc6b7fd38d504f211155562982e6018a8000000000000ffffffffffffffffffffffff",3.55,,0.31,17,21.33,18.12,100957.00,554.00,0,0,0,0,,,-1.00,-1.00,-1.00,-1.00,-1.00,-1.00
2022-12-20T18:57:31Z,"0002cc01000003e9","2250ccc81bfd38d504e611155862992e3d1860000000000000ffffffffffffffffffffffff",3.55,,0.31,17,21.34,18.06,100960.00,536.00,0,0,0,0,,,-1.00,-1.00,-1.00,-1.00,-1.00,-1.00
2022-12-20T19:03:27Z,"0002cc01000003e9","2250ccc97ffd38c904f2111555629b2e27188c000000000000ffffffffffffffffffffffff",3.55,,0.31,17,21.33,18.03,100969.00,547.00,0,0,0,0,,,-1.00,-1.00,-1.00,-1.00,-1.00,-1.00
2022-12-20T19:09:23Z,"0002cc01000003e9","2250cccae3fd38c904e611155f629a2e6f18a0000000000000ffffffffffffffffffffffff",3.55,,0.31,17,21.37,18.14,100965.00,552.00,0,0,0,0,,,-1.00,-1.00,-1.00,-1.00,-1.00,-1.00
2022-12-20T19:15:19Z,"0002cc01000003e9","2250cccc47fd38d504f2111579629a2e5d18b8000000000000ffffffffffffffffffffffff",3.55,,0.31,17,21.47,18.11,100964.00,558.00,0,0,0,0,,,-1.00,-1.00,-1.00,-1.00,-1.00,-1.00
2022-12-20T19:21:15Z,"0002cc01000003e9","2250cccdabfd38c904e611158b629a2e341870000000000000ffffffffffffffffffffffff",3.55,,0.31,17,21.54,18.05,100965.00,540.00,0,0,0,0,,,-1.00,-1.00,-1.00,-1.00,-1.00,-1.00
2022-12-20T19:27:11Z,"0002cc01000003e9","2250cccf0ffd38d504e611159a629b2e1218f8000000000000ffffffffffffffffffffffff",3.55,,0.31,17,21.60,18.00,100968.00,574.00,0,0,0,0,,,-1.00,-1.00,-1.00,-1.00,-1.00,-1.00
2022-12-20T19:33:07Z,"0002cc01000003e9","2250ccd073fd38c904e61115a462972df018d4000000000000ffffffffffffffffffffffff",3.55,,0.31,17,21.64,17.95,100953.00,565.00,0,0,0,0,,,-1.00,-1.00,-1.00,-1.00,-1.00,-1.00
2022-12-20T19:39:04Z,"0002cc01000003e9","2250ccd1d8fd38c904e61115b462962df91950000000000000ffffffffffffffffffffffff",3.55,,0.31,17,21.70,17.96,100948.00,596.00,0,0,0,0,,,-1.00,-1.00,-1.00,-1.00,-1.00,-1.00
2022-12-20T19:45:00Z,"0002cc01000003e9","2250ccd33cfd38c504e61115be62982df31978000000000000ffffffffffffffffffffffff",3.55,,0.31,17,21.74,17.95,100956.00,606.00,0,0,0,0,,,-1.00,-1.00,-1.00,-1.00,-1.00,-1.00
2022-12-20T19:50:56Z,"0002cc01000003e9","2250ccd4a0fd38cd04e61115c662982e1e1988000000000000ffffffffffffffffffffffff",3.55,,0.31,17,21.77,18.01,100956.00,610.00,0,0,0,0,,,-1.00,-1.00,-1.00,-1.00,-1.00,-1.00
2022-12-20T19:56:52Z,"0002cc01000003e9","2250ccd604fd38cd04f21115cb62982ded1940000000000000ffffffffffffffffffffffff",3.55,,0.31,17,21.79,17.94,100956.00,592.00,0,0,0,0,,,-1.00,-1.00,-1.00,-1.00,-1.00,-1.00
2022-12-20T20:02:48Z,"0002cc01000003e9","2250ccd768fd38d504e61115d062972dee19f0000000000000ffffffffffffffffffffffff",3.55,,0.31,17,21.81,17.94,100954.00,636.00,0,0,0,0,,,-1.00,-1.00,-1.00,-1.00,-1.00,-1.00
2022-12-20T20:08:44Z,"0002cc01000003e9","2250ccd8ccfd38c904e611160862962f54192c000000000000ffffffffffffffffffffffff",3.55,,0.31,17,22.03,18.49,100950.00,587.00,0,0,0,0,,,-1.00,-1.00,-1.00,-1.00,-1.00,-1.00
2022-12-20T20:14:40Z,"0002cc01000003e9","2250ccda30fd38c904de111643629630c2191c000000000000ffffffffffffffffffffffff",3.55,,0.30,17,22.26,19.05,100949.00,583.00,0,0,0,0,,,-1.00,-1.00,-1.00,-1.00,-1.00,-1.00
2022-12-20T20:20:36Z,"0002cc01000003e9","2250ccdb94fd38c904de11166962942d861a34000000000000ffffffffffffffffffffffff",3.55,,0.30,17,22.41,17.78,100943.00,653.00,0,0,0,0,,,-1.00,-1.00,-1.00,-1.00,-1.00,-1.00
2022-12-20T20:26:32Z,"0002cc01000003e9","2250ccdcf8fd38cd04de11169062942ce01860000000000000ffffffffffffffffffffffff",3.55,,0.30,17,22.56,17.53,100942.00,536.00,0,0,0,0,,,-1.00,-1.00,-1.00,-1.00,-1.00,-1.00
2022-12-20T20:32:28Z,"0002cc01000003e9","2250ccde5cfd38c904e611168b62942d580d10000000000000ffffffffffffffffffffffff",3.55,,0.31,17,22.54,17.71,100940.00,209.00,0,0,0,0,,,-1.00,-1.00,-1.00,-1.00,-1.00,-1.00
2022-12-20T20:38:24Z,"0002cc01000003e9","2250ccdfc0fd38c504e61116a262952d920890000000000000ffffffffffffffffffffffff",3.55,,0.31,17,22.63,17.80,100946.00,274.00,0,0,0,0,,,-1.00,-1.00,-1.00,-1.00,-1.00,-1.00
2022-12-20T20:44:20Z,"0002cc01000003e9","2250cce124fd38cd04e61116a762972d3e0910000000000000ffffffffffffffffffffffff",3.55,,0.31,17,22.65,17.67,100952.00,290.00,0,0,0,0,,,-1.00,-1.00,-1.00,-1.00,-1.00,-1.00
2022-12-20T20:50:16Z,"0002cc01000003e9","2250cce288fd38c904e61116a262962d680840000000000000ffffffffffffffffffffffff",3.55,,0.31,17,22.63,17.74,100950.00,264.00,0,0,0,0,,,-1.00,-1.00,-1.00,-1.00,-1.00,-1.00
2022-12-20T20:56:12Z,"0002cc01000003e9","2250cce3ecfd38c904e61116ac62972db00828000000000000ffffffffffffffffffffffff",3.55,,0.31,17,22.67,17.85,100954.00,261.00,0,0,0,0,,,-1.00,-1.00,-1.00,-1.00,-1.00,-1.00
2022-12-20T21:02:08Z,"0002cc01000003e9","2250cce550fd38cd04e61116b662992d860948000000000000ffffffffffffffffffffffff",3.55,,0.31,17,22.71,17.78,100960.00,297.00,0,0,0,0,,,-1.00,-1.00,-1.00,-1.00,-1.00,-1.00
2022-12-20T21:08:04Z,"0002cc01000003e9","2250cce6b4fd38c904ee1116a9629a2e6709a8000000000000ffffffffffffffffffffffff",3.55,,0.31,17,22.66,18.13,100965.00,309.00,0,0,0,0,,,-1.00,-1.00,-1.00,-1.00,-1.00,-1.00
2022-12-20T21:14:01Z,"0002cc01000003e9","2250cce819fd38c504e61116af629b2d940908000000000000ffffffffffffffffffffffff",3.55,,0.31,17,22.68,17.80,100970.00,289.00,0,0,0,0,,,-1.00,-1.00,-1.00,-1.00,-1.00,-1.00
2022-12-20T21:19:57Z,"0002cc01000003e9","2250cce97dfd38c504de1116b6629d2d4e0be0000000000000ffffffffffffffffffffffff",3.55,,0.30,17,22.71,17.70,100976.00,190.00,0,0,0,0,,,-1.00,-1.00,-1.00,-1.00,-1.00,-1.00
2022-12-20T21:25:53Z,"0002cc01000003e9","2250cceae1fd38d504e61116cb629b2d1708d0000000000000ffffffffffffffffffffffff",3.55,,0.31,17,22.79,17.61,100969.00,282.00,0,0,0,0,,,-1.00,-1.00,-1.00,-1.00,-1.00,-1.00
2022-12-20T21:31:49Z,"0002cc01000003e9","2250ccec45fd38d104e61116b4629c2ceb0978000000000000ffffffffffffffffffffffff",3.55,,0.31,17,22.70,17.55,100972.00,303.00,0,0,0,0,,,-1.00,-1.00,-1.00,-1.00,-1.00,-1.00
2022-12-20T21:37:45Z,"0002cc01000003e9","2250cceda9fd38c504de1116b6629d2d550818000000000000ffffffffffffffffffffffff",3.55,,0.30,17,22.71,17.71,100976.00,259.00,0,0,0,0,,,-1.00,-1.00,-1.00,-1.00,-1.00,-1.00
2022-12-20T21:43:41Z,"0002cc01000003e9","2250ccef0dfd38cd04de1116da629f2d980fc0000000000000ffffffffffffffffffffffff",3.55,,0.30,17,22.85,17.81,100986.00,252.00,0,0,0,0,,,-1.00,-1.00,-1.00,-1.00,-1.00,-1.00
2022-12-20T21:49:37Z,"0002cc01000003e9","2250ccf071fd38cd04e61116c1629e2cf308e8000000000000ffffffffffffffffffffffff",3.55,,0.31,17,22.75,17.56,100982.00,285.00,0,0,0,0,,,-1.00,-1.00,-1.00,-1.00,-1.00,-1.00
2022-12-20T21:55:33Z,"0002cc01000003e9","2250ccf1d5fd38cd04e61116a462a52cf008d8000000000000ffffffffffffffffffffffff",3.55,,0.31,17,22.64,17.55,101009.00,283.00,0,0,0,0,,,-1.00,-1.00,-1.00,-1.00,-1.00,-1.00
2022-12-20T22:01:29Z,"0002cc01000003e9","2250ccf339fd38cd04e611169a62a42d0408a0000000000000ffffffffffffffffffffffff",3.55,,0.31,17,22.60,17.58,101006.00,276.00,0,0,0,0,,,-1.00,-1.00,-1.00,-1.00,-1.00,-1.00
2022-12-20T22:07:25Z,"0002cc01000003e9","2250ccf49dfd38c504e611169f62a52ce808d8000000000000ffffffffffffffffffffffff",3.55,,0.31,17,22.62,17.54,101009.00,283.00,0,0,0,0,,,-1.00,-1.00,-1.00,-1.00,-1.00,-1.00
2022-12-20T22:13:21Z,"0002cc01000003e9","2250ccf601fd38d504e61116a462a62ce208b8000000000000ffffffffffffffffffffffff",3.55,,0.31,17,22.64,17.53,101014.00,279.00,0,0,0,0,,,-1.00,-1.00,-1.00,-1.00,-1.00,-1.00
2022-12-20T22:19:17Z,"0002cc01000003e9","2250ccf765fd38cd04e61116a462a62cff0888000000000000ffffffffffffffffffffffff",3.55,,0.31,17,22.64,17.58,101014.00,273.00,0,0,0,0,,,-1.00,-1.00,-1.00,-1.00,-1.00,-1.00
2022-12-20T22:25:13Z,"0002cc01000003e9","2250ccf8c9fd38c504e61116a262a72d4408a8000000000000ffffffffffffffffffffffff",3.55,,0.31,17,22.63,17.68,101017.00,277.00,0,0,0,0,,,-1.00,-1.00,-1.00,-1.00,-1.00,-1.00
2022-12-20T22:31:09Z,"0002cc01000003e9","2250ccfa2dfd38cd04ee11169d62a52da70ff0000000000000ffffffffffffffffffffffff",3.55,,0.31,17,22.61,17.83,101010.00,255.00,0,0,0,0,,,-1.00,-1.00,-1.00,-1.00,-1.00,-1.00
2022-12-20T22:37:05Z,"0002cc01000003e9","2250ccfb91fd38cd04ee11169862a32dfb08a0000000000000ffffffffffffffffffffffff",3.55,,0.31,17,22.59,17.96,101001.00,276.00,0,0,0,0,,,-1.00,-1.00,-1.00,-1.00,-1.00,-1.00
2022-12-20T22:43:01Z,"0002cc01000003e9","2250ccfcf5fd38cd04e611168d62a32e6408c0000000000000ffffffffffffffffffffffff",3.55,,0.31,17,22.55,18.12,101002.00,280.00,0,0,0,0,,,-1.00,-1.00,-1.00,-1.00,-1.00,-1.00
2022-12-20T22:48:57Z,"0002cc01000003e9","2250ccfe59fd38cd04e611167162a32ee00ff0000000000000ffffffffffffffffffffffff",3.55,,0.31,17,22.44,18.31,101002.00,255.00,0,0,0,0,,,-1.00,-1.00,-1.00,-1.00,-1.00,-1.00
2022-12-20T22:54:53Z,"0002cc01000003e9","2250ccffbdfd38c504e611165f62a32f410860000000000000ffffffffffffffffffffffff",3.55,,0.31,17,22.37,18.46,101000.00,268.00,0,0,0,0,,,-1.00,-1.00,-1.00,-1.00,-1.00,-1.00
2022-12-20T23:00:49Z,"0002cc01000003e9","2250cd0121fd38cd04e611165562a22fbf0868000000000000ffffffffffffffffffffffff",3.55,,0.31,17,22.33,18.65,100997.00,269.00,0,0,0,0,,,-1.00,-1.00,-1.00,-1.00,-1.00,-1.00
2022-12-20T23:06:45Z,"0002cc01000003e9","2250cd0285fd38cd04e611164862a22fbe0820000000000000ffffffffffffffffffffffff",3.55,,0.31,17,22.28,18.65,100999.00,260.00,0,0,0,0,,,-1.00,-1.00,-1.00,-1.00,-1.00,-1.00
2022-12-20T23:12:41Z,"0002cc01000003e9","2250cd03e9fd38cd04e611164162a7302008b8000000000000ffffffffffffffffffffffff",3.55,,0.31,17,22.25,18.80,101019.00,279.00,0,0,0,0,,,-1.00,-1.00,-1.00,-1.00,-1.00,-1.00
2022-12-20T23:18:37Z,"0002cc01000003e9","2250cd054dfd38cd04e611163962a830890940000000000000ffffffffffffffffffffffff",3.55,,0.31,17,22.22,18.96,101020.00,296.00,0,0,0,0,,,-1.00,-1.00,-1.00,-1.00,-1.00,-1.00
2022-12-20T23:24:34Z,"0002cc01000003e9","2250cd06b2fd38cd04e611162f62a7304808b0000000000000ffffffffffffffffffffffff",3.55,,0.31,17,22.18,18.86,101019.00,278.00,0,0,0,0,,,-1.00,-1.00,-1.00,-1.00,-1.00,-1.00
2022-12-20T23:30:30Z,"0002cc01000003e9","2250cd0816fd38c504ee11162962a8301d08c0000000000000ffffffffffffffffffffffff",3.55,,0.31,17,22.16,18.79,101022.00,280.00,0,0,0,0,,,-1.00,-1.00,-1.00,-1.00,-1.00,-1.00
2022-12-20T23:36:26Z,"0002cc01000003e9","2250cd097afd38c904e611162462aa300f0fe0000000000000ffffffffffffffffffffffff",3.55,,0.31,17,22.14,18.77,101029.00,254.00,0,0,0,0,,,-1.00,-1.00,-1.00,-1.00,-1.00,-1.00
2022-12-20T23:42:22Z,"0002cc01000003e9","2250cd0adefd38cd04e611161862a9304608b8000000000000ffffffffffffffffffffffff",3.55,,0.31,17,22.09,18.86,101027.00,279.00,0,0,0,0,,,-1.00,-1.00,-1.00,-1.00,-1.00,-1.00
2022-12-20T23:48:18Z,"0002cc01000003e9","2250cd0c42fd38cd04e611161062aa30290908000000000000ffffffffffffffffffffffff",3.55,,0.31,17,22.06,18.81,101030.00,289.00,0,0,0,0,,,-1.00,-1.00,-1.00,-1.00,-1.00,-1.00
2022-12-20T23:54:14Z,"0002cc01000003e9","2250cd0da6fd38c504e611160862ae30600948000000000000ffffffffffffffffffffffff",3.55,,0.31,17,22.03,18.90,101046.00,297.00,0,0,0,0,,,-1.00,-1.00,-1.00,-1.00,-1.00,-1.00
