Time,DevEUI,Raw,Vbat,Vsystem,Vbus,BootCount,T,RH,P,Light,P[0].delta,P[0].total,P[1].delta,P[1].total,Act[7],Act[6],Act[5],Act[4],Act[3],Act[2],Act[1],Act[0]
2022-12-08T00:03:51Z,"0002cc01000003e9","2250bbec67fd39fc050f1114d2623660f0f000000000000000ffffffffffffffffffffffff",3.62,,0.32,17,20.82,37.87,100567.00,0.00,0,0,0,0,,,-1.00,-1.00,-1.00,-1.00,-1.00,-1.00
2022-12-08T00:09:47Z,"0002cc01000003e9","2250bbedcbfd3a01050f1114d5623560f20f00000000000000ffffffffffffffffffffffff",3.62,,0.32,17,20.83,37.87,100561.00,15.00,0,0,0,0,,,-1.00,-1.00,-1.00,-1.00,-1.00,-1.00
2022-12-08T00:15:43Z,"0002cc01000003e9","2250bbef2ffd39fc05171114d8623560f90e00000000000000ffffffffffffffffffffffff",3.62,,0.32,17,20.84,37.88,100563.00,7.00,0,0,0,0,,,-1.00,-1.00,-1.00,-1.00,-1.00,-1.00
2022-12-08T00:21:39Z,"0002cc01000003e9","2250bbf093fd39fc05171114da623161070f00000000000000ffffffffffffffffffffffff",3.62,,0.32,17,20.85,37.90,100545.00,15.00,0,0,0,0,,,-1.00,-1.00,-1.00,-1.00,-1.00,-1.00
2022-12-08T00:27:35Z,"0002cc01000003e9","2250bbf1f7fd3a0d050f1114d8623961300f00000000000000ffffffffffffffffffffffff",3.63,,0.32,17,20.84,37.96,100578.00,15.00,0,0,0,0,,,-1.00,-1.00,-1.00,-1.00,-1.00,-1.00
2022-12-08T00:33:31Z,"0002cc01000003e9","2250bbf35bfd39fc050f1114da623961390900000000000000ffffffffffffffffffffffff",3.62,,0.32,17,20.85,37.98,100576.00,9.00,0,0,0,0,,,-1.00,-1.00,-1.00,-1.00,-1.00,-1.00
2022-12-08T00:39:27Z,"0002cc01000003e9","2250bbf4bffd39fc05171114d8623f612a0800000000000000ffffffffffffffffffffffff",3.62,,0.32,17,20.84,37.96,100602.00,2.00,0,0,0,0,,,-1.00,-1.00,-1.00,-1.00,-1.00,-1.00
2022-12-08T00:45:23Z,"0002cc01000003e9","2250bbf623fd3a0105171114d8623f610e0e00000000000000ffffffffffffffffffffffff",3.62,,0.32,17,20.84,37.91,100602.00,7.00,0,0,0,0,,,-1.00,-1.00,-1.00,-1.00,-1.00,-1.00
2022-12-08T00:51:19Z,"0002cc01000003e9","2250bbf787fd3a0105171114d8623f6107f000000000000000ffffffffffffffffffffffff",3.62,,0.32,17,20.84,37.90,100603.00,0.00,0,0,0,0,,,-1.00,-1.00,-1.00,-1.00,-1.00,-1.00
2022-12-08T00:57:15Z,"0002cc01000003e9","2250bbf8ebfd3a0105171114d562416100f000000000000000ffffffffffffffffffffffff",3.62,,0.32,17,20.83,37.89,100608.00,0.00,0,0,0,0,,,-1.00,-1.00,-1.00,-1.00,-1.00,-1.00
2022-12-08T01:03:11Z,"0002cc01000003e9","2250bbfa4ffd39f8051f1114d5624360f1f000000000000000ffffffffffffffffffffffff",3.62,,0.32,17,20.83,37.87,100619.00,0.00,0,0,0,0,,,-1.00,-1.00,-1.00,-1.00,-1.00,-1.00
2022-12-08T01:09:07Z,"0002cc01000003e9","2250bbfbb3fd39f805171114d5624660dc0880000000000000ffffffffffffffffffffffff",3.62,,0.32,17,20.83,37.84,100630.00,17.00,0,0,0,0,,,-1.00,-1.00,-1.00,-1.00,-1.00,-1.00
2022-12-08T01:15:03Z,"0002cc01000003e9","2250bbfd17fd3a05050f1114d2624660c60c00000000000000ffffffffffffffffffffffff",3.63,,0.32,17,20.82,37.80,100629.00,3.00,0,0,0,0,,,-1.00,-1.00,-1.00,-1.00,-1.00,-1.00
2022-12-08T01:20:59Z,"0002cc01000003e9","2250bbfe7bfd3a0505171114d2624560ab0800000000000000ffffffffffffffffffffffff",3.63,,0.32,17,20.82,37.76,100626.00,2.00,0,0,0,0,,,-1.00,-1.00,-1.00,-1.00,-1.00,-1.00
2022-12-08T01:26:55Z,"0002cc01000003e9","2250bbffdffd3a0105171114d56246608ff000000000000000ffffffffffffffffffffffff",3.62,,0.32,17,20.83,37.72,100629.00,0.00,0,0,0,0,,,-1.00,-1.00,-1.00,-1.00,-1.00,-1.00
2022-12-08T01:32:51Z,"0002cc01000003e9","2250bc0143fd3a05050f1114d262496080f000000000000000ffffffffffffffffffffffff",3.63,,0.32,17,20.82,37.70,100640.00,0.00,0,0,0,0,,,-1.00,-1.00,-1.00,-1.00,-1.00,-1.00
2022-12-08T01:38:48Z,"0002cc01000003e9","2250bc02a8fd39fc050f1114d26246606bf000000000000000ffffffffffffffffffffffff",3.62,,0.32,17,20.82,37.66,100631.00,0.00,0,0,0,0,,,-1.00,-1.00,-1.00,-1.00,-1.00,-1.00
2022-12-08T01:44:44Z,"0002cc01000003e9","2250bc040cfd3a0505171114d56242605e0c80000000000000ffffffffffffffffffffffff",3.63,,0.32,17,20.83,37.64,100614.00,25.00,0,0,0,0,,,-1.00,-1.00,-1.00,-1.00,-1.00,-1.00
2022-12-08T01:50:40Z,"0002cc01000003e9","2250bc0570fd3a0505171114d86247603cf000000000000000ffffffffffffffffffffffff",3.63,,0.32,17,20.84,37.59,100635.00,0.00,0,0,0,0,,,-1.00,-1.00,-1.00,-1.00,-1.00,-1.00
2022-12-08T01:56:36Z,"0002cc01000003e9","2250bc06d4fd3a0505171114d56247603c0c00000000000000ffffffffffffffffffffffff",3.63,,0.32,17,20.83,37.59,100632.00,6.00,0,0,0,0,,,-1.00,-1.00,-1.00,-1.00,-1.00,-1.00
2022-12-08T02:02:32Z,"0002cc01000003e9","2250bc0838fd3a05050f1114d2624a603b0800000000000000ffffffffffffffffffffffff",3.63,,0.32,17,20.82,37.59,100646.00,4.00,0,0,0,0,,,-1.00,-1.00,-1.00,-1.00,-1.00,-1.00
2022-12-08T02:08:28Z,"0002cc01000003e9","2250bc099cfd3a05050f1114d262476042f000000000000000ffffffffffffffffffffffff",3.63,,0.32,17,20.82,37.60,100635.00,0.00,0,0,0,0,,,-1.00,-1.00,-1.00,-1.00,-1.00,-1.00
2022-12-08T02:14:24Z,"0002cc01000003e9","2250bc0b00fd3a0505171114d0624b6042f000000000000000ffffffffffffffffffffffff",3.63,,0.32,17,20.81,37.60,100649.00,0.00,0,0,0,0,,,-1.00,-1.00,-1.00,-1.00,-1.00,-1.00
2022-12-08T02:20:20Z,"0002cc01000003e9","2250bc0c64fd3a0505171114d2624a60340800000000000000ffffffffffffffffffffffff",3.63,,0.32,17,20.82,37.58,100647.00,1.00,0,0,0,0,,,-1.00,-1.00,-1.00,-1.00,-1.00,-1.00
2022-12-08T02:26:16Z,"0002cc01000003e9","2250bc0dc8fd3a05050f1114d2624c6049f000000000000000ffffffffffffffffffffffff",3.63,,0.32,17,20.82,37.61,100652.00,0.00,0,0,0,0,,,-1.00,-1.00,-1.00,-1.00,-1.00,-1.00
2022-12-08T02:32:12Z,"0002cc01000003e9","2250bc0f2cfd3a05050f1114d56252607af000000000000000ffffffffffffffffffffffff",3.63,,0.32,17,20.83,37.69,100676.00,0.00,0,0,0,0,,,-1.00,-1.00,-1.00,-1.00,-1.00,-1.00
2022-12-08T02:38:08Z,"0002cc01000003e9","2250bc1090fd39fc050f1114d8625660890a00000000000000ffffffffffffffffffffffff",3.62,,0.32,17,20.84,37.71,100694.00,20.00,0,0,0,0,,,-1.00,-1.00,-1.00,-1.00,-1.00,-1.00
2022-12-08T02:44:04Z,"0002cc01000003e9","2250bc11f4fd3a0505171114df6254606e0a00000000000000ffffffffffffffffffffffff",3.63,,0.32,17,20.87,37.67,100685.00,5.00,0,0,0,0,,,-1.00,-1.00,-1.00,-1.00,-1.00,-1.00
2022-12-08T02:50:00Z,"0002cc01000003e9","2250bc1358fd3a0505171114e76254603f0c00000000000000ffffffffffffffffffffffff",3.63,,0.32,17,20.90,37.60,100684.00,24.00,0,0,0,0,,,-1.00,-1.00,-1.00,-1.00,-1.00,-1.00
2022-12-08T02:55:56Z,"0002cc01000003e9","2250bc14bcfd39fc05171114ec62516009f000000000000000ffffffffffffffffffffffff",3.62,,0.32,17,20.92,37.51,100675.00,0.00,0,0,0,0,,,-1.00,-1.00,-1.00,-1.00,-1.00,-1.00
2022-12-08T03:01:52Z,"0002cc01000003e9","2250bc1620fd3a0505171114ef62505fe00a80000000000000ffffffffffffffffffffffff",3.63,,0.32,17,20.93,37.45,100669.00,21.00,0,0,0,0,,,-1.00,-1.00,-1.00,-1.00,-1.00,-1.00
2022-12-08T03:07:48Z,"0002cc01000003e9","2250bc1784fd3a05050f1114f6624f5fbe0f00000000000000ffffffffffffffffffffffff",3.63,,0.32,17,20.96,37.40,100666.00,15.00,0,0,0,0,,,-1.00,-1.00,-1.00,-1.00,-1.00,-1.00
2022-12-08T03:13:44Z,"0002cc01000003e9","2250bc18e8fd3a0905171114f9624d5f9bf000000000000000ffffffffffffffffffffffff",3.63,,0.32,17,20.97,37.35,100656.00,0.00,0,0,0,0,,,-1.00,-1.00,-1.00,-1.00,-1.00,-1.00
2022-12-08T03:19:40Z,"0002cc01000003e9","2250bc1a4cfd3a05050f1114fb62485f72f000000000000000ffffffffffffffffffffffff",3.63,,0.32,17,20.98,37.28,100638.00,0.00,0,0,0,0,,,-1.00,-1.00,-1.00,-1.00,-1.00,-1.00
2022-12-08T03:25:36Z,"0002cc01000003e9","2250bc1bb0fd3a0505171114fb62465f48f000000000000000ffffffffffffffffffffffff",3.63,,0.32,17,20.98,37.22,100631.00,0.00,0,0,0,0,,,-1.00,-1.00,-1.00,-1.00,-1.00,-1.00
2022-12-08T03:31:32Z,"0002cc01000003e9","2250bc1d14fd3a0505171114f662445f1c0a00000000000000ffffffffffffffffffffffff",3.63,,0.32,17,20.96,37.15,100623.00,20.00,0,0,0,0,,,-1.00,-1.00,-1.00,-1.00,-1.00,-1.00
2022-12-08T03:37:29Z,"0002cc01000003e9","2250bc1e79fd39fc050f1114f162455f0e0800000000000000ffffffffffffffffffffffff",3.62,,0.32,17,20.94,37.13,100627.00,4.00,0,0,0,0,,,-1.00,-1.00,-1.00,-1.00,-1.00,-1.00
2022-12-08T03:43:24Z,"0002cc01000003e9","2250bc1fdcfd3a0505171114ec62445ee90e00000000000000ffffffffffffffffffffffff",3.63,,0.32,17,20.92,37.08,100623.00,7.00,0,0,0,0,,,-1.00,-1.00,-1.00,-1.00,-1.00,-114628.23
2022-12-08T03:49:21Z,"0002cc01000003e9","2250bc2141fd3a0505171114e462435ecc0800000000000000ffffffffffffffffffffffff",3.63,,0.32,17,20.89,37.03,100619.00,1.00,0,0,0,0,,,-1.00,-1.00,-1.00,-1.00,-1.00,-1.00
2022-12-08T03:55:17Z,"0002cc01000003e9","2250bc22a5fd39fc05171114df62455ea80900000000000000ffffffffffffffffffffffff",3.62,,0.32,17,20.87,36.98,100626.00,18.00,0,0,0,0,,,-1.00,-1.00,-1.00,-1.00,-1.00,-1.00
2022-12-08T04:01:13Z,"0002cc01000003e9","2250bc2409fd3a0505171114dd624b5e92f000000000000000ffffffffffffffffffffffff",3.63,,0.32,17,20.86,36.94,100650.00,0.00,0,0,0,0,,,-1.00,-1.00,-1.00,-1.00,-1.00,-114634.35
2022-12-08T04:07:09Z,"0002cc01000003e9","2250bc256dfd39fc050f1114d862435e7c0800000000000000ffffffffffffffffffffffff",3.62,,0.32,17,20.84,36.91,100616.00,2.00,0,0,0,0,,,-1.00,-1.00,-1.00,-1.00,-1.00,-1.00
2022-12-08T04:13:05Z,"0002cc01000003e9","2250bc26d1fd39fc05171114d262435e5f0900000000000000ffffffffffffffffffffffff",3.62,,0.32,17,20.82,36.86,100618.00,18.00,0,0,0,0,,,-1.00,-1.00,-1.00,-1.00,-1.00,-1.00
2022-12-08T04:19:01Z,"0002cc01000003e9","2250bc2835fd3a0505171114d0623d5e350800000000000000ffffffffffffffffffffffff",3.63,,0.32,17,20.81,36.80,100594.00,1.00,0,0,0,0,,,-1.00,-1.00,-1.00,-1.00,-1.00,-1.00
2022-12-08T04:24:57Z,"0002cc01000003e9","2250bc2999fd39fc05171114cb623e5e170b00000000000000ffffffffffffffffffffffff",3.62,,0.32,17,20.79,36.75,100597.00,11.00,0,0,0,0,,,-1.00,-1.00,-1.00,-1.00,-1.00,-1.00
2022-12-08T04:30:53Z,"0002cc01000003e9","2250bc2afdfd39f405171114c8623e5e09f000000000000000ffffffffffffffffffffffff",3.62,,0.32,17,20.78,36.73,100597.00,0.00,0,0,0,0,,,-1.00,-1.00,-1.00,-1.00,-1.00,-1.00
2022-12-08T04:36:49Z,"0002cc01000003e9","2250bc2c61fd39f4050f1114c6623c5de5f000000000000000ffffffffffffffffffffffff",3.62,,0.32,17,20.77,36.68,100591.00,0.00,0,0,0,0,,,-1.00,-1.00,-1.00,-1.00,-1.00,-1.00
2022-12-08T04:42:45Z,"0002cc01000003e9","2250bc2dc5fd3a05050f1114c362395dd70c00000000000000ffffffffffffffffffffffff",3.63,,0.32,17,20.76,36.66,100577.00,3.00,0,0,0,0,,,-1.00,-1.00,-1.00,-1.00,-1.00,-1.00
2022-12-08T04:48:41Z,"0002cc01000003e9","2250bc2f29fd3a0d05171114c362365dd70900000000000000ffffffffffffffffffffffff",3.63,,0.32,17,20.76,36.66,100565.00,9.00,0,0,0,0,,,-1.00,-1.00,-1.00,-1.00,-1.00,-1.00
2022-12-08T04:54:37Z,"0002cc01000003e9","2250bc308dfd3a0505171114c162355db30900000000000000ffffffffffffffffffffffff",3.63,,0.32,17,20.75,36.60,100562.00,9.00,0,0,0,0,,,-1.00,-1.00,-1.00,-1.00,-1.00,-1.00
2022-12-08T05:00:33Z,"0002cc01000003e9","2250bc31f1fd3a05051f1114c362355d8a0c00000000000000ffffffffffffffffffffffff",3.63,,0.32,17,20.76,36.54,100560.00,24.00,0,0,0,0,,,-1.00,-1.00,-1.00,-1.00,-1.00,-1.00
2022-12-08T05:06:29Z,"0002cc01000003e9","2250bc3355fd3a05051f1114c1623b5d6ef000000000000000ffffffffffffffffffffffff",3.63,,0.32,17,20.75,36.50,100586.00,0.00,0,0,0,0,,,-1.00,-1.00,-1.00,-1.00,-1.00,-1.00
2022-12-08T05:12:25Z,"0002cc01000003e9","2250bc34b9fd3a0505171114be623e5d3c0880000000000000ffffffffffffffffffffffff",3.63,,0.32,17,20.74,36.42,100597.00,17.00,0,0,0,0,,,-1.00,-1.00,-1.00,-1.00,-1.00,-1.00
2022-12-08T05:18:21Z,"0002cc01000003e9","2250bc361dfd39fc050f1114bb62465d200800000000000000ffffffffffffffffffffffff",3.62,,0.32,17,20.73,36.38,100628.00,2.00,0,0,0,0,,,-1.00,-1.00,-1.00,-1.00,-1.00,-1.00
2022-12-08T05:24:17Z,"0002cc01000003e9","2250bc3781fd3a0505171114be62435cfcf000000000000000ffffffffffffffffffffffff",3.63,,0.32,17,20.74,36.32,100619.00,0.00,0,0,0,0,,,-1.00,-1.00,-1.00,-1.00,-1.00,-1.00
2022-12-08T05:30:13Z,"0002cc01000003e9","2250bc38e5fd3a0505171114b962415cd9f000000000000000ffffffffffffffffffffffff",3.63,,0.32,17,20.72,36.27,100608.00,0.00,0,0,0,0,,,-1.00,-1.00,-1.00,-1.00,-1.00,-1.00
2022-12-08T05:36:09Z,"0002cc01000003e9","2250bc3a49fd3a05050f1114b662445cbc0b00000000000000ffffffffffffffffffffffff",3.63,,0.32,17,20.71,36.22,100623.00,11.00,0,0,0,0,,,-1.00,-1.00,-1.00,-1.00,-1.00,-1.00
2022-12-08T05:42:05Z,"0002cc01000003e9","2250bc3badfd39fc05171114b662455ca70b80000000000000ffffffffffffffffffffffff",3.62,,0.32,17,20.71,36.19,100625.00,23.00,0,0,0,0,,,-1.00,-1.00,-1.00,-1.00,-1.00,-1.00
2022-12-08T05:48:02Z,"0002cc01000003e9","2250bc3d12fd39f405171114b662425c8b0900000000000000ffffffffffffffffffffffff",3.62,,0.32,17,20.71,36.15,100615.00,9.00,0,0,0,0,,,-1.00,-1.00,-1.00,-1.00,-1.00,-1.00
2022-12-08T05:53:58Z,"0002cc01000003e9","2250bc3e76fd3a05050f1114b4623f5c760f80000000000000ffffffffffffffffffffffff",3.63,,0.32,17,20.70,36.12,100601.00,31.00,0,0,0,0,,,-1.00,-1.00,-1.00,-1.00,-1.00,-1.00
2022-12-08T05:59:54Z,"0002cc01000003e9","2250bc3fdafd39fc050f1114b462405c3e0800000000000000ffffffffffffffffffffffff",3.62,,0.32,17,20.70,36.03,100606.00,4.00,0,0,0,0,,,-1.00,-1.00,-1.00,-1.00,-1.00,-1.00
2022-12-08T06:05:50Z,"0002cc01000003e9","2250bc413efd3a0105171114b1623e5bf00d00000000000000ffffffffffffffffffffffff",3.62,,0.32,17,20.69,35.91,100597.00,13.00,0,0,0,0,,,-1.00,-1.00,-1.00,-1.00,-1.00,-1.00
2022-12-08T06:11:46Z,"0002cc01000003e9","2250bc42a2fd39fc051f1114ac623a5be1f000000000000000ffffffffffffffffffffffff",3.62,,0.32,17,20.67,35.89,100583.00,0.00,0,0,0,0,,,-1.00,-1.00,-1.00,-1.00,-1.00,-1.00
2022-12-08T06:17:42Z,"0002cc01000003e9","2250bc4406fd3a05051f1114ac62375bccf000000000000000ffffffffffffffffffffffff",3.63,,0.32,17,20.67,35.86,100569.00,0.00,0,0,0,0,,,-1.00,-1.00,-1.00,-1.00,-1.00,-1.00
2022-12-08T06:23:38Z,"0002cc01000003e9","2250bc456afd39f405171114a962395ba90800000000000000ffffffffffffffffffffffff",3.62,,0.32,17,20.66,35.81,100577.00,8.00,0,0,0,0,,,-1.00,-1.00,-1.00,-1.00,-1.00,-1.00
2022-12-08T06:29:34Z,"0002cc01000003e9","2250bc46cefd39f405171114a762325b850900000000000000ffffffffffffffffffffffff",3.62,,0.32,17,20.65,35.75,100551.00,9.00,0,0,0,0,,,-1.00,-1.00,-1.00,-1.00,-1.00,-1.00
2022-12-08T06:35:30Z,"0002cc01000003e9","2250bc4832fd39fc05171114a4623a5b85f000000000000000ffffffffffffffffffffffff",3.62,,0.32,17,20.64,35.75,100580.00,0.00,0,0,0,0,,,-1.00,-1.00,-1.00,-1.00,-1.00,-1.00
2022-12-08T06:41:26Z,"0002cc01000003e9","2250bc4996fd39fc05171114a262415b7d0880000000000000ffffffffffffffffffffffff",3.62,,0.32,17,20.63,35.74,100608.00,17.00,0,0,0,0,,,-1.00,-1.00,-1.00,-1.00,-1.00,-1.00
2022-12-08T06:47:22Z,"0002cc01000003e9","2250bc4afafd39fc051711149f623e5b8bf000000000000000ffffffffffffffffffffffff",3.62,,0.32,17,20.62,35.76,100599.00,0.00,0,0,0,0,,,-1.00,-1.00,-1.00,-1.00,-1.00,-1.00
2022-12-08T06:53:18Z,"0002cc01000003e9","2250bc4c5efd39f4051711149a62425b830e00000000000000ffffffffffffffffffffffff",3.62,,0.32,17,20.60,35.75,100614.00,7.00,0,0,0,0,,,-1.00,-1.00,-1.00,-1.00,-1.00,-1.00
2022-12-08T06:59:14Z,"0002cc01000003e9","2250bc4dc2fd39fc050f111498624a5b820d80000000000000ffffffffffffffffffffffff",3.62,,0.32,17,20.59,35.75,100645.00,27.00,0,0,0,0,,,-1.00,-1.00,-1.00,-1.00,-1.00,-1.00
2022-12-08T07:05:10Z,"0002cc01000003e9","2250bc4f26fd39fc0517111498624e5b7bf000000000000000ffffffffffffffffffffffff",3.62,,0.32,17,20.59,35.74,100661.00,0.00,0,0,0,0,,,-1.00,-1.00,-1.00,-1.00,-1.00,-1.00
2022-12-08T07:11:06Z,"0002cc01000003e9","2250bc508afd39fc0517111495624a5b580c00000000000000ffffffffffffffffffffffff",3.62,,0.32,17,20.58,35.68,100646.00,3.00,0,0,0,0,,,-1.00,-1.00,-1.00,-1.00,-1.00,-1.00
2022-12-08T07:17:02Z,"0002cc01000003e9","2250bc51eefd39fc051711149262405b49f000000000000000ffffffffffffffffffffffff",3.62,,0.32,17,20.57,35.66,100605.00,0.00,0,0,0,0,,,-1.00,-1.00,-1.00,-1.00,-1.00,-1.00
2022-12-08T07:22:58Z,"0002cc01000003e9","2250bc5352fd39fc051f11149262415b34f000000000000000ffffffffffffffffffffffff",3.62,,0.32,17,20.57,35.63,100609.00,0.00,0,0,0,0,,,-1.00,-1.00,-1.00,-1.00,-1.00,-1.00
2022-12-08T07:28:54Z,"0002cc01000003e9","2250bc54b6fd39fc051711149062385b2c0b00000000000000ffffffffffffffffffffffff",3.62,,0.32,17,20.56,35.62,100573.00,11.00,0,0,0,0,,,-1.00,-1.00,-1.00,-1.00,-1.00,-114634.35
2022-12-08T07:34:51Z,"0002cc01000003e9","2250bc561bfd39fc0517111490623b5b420c00000000000000ffffffffffffffffffffffff",3.62,,0.32,17,20.56,35.65,100585.00,3.00,0,0,0,0,,,-1.00,-1.00,-1.00,-1.00,-1.00,-1.00
2022-12-08T07:40:47Z,"0002cc01000003e9","2250bc577ffd39f40517111490623e5b500e00000000000000ffffffffffffffffffffffff",3.62,,0.32,17,20.56,35.67,100598.00,7.00,0,0,0,0,,,-1.00,-1.00,-1.00,-1.00,-1.00,-1.00
2022-12-08T07:46:43Z,"0002cc01000003e9","2250bc58e3fd39f4051711148d62385b5df000000000000000ffffffffffffffffffffffff",3.62,,0.32,17,20.55,35.69,100573.00,0.00,0,0,0,0,,,-1.00,-1.00,-1.00,-1.00,-1.00,-1.00
2022-12-08T07:52:39Z,"0002cc01000003e9","2250bc5a47fd39fc050f11148b62325b5c0c00000000000000ffffffffffffffffffffffff",3.62,,0.32,17,20.54,35.69,100548.00,12.00,0,0,0,0,,,-1.00,-1.00,-1.00,-1.00,-1.00,-1.00
2022-12-08T07:58:35Z,"0002cc01000003e9","2250bc5babfd39fc051711148662295b70f000000000000000ffffffffffffffffffffffff",3.62,,0.32,17,20.52,35.72,100512.00,0.00,0,0,0,0,,,-1.00,-1.00,-1.00,-1.00,-1.00,-1.00
2022-12-08T08:04:31Z,"0002cc01000003e9","2250bc5d0ffd39fc050f11148662275b690a80000000000000ffffffffffffffffffffffff",3.62,,0.32,17,20.52,35.71,100505.00,21.00,0,0,0,0,,,-1.00,-1.00,-1.00,-1.00,-1.00,-1.00
2022-12-08T08:10:27Z,"0002cc01000003e9","2250bc5e73fd39fc051711148362255b4d0980000000000000ffffffffffffffffffffffff",3.62,,0.32,17,20.51,35.67,100499.00,19.00,0,0,0,0,,,-1.00,-1.00,-1.00,-1.00,-1.00,-114631.30
2022-12-08T08:16:23Z,"0002cc01000003e9","2250bc5fd7fd39f4051711148162235b4c0c00000000000000ffffffffffffffffffffffff",3.62,,0.32,17,20.50,35.66,100490.00,3.00,0,0,0,0,,,-1.00,-1.00,-1.00,-1.00,-1.00,-1.00
2022-12-08T08:22:19Z,"0002cc01000003e9","2250bc613bfd39fc051711147b62225b440c00000000000000ffffffffffffffffffffffff",3.62,,0.32,17,20.48,35.65,100487.00,12.00,0,0,0,0,,,-1.00,-1.00,-1.00,-1.00,-1.00,-1.00
2022-12-08T08:28:15Z,"0002cc01000003e9","2250bc629ffd3a05050f11147b62215b2ff000000000000000ffffffffffffffffffffffff",3.63,,0.32,17,20.48,35.62,100482.00,0.00,0,0,0,0,,,-1.00,-1.00,-1.00,-1.00,-1.00,-1.00
2022-12-08T08:34:11Z,"0002cc01000003e9","2250bc6403fd39f4051711147962235b220e00000000000000ffffffffffffffffffffffff",3.62,,0.32,17,20.47,35.60,100491.00,14.00,0,0,0,0,,,-1.00,-1.00,-1.00,-1.00,-1.00,-1.00
2022-12-08T08:40:07Z,"0002cc01000003e9","2250bc6567fd39fc051711147662285af60b80000000000000ffffffffffffffffffffffff",3.62,,0.32,17,20.46,35.53,100509.00,23.00,0,0,0,0,,,-1.00,-1.00,-1.00,-1.00,-1.00,-1.00
2022-12-08T08:46:03Z,"0002cc01000003e9","2250bc66cbfd39fc051711147462295af6f000000000000000ffffffffffffffffffffffff",3.62,,0.32,17,20.45,35.53,100512.00,0.00,0,0,0,0,,,-1.00,-1.00,-1.00,-1.00,-1.00,-114634.37
2022-12-08T08:51:59Z,"0002cc01000003e9","2250bc682ffd39fc051711147462275aee0d80000000000000ffffffffffffffffffffffff",3.62,,0.32,17,20.45,35.52,100504.00,27.00,0,0,0,0,,,-1.00,-1.00,-1.00,-1.00,-1.00,-114634.35
2022-12-08T08:57:55Z,"0002cc01000003e9","2250bc6993fd39f4051711147162265ae00a00000000000000ffffffffffffffffffffffff",3.62,,0.32,17,20.44,35.50,100502.00,20.00,0,0,0,0,,,-1.00,-1.00,-1.00,-1.00,-1.00,-1.00
2022-12-08T09:03:51Z,"0002cc01000003e9","2250bc6af7fd39fc051711146f622d5ae0f000000000000000ffffffffffffffffffffffff",3.62,,0.32,17,20.43,35.50,100529.00,0.00,0,0,0,0,,,-1.00,-1.00,-1.00,-1.00,-1.00,-114634.37
2022-12-08T09:09:47Z,"0002cc01000003e9","2250bc6c5bfd39fc050f11146c62265acb0980000000000000ffffffffffffffffffffffff",3.62,,0.32,17,20.42,35.47,100501.00,19.00,0,0,0,0,,,-1.00,-1.00,-1.00,-1.00,-1.00,-114634.35
2022-12-08T09:15:43Z,"0002cc01000003e9","2250bc6dbffd39fc051711146c621f5abc0b00000000000000ffffffffffffffffffffffff",3.62,,0.32,17,20.42,35.44,100475.00,11.00,0,0,0,0,,,-1.00,-1.00,-1.00,-1.00,-1.00,-1.00
2022-12-08T09:21:39Z,"0002cc01000003e9","2250bc6f23fd39fc051711146c62225ab50a00000000000000ffffffffffffffffffffffff",3.62,,0.32,17,20.42,35.43,100485.00,10.00,0,0,0,0,,,-1.00,-1.00,-1.00,-1.00,-1.00,-1.00
2022-12-08T09:27:35Z,"0002cc01000003e9","2250bc7087fd39fc051711146c621f5aa70b00000000000000ffffffffffffffffffffffff",3.62,,0.32,17,20.42,35.41,100474.00,11.00,0,0,0,0,,,-1.00,-1.00,-1.00,-1.00,-1.00,-1.00
2022-12-08T09:33:32Z,"0002cc01000003e9","2250bc71ecfd39fc051711146962205aae0a00000000000000ffffffffffffffffffffffff",3.62,,0.32,17,20.41,35.42,100476.00,5.00,0,0,0,0,,,-1.00,-1.00,-1.00,-1.00,-1.00,-1.00
2022-12-08T09:39:28Z,"0002cc01000003e9","2250bc7350fd39fc051711146962215ac90800000000000000ffffffffffffffffffffffff",3.62,,0.32,17,20.41,35.46,100482.00,1.00,0,0,0,0,,,-1.00,-1.00,-1.00,-1.00,-1.00,-1.00
2022-12-08T09:45:24Z,"0002cc01000003e9","2250bc74b4fd39f40517111464621d5aecf000000000000000ffffffffffffffffffffffff",3.62,,0.32,17,20.39,35.52,100466.00,0.00,0,0,0,0,,,-1.00,-1.00,-1.00,-1.00,-1.00,-1.00
2022-12-08T09:51:20Z,"0002cc01000003e9","2250bc7618fd39f40517111464621f5b150f00000000000000ffffffffffffffffffffffff",3.62,,0.32,17,20.39,35.58,100474.00,15.00,0,0,0,0,,,-1.00,-1.00,-1.00,-1.00,-1.00,-1.00
2022-12-08T09:57:16Z,"0002cc01000003e9","2250bc777cfd39fc0517111462621b5b30f000000000000000ffffffffffffffffffffffff",3.62,,0.32,17,20.38,35.62,100457.00,0.00,0,0,0,0,,,-1.00,-1.00,-1.00,-1.00,-1.00,-114637.42
2022-12-08T10:03:12Z,"0002cc01000003e9","2250bc78e0fd39fc050f11146262205b530d00000000000000ffffffffffffffffffffffff",3.62,,0.32,17,20.38,35.67,100479.00,26.00,0,0,0,0,,,-1.00,-1.00,-1.00,-1.00,-1.00,-1.00
2022-12-08T10:09:08Z,"0002cc01000003e9","2250bc7a44fd39fc050f11145f621e5b70f000000000000000ffffffffffffffffffffffff",3.62,,0.32,17,20.37,35.72,100468.00,0.00,0,0,0,0,,,-1.00,-1.00,-1.00,-1.00,-1.00,-1.00
2022-12-08T10:15:04Z,"0002cc01000003e9","2250bc7ba8fd39fc051711145f62185b7ef000000000000000ffffffffffffffffffffffff",3.62,,0.32,17,20.37,35.74,100446.00,0.00,0,0,0,0,,,-1.00,-1.00,-1.00,-1.00,-1.00,-1.00
2022-12-08T10:21:00Z,"0002cc01000003e9","2250bc7d0cfd39fc051711145d62125b8bf000000000000000ffffffffffffffffffffffff",3.62,,0.32,17,20.36,35.76,100421.00,0.00,0,0,0,0,,,-1.00,-1.00,-1.00,-1.00,-1.00,-1.00
2022-12-08T10:26:56Z,"0002cc01000003e9","2250bc7e70fd39fc051711145d620f5b830900000000000000ffffffffffffffffffffffff",3.62,,0.32,17,20.36,35.75,100409.00,9.00,0,0,0,0,,,-1.00,-1.00,-1.00,-1.00,-1.00,-1.00
2022-12-08T10:32:52Z,"0002cc01000003e9","2250bc7fd4fd39f4051711145a621d5b8b0f00000000000000ffffffffffffffffffffffff",3.62,,0.32,17,20.35,35.76,100466.00,15.00,0,0,0,0,,,-1.00,-1.00,-1.00,-1.00,-1.00,-114634.37
2022-12-08T10:38:48Z,"0002cc01000003e9","2250bc8138fd39fc051711145a62215b99f000000000000000ffffffffffffffffffffffff",3.62,,0.32,17,20.35,35.78,100482.00,0.00,0,0,0,0,,,-1.00,-1.00,-1.00,-1.00,-1.00,-115326.94
2022-12-08T10:44:44Z,"0002cc01000003e9","2250bc829cfd39fc051711145862225bbbf000000000000000ffffffffffffffffffffffff",3.62,,0.32,17,20.34,35.83,100484.00,0.00,0,0,0,0,,,-1.00,-1.00,-1.00,-1.00,-1.00,-114643.55
2022-12-08T10:50:40Z,"0002cc01000003e9","2250bc8400fd39fc051711145862275bddf000000000000000ffffffffffffffffffffffff",3.62,,0.32,17,20.34,35.88,100505.00,0.00,0,0,0,0,,,-1.00,-1.00,-1.00,-1.00,-1.00,-114625.17
2022-12-08T10:56:36Z,"0002cc01000003e9","2250bc8564fd39fc051711145862245bec0980000000000000ffffffffffffffffffffffff",3.62,,0.32,17,20.34,35.91,100493.00,38.00,0,0,0,0,,,-1.00,-1.00,-1.00,-1.00,-1.00,-1.00
2022-12-08T11:02:32Z,"0002cc01000003e9","2250bc86c8fd39fc051f11145862265c010c00000000000000ffffffffffffffffffffffff",3.62,,0.32,17,20.34,35.94,100500.00,12.00,0,0,0,0,,,-1.00,-1.00,-1.00,-1.00,-1.00,-114637.42
2022-12-08T11:08:28Z,"0002cc01000003e9","2250bc882cfd39f4051711145a62265c2b0e00000000000000ffffffffffffffffffffffff",3.62,,0.32,17,20.35,36.00,100500.00,7.00,0,0,0,0,,,-1.00,-1.00,-1.00,-1.00,-1.00,-114637.42
2022-12-08T11:14:24Z,"0002cc01000003e9","2250bc8990fd39f4051711145862225c55f000000000000000ffffffffffffffffffffffff",3.62,,0.32,17,20.34,36.07,100486.00,0.00,0,0,0,0,,,-1.00,-1.00,-1.00,-1.00,-1.00,-1.00
2022-12-08T11:20:21Z,"0002cc01000003e9","2250bc8af5fd39fc051711145862225c85f000000000000000ffffffffffffffffffffffff",3.62,,0.32,17,20.34,36.14,100485.00,0.00,0,0,0,0,,,-1.00,-1.00,-1.00,-1.00,-1.00,-1.00
2022-12-08T11:26:16Z,"0002cc01000003e9","2250bc8c58fd39f40517111458621b5caff000000000000000ffffffffffffffffffffffff",3.62,,0.32,17,20.34,36.21,100457.00,0.00,0,0,0,0,,,-1.00,-1.00,-1.00,-1.00,-1.00,-114634.37
2022-12-08T11:32:12Z,"0002cc01000003e9","2250bc8dbcfd39f00517111458620d5cccf000000000000000ffffffffffffffffffffffff",3.62,,0.32,17,20.34,36.25,100403.00,0.00,0,0,0,0,,,-1.00,-1.00,-1.00,-1.00,-1.00,-1.00
2022-12-08T11:38:09Z,"0002cc01000003e9","2250bc8f21fd39f4051711146762095ca50c00000000000000ffffffffffffffffffffffff",3.62,,0.32,17,20.40,36.19,100385.00,12.00,0,0,0,0,,,-1.00,-1.00,-1.00,-1.00,-1.00,-1.00
2022-12-08T11:44:05Z,"0002cc01000003e9","2250bc9085fd39fc0517111479620b5c7ef000000000000000ffffffffffffffffffffffff",3.62,,0.32,17,20.47,36.13,100394.00,0.00,0,0,0,0,,,-1.00,-1.00,-1.00,-1.00,-1.00,-114634.37
2022-12-08T11:50:01Z,"0002cc01000003e9","2250bc91e9fd39fc051711148b620f5c3c0880000000000000ffffffffffffffffffffffff",3.62,,0.32,17,20.54,36.03,100409.00,17.00,0,0,0,0,,,-1.00,-1.00,-1.00,-1.00,-1.00,-115311.44
2022-12-08T11:55:57Z,"0002cc01000003e9","2250bc934dfd39fc050f11149862115c00f000000000000000ffffffffffffffffffffffff",3.62,,0.32,17,20.59,35.94,100418.00,0.00,0,0,0,0,,,-1.00,-1.00,-1.00,-1.00,-1.00,-114628.24
2022-12-08T12:01:53Z,"0002cc01000003e9","2250bc94b1fd39ec05171114a2620c5bd809c0000000000000ffffffffffffffffffffffff",3.62,,0.32,17,20.63,35.88,100397.00,39.00,0,0,0,0,,,-1.00,-1.00,-1.00,-1.00,-1.00,-114631.29
2022-12-08T12:07:49Z,"0002cc01000003e9","2250bc9615fd39fc05171114a762055b9a0900000000000000ffffffffffffffffffffffff",3.62,,0.32,17,20.65,35.78,100368.00,18.00,0,0,0,0,,,-1.00,-1.00,-1.00,-1.00,-1.00,-1.00
2022-12-08T12:13:45Z,"0002cc01000003e9","2250bc9779fd39fc05171114a462025b7e0c00000000000000ffffffffffffffffffffffff",3.62,,0.32,17,20.64,35.74,100358.00,12.00,0,0,0,0,,,-1.00,-1.00,-1.00,-1.00,-1.00,-114631.30
2022-12-08T12:19:41Z,"0002cc01000003e9","2250bc98ddfd39ec05171114a262055b7d0f80000000000000ffffffffffffffffffffffff",3.62,,0.32,17,20.63,35.74,100368.00,31.00,0,0,0,0,,,-1.00,-1.00,-1.00,-1.00,-1.00,-114631.29
2022-12-08T12:25:37Z,"0002cc01000003e9","2250bc9a41fd39fc050f11149d62065b83f000000000000000ffffffffffffffffffffffff",3.62,,0.32,17,20.61,35.75,100375.00,0.00,0,0,0,0,,,-1.00,-1.00,-1.00,-1.00,-1.00,-114634.37
2022-12-08T12:31:33Z,"0002cc01000003e9","2250bc9ba5fd39fc050f11149d62035b9ff000000000000000ffffffffffffffffffffffff",3.62,,0.32,17,20.61,35.79,100363.00,0.00,0,0,0,0,,,-1.00,-1.00,-1.00,-1.00,-1.00,-114625.17
2022-12-08T12:37:29Z,"0002cc01000003e9","2250bc9d09fd39f8050f11149d62065bad0800000000000000ffffffffffffffffffffffff",3.62,,0.32,17,20.61,35.81,100375.00,1.00,0,0,0,0,,,-1.00,-1.00,-1.00,-1.00,-1.00,-1.00
2022-12-08T12:43:25Z,"0002cc01000003e9","2250bc9e6dfd39f4050f11149862095bacf000000000000000ffffffffffffffffffffffff",3.62,,0.32,17,20.59,35.81,100384.00,0.00,0,0,0,0,,,-1.00,-1.00,-1.00,-1.00,-1.00,-114640.48
2022-12-08T12:49:21Z,"0002cc01000003e9","2250bc9fd1fd39fc050f11149562105bc10800000000000000ffffffffffffffffffffffff",3.62,,0.32,17,20.58,35.84,100415.00,4.00,0,0,0,0,,,-1.00,-1.00,-1.00,-1.00,-1.00,-115311.44
2022-12-08T12:55:17Z,"0002cc01000003e9","2250bca135fd39ec050f111492621a5bc70a00000000000000ffffffffffffffffffffffff",3.62,,0.32,17,20.57,35.85,100452.00,20.00,0,0,0,0,,,-1.00,-1.00,-1.00,-1.00,-1.00,-114640.48
2022-12-08T13:01:13Z,"0002cc01000003e9","2250bca299fd39fc051711149562245bc70800000000000000ffffffffffffffffffffffff",3.62,,0.32,17,20.58,35.85,100495.00,8.00,0,0,0,0,,,-1.00,-1.00,-1.00,-1.00,-1.00,-115317.65
2022-12-08T13:07:09Z,"0002cc01000003e9","2250bca3fdfd39f40517111495621b5bb20c00000000000000ffffffffffffffffffffffff",3.62,,0.32,17,20.58,35.82,100458.00,12.00,0,0,0,0,,,-1.00,-1.00,-1.00,-1.00,-1.00,-114628.24
2022-12-08T13:13:05Z,"0002cc01000003e9","2250bca561fd39fc0517111495620b5b900a00000000000000ffffffffffffffffffffffff",3.62,,0.32,17,20.58,35.77,100393.00,5.00,0,0,0,0,,,-1.00,-1.00,-1.00,-1.00,-1.00,-114637.42
2022-12-08T13:19:02Z,"0002cc01000003e9","2250bca6c6fd39fc051711149262055b8ff000000000000000ffffffffffffffffffffffff",3.62,,0.32,17,20.57,35.77,100370.00,0.00,0,0,0,0,,,-1.00,-1.00,-1.00,-1.00,-1.00,-1.00
2022-12-08T13:24:57Z,"0002cc01000003e9","2250bca829fd39f40517111495620c5b9e0800000000000000ffffffffffffffffffffffff",3.62,,0.32,17,20.58,35.79,100397.00,32.00,0,0,0,0,,,-1.00,-1.00,-1.00,-1.00,-1.00,-114631.30
2022-12-08T13:30:54Z,"0002cc01000003e9","2250bca98efd39fc051711149862115b890d00000000000000ffffffffffffffffffffffff",3.62,,0.32,17,20.59,35.76,100416.00,13.00,0,0,0,0,,,-1.00,-1.00,-1.00,-1.00,-1.00,-1.00
2022-12-08T13:36:50Z,"0002cc01000003e9","2250bcaaf2fd39fc0517111498620c5b6d0800000000000000ffffffffffffffffffffffff",3.62,,0.32,17,20.59,35.71,100396.00,8.00,0,0,0,0,,,-1.00,-1.00,-1.00,-1.00,-1.00,-114640.48
2022-12-08T13:42:46Z,"0002cc01000003e9","2250bcac56fd39f8050f111495620e5b51f000000000000000ffffffffffffffffffffffff",3.62,,0.32,17,20.58,35.67,100406.00,0.00,0,0,0,0,,,-1.00,-1.00,-1.00,-1.00,-1.00,-114631.30
2022-12-08T13:48:42Z,"0002cc01000003e9","2250bcadbafd39fc0517111495620e5b3c0900000000000000ffffffffffffffffffffffff",3.62,,0.32,17,20.58,35.64,100406.00,18.00,0,0,0,0,,,-1.00,-1.00,-1.00,-1.00,-1.00,-1.00
2022-12-08T13:54:38Z,"0002cc01000003e9","2250bcaf1efd39fc051711149862115b27f000000000000000ffffffffffffffffffffffff",3.62,,0.32,17,20.59,35.61,100418.00,0.00,0,0,0,0,,,-1.00,-1.00,-1.00,-1.00,-1.00,-114631.32
2022-12-08T14:00:34Z,"0002cc01000003e9","2250bcb082fd39f8050f11149562125b190800000000000000ffffffffffffffffffffffff",3.62,,0.32,17,20.58,35.59,100423.00,16.00,0,0,0,0,,,-1.00,-1.00,-1.00,-1.00,-1.00,-114634.35
2022-12-08T14:06:30Z,"0002cc01000003e9","2250bcb1e6fd39fc051711149562125afd0c00000000000000ffffffffffffffffffffffff",3.62,,0.32,17,20.58,35.54,100422.00,6.00,0,0,0,0,,,-1.00,-1.00,-1.00,-1.00,-1.00,-1.00
2022-12-08T14:12:26Z,"0002cc01000003e9","2250bcb34afd39f40517111495620d5aef0a00000000000000ffffffffffffffffffffffff",3.62,,0.32,17,20.58,35.52,100402.00,10.00,0,0,0,0,,,-1.00,-1.00,-1.00,-1.00,-1.00,-1.00
2022-12-08T14:18:22Z,"0002cc01000003e9","2250bcb4aefd39fc0517111495620d5ae70c00000000000000ffffffffffffffffffffffff",3.62,,0.32,17,20.58,35.51,100400.00,12.00,0,0,0,0,,,-1.00,-1.00,-1.00,-1.00,-1.00,-1.00
2022-12-08T14:24:18Z,"0002cc01000003e9","2250bcb612fd39fc051711149062125ae00800000000000000ffffffffffffffffffffffff",3.62,,0.32,17,20.56,35.50,100421.00,4.00,0,0,0,0,,,-1.00,-1.00,-1.00,-1.00,-1.00,-1.00
2022-12-08T14:30:14Z,"0002cc01000003e9","2250bcb776fd39fc051711148d620c5ad80900000000000000ffffffffffffffffffffffff",3.62,,0.32,17,20.55,35.49,100396.00,9.00,0,0,0,0,,,-1.00,-1.00,-1.00,-1.00,-1.00,-1.00
2022-12-08T14:36:10Z,"0002cc01000003e9","2250bcb8dafd39f4051711148d62245adff000000000000000ffffffffffffffffffffffff",3.62,,0.32,17,20.55,35.50,100494.00,0.00,0,0,0,0,,,-1.00,-1.00,-1.00,-1.00,-1.00,-114622.13
2022-12-08T14:42:06Z,"0002cc01000003e9","2250bcba3efd39f4051711148d62275acb0f00000000000000ffffffffffffffffffffffff",3.62,,0.32,17,20.55,35.47,100507.00,15.00,0,0,0,0,,,-1.00,-1.00,-1.00,-1.00,-1.00,-1.00
2022-12-08T14:48:02Z,"0002cc01000003e9","2250bcbba2fd39fc0517111490622a5abc0800000000000000ffffffffffffffffffffffff",3.62,,0.32,17,20.56,35.44,100517.00,1.00,0,0,0,0,,,-1.00,-1.00,-1.00,-1.00,-1.00,-114640.48
2022-12-08T14:53:58Z,"0002cc01000003e9","2250bcbd06fd39f4051711149262195aa80a80000000000000ffffffffffffffffffffffff",3.62,,0.32,17,20.57,35.41,100448.00,21.00,0,0,0,0,,,-1.00,-1.00,-1.00,-1.00,-1.00,-114634.37
2022-12-08T14:59:54Z,"0002cc01000003e9","2250bcbe6afd39fc051711149561f45a85f000000000000000ffffffffffffffffffffffff",3.62,,0.32,17,20.58,35.36,100301.00,0.00,0,0,0,0,,,-1.00,-1.00,-1.00,-1.00,-1.00,-1.00
2022-12-08T15:05:50Z,"0002cc01000003e9","2250bcbfcefd39ec051711149861e05a7f0900000000000000ffffffffffffffffffffffff",3.62,,0.32,17,20.59,35.35,100221.00,18.00,0,0,0,0,,,-1.00,-1.00,-1.00,-1.00,-1.00,-114640.48
2022-12-08T15:11:46Z,"0002cc01000003e9","2250bcc132fd39fc051711149861e75a710900000000000000ffffffffffffffffffffffff",3.62,,0.32,17,20.59,35.33,100250.00,18.00,0,0,0,0,,,-1.00,-1.00,-1.00,-1.00,-1.00,-1.00
2022-12-08T15:17:42Z,"0002cc01000003e9","2250bcc296fd39f4051f11149861f15a860b80000000000000ffffffffffffffffffffffff",3.62,,0.32,17,20.59,35.36,100291.00,46.00,0,0,0,0,,,-1.00,-1.00,-1.00,-1.00,-1.00,-114628.24
2022-12-08T15:23:38Z,"0002cc01000003e9","2250bcc3fafd39fc051711149861f95a860800000000000000ffffffffffffffffffffffff",3.62,,0.32,17,20.59,35.36,100323.00,2.00,0,0,0,0,,,-1.00,-1.00,-1.00,-1.00,-1.00,-114631.30
2022-12-08T15:29:35Z,"0002cc01000003e9","2250bcc55ffd39ec050f11149a61fe5a790c00000000000000ffffffffffffffffffffffff",3.62,,0.32,17,20.60,35.34,100340.00,6.00,0,0,0,0,,,-1.00,-1.00,-1.00,-1.00,-1.00,-1.00
2022-12-08T15:35:30Z,"0002cc01000003e9","2250bcc6c2fd39fc050f11149d62055a790a80000000000000ffffffffffffffffffffffff",3.62,,0.32,17,20.61,35.34,100371.00,21.00,0,0,0,0,,,-1.00,-1.00,-1.00,-1.00,-1.00,-114628.24
2022-12-08T15:41:27Z,"0002cc01000003e9","2250bcc827fd39f4051711149a61f85a790d80000000000000ffffffffffffffffffffffff",3.62,,0.32,17,20.60,35.34,100318.00,27.00,0,0,0,0,,,-1.00,-1.00,-1.00,-1.00,-1.00,-1.00
2022-12-08T15:47:23Z,"0002cc01000003e9","2250bcc98bfd39f8050f11149d61ff5a800e80000000000000ffffffffffffffffffffffff",3.62,,0.32,17,20.61,35.35,100346.00,29.00,0,0,0,0,,,-1.00,-1.00,-1.00,-1.00,-1.00,-114628.23
2022-12-08T15:53:19Z,"0002cc01000003e9","2250bccaeffd39ec05171114a262075a880f00000000000000ffffffffffffffffffffffff",3.62,,0.32,17,20.63,35.36,100379.00,30.00,0,0,0,0,,,-1.00,-1.00,-1.00,-1.00,-1.00,-1.00
2022-12-08T15:59:15Z,"0002cc01000003e9","2250bccc53fd39f405171114a4620a5a7bf000000000000000ffffffffffffffffffffffff",3.62,,0.32,17,20.64,35.34,100389.00,0.00,0,0,0,0,,,-1.00,-1.00,-1.00,-1.00,-1.00,-1.00
2022-12-08T16:05:11Z,"0002cc01000003e9","2250bccdb7fd39f805171114a4620e5a740800000000000000ffffffffffffffffffffffff",3.62,,0.32,17,20.64,35.33,100404.00,16.00,0,0,0,0,,,-1.00,-1.00,-1.00,-1.00,-1.00,-114631.30
2022-12-08T16:11:07Z,"0002cc01000003e9","2250bccf1bfd39f805171114a7620f5a660c00000000000000ffffffffffffffffffffffff",3.62,,0.32,17,20.65,35.31,100408.00,24.00,0,0,0,0,,,-1.00,-1.00,-1.00,-1.00,-1.00,-115320.73
2022-12-08T16:17:03Z,"0002cc01000003e9","2250bcd07ffd39fc05171114a7620b5a670980000000000000ffffffffffffffffffffffff",3.62,,0.32,17,20.65,35.31,100392.00,38.00,0,0,0,0,,,-1.00,-1.00,-1.00,-1.00,-1.00,-1.00
2022-12-08T16:22:59Z,"0002cc01000003e9","2250bcd1e3fd39fc05171114a762115a820f00000000000000ffffffffffffffffffffffff",3.62,,0.32,17,20.65,35.36,100416.00,30.00,0,0,0,0,,,-1.00,-1.00,-1.00,-1.00,-1.00,-114622.11
2022-12-08T16:28:55Z,"0002cc01000003e9","2250bcd347fd39f8050f1114a762105a97f000000000000000ffffffffffffffffffffffff",3.62,,0.32,17,20.65,35.39,100413.00,0.00,0,0,0,0,,,-1.00,-1.00,-1.00,-1.00,-1.00,-1.00
2022-12-08T16:34:51Z,"0002cc01000003e9","2250bcd4abfd39fc05171114a762135aac0c00000000000000ffffffffffffffffffffffff",3.62,,0.32,17,20.65,35.42,100426.00,12.00,0,0,0,0,,,-1.00,-1.00,-1.00,-1.00,-1.00,-114631.30
2022-12-08T16:40:47Z,"0002cc01000003e9","2250bcd60ffd39fc05171114a9620d5ac2f000000000000000ffffffffffffffffffffffff",3.62,,0.32,17,20.66,35.45,100401.00,0.00,0,0,0,0,,,-1.00,-1.00,-1.00,-1.00,-1.00,-1.00
2022-12-08T16:46:43Z,"0002cc01000003e9","2250bcd773fd39f8050f1114a9620a5ad70900000000000000ffffffffffffffffffffffff",3.62,,0.32,17,20.66,35.48,100390.00,18.00,0,0,0,0,,,-1.00,-1.00,-1.00,-1.00,-1.00,-1.00
2022-12-08T16:52:39Z,"0002cc01000003e9","2250bcd8d7fd39f805171114a9620d5ae50e00000000000000ffffffffffffffffffffffff",3.62,,0.32,17,20.66,35.51,100401.00,7.00,0,0,0,0,,,-1.00,-1.00,-1.00,-1.00,-1.00,-1.00
2022-12-08T16:58:35Z,"0002cc01000003e9","2250bcda3bfd39f805171114a9620d5b070f00000000000000ffffffffffffffffffffffff",3.62,,0.32,17,20.66,35.56,100401.00,15.00,0,0,0,0,,,-1.00,-1.00,-1.00,-1.00,-1.00,-1.00
2022-12-08T17:04:31Z,"0002cc01000003e9","2250bcdb9ffd39f4050f1114ac62105b0f0900000000000000ffffffffffffffffffffffff",3.62,,0.32,17,20.67,35.57,100415.00,18.00,0,0,0,0,,,-1.00,-1.00,-1.00,-1.00,-1.00,-114631.29
2022-12-08T17:10:27Z,"0002cc01000003e9","2250bcdd03fd39f805171114af62135b170c00000000000000ffffffffffffffffffffffff",3.62,,0.32,17,20.68,35.58,100424.00,12.00,0,0,0,0,,,-1.00,-1.00,-1.00,-1.00,-1.00,-1.00
2022-12-08T17:16:23Z,"0002cc01000003e9","2250bcde67fd39f805171114af620c5b1e0b00000000000000ffffffffffffffffffffffff",3.62,,0.32,17,20.68,35.59,100396.00,11.00,0,0,0,0,,,-1.00,-1.00,-1.00,-1.00,-1.00,-114619.07
2022-12-08T17:22:20Z,"0002cc01000003e9","2250bcdfccfd39f8050f1114af62125b330c00000000000000ffffffffffffffffffffffff",3.62,,0.32,17,20.68,35.63,100422.00,6.00,0,0,0,0,,,-1.00,-1.00,-1.00,-1.00,-1.00,-1.00
2022-12-08T17:28:15Z,"0002cc01000003e9","2250bce12ffd39ec05171114ac620d5b470b80000000000000ffffffffffffffffffffffff",3.62,,0.32,17,20.67,35.66,100400.00,23.00,0,0,0,0,,,-1.00,-1.00,-1.00,-1.00,-1.00,-115314.54
2022-12-08T17:34:12Z,"0002cc01000003e9","2250bce294fd39f8050f1114a962065b5c0880000000000000ffffffffffffffffffffffff",3.62,,0.32,17,20.66,35.69,100374.00,17.00,0,0,0,0,,,-1.00,-1.00,-1.00,-1.00,-1.00,-1.00
2022-12-08T17:40:07Z,"0002cc01000003e9","2250bce3f7fd39f805171114ac62045b710b00000000000000ffffffffffffffffffffffff",3.62,,0.32,17,20.67,35.72,100365.00,22.00,0,0,0,0,,,-1.00,-1.00,-1.00,-1.00,-1.00,-115308.34
2022-12-08T17:46:04Z,"0002cc01000003e9","2250bce55cfd39f805171114af62005b790b80000000000000ffffffffffffffffffffffff",3.62,,0.32,17,20.68,35.73,100349.00,23.00,0,0,0,0,,,-1.00,-1.00,-1.00,-1.00,-1.00,-1.00
2022-12-08T17:52:00Z,"0002cc01000003e9","2250bce6c0fd39f405171114b161fb5b950f00000000000000ffffffffffffffffffffffff",3.62,,0.32,17,20.69,35.77,100329.00,15.00,0,0,0,0,,,-1.00,-1.00,-1.00,-1.00,-1.00,-115314.54
2022-12-08T17:57:56Z,"0002cc01000003e9","2250bce824fd39ec050f1114b161f85bbf0d80000000000000ffffffffffffffffffffffff",3.62,,0.32,17,20.69,35.84,100316.00,27.00,0,0,0,0,,,-1.00,-1.00,-1.00,-1.00,-1.00,-1.00
2022-12-08T18:03:52Z,"0002cc01000003e9","2250bce988fd39f8050f1114af61f55be90840000000000000ffffffffffffffffffffffff",3.62,,0.32,17,20.68,35.90,100306.00,33.00,0,0,0,0,,,-1.00,-1.00,-1.00,-1.00,-1.00,-114634.35
2022-12-08T18:09:48Z,"0002cc01000003e9","2250bceaecfd39ec051f1114b161f25c0c0900000000000000ffffffffffffffffffffffff",3.62,,0.32,17,20.69,35.96,100295.00,18.00,0,0,0,0,,,-1.00,-1.00,-1.00,-1.00,-1.00,-1.00
2022-12-08T18:15:44Z,"0002cc01000003e9","2250bcec50fd39f805171114b161ee5c2f0b80000000000000ffffffffffffffffffffffff",3.62,,0.32,17,20.69,36.01,100276.00,46.00,0,0,0,0,,,-1.00,-1.00,-1.00,-1.00,-1.00,-114640.47
2022-12-08T18:21:40Z,"0002cc01000003e9","2250bcedb4fd39f805171114b161e95c600d00000000000000ffffffffffffffffffffffff",3.62,,0.32,17,20.69,36.08,100258.00,26.00,0,0,0,0,,,-1.00,-1.00,-1.00,-1.00,-1.00,-1.00
2022-12-08T18:27:36Z,"0002cc01000003e9","2250bcef18fd39f805171114b161e75c910e00000000000000ffffffffffffffffffffffff",3.62,,0.32,17,20.69,36.16,100248.00,14.00,0,0,0,0,,,-1.00,-1.00,-1.00,-1.00,-1.00,-114631.29
2022-12-08T18:33:32Z,"0002cc01000003e9","2250bcf07cfd39ec05171114b161e75ca60f00000000000000ffffffffffffffffffffffff",3.62,,0.32,17,20.69,36.19,100251.00,30.00,0,0,0,0,,,-1.00,-1.00,-1.00,-1.00,-1.00,-1.00
2022-12-08T18:39:28Z,"0002cc01000003e9","2250bcf1e0fd39f805171114b161e75cb50b80000000000000ffffffffffffffffffffffff",3.62,,0.32,17,20.69,36.21,100251.00,23.00,0,0,0,0,,,-1.00,-1.00,-1.00,-1.00,-1.00,-1.00
2022-12-08T18:45:24Z,"0002cc01000003e9","2250bcf344fd39f805171114b461e85cd00980000000000000ffffffffffffffffffffffff",3.62,,0.32,17,20.70,36.26,100252.00,38.00,0,0,0,0,,,-1.00,-1.00,-1.00,-1.00,-1.00,-114637.41
2022-12-08T18:51:20Z,"0002cc01000003e9","2250bcf4a8fd39ec05171114b461e85ce60a80000000000000ffffffffffffffffffffffff",3.62,,0.32,17,20.70,36.29,100255.00,42.00,0,0,0,0,,,-1.00,-1.00,-1.00,-1.00,-1.00,-1.00
2022-12-08T18:57:16Z,"0002cc01000003e9","2250bcf60cfd39f8050f1114b161e75d170d00000000000000ffffffffffffffffffffffff",3.62,,0.32,17,20.69,36.36,100250.00,26.00,0,0,0,0,,,-1.00,-1.00,-1.00,-1.00,-1.00,-114628.24
2022-12-08T19:03:12Z,"0002cc01000003e9","2250bcf770fd39f8050f1114b161e65d160b00000000000000ffffffffffffffffffffffff",3.62,,0.32,17,20.69,36.36,100245.00,44.00,0,0,0,0,,,-1.00,-1.00,-1.00,-1.00,-1.00,-1.00
2022-12-08T19:09:08Z,"0002cc01000003e9","2250bcf8d4fd39f8051f1114b161e65d2b0880000000000000ffffffffffffffffffffffff",3.62,,0.32,17,20.69,36.39,100246.00,17.00,0,0,0,0,,,-1.00,-1.00,-1.00,-1.00,-1.00,-115311.45
2022-12-08T19:15:04Z,"0002cc01000003e9","2250bcfa38fd39f8050f1114b461ea5d4e0980000000000000ffffffffffffffffffffffff",3.62,,0.32,17,20.70,36.45,100260.00,38.00,0,0,0,0,,,-1.00,-1.00,-1.00,-1.00,-1.00,-114625.17
2022-12-08T19:21:00Z,"0002cc01000003e9","2250bcfb9cfd39f8050f1114b461e95d6b0900000000000000ffffffffffffffffffffffff",3.62,,0.32,17,20.70,36.49,100259.00,18.00,0,0,0,0,,,-1.00,-1.00,-1.00,-1.00,-1.00,-1.00
2022-12-08T19:26:56Z,"0002cc01000003e9","2250bcfd00fd39f8050f1114b161e75d9b0c00000000000000ffffffffffffffffffffffff",3.62,,0.32,17,20.69,36.56,100250.00,3.00,0,0,0,0,,,-1.00,-1.00,-1.00,-1.00,-1.00,-114622.13
2022-12-08T19:32:53Z,"0002cc01000003e9","2250bcfe65fd39f805171114b161e65dcc0b80000000000000ffffffffffffffffffffffff",3.62,,0.32,17,20.69,36.64,100246.00,23.00,0,0,0,0,,,-1.00,-1.00,-1.00,-1.00,-1.00,-1.00
2022-12-08T19:38:48Z,"0002cc01000003e9","2250bcffc8fd39ec050f1114af61e45de00a00000000000000ffffffffffffffffffffffff",3.62,,0.32,17,20.68,36.67,100238.00,5.00,0,0,0,0,,,-1.00,-1.00,-1.00,-1.00,-1.00,-115320.73
2022-12-08T19:44:45Z,"0002cc01000003e9","2250bd012dfd39ec050f1114af61e35df60c80000000000000ffffffffffffffffffffffff",3.62,,0.32,17,20.68,36.70,100233.00,25.00,0,0,0,0,,,-1.00,-1.00,-1.00,-1.00,-1.00,-1.00
2022-12-08T19:50:41Z,"0002cc01000003e9","2250bd0291fd39f805171114b161e25e270f00000000000000ffffffffffffffffffffffff",3.62,,0.32,17,20.69,36.78,100229.00,30.00,0,0,0,0,,,-1.00,-1.00,-1.00,-1.00,-1.00,-115323.82
2022-12-08T19:56:37Z,"0002cc01000003e9","2250bd03f5fd39f4050f1114b161e25e51f000000000000000ffffffffffffffffffffffff",3.62,,0.32,17,20.69,36.84,100228.00,0.00,0,0,0,0,,,-1.00,-1.00,-1.00,-1.00,-1.00,-114631.29
2022-12-08T20:02:33Z,"0002cc01000003e9","2250bd0559fd39f8050f1114af61e15e7b0840000000000000ffffffffffffffffffffffff",3.62,,0.32,17,20.68,36.91,100224.00,33.00,0,0,0,0,,,-1.00,-1.00,-1.00,-1.00,-1.00,-1.00
2022-12-08T20:08:29Z,"0002cc01000003e9","2250bd06bdfd39f8050f1114af61e05eac0980000000000000ffffffffffffffffffffffff",3.62,,0.32,17,20.68,36.98,100221.00,19.00,0,0,0,0,,,-1.00,-1.00,-1.00,-1.00,-1.00,-1.00
2022-12-08T20:14:25Z,"0002cc01000003e9","2250bd0821fd39f8050f1114b161e05eba0980000000000000ffffffffffffffffffffffff",3.62,,0.32,17,20.69,37.00,100221.00,19.00,0,0,0,0,,,-1.00,-1.00,-1.00,-1.00,-1.00,-1.00
2022-12-08T20:20:21Z,"0002cc01000003e9","2250bd0985fd39f8050f1114b161df5ecf0940000000000000ffffffffffffffffffffffff",3.62,,0.32,17,20.69,37.04,100219.00,37.00,0,0,0,0,,,-1.00,-1.00,-1.00,-1.00,-1.00,-1.00
2022-12-08T20:26:17Z,"0002cc01000003e9","2250bd0ae9fd39f8050f1114b461df5ef30880000000000000ffffffffffffffffffffffff",3.62,,0.32,17,20.70,37.09,100216.00,17.00,0,0,0,0,,,-1.00,-1.00,-1.00,-1.00,-1.00,-1.00
2022-12-08T20:32:13Z,"0002cc01000003e9","2250bd0c4dfd39f405171114b661de5f1c0800000000000000ffffffffffffffffffffffff",3.62,,0.32,17,20.71,37.15,100212.00,1.00,0,0,0,0,,,-1.00,-1.00,-1.00,-1.00,-1.00,-115317.63
2022-12-08T20:38:09Z,"0002cc01000003e9","2250bd0db1fd39f805171114b661de5f39f000000000000000ffffffffffffffffffffffff",3.62,,0.32,17,20.71,37.20,100213.00,0.00,0,0,0,0,,,-1.00,-1.00,-1.00,-1.00,-1.00,-114634.37
2022-12-08T20:44:05Z,"0002cc01000003e9","2250bd0f15fd39f8050f1114b961df5f630800000000000000ffffffffffffffffffffffff",3.62,,0.32,17,20.72,37.26,100219.00,16.00,0,0,0,0,,,-1.00,-1.00,-1.00,-1.00,-1.00,-114631.29
2022-12-08T20:50:01Z,"0002cc01000003e9","2250bd1079fd39ec05171114b961dc5f710e00000000000000ffffffffffffffffffffffff",3.62,,0.32,17,20.72,37.28,100207.00,28.00,0,0,0,0,,,-1.00,-1.00,-1.00,-1.00,-1.00,-1.00
2022-12-08T20:55:57Z,"0002cc01000003e9","2250bd11ddfd39f805171114bb61dc5f8e0900000000000000ffffffffffffffffffffffff",3.62,,0.32,17,20.73,37.33,100205.00,18.00,0,0,0,0,,,-1.00,-1.00,-1.00,-1.00,-1.00,-114634.35
2022-12-08T21:01:53Z,"0002cc01000003e9","2250bd1341fd39f8050f1114bb61dc5fb10c80000000000000ffffffffffffffffffffffff",3.62,,0.32,17,20.73,37.38,100204.00,25.00,0,0,0,0,,,-1.00,-1.00,-1.00,-1.00,-1.00,-1.00
2022-12-08T21:07:49Z,"0002cc01000003e9","2250bd14a5fd39f805171114bb61da5fcc0d80000000000000ffffffffffffffffffffffff",3.62,,0.32,17,20.73,37.42,100199.00,27.00,0,0,0,0,,,-1.00,-1.00,-1.00,-1.00,-1.00,-114634.35
2022-12-08T21:13:45Z,"0002cc01000003e9","2250bd1609fd39ec05171114be61db5fe90a00000000000000ffffffffffffffffffffffff",3.62,,0.32,17,20.74,37.47,100200.00,10.00,0,0,0,0,,,-1.00,-1.00,-1.00,-1.00,-1.00,-1.00
2022-12-08T21:19:41Z,"0002cc01000003e9","2250bd176dfd39ec050f1114be61db5ffe0d00000000000000ffffffffffffffffffffffff",3.62,,0.32,17,20.74,37.50,100202.00,13.00,0,0,0,0,,,-1.00,-1.00,-1.00,-1.00,-1.00,-1.00
2022-12-08T21:25:37Z,"0002cc01000003e9","2250bd18d1fd39f8051f1114c161dc60370980000000000000ffffffffffffffffffffffff",3.62,,0.32,17,20.75,37.58,100206.00,19.00,0,0,0,0,,,-1.00,-1.00,-1.00,-1.00,-1.00,-114622.13
2022-12-08T21:31:33Z,"0002cc01000003e9","2250bd1a35fd39ec05171114bb61de602ff000000000000000ffffffffffffffffffffffff",3.62,,0.32,17,20.73,37.57,100213.00,0.00,0,0,0,0,,,-1.00,-1.00,-1.00,-1.00,-1.00,-1.00
2022-12-08T21:37:29Z,"0002cc01000003e9","2250bd1b99fd39ec050f1114bb61de602f0a00000000000000ffffffffffffffffffffffff",3.62,,0.32,17,20.73,37.57,100212.00,5.00,0,0,0,0,,,-1.00,-1.00,-1.00,-1.00,-1.00,-1.00
2022-12-08T21:43:25Z,"0002cc01000003e9","2250bd1cfdfd39f8050f1114b961e0602e0f00000000000000ffffffffffffffffffffffff",3.62,,0.32,17,20.72,37.57,100222.00,15.00,0,0,0,0,,,-1.00,-1.00,-1.00,-1.00,-1.00,-1.00
2022-12-08T21:49:22Z,"0002cc01000003e9","2250bd1e62fd39fc050f1114b961df60350900000000000000ffffffffffffffffffffffff",3.62,,0.32,17,20.72,37.58,100217.00,9.00,0,0,0,0,,,-1.00,-1.00,-1.00,-1.00,-1.00,-115311.45
2022-12-08T21:55:17Z,"0002cc01000003e9","2250bd1fc5fd39ec050f1114b961de60600d80000000000000ffffffffffffffffffffffff",3.62,,0.32,17,20.72,37.65,100215.00,27.00,0,0,0,0,,,-1.00,-1.00,-1.00,-1.00,-1.00,-114634.35
2022-12-08T22:01:14Z,"0002cc01000003e9","2250bd212afd39f805171114b661dd60660b80000000000000ffffffffffffffffffffffff",3.62,,0.32,17,20.71,37.66,100208.00,23.00,0,0,0,0,,,-1.00,-1.00,-1.00,-1.00,-1.00,-1.00
2022-12-08T22:07:10Z,"0002cc01000003e9","2250bd228efd39f405171114b461db60730a00000000000000ffffffffffffffffffffffff",3.62,,0.32,17,20.70,37.68,100203.00,5.00,0,0,0,0,,,-1.00,-1.00,-1.00,-1.00,-1.00,-114622.13
2022-12-08T22:13:06Z,"0002cc01000003e9","2250bd23f2fd39ec050f1114b661dd607b0e00000000000000ffffffffffffffffffffffff",3.62,,0.32,17,20.71,37.69,100208.00,7.00,0,0,0,0,,,-1.00,-1.00,-1.00,-1.00,-1.00,-1.00
2022-12-08T22:19:02Z,"0002cc01000003e9","2250bd2556fd39f805171114b661db60890900000000000000ffffffffffffffffffffffff",3.62,,0.32,17,20.71,37.71,100200.00,18.00,0,0,0,0,,,-1.00,-1.00,-1.00,-1.00,-1.00,-115299.05
2022-12-08T22:24:58Z,"0002cc01000003e9","2250bd26bafd39ec050f1114b661dd609e0f80000000000000ffffffffffffffffffffffff",3.62,,0.32,17,20.71,37.74,100209.00,31.00,0,0,0,0,,,-1.00,-1.00,-1.00,-1.00,-1.00,-1.00
2022-12-08T22:30:54Z,"0002cc01000003e9","2250bd281efd39ec050f1114b661df60c70980000000000000ffffffffffffffffffffffff",3.62,,0.32,17,20.71,37.80,100216.00,19.00,0,0,0,0,,,-1.00,-1.00,-1.00,-1.00,-1.00,-115317.63
2022-12-08T22:36:50Z,"0002cc01000003e9","2250bd2982fd39f805171114b661df60c0f000000000000000ffffffffffffffffffffffff",3.62,,0.32,17,20.71,37.79,100217.00,0.00,0,0,0,0,,,-1.00,-1.00,-1.00,-1.00,-1.00,-115311.44
2022-12-08T22:42:46Z,"0002cc01000003e9","2250bd2ae6fd39f805171114b661de60ce0800000000000000ffffffffffffffffffffffff",3.62,,0.32,17,20.71,37.82,100212.00,8.00,0,0,0,0,,,-1.00,-1.00,-1.00,-1.00,-1.00,-114628.23
2022-12-08T22:48:42Z,"0002cc01000003e9","2250bd2c4afd39f805171114b661db60c7f000000000000000ffffffffffffffffffffffff",3.62,,0.32,17,20.71,37.80,100203.00,0.00,0,0,0,0,,,-1.00,-1.00,-1.00,-1.00,-1.00,-1.00
2022-12-08T22:54:38Z,"0002cc01000003e9","2250bd2daefd39ec050f1114b661d960d50c00000000000000ffffffffffffffffffffffff",3.62,,0.32,17,20.71,37.83,100195.00,12.00,0,0,0,0,,,-1.00,-1.00,-1.00,-1.00,-1.00,-114637.41
2022-12-08T23:00:34Z,"0002cc01000003e9","2250bd2f12fd39f805171114b961db60d6f000000000000000ffffffffffffffffffffffff",3.62,,0.32,17,20.72,37.83,100203.00,0.00,0,0,0,0,,,-1.00,-1.00,-1.00,-1.00,-1.00,-1.00
2022-12-08T23:06:30Z,"0002cc01000003e9","2250bd3076fd39f805171114b961d860e40a00000000000000ffffffffffffffffffffffff",3.62,,0.32,17,20.72,37.85,100190.00,20.00,0,0,0,0,,,-1.00,-1.00,-1.00,-1.00,-1.00,-114622.13
2022-12-08T23:12:26Z,"0002cc01000003e9","2250bd31dafd39f8050f1114b961da60f20a00000000000000ffffffffffffffffffffffff",3.62,,0.32,17,20.72,37.87,100197.00,5.00,0,0,0,0,,,-1.00,-1.00,-1.00,-1.00,-1.00,-1.00
2022-12-08T23:18:22Z,"0002cc01000003e9","2250bd333efd39f8050f1114b961df6100f000000000000000ffffffffffffffffffffffff",3.62,,0.32,17,20.72,37.89,100216.00,0.00,0,0,0,0,,,-1.00,-1.00,-1.00,-1.00,-1.00,-115314.54
2022-12-08T23:24:18Z,"0002cc01000003e9","2250bd34a2fd39f805171114bb61e0610f0e00000000000000ffffffffffffffffffffffff",3.62,,0.32,17,20.73,37.91,100222.00,14.00,0,0,0,0,,,-1.00,-1.00,-1.00,-1.00,-1.00,-1.00
2022-12-08T23:30:14Z,"0002cc01000003e9","2250bd3606fd39ec05171114bb61df612b0e00000000000000ffffffffffffffffffffffff",3.62,,0.32,17,20.73,37.96,100217.00,7.00,0,0,0,0,,,-1.00,-1.00,-1.00,-1.00,-1.00,-115305.25
2022-12-08T23:36:10Z,"0002cc01000003e9","2250bd376afd39f8050f1114b961e161690a00000000000000ffffffffffffffffffffffff",3.62,,0.32,17,20.72,38.05,100226.00,5.00,0,0,0,0,,,-1.00,-1.00,-1.00,-1.00,-1.00,-1.00
2022-12-08T23:42:06Z,"0002cc01000003e9","2250bd38cefd39f8050f1114b961df61770800000000000000ffffffffffffffffffffffff",3.62,,0.32,17,20.72,38.07,100217.00,16.00,0,0,0,0,,,-1.00,-1.00,-1.00,-1.00,-1.00,-1.00
2022-12-08T23:48:02Z,"0002cc01000003e9","2250bd3a32fd39f405171114b961e26185f000000000000000ffffffffffffffffffffffff",3.62,,0.32,17,20.72,38.09,100228.00,0.00,0,0,0,0,,,-1.00,-1.00,-1.00,-1.00,-1.00,-1.00
2022-12-08T23:53:58Z,"0002cc01000003e9","2250bd3b96fd39ec05171114bb61e3618d0800000000000000ffffffffffffffffffffffff",3.62,,0.32,17,20.73,38.11,100232.00,2.00,0,0,0,0,,,-1.00,-1.00,-1.00,-1.00,-1.00,-1.00
2022-12-08T23:59:54Z,"0002cc01000003e9","2250bd3cfafd39f8050f1114bb61de619bf000000000000000ffffffffffffffffffffffff",3.62,,0.32,17,20.73,38.13,100212.00,0.00,0,0,0,0,,,-1.00,-1.00,-1.00,-1.00,-1.00,-115299.05
