Time,DevEUI,Raw,Vbat,Vsystem,Vbus,BootCount,T,RH,P,Light,P[0].delta,P[0].total,P[1].delta,P[1].total,Act[7],Act[6],Act[5],Act[4],Act[3],Act[2],Act[1],Act[0]
2022-12-28T00:02:51Z,"0002cc01000003e9","2250d64a2bfd37cf04c9111508614f2804f000000000000000ffffffffffffffffffffffff",3.49,,0.30,17,21.03,15.63,99642.00,0.00,0,0,0,0,,,-1.00,-1.00,-1.00,-1.00,-1.00,-1.00
2022-12-28T00:08:47Z,"0002cc01000003e9","2250d64b8ffd37cf04c911150b614e28190a00000000000000ffffffffffffffffffffffff",3.49,,0.30,17,21.04,15.66,99637.00,5.00,0,0,0,0,,,-1.00,-1.00,-1.00,-1.00,-1.00,-1.00
2022-12-28T00:14:43Z,"0002cc01000003e9","2250d64cf3fd37c304d111150d614f282f0c80000000000000ffffffffffffffffffffffff",3.48,,0.30,17,21.05,15.70,99641.00,25.00,0,0,0,0,,,-1.00,-1.00,-1.00,-1.00,-1.00,-1.00
2022-12-28T00:20:39Z,"0002cc01000003e9","2250d64e57fd37d804d511151261502852f000000000000000ffffffffffffffffffffffff",3.49,,0.30,17,21.07,15.75,99644.00,0.00,0,0,0,0,,,-1.00,-1.00,-1.00,-1.00,-1.00,-1.00
2022-12-28T00:26:35Z,"0002cc01000003e9","2250d64fbbfd37c304c51115156150286f0f00000000000000ffffffffffffffffffffffff",3.48,,0.30,17,21.08,15.79,99646.00,15.00,0,0,0,0,,,-1.00,-1.00,-1.00,-1.00,-1.00,-1.00
2022-12-28T00:32:31Z,"0002cc01000003e9","2250d6511ffd37c704c9111518614e288bf000000000000000ffffffffffffffffffffffff",3.49,,0.30,17,21.09,15.84,99637.00,0.00,0,0,0,0,,,-1.00,-1.00,-1.00,-1.00,-1.00,-1.00
2022-12-28T00:38:27Z,"0002cc01000003e9","2250d65283fd37c704c911151a614a28a80a80000000000000ffffffffffffffffffffffff",3.49,,0.30,17,21.10,15.88,99621.00,21.00,0,0,0,0,,,-1.00,-1.00,-1.00,-1.00,-1.00,-1.00
2022-12-28T00:44:23Z,"0002cc01000003e9","2250d653e7fd37c704d111151d614a28c40a00000000000000ffffffffffffffffffffffff",3.49,,0.30,17,21.11,15.92,99622.00,5.00,0,0,0,0,,,-1.00,-1.00,-1.00,-1.00,-1.00,-1.00
2022-12-28T00:50:19Z,"0002cc01000003e9","2250d6554bfd37c704c911151f614d28f60c00000000000000ffffffffffffffffffffffff",3.49,,0.30,17,21.12,16.00,99633.00,12.00,0,0,0,0,,,-1.00,-1.00,-1.00,-1.00,-1.00,-1.00
2022-12-28T00:56:15Z,"0002cc01000003e9","2250d656affd37d804c911151f614929190e00000000000000ffffffffffffffffffffffff",3.49,,0.30,17,21.12,16.05,99617.00,7.00,0,0,0,0,,,-1.00,-1.00,-1.00,-1.00,-1.00,-1.00
2022-12-28T01:02:11Z,"0002cc01000003e9","2250d65813fd37cf04c911151f6148292ff000000000000000ffffffffffffffffffffffff",3.49,,0.30,17,21.12,16.09,99612.00,0.00,0,0,0,0,,,-1.00,-1.00,-1.00,-1.00,-1.00,-1.00
2022-12-28T01:08:07Z,"0002cc01000003e9","2250d65977fd37cf04c911151f614729200a00000000000000ffffffffffffffffffffffff",3.49,,0.30,17,21.12,16.07,99609.00,20.00,0,0,0,0,,,-1.00,-1.00,-1.00,-1.00,-1.00,-1.00
2022-12-28T01:14:03Z,"0002cc01000003e9","2250d65adbfd37c704c911152261452919f000000000000000ffffffffffffffffffffffff",3.49,,0.30,17,21.13,16.05,99603.00,0.00,0,0,0,0,,,-1.00,-1.00,-1.00,-1.00,-1.00,-1.00
2022-12-28T01:19:59Z,"0002cc01000003e9","2250d65c3ffd37cf04c911151f6146290b0c80000000000000ffffffffffffffffffffffff",3.49,,0.30,17,21.12,16.03,99604.00,25.00,0,0,0,0,,,-1.00,-1.00,-1.00,-1.00,-1.00,-1.00
2022-12-28T01:25:56Z,"0002cc01000003e9","2250d65da4fd37cf04c511151d614729040e00000000000000ffffffffffffffffffffffff",3.49,,0.30,17,21.11,16.02,99610.00,28.00,0,0,0,0,,,-1.00,-1.00,-1.00,-1.00,-1.00,-1.00
2022-12-28T01:31:52Z,"0002cc01000003e9","2250d65f08fd37cf04c911151a614928fdf000000000000000ffffffffffffffffffffffff",3.49,,0.30,17,21.10,16.01,99617.00,0.00,0,0,0,0,,,-1.00,-1.00,-1.00,-1.00,-1.00,-1.00
2022-12-28T01:37:48Z,"0002cc01000003e9","2250d6606cfd37cf04c5111518614928f60d00000000000000ffffffffffffffffffffffff",3.49,,0.30,17,21.09,16.00,99619.00,13.00,0,0,0,0,,,-1.00,-1.00,-1.00,-1.00,-1.00,-1.00
2022-12-28T01:43:44Z,"0002cc01000003e9","2250d661d0fd37cf04d1111515614828ee0e00000000000000ffffffffffffffffffffffff",3.49,,0.30,17,21.08,15.99,99615.00,14.00,0,0,0,0,,,-1.00,-1.00,-1.00,-1.00,-1.00,-1.00
2022-12-28T01:49:40Z,"0002cc01000003e9","2250d66334fd37c704c9111512614728edf000000000000000ffffffffffffffffffffffff",3.49,,0.30,17,21.07,15.99,99611.00,0.00,0,0,0,0,,,-1.00,-1.00,-1.00,-1.00,-1.00,-1.00
2022-12-28T01:55:36Z,"0002cc01000003e9","2250d66498fd37c704c9111510614528e6f000000000000000ffffffffffffffffffffffff",3.49,,0.30,17,21.06,15.98,99600.00,0.00,0,0,0,0,,,-1.00,-1.00,-1.00,-1.00,-1.00,-1.00
2022-12-28T02:01:32Z,"0002cc01000003e9","2250d665fcfd37c704c911150b614528edf000000000000000ffffffffffffffffffffffff",3.49,,0.30,17,21.04,15.99,99603.00,0.00,0,0,0,0,,,-1.00,-1.00,-1.00,-1.00,-1.00,-1.00
2022-12-28T02:07:28Z,"0002cc01000003e9","2250d66760fd37c704c9111506614728e60800000000000000ffffffffffffffffffffffff",3.49,,0.30,17,21.02,15.98,99610.00,2.00,0,0,0,0,,,-1.00,-1.00,-1.00,-1.00,-1.00,-1.00
2022-12-28T02:13:24Z,"0002cc01000003e9","2250d668c4fd37c704c9111503614528ec0c00000000000000ffffffffffffffffffffffff",3.49,,0.30,17,21.01,15.99,99603.00,12.00,0,0,0,0,,,-1.00,-1.00,-1.00,-1.00,-1.00,-1.00
2022-12-28T02:19:20Z,"0002cc01000003e9","2250d66a28fd37c304c5111501614428ec0f80000000000000ffffffffffffffffffffffff",3.48,,0.30,17,21.00,15.99,99597.00,31.00,0,0,0,0,,,-1.00,-1.00,-1.00,-1.00,-1.00,-1.00
2022-12-28T02:25:16Z,"0002cc01000003e9","2250d66b8cfd37cf04d11114fb614128eb0c00000000000000ffffffffffffffffffffffff",3.49,,0.30,17,20.98,15.98,99586.00,3.00,0,0,0,0,,,-1.00,-1.00,-1.00,-1.00,-1.00,-1.00
2022-12-28T02:31:12Z,"0002cc01000003e9","2250d66cf0fd37c704c91114f9614328f2f000000000000000ffffffffffffffffffffffff",3.49,,0.30,17,20.97,16.00,99593.00,0.00,0,0,0,0,,,-1.00,-1.00,-1.00,-1.00,-1.00,-1.00
2022-12-28T02:37:08Z,"0002cc01000003e9","2250d66e54fd37d804d51114f4614328f90f00000000000000ffffffffffffffffffffffff",3.49,,0.30,17,20.95,16.00,99595.00,15.00,0,0,0,0,,,-1.00,-1.00,-1.00,-1.00,-1.00,-1.00
2022-12-28T02:43:04Z,"0002cc01000003e9","2250d66fb8fd37c704c91114ef614528f8f000000000000000ffffffffffffffffffffffff",3.49,,0.30,17,20.93,16.00,99602.00,0.00,0,0,0,0,,,-1.00,-1.00,-1.00,-1.00,-1.00,-1.00
2022-12-28T02:49:01Z,"0002cc01000003e9","2250d6711dfd37cf04c91114ec614428ff0b00000000000000ffffffffffffffffffffffff",3.49,,0.30,17,20.92,16.01,99597.00,11.00,0,0,0,0,,,-1.00,-1.00,-1.00,-1.00,-1.00,-1.00
2022-12-28T02:54:56Z,"0002cc01000003e9","2250d67280fd37cf04d11114e7614528ff0f80000000000000ffffffffffffffffffffffff",3.49,,0.30,17,20.90,16.01,99602.00,31.00,0,0,0,0,,,-1.00,-1.00,-1.00,-1.00,-1.00,-1.00
2022-12-28T03:00:53Z,"0002cc01000003e9","2250d673e5fd37c704c91114e2614229060b00000000000000ffffffffffffffffffffffff",3.49,,0.30,17,20.88,16.02,99589.00,22.00,0,0,0,0,,,-1.00,-1.00,-1.00,-1.00,-1.00,-1.00
2022-12-28T03:06:49Z,"0002cc01000003e9","2250d67549fd37c304c51114df613f29050900000000000000ffffffffffffffffffffffff",3.48,,0.30,17,20.87,16.02,99579.00,18.00,0,0,0,0,,,-1.00,-1.00,-1.00,-1.00,-1.00,-1.00
2022-12-28T03:12:45Z,"0002cc01000003e9","2250d676adfd37c304d11114da613c29040a00000000000000ffffffffffffffffffffffff",3.48,,0.30,17,20.85,16.02,99565.00,10.00,0,0,0,0,,,-1.00,-1.00,-1.00,-1.00,-1.00,-1.00
2022-12-28T03:18:41Z,"0002cc01000003e9","2250d67811fd37cb04cd1114d5613c290b0e00000000000000ffffffffffffffffffffffff",3.49,,0.30,17,20.83,16.03,99567.00,28.00,0,0,0,0,,,-1.00,-1.00,-1.00,-1.00,-1.00,-1.00
2022-12-28T03:24:37Z,"0002cc01000003e9","2250d67975fd37cf04d11114d0613a29120a00000000000000ffffffffffffffffffffffff",3.49,,0.30,17,20.81,16.04,99557.00,10.00,0,0,0,0,,,-1.00,-1.00,-1.00,-1.00,-1.00,-1.00
2022-12-28T03:30:33Z,"0002cc01000003e9","2250d67ad9fd37cf04d11114cb613629110800000000000000ffffffffffffffffffffffff",3.49,,0.30,17,20.79,16.04,99541.00,8.00,0,0,0,0,,,-1.00,-1.00,-1.00,-1.00,-1.00,-1.00
2022-12-28T03:36:29Z,"0002cc01000003e9","2250d67c3dfd37cf04d11114c8613429180800000000000000ffffffffffffffffffffffff",3.49,,0.30,17,20.78,16.05,99534.00,16.00,0,0,0,0,,,-1.00,-1.00,-1.00,-1.00,-1.00,-1.00
2022-12-28T03:42:25Z,"0002cc01000003e9","2250d67da1fd37cf04d11114c1612f291f0f00000000000000ffffffffffffffffffffffff",3.49,,0.30,17,20.75,16.06,99515.00,15.00,0,0,0,0,,,-1.00,-1.00,-1.00,-1.00,-1.00,-1.00
2022-12-28T03:48:21Z,"0002cc01000003e9","2250d67f05fd37cf04c91114bb61312925f000000000000000ffffffffffffffffffffffff",3.49,,0.30,17,20.73,16.07,99523.00,0.00,0,0,0,0,,,-1.00,-1.00,-1.00,-1.00,-1.00,-1.00
2022-12-28T03:54:17Z,"0002cc01000003e9","2250d68069fd37cf04c91114b96130292bf000000000000000ffffffffffffffffffffffff",3.49,,0.30,17,20.72,16.08,99519.00,0.00,0,0,0,0,,,-1.00,-1.00,-1.00,-1.00,-1.00,-1.00
2022-12-28T04:00:13Z,"0002cc01000003e9","2250d681cdfd37c304d11114b4612a2932f000000000000000ffffffffffffffffffffffff",3.48,,0.30,17,20.70,16.09,99495.00,0.00,0,0,0,0,,,-1.00,-1.00,-1.00,-1.00,-1.00,-1.00
2022-12-28T04:06:09Z,"0002cc01000003e9","2250d68331fd37c704c91114af612729400a80000000000000ffffffffffffffffffffffff",3.49,,0.30,17,20.68,16.11,99480.00,21.00,0,0,0,0,,,-1.00,-1.00,-1.00,-1.00,-1.00,-1.00
2022-12-28T04:12:05Z,"0002cc01000003e9","2250d68495fd37c304c91114ac61242947f000000000000000ffffffffffffffffffffffff",3.48,,0.30,17,20.67,16.12,99471.00,0.00,0,0,0,0,,,-1.00,-1.00,-1.00,-1.00,-1.00,-1.00
2022-12-28T04:18:02Z,"0002cc01000003e9","2250d685fafd37c304d11114a7611f2954f000000000000000ffffffffffffffffffffffff",3.48,,0.30,17,20.65,16.14,99449.00,0.00,0,0,0,0,,,-1.00,-1.00,-1.00,-1.00,-1.00,-1.00
2022-12-28T04:23:58Z,"0002cc01000003e9","2250d6875efd37cf04d11114a2611e2962f000000000000000ffffffffffffffffffffffff",3.49,,0.30,17,20.63,16.17,99447.00,0.00,0,0,0,0,,,-1.00,-1.00,-1.00,-1.00,-1.00,-1.00
2022-12-28T04:29:54Z,"0002cc01000003e9","2250d688c2fd37c704d111149f611e2969f000000000000000ffffffffffffffffffffffff",3.49,,0.30,17,20.62,16.18,99446.00,0.00,0,0,0,0,,,-1.00,-1.00,-1.00,-1.00,-1.00,-1.00
2022-12-28T04:35:50Z,"0002cc01000003e9","2250d68a26fd37cf04d111149a611e29760b00000000000000ffffffffffffffffffffffff",3.49,,0.30,17,20.60,16.20,99444.00,11.00,0,0,0,0,,,-1.00,-1.00,-1.00,-1.00,-1.00,-1.00
2022-12-28T04:41:46Z,"0002cc01000003e9","2250d68b8afd37cf04c91114956118297d0e00000000000000ffffffffffffffffffffffff",3.49,,0.30,17,20.58,16.21,99423.00,7.00,0,0,0,0,,,-1.00,-1.00,-1.00,-1.00,-1.00,-1.00
2022-12-28T04:47:42Z,"0002cc01000003e9","2250d68ceefd37c304d111149261182984f000000000000000ffffffffffffffffffffffff",3.48,,0.30,17,20.57,16.22,99421.00,0.00,0,0,0,0,,,-1.00,-1.00,-1.00,-1.00,-1.00,-1.00
2022-12-28T04:53:38Z,"0002cc01000003e9","2250d68e52fd37cf04d1111490611929910a00000000000000ffffffffffffffffffffffff",3.49,,0.30,17,20.56,16.24,99424.00,10.00,0,0,0,0,,,-1.00,-1.00,-1.00,-1.00,-1.00,-1.00
2022-12-28T04:59:34Z,"0002cc01000003e9","2250d68fb6fd37c304d111148b6117299f0e00000000000000ffffffffffffffffffffffff",3.48,,0.30,17,20.54,16.26,99417.00,14.00,0,0,0,0,,,-1.00,-1.00,-1.00,-1.00,-1.00,-1.00
2022-12-28T05:05:30Z,"0002cc01000003e9","2250d6911afd37c304c9111486611829ad0a00000000000000ffffffffffffffffffffffff",3.48,,0.30,17,20.52,16.28,99421.00,10.00,0,0,0,0,,,-1.00,-1.00,-1.00,-1.00,-1.00,-1.00
2022-12-28T05:11:26Z,"0002cc01000003e9","2250d6927efd37cf04d1111481611729ba0e80000000000000ffffffffffffffffffffffff",3.49,,0.30,17,20.50,16.30,99418.00,29.00,0,0,0,0,,,-1.00,-1.00,-1.00,-1.00,-1.00,-1.00
2022-12-28T05:17:22Z,"0002cc01000003e9","2250d693e2fd37c304d111147b611529cf0880000000000000ffffffffffffffffffffffff",3.48,,0.30,17,20.48,16.33,99411.00,17.00,0,0,0,0,,,-1.00,-1.00,-1.00,-1.00,-1.00,-1.00
2022-12-28T05:23:18Z,"0002cc01000003e9","2250d69546fd37c304d1111479611929dd0e00000000000000ffffffffffffffffffffffff",3.48,,0.30,17,20.47,16.35,99427.00,28.00,0,0,0,0,,,-1.00,-1.00,-1.00,-1.00,-1.00,-1.00
2022-12-28T05:29:14Z,"0002cc01000003e9","2250d696aafd37c304d1111476611c29ebf000000000000000ffffffffffffffffffffffff",3.48,,0.30,17,20.46,16.37,99437.00,0.00,0,0,0,0,,,-1.00,-1.00,-1.00,-1.00,-1.00,-1.00
2022-12-28T05:35:10Z,"0002cc01000003e9","2250d6980efd37c304d1111471612029ff0a00000000000000ffffffffffffffffffffffff",3.48,,0.30,17,20.44,16.41,99455.00,5.00,0,0,0,0,,,-1.00,-1.00,-1.00,-1.00,-1.00,-1.00
2022-12-28T05:41:07Z,"0002cc01000003e9","2250d69973fd37c304d111146f61242a140c00000000000000ffffffffffffffffffffffff",3.48,,0.30,17,20.43,16.44,99470.00,6.00,0,0,0,0,,,-1.00,-1.00,-1.00,-1.00,-1.00,-1.00
2022-12-28T05:47:02Z,"0002cc01000003e9","2250d69ad6fd37d304c911146c61252a22f000000000000000ffffffffffffffffffffffff",3.49,,0.30,17,20.42,16.46,99473.00,0.00,0,0,0,0,,,-1.00,-1.00,-1.00,-1.00,-1.00,-1.00
2022-12-28T05:52:59Z,"0002cc01000003e9","2250d69c3bfd37c304d111146961252a37f000000000000000ffffffffffffffffffffffff",3.48,,0.30,17,20.41,16.49,99472.00,0.00,0,0,0,0,,,-1.00,-1.00,-1.00,-1.00,-1.00,-1.00
2022-12-28T05:58:55Z,"0002cc01000003e9","2250d69d9ffd37c304d111146461272a4b0e00000000000000ffffffffffffffffffffffff",3.48,,0.30,17,20.39,16.52,99482.00,7.00,0,0,0,0,,,-1.00,-1.00,-1.00,-1.00,-1.00,-1.00
2022-12-28T06:04:51Z,"0002cc01000003e9","2250d69f03fd37c304d111146261262a60f000000000000000ffffffffffffffffffffffff",3.48,,0.30,17,20.38,16.55,99478.00,0.00,0,0,0,0,,,-1.00,-1.00,-1.00,-1.00,-1.00,-1.00
2022-12-28T06:10:47Z,"0002cc01000003e9","2250d6a067fd37d304d111145f61222a75f000000000000000ffffffffffffffffffffffff",3.49,,0.30,17,20.37,16.58,99463.00,0.00,0,0,0,0,,,-1.00,-1.00,-1.00,-1.00,-1.00,-1.00
2022-12-28T06:16:43Z,"0002cc01000003e9","2250d6a1cbfd37c304d111145a61212a890d80000000000000ffffffffffffffffffffffff",3.48,,0.30,17,20.35,16.62,99457.00,27.00,0,0,0,0,,,-1.00,-1.00,-1.00,-1.00,-1.00,-1.00
2022-12-28T06:22:39Z,"0002cc01000003e9","2250d6a32ffd37c304c9111458611c2a9f0a00000000000000ffffffffffffffffffffffff",3.48,,0.30,17,20.34,16.65,99438.00,10.00,0,0,0,0,,,-1.00,-1.00,-1.00,-1.00,-1.00,-1.00
2022-12-28T06:28:35Z,"0002cc01000003e9","2250d6a493fd37c304d1111455611e2abbf000000000000000ffffffffffffffffffffffff",3.48,,0.30,17,20.33,16.69,99447.00,0.00,0,0,0,0,,,-1.00,-1.00,-1.00,-1.00,-1.00,-1.00
2022-12-28T06:34:31Z,"0002cc01000003e9","2250d6a5f7fd37c304d111145261192acf0c00000000000000ffffffffffffffffffffffff",3.48,,0.30,17,20.32,16.72,99424.00,12.00,0,0,0,0,,,-1.00,-1.00,-1.00,-1.00,-1.00,-1.00
2022-12-28T06:40:27Z,"0002cc01000003e9","2250d6a75bfd37c304d111144d61162aebf000000000000000ffffffffffffffffffffffff",3.48,,0.30,17,20.30,16.76,99413.00,0.00,0,0,0,0,,,-1.00,-1.00,-1.00,-1.00,-1.00,-1.00
2022-12-28T06:46:23Z,"0002cc01000003e9","2250d6a8bffd37c304d111144b61152b00f000000000000000ffffffffffffffffffffffff",3.48,,0.30,17,20.29,16.80,99411.00,0.00,0,0,0,0,,,-1.00,-1.00,-1.00,-1.00,-1.00,-1.00
2022-12-28T06:52:19Z,"0002cc01000003e9","2250d6aa23fd37c304d111144861152b140800000000000000ffffffffffffffffffffffff",3.48,,0.30,17,20.28,16.83,99409.00,4.00,0,0,0,0,,,-1.00,-1.00,-1.00,-1.00,-1.00,-1.00
2022-12-28T06:58:15Z,"0002cc01000003e9","2250d6ab87fd37c304d111144661112b29f000000000000000ffffffffffffffffffffffff",3.48,,0.30,17,20.27,16.86,99392.00,0.00,0,0,0,0,,,-1.00,-1.00,-1.00,-1.00,-1.00,-1.00
2022-12-28T07:04:12Z,"0002cc01000003e9","2250d6acecfd37c304d1111443610b2b3ef000000000000000ffffffffffffffffffffffff",3.48,,0.30,17,20.26,16.89,99371.00,0.00,0,0,0,0,,,-1.00,-1.00,-1.00,-1.00,-1.00,-1.00
2022-12-28T07:10:07Z,"0002cc01000003e9","2250d6ae4ffd37c304d1111441610a2b5a0800000000000000ffffffffffffffffffffffff",3.48,,0.30,17,20.25,16.93,99364.00,1.00,0,0,0,0,,,-1.00,-1.00,-1.00,-1.00,-1.00,-1.00
2022-12-28T07:16:04Z,"0002cc01000003e9","2250d6afb4fd37c304d111143e61062b76f000000000000000ffffffffffffffffffffffff",3.48,,0.30,17,20.24,16.98,99350.00,0.00,0,0,0,0,,,-1.00,-1.00,-1.00,-1.00,-1.00,-1.00
2022-12-28T07:22:00Z,"0002cc01000003e9","2250d6b118fd37c304d111143b60ff2b8bf000000000000000ffffffffffffffffffffffff",3.48,,0.30,17,20.23,17.01,99323.00,0.00,0,0,0,0,,,-1.00,-1.00,-1.00,-1.00,-1.00,-1.00
2022-12-28T07:27:56Z,"0002cc01000003e9","2250d6b27cfd37c304d111143960f92b9ff000000000000000ffffffffffffffffffffffff",3.48,,0.30,17,20.22,17.04,99298.00,0.00,0,0,0,0,,,-1.00,-1.00,-1.00,-1.00,-1.00,-1.00
2022-12-28T07:33:52Z,"0002cc01000003e9","2250d6b3e0fd37c304d111143660f82bbbf000000000000000ffffffffffffffffffffffff",3.48,,0.30,17,20.21,17.08,99294.00,0.00,0,0,0,0,,,-1.00,-1.00,-1.00,-1.00,-1.00,-1.00
2022-12-28T07:39:48Z,"0002cc01000003e9","2250d6b544fd37c304d111143460f52bd00b00000000000000ffffffffffffffffffffffff",3.48,,0.30,17,20.20,17.12,99281.00,11.00,0,0,0,0,,,-1.00,-1.00,-1.00,-1.00,-1.00,-1.00
2022-12-28T07:45:44Z,"0002cc01000003e9","2250d6b6a8fd37c304d111143160f02bdef000000000000000ffffffffffffffffffffffff",3.48,,0.30,17,20.19,17.14,99261.00,0.00,0,0,0,0,,,-1.00,-1.00,-1.00,-1.00,-1.00,-1.00
2022-12-28T07:51:40Z,"0002cc01000003e9","2250d6b80cfd37c304d111142f60f12bfaf000000000000000ffffffffffffffffffffffff",3.48,,0.30,17,20.18,17.18,99266.00,0.00,0,0,0,0,,,-1.00,-1.00,-1.00,-1.00,-1.00,-1.00
2022-12-28T07:57:36Z,"0002cc01000003e9","2250d6b970fd37c304d111142c60ee2c080c00000000000000ffffffffffffffffffffffff",3.48,,0.30,17,20.17,17.20,99253.00,6.00,0,0,0,0,,,-1.00,-1.00,-1.00,-1.00,-1.00,-1.00
2022-12-28T08:03:32Z,"0002cc01000003e9","2250d6bad4fd37c304d111142c60f02c1d0800000000000000ffffffffffffffffffffffff",3.48,,0.30,17,20.17,17.23,99263.00,1.00,0,0,0,0,,,-1.00,-1.00,-1.00,-1.00,-1.00,-1.00
2022-12-28T08:09:28Z,"0002cc01000003e9","2250d6bc38fd37c304d111142c60f02c2b0800000000000000ffffffffffffffffffffffff",3.48,,0.30,17,20.17,17.25,99262.00,16.00,0,0,0,0,,,-1.00,-1.00,-1.00,-1.00,-1.00,-1.00
2022-12-28T08:15:24Z,"0002cc01000003e9","2250d6bd9cfd37c304d111142c60f32c400880000000000000ffffffffffffffffffffffff",3.48,,0.30,17,20.17,17.29,99273.00,17.00,0,0,0,0,,,-1.00,-1.00,-1.00,-1.00,-1.00,-1.00
2022-12-28T08:21:20Z,"0002cc01000003e9","2250d6bf00fd37c304d111142c60f42c55f000000000000000ffffffffffffffffffffffff",3.48,,0.30,17,20.17,17.32,99278.00,0.00,0,0,0,0,,,-1.00,-1.00,-1.00,-1.00,-1.00,-1.00
2022-12-28T08:27:17Z,"0002cc01000003e9","2250d6c065fd37c304d111142c60f52c6a0900000000000000ffffffffffffffffffffffff",3.48,,0.30,17,20.17,17.35,99282.00,9.00,0,0,0,0,,,-1.00,-1.00,-1.00,-1.00,-1.00,-1.00
2022-12-28T08:33:13Z,"0002cc01000003e9","2250d6c1c9fd37c304d111142960f52c7f0800000000000000ffffffffffffffffffffffff",3.48,,0.30,17,20.16,17.38,99283.00,4.00,0,0,0,0,,,-1.00,-1.00,-1.00,-1.00,-1.00,-1.00
2022-12-28T08:39:09Z,"0002cc01000003e9","2250d6c32dfd37c304d111142960f32c8df000000000000000ffffffffffffffffffffffff",3.48,,0.30,17,20.16,17.40,99275.00,0.00,0,0,0,0,,,-1.00,-1.00,-1.00,-1.00,-1.00,-1.00
2022-12-28T08:45:05Z,"0002cc01000003e9","2250d6c491fd37c304d111142760f42ca20800000000000000ffffffffffffffffffffffff",3.48,,0.30,17,20.15,17.43,99278.00,4.00,0,0,0,0,,,-1.00,-1.00,-1.00,-1.00,-1.00,-1.00
2022-12-28T08:51:01Z,"0002cc01000003e9","2250d6c5f5fd37c304c911142760f42cbe0800000000000000ffffffffffffffffffffffff",3.48,,0.30,17,20.15,17.48,99279.00,4.00,0,0,0,0,,,-1.00,-1.00,-1.00,-1.00,-1.00,-1.00
2022-12-28T08:56:57Z,"0002cc01000003e9","2250d6c759fd37c304d111142460f82ccc0c00000000000000ffffffffffffffffffffffff",3.48,,0.30,17,20.14,17.50,99292.00,3.00,0,0,0,0,,,-1.00,-1.00,-1.00,-1.00,-1.00,-1.00
2022-12-28T09:02:53Z,"0002cc01000003e9","2250d6c8bdfd37cb04d111142460fc2ce10800000000000000ffffffffffffffffffffffff",3.49,,0.30,17,20.14,17.53,99308.00,8.00,0,0,0,0,,,-1.00,-1.00,-1.00,-1.00,-1.00,-1.00
2022-12-28T09:08:49Z,"0002cc01000003e9","2250d6ca21fd37cb04d111142461002cef0800000000000000ffffffffffffffffffffffff",3.49,,0.30,17,20.14,17.55,99324.00,2.00,0,0,0,0,,,-1.00,-1.00,-1.00,-1.00,-1.00,-1.00
2022-12-28T09:14:45Z,"0002cc01000003e9","2250d6cb85fd37c304da11142261042cfdf000000000000000ffffffffffffffffffffffff",3.48,,0.30,17,20.13,17.57,99340.00,0.00,0,0,0,0,,,-1.00,-1.00,-1.00,-1.00,-1.00,-1.00
2022-12-28T09:20:41Z,"0002cc01000003e9","2250d6cce9fd37c304d111142261042d190f00000000000000ffffffffffffffffffffffff",3.48,,0.30,17,20.13,17.62,99340.00,15.00,0,0,0,0,,,-1.00,-1.00,-1.00,-1.00,-1.00,-1.00
2022-12-28T09:26:37Z,"0002cc01000003e9","2250d6ce4dfd37c304d111142261022d200800000000000000ffffffffffffffffffffffff",3.48,,0.30,17,20.13,17.63,99333.00,1.00,0,0,0,0,,,-1.00,-1.00,-1.00,-1.00,-1.00,-1.00
2022-12-28T09:32:33Z,"0002cc01000003e9","2250d6cfb1fd37c304d111142261002d2e0800000000000000ffffffffffffffffffffffff",3.48,,0.30,17,20.13,17.65,99327.00,2.00,0,0,0,0,,,-1.00,-1.00,-1.00,-1.00,-1.00,-1.00
2022-12-28T09:38:29Z,"0002cc01000003e9","2250d6d115fd37c304d111142261002d3c0800000000000000ffffffffffffffffffffffff",3.48,,0.30,17,20.13,17.67,99326.00,32.00,0,0,0,0,,,-1.00,-1.00,-1.00,-1.00,-1.00,-1.00
2022-12-28T09:44:26Z,"0002cc01000003e9","2250d6d27afd37c304d111141f60fe2d500800000000000000ffffffffffffffffffffffff",3.48,,0.30,17,20.12,17.70,99319.00,2.00,0,0,0,0,,,-1.00,-1.00,-1.00,-1.00,-1.00,-1.00
2022-12-28T09:50:21Z,"0002cc01000003e9","2250d6d3ddfd37c304d111141f60fe2d5f0840000000000000ffffffffffffffffffffffff",3.48,,0.30,17,20.12,17.72,99317.00,33.00,0,0,0,0,,,-1.00,-1.00,-1.00,-1.00,-1.00,-1.00
2022-12-28T09:56:18Z,"0002cc01000003e9","2250d6d542fd37c304d111141d60ff2d6df000000000000000ffffffffffffffffffffffff",3.48,,0.30,17,20.11,17.74,99323.00,0.00,0,0,0,0,,,-1.00,-1.00,-1.00,-1.00,-1.00,-1.00
2022-12-28T10:02:14Z,"0002cc01000003e9","2250d6d6a6fd37bb04d111141f61032d7bf000000000000000ffffffffffffffffffffffff",3.48,,0.30,17,20.12,17.77,99336.00,0.00,0,0,0,0,,,-1.00,-1.00,-1.00,-1.00,-1.00,-1.00
2022-12-28T10:08:10Z,"0002cc01000003e9","2250d6d80afd37c304d111141f61012d900e00000000000000ffffffffffffffffffffffff",3.48,,0.30,17,20.12,17.80,99329.00,7.00,0,0,0,0,,,-1.00,-1.00,-1.00,-1.00,-1.00,-1.00
2022-12-28T10:14:06Z,"0002cc01000003e9","2250d6d96efd37c304d111141d60fe2d9e0f80000000000000ffffffffffffffffffffffff",3.48,,0.30,17,20.11,17.82,99319.00,31.00,0,0,0,0,,,-1.00,-1.00,-1.00,-1.00,-1.00,-1.00
2022-12-28T10:20:02Z,"0002cc01000003e9","2250d6dad2fd37c304d111141d61012dacf000000000000000ffffffffffffffffffffffff",3.48,,0.30,17,20.11,17.84,99329.00,0.00,0,0,0,0,,,-1.00,-1.00,-1.00,-1.00,-1.00,-1.00
2022-12-28T10:25:58Z,"0002cc01000003e9","2250d6dc36fd37c304d111141a60fe2dc00c00000000000000ffffffffffffffffffffffff",3.48,,0.30,17,20.10,17.87,99318.00,12.00,0,0,0,0,,,-1.00,-1.00,-1.00,-1.00,-1.00,-1.00
2022-12-28T10:31:54Z,"0002cc01000003e9","2250d6dd9afd37bb04d111141d60f82dcf0d00000000000000ffffffffffffffffffffffff",3.48,,0.30,17,20.11,17.89,99295.00,13.00,0,0,0,0,,,-1.00,-1.00,-1.00,-1.00,-1.00,-1.00
2022-12-28T10:37:50Z,"0002cc01000003e9","2250d6defefd37cb04d111141d60f12ddd0e00000000000000ffffffffffffffffffffffff",3.49,,0.30,17,20.11,17.92,99266.00,7.00,0,0,0,0,,,-1.00,-1.00,-1.00,-1.00,-1.00,-1.00
2022-12-28T10:43:46Z,"0002cc01000003e9","2250d6e062fd37c304d111141a60ee2deb0e00000000000000ffffffffffffffffffffffff",3.48,,0.30,17,20.10,17.94,99252.00,14.00,0,0,0,0,,,-1.00,-1.00,-1.00,-1.00,-1.00,-1.00
2022-12-28T10:49:42Z,"0002cc01000003e9","2250d6e1c6fd37c304d111141d60ed2e07f000000000000000ffffffffffffffffffffffff",3.48,,0.30,17,20.11,17.98,99250.00,0.00,0,0,0,0,,,-1.00,-1.00,-1.00,-1.00,-1.00,-1.00
2022-12-28T10:55:38Z,"0002cc01000003e9","2250d6e32afd37c304d111141d60ee2e1d0d00000000000000ffffffffffffffffffffffff",3.48,,0.30,17,20.11,18.01,99253.00,13.00,0,0,0,0,,,-1.00,-1.00,-1.00,-1.00,-1.00,-1.00
2022-12-28T11:01:34Z,"0002cc01000003e9","2250d6e48efd37c304d111141d60ed2e320c00000000000000ffffffffffffffffffffffff",3.48,,0.30,17,20.11,18.04,99249.00,12.00,0,0,0,0,,,-1.00,-1.00,-1.00,-1.00,-1.00,-1.00
2022-12-28T11:07:30Z,"0002cc01000003e9","2250d6e5f2fd37bb04d111141d60ed2e3f0a00000000000000ffffffffffffffffffffffff",3.48,,0.30,17,20.11,18.07,99248.00,5.00,0,0,0,0,,,-1.00,-1.00,-1.00,-1.00,-1.00,-1.00
2022-12-28T11:13:27Z,"0002cc01000003e9","2250d6e757fd37c304d111141d60eb2e540840000000000000ffffffffffffffffffffffff",3.48,,0.30,17,20.11,18.10,99241.00,33.00,0,0,0,0,,,-1.00,-1.00,-1.00,-1.00,-1.00,-1.00
2022-12-28T11:19:22Z,"0002cc01000003e9","2250d6e8bafd37c304d111141d60ea2e690980000000000000ffffffffffffffffffffffff",3.48,,0.30,17,20.11,18.13,99239.00,19.00,0,0,0,0,,,-1.00,-1.00,-1.00,-1.00,-1.00,-1.00
2022-12-28T11:25:19Z,"0002cc01000003e9","2250d6ea1ffd37bb04d111141d60ee2e770c00000000000000ffffffffffffffffffffffff",3.48,,0.30,17,20.11,18.15,99252.00,3.00,0,0,0,0,,,-1.00,-1.00,-1.00,-1.00,-1.00,-1.00
2022-12-28T11:31:15Z,"0002cc01000003e9","2250d6eb83fd37bb04d111141d60ef2e8d0a00000000000000ffffffffffffffffffffffff",3.48,,0.30,17,20.11,18.18,99258.00,10.00,0,0,0,0,,,-1.00,-1.00,-1.00,-1.00,-1.00,-1.00
2022-12-28T11:37:11Z,"0002cc01000003e9","2250d6ece7fd37bb04d111141d60ee2ea20c00000000000000ffffffffffffffffffffffff",3.48,,0.30,17,20.11,18.22,99255.00,3.00,0,0,0,0,,,-1.00,-1.00,-1.00,-1.00,-1.00,-1.00
2022-12-28T11:43:07Z,"0002cc01000003e9","2250d6ee4bfd37bb04d111141d60eb2eb70c00000000000000ffffffffffffffffffffffff",3.48,,0.30,17,20.11,18.25,99243.00,12.00,0,0,0,0,,,-1.00,-1.00,-1.00,-1.00,-1.00,-1.00
2022-12-28T11:49:03Z,"0002cc01000003e9","2250d6efaffd37c304d111141d60ef2ec5f000000000000000ffffffffffffffffffffffff",3.48,,0.30,17,20.11,18.27,99256.00,0.00,0,0,0,0,,,-1.00,-1.00,-1.00,-1.00,-1.00,-1.00
2022-12-28T11:54:59Z,"0002cc01000003e9","2250d6f113fd37c304d111141d60ec2ed30840000000000000ffffffffffffffffffffffff",3.48,,0.30,17,20.11,18.29,99246.00,33.00,0,0,0,0,,,-1.00,-1.00,-1.00,-1.00,-1.00,-1.00
2022-12-28T12:00:55Z,"0002cc01000003e9","2250d6f277fd37bb04d111141d60eb2ee10d00000000000000ffffffffffffffffffffffff",3.48,,0.30,17,20.11,18.31,99241.00,13.00,0,0,0,0,,,-1.00,-1.00,-1.00,-1.00,-1.00,-1.00
2022-12-28T12:06:51Z,"0002cc01000003e9","2250d6f3dbfd37c304d111141f60ea2eef0e00000000000000ffffffffffffffffffffffff",3.48,,0.30,17,20.12,18.33,99237.00,7.00,0,0,0,0,,,-1.00,-1.00,-1.00,-1.00,-1.00,-1.00
2022-12-28T12:12:47Z,"0002cc01000003e9","2250d6f53ffd37bb04d111141d60e82efd0f00000000000000ffffffffffffffffffffffff",3.48,,0.30,17,20.11,18.36,99230.00,15.00,0,0,0,0,,,-1.00,-1.00,-1.00,-1.00,-1.00,-1.00
2022-12-28T12:18:43Z,"0002cc01000003e9","2250d6f6a3fd37c304d111141f60e82f120c00000000000000ffffffffffffffffffffffff",3.48,,0.30,17,20.12,18.39,99230.00,24.00,0,0,0,0,,,-1.00,-1.00,-1.00,-1.00,-1.00,-1.00
2022-12-28T12:24:39Z,"0002cc01000003e9","2250d6f807fd37c304d111142260e72f20f000000000000000ffffffffffffffffffffffff",3.48,,0.30,17,20.13,18.41,99226.00,0.00,0,0,0,0,,,-1.00,-1.00,-1.00,-1.00,-1.00,-1.00
2022-12-28T12:30:36Z,"0002cc01000003e9","2250d6f96cfd37bb04d111142260e32f36f000000000000000ffffffffffffffffffffffff",3.48,,0.30,17,20.13,18.44,99208.00,0.00,0,0,0,0,,,-1.00,-1.00,-1.00,-1.00,-1.00,-1.00
2022-12-28T12:36:31Z,"0002cc01000003e9","2250d6facffd37bb04d111142260e02f440c00000000000000ffffffffffffffffffffffff",3.48,,0.30,17,20.13,18.46,99199.00,12.00,0,0,0,0,,,-1.00,-1.00,-1.00,-1.00,-1.00,-1.00
2022-12-28T12:42:28Z,"0002cc01000003e9","2250d6fc34fd37c304d111142460e22f59f000000000000000ffffffffffffffffffffffff",3.48,,0.30,17,20.14,18.50,99204.00,0.00,0,0,0,0,,,-1.00,-1.00,-1.00,-1.00,-1.00,-1.00
2022-12-28T12:48:24Z,"0002cc01000003e9","2250d6fd98fd37bb04d111142760e12f670c00000000000000ffffffffffffffffffffffff",3.48,,0.30,17,20.15,18.52,99202.00,3.00,0,0,0,0,,,-1.00,-1.00,-1.00,-1.00,-1.00,-1.00
2022-12-28T12:54:20Z,"0002cc01000003e9","2250d6fefcfd37bb04d111142760e12f7df000000000000000ffffffffffffffffffffffff",3.48,,0.30,17,20.15,18.55,99201.00,0.00,0,0,0,0,,,-1.00,-1.00,-1.00,-1.00,-1.00,-1.00
2022-12-28T13:00:16Z,"0002cc01000003e9","2250d70060fd37c304d111142c60e32f920800000000000000ffffffffffffffffffffffff",3.48,,0.30,17,20.17,18.58,99209.00,4.00,0,0,0,0,,,-1.00,-1.00,-1.00,-1.00,-1.00,-1.00
2022-12-28T13:06:12Z,"0002cc01000003e9","2250d701c4fd37c304d111142f60e32faf0f00000000000000ffffffffffffffffffffffff",3.48,,0.30,17,20.18,18.63,99209.00,15.00,0,0,0,0,,,-1.00,-1.00,-1.00,-1.00,-1.00,-1.00
2022-12-28T13:12:08Z,"0002cc01000003e9","2250d70328fd37c304d111143160e32fbdf000000000000000ffffffffffffffffffffffff",3.48,,0.30,17,20.19,18.65,99208.00,0.00,0,0,0,0,,,-1.00,-1.00,-1.00,-1.00,-1.00,-1.00
2022-12-28T13:18:04Z,"0002cc01000003e9","2250d7048cfd37bb04d111143460e42fd20a00000000000000ffffffffffffffffffffffff",3.48,,0.30,17,20.20,18.68,99212.00,10.00,0,0,0,0,,,-1.00,-1.00,-1.00,-1.00,-1.00,-1.00
2022-12-28T13:24:00Z,"0002cc01000003e9","2250d705f0fd37bb04d111143660df2fd20b00000000000000ffffffffffffffffffffffff",3.48,,0.30,17,20.21,18.68,99195.00,11.00,0,0,0,0,,,-1.00,-1.00,-1.00,-1.00,-1.00,-1.00
2022-12-28T13:29:56Z,"0002cc01000003e9","2250d70754fd37bb04d111143960de2fe1f000000000000000ffffffffffffffffffffffff",3.48,,0.30,17,20.22,18.70,99190.00,0.00,0,0,0,0,,,-1.00,-1.00,-1.00,-1.00,-1.00,-1.00
2022-12-28T13:35:52Z,"0002cc01000003e9","2250d708b8fd37c304da11143b60df2fe80d00000000000000ffffffffffffffffffffffff",3.48,,0.30,17,20.23,18.71,99194.00,13.00,0,0,0,0,,,-1.00,-1.00,-1.00,-1.00,-1.00,-1.00
2022-12-28T13:41:48Z,"0002cc01000003e9","2250d70a1cfd37bb04d111143b60db2ffd0a00000000000000ffffffffffffffffffffffff",3.48,,0.30,17,20.23,18.75,99179.00,20.00,0,0,0,0,,,-1.00,-1.00,-1.00,-1.00,-1.00,-1.00
2022-12-28T13:47:44Z,"0002cc01000003e9","2250d70b80fd37cb04d111143e60da30040980000000000000ffffffffffffffffffffffff",3.49,,0.30,17,20.24,18.76,99173.00,19.00,0,0,0,0,,,-1.00,-1.00,-1.00,-1.00,-1.00,-1.00
2022-12-28T13:53:40Z,"0002cc01000003e9","2250d70ce4fd37bb04c911144160d93012f000000000000000ffffffffffffffffffffffff",3.48,,0.30,17,20.25,18.78,99169.00,0.00,0,0,0,0,,,-1.00,-1.00,-1.00,-1.00,-1.00,-1.00
2022-12-28T13:59:37Z,"0002cc01000003e9","2250d70e49fd37c304d111144160d83019f000000000000000ffffffffffffffffffffffff",3.48,,0.30,17,20.25,18.79,99167.00,0.00,0,0,0,0,,,-1.00,-1.00,-1.00,-1.00,-1.00,-1.00
2022-12-28T14:05:33Z,"0002cc01000003e9","2250d70fadfd37bb04d111144360da302f0c00000000000000ffffffffffffffffffffffff",3.48,,0.30,17,20.26,18.82,99173.00,12.00,0,0,0,0,,,-1.00,-1.00,-1.00,-1.00,-1.00,-1.00
2022-12-28T14:11:29Z,"0002cc01000003e9","2250d71111fd37c304d111144360d630440900000000000000ffffffffffffffffffffffff",3.48,,0.30,17,20.26,18.85,99156.00,9.00,0,0,0,0,,,-1.00,-1.00,-1.00,-1.00,-1.00,-1.00
2022-12-28T14:17:25Z,"0002cc01000003e9","2250d71275fd37b704da11144360d63052f000000000000000ffffffffffffffffffffffff",3.48,,0.30,17,20.26,18.88,99159.00,0.00,0,0,0,0,,,-1.00,-1.00,-1.00,-1.00,-1.00,-1.00
2022-12-28T14:23:21Z,"0002cc01000003e9","2250d713d9fd37c304d111144360d53067f000000000000000ffffffffffffffffffffffff",3.48,,0.30,17,20.26,18.91,99154.00,0.00,0,0,0,0,,,-1.00,-1.00,-1.00,-1.00,-1.00,-1.00
2022-12-28T14:29:17Z,"0002cc01000003e9","2250d7153dfd37c304d111144660d5307d0d80000000000000ffffffffffffffffffffffff",3.48,,0.30,17,20.27,18.94,99155.00,27.00,0,0,0,0,,,-1.00,-1.00,-1.00,-1.00,-1.00,-1.00
2022-12-28T14:35:13Z,"0002cc01000003e9","2250d716a1fd37bb04d111144660d730920800000000000000ffffffffffffffffffffffff",3.48,,0.30,17,20.27,18.97,99160.00,4.00,0,0,0,0,,,-1.00,-1.00,-1.00,-1.00,-1.00,-1.00
2022-12-28T14:41:09Z,"0002cc01000003e9","2250d71805fd37bb04d111144660d630a00c80000000000000ffffffffffffffffffffffff",3.48,,0.30,17,20.27,18.99,99159.00,25.00,0,0,0,0,,,-1.00,-1.00,-1.00,-1.00,-1.00,-1.00
2022-12-28T14:47:05Z,"0002cc01000003e9","2250d71969fd37bb04d111144660d430b50c00000000000000ffffffffffffffffffffffff",3.48,,0.30,17,20.27,19.03,99150.00,12.00,0,0,0,0,,,-1.00,-1.00,-1.00,-1.00,-1.00,-1.00
2022-12-28T14:53:01Z,"0002cc01000003e9","2250d71acdfd37bb04d111144860cf30caf000000000000000ffffffffffffffffffffffff",3.48,,0.30,17,20.28,19.06,99128.00,0.00,0,0,0,0,,,-1.00,-1.00,-1.00,-1.00,-1.00,-1.00
2022-12-28T14:58:57Z,"0002cc01000003e9","2250d71c31fd37bf04d111144860cc30e60c00000000000000ffffffffffffffffffffffff",3.48,,0.30,17,20.28,19.10,99118.00,3.00,0,0,0,0,,,-1.00,-1.00,-1.00,-1.00,-1.00,-1.00
2022-12-28T15:04:53Z,"0002cc01000003e9","2250d71d95fd37bb04d111144860c9312d0f00000000000000ffffffffffffffffffffffff",3.48,,0.30,17,20.28,19.21,99105.00,15.00,0,0,0,0,,,-1.00,-1.00,-1.00,-1.00,-1.00,-1.00
2022-12-28T15:10:49Z,"0002cc01000003e9","2250d71ef9fd37b704d111144860c9315ef000000000000000ffffffffffffffffffffffff",3.48,,0.30,17,20.28,19.28,99105.00,0.00,0,0,0,0,,,-1.00,-1.00,-1.00,-1.00,-1.00,-1.00
2022-12-28T15:16:45Z,"0002cc01000003e9","2250d7205dfd37bb04c911144b60c93181f000000000000000ffffffffffffffffffffffff",3.48,,0.30,17,20.29,19.34,99106.00,0.00,0,0,0,0,,,-1.00,-1.00,-1.00,-1.00,-1.00,-1.00
2022-12-28T15:22:42Z,"0002cc01000003e9","2250d721c2fd37bb04d111144d60cb31a4f000000000000000ffffffffffffffffffffffff",3.48,,0.30,17,20.30,19.39,99115.00,0.00,0,0,0,0,,,-1.00,-1.00,-1.00,-1.00,-1.00,-1.00
2022-12-28T15:28:38Z,"0002cc01000003e9","2250d72326fd37bb04d111144d60cd31c1f000000000000000ffffffffffffffffffffffff",3.48,,0.30,17,20.30,19.44,99123.00,0.00,0,0,0,0,,,-1.00,-1.00,-1.00,-1.00,-1.00,-1.00
2022-12-28T15:34:34Z,"0002cc01000003e9","2250d7248afd37bb04d111144d60cc31e40c00000000000000ffffffffffffffffffffffff",3.48,,0.30,17,20.30,19.49,99118.00,3.00,0,0,0,0,,,-1.00,-1.00,-1.00,-1.00,-1.00,-1.00
2022-12-28T15:40:30Z,"0002cc01000003e9","2250d725eefd37cb04d111144d60cb31f20900000000000000ffffffffffffffffffffffff",3.49,,0.30,17,20.30,19.51,99114.00,9.00,0,0,0,0,,,-1.00,-1.00,-1.00,-1.00,-1.00,-1.00
2022-12-28T15:46:26Z,"0002cc01000003e9","2250d72752fd37c304c911145060cd320ff000000000000000ffffffffffffffffffffffff",3.48,,0.30,17,20.31,19.55,99121.00,0.00,0,0,0,0,,,-1.00,-1.00,-1.00,-1.00,-1.00,-1.00
2022-12-28T15:52:22Z,"0002cc01000003e9","2250d728b6fd37bb04d111145060cc3224f000000000000000ffffffffffffffffffffffff",3.48,,0.30,17,20.31,19.59,99119.00,0.00,0,0,0,0,,,-1.00,-1.00,-1.00,-1.00,-1.00,-1.00
2022-12-28T15:58:18Z,"0002cc01000003e9","2250d72a1afd37bb04d111145260cf322b0e00000000000000ffffffffffffffffffffffff",3.48,,0.30,17,20.32,19.60,99128.00,7.00,0,0,0,0,,,-1.00,-1.00,-1.00,-1.00,-1.00,-1.00
2022-12-28T16:04:14Z,"0002cc01000003e9","2250d72b7efd37bb04d111145260d232400880000000000000ffffffffffffffffffffffff",3.48,,0.30,17,20.32,19.63,99142.00,34.00,0,0,0,0,,,-1.00,-1.00,-1.00,-1.00,-1.00,-1.00
2022-12-28T16:10:10Z,"0002cc01000003e9","2250d72ce2fd37bb04c911145260d2324e0c00000000000000ffffffffffffffffffffffff",3.48,,0.30,17,20.32,19.65,99141.00,12.00,0,0,0,0,,,-1.00,-1.00,-1.00,-1.00,-1.00,-1.00
2022-12-28T16:16:06Z,"0002cc01000003e9","2250d72e46fd37c304da11145260d232630a00000000000000ffffffffffffffffffffffff",3.48,,0.30,17,20.32,19.68,99142.00,10.00,0,0,0,0,,,-1.00,-1.00,-1.00,-1.00,-1.00,-1.00
2022-12-28T16:22:02Z,"0002cc01000003e9","2250d72faafd37bb04d111145560d33271f000000000000000ffffffffffffffffffffffff",3.48,,0.30,17,20.33,19.70,99147.00,0.00,0,0,0,0,,,-1.00,-1.00,-1.00,-1.00,-1.00,-1.00
2022-12-28T16:27:58Z,"0002cc01000003e9","2250d7310efd37bb04d111145560d332780b00000000000000ffffffffffffffffffffffff",3.48,,0.30,17,20.33,19.71,99147.00,22.00,0,0,0,0,,,-1.00,-1.00,-1.00,-1.00,-1.00,-1.00
2022-12-28T16:33:54Z,"0002cc01000003e9","2250d73272fd37bb04d111145860d4328e0e00000000000000ffffffffffffffffffffffff",3.48,,0.30,17,20.34,19.75,99149.00,7.00,0,0,0,0,,,-1.00,-1.00,-1.00,-1.00,-1.00,-1.00
2022-12-28T16:39:50Z,"0002cc01000003e9","2250d733d6fd37bb04d111145a60d2329c0800000000000000ffffffffffffffffffffffff",3.48,,0.30,17,20.35,19.77,99143.00,16.00,0,0,0,0,,,-1.00,-1.00,-1.00,-1.00,-1.00,-1.00
2022-12-28T16:45:47Z,"0002cc01000003e9","2250d7353bfd37b304d111145a60d132b10e00000000000000ffffffffffffffffffffffff",3.48,,0.30,17,20.35,19.80,99138.00,28.00,0,0,0,0,,,-1.00,-1.00,-1.00,-1.00,-1.00,-1.00
2022-12-28T16:51:43Z,"0002cc01000003e9","2250d7369ffd37bb04d111145d60cd32c60800000000000000ffffffffffffffffffffffff",3.48,,0.30,17,20.36,19.83,99123.00,16.00,0,0,0,0,,,-1.00,-1.00,-1.00,-1.00,-1.00,-1.00
2022-12-28T16:57:39Z,"0002cc01000003e9","2250d73803fd37bb04c911145d60cc32d40800000000000000ffffffffffffffffffffffff",3.48,,0.30,17,20.36,19.86,99117.00,16.00,0,0,0,0,,,-1.00,-1.00,-1.00,-1.00,-1.00,-1.00
2022-12-28T17:03:35Z,"0002cc01000003e9","2250d73967fd37bb04d111145d60cb32e2f000000000000000ffffffffffffffffffffffff",3.48,,0.30,17,20.36,19.88,99115.00,0.00,0,0,0,0,,,-1.00,-1.00,-1.00,-1.00,-1.00,-1.00
2022-12-28T17:09:31Z,"0002cc01000003e9","2250d73acbfd37bb04d111145d60c732f70980000000000000ffffffffffffffffffffffff",3.48,,0.30,17,20.36,19.91,99097.00,19.00,0,0,0,0,,,-1.00,-1.00,-1.00,-1.00,-1.00,-1.00
2022-12-28T17:15:27Z,"0002cc01000003e9","2250d73c2ffd37c304d111146260c632ff0c80000000000000ffffffffffffffffffffffff",3.48,,0.30,17,20.38,19.92,99094.00,25.00,0,0,0,0,,,-1.00,-1.00,-1.00,-1.00,-1.00,-1.00
2022-12-28T17:21:23Z,"0002cc01000003e9","2250d73d93fd37bb04d111146260c5330d0880000000000000ffffffffffffffffffffffff",3.48,,0.30,17,20.38,19.94,99091.00,17.00,0,0,0,0,,,-1.00,-1.00,-1.00,-1.00,-1.00,-1.00
2022-12-28T17:27:19Z,"0002cc01000003e9","2250d73ef7fd37bb04d111146260c033140a00000000000000ffffffffffffffffffffffff",3.48,,0.30,17,20.38,19.95,99068.00,5.00,0,0,0,0,,,-1.00,-1.00,-1.00,-1.00,-1.00,-1.00
2022-12-28T17:33:15Z,"0002cc01000003e9","2250d7405bfd37bb04d111146460bf33220f80000000000000ffffffffffffffffffffffff",3.48,,0.30,17,20.39,19.97,99065.00,31.00,0,0,0,0,,,-1.00,-1.00,-1.00,-1.00,-1.00,-1.00
2022-12-28T17:39:11Z,"0002cc01000003e9","2250d741bffd37bb04d111146460bd33300900000000000000ffffffffffffffffffffffff",3.48,,0.30,17,20.39,20.00,99057.00,9.00,0,0,0,0,,,-1.00,-1.00,-1.00,-1.00,-1.00,-1.00
2022-12-28T17:45:07Z,"0002cc01000003e9","2250d74323fd37bb04d111146760ba33460c00000000000000ffffffffffffffffffffffff",3.48,,0.30,17,20.40,20.03,99045.00,6.00,0,0,0,0,,,-1.00,-1.00,-1.00,-1.00,-1.00,-1.00
2022-12-28T17:51:03Z,"0002cc01000003e9","2250d74487fd37bb04d111146960b533620c00000000000000ffffffffffffffffffffffff",3.48,,0.30,17,20.41,20.07,99025.00,6.00,0,0,0,0,,,-1.00,-1.00,-1.00,-1.00,-1.00,-1.00
2022-12-28T17:56:59Z,"0002cc01000003e9","2250d745ebfd37bb04d111146960ae33770c00000000000000ffffffffffffffffffffffff",3.48,,0.30,17,20.41,20.10,98997.00,6.00,0,0,0,0,,,-1.00,-1.00,-1.00,-1.00,-1.00,-1.00
2022-12-28T18:02:55Z,"0002cc01000003e9","2250d7474ffd37bb04d111146960a9337ff000000000000000ffffffffffffffffffffffff",3.48,,0.30,17,20.41,20.12,98979.00,0.00,0,0,0,0,,,-1.00,-1.00,-1.00,-1.00,-1.00,-1.00
2022-12-28T18:08:52Z,"0002cc01000003e9","2250d748b4fd37bb04d111146c60a6338d0c00000000000000ffffffffffffffffffffffff",3.48,,0.30,17,20.42,20.14,98965.00,6.00,0,0,0,0,,,-1.00,-1.00,-1.00,-1.00,-1.00,-1.00
2022-12-28T18:14:48Z,"0002cc01000003e9","2250d74a18fd37bb04d111146c60a533940800000000000000ffffffffffffffffffffffff",3.48,,0.30,17,20.42,20.15,98963.00,2.00,0,0,0,0,,,-1.00,-1.00,-1.00,-1.00,-1.00,-1.00
2022-12-28T18:20:44Z,"0002cc01000003e9","2250d74b7cfd37bb04d111146f60a0339b0800000000000000ffffffffffffffffffffffff",3.48,,0.30,17,20.43,20.16,98941.00,8.00,0,0,0,0,,,-1.00,-1.00,-1.00,-1.00,-1.00,-1.00
2022-12-28T18:26:40Z,"0002cc01000003e9","2250d74ce0fd37bb04d1111471609c339b0a00000000000000ffffffffffffffffffffffff",3.48,,0.30,17,20.44,20.16,98924.00,5.00,0,0,0,0,,,-1.00,-1.00,-1.00,-1.00,-1.00,-1.00
2022-12-28T18:32:36Z,"0002cc01000003e9","2250d74e44fd37bb04d111147460993387f000000000000000ffffffffffffffffffffffff",3.48,,0.30,17,20.45,20.13,98913.00,0.00,0,0,0,0,,,-1.00,-1.00,-1.00,-1.00,-1.00,-1.00
2022-12-28T18:38:32Z,"0002cc01000003e9","2250d74fa8fd37bb04d11114766098338e0c00000000000000ffffffffffffffffffffffff",3.48,,0.30,17,20.46,20.14,98909.00,12.00,0,0,0,0,,,-1.00,-1.00,-1.00,-1.00,-1.00,-1.00
2022-12-28T18:44:28Z,"0002cc01000003e9","2250d7510cfd37bb04d111147960973380f000000000000000ffffffffffffffffffffffff",3.48,,0.30,17,20.47,20.12,98906.00,0.00,0,0,0,0,,,-1.00,-1.00,-1.00,-1.00,-1.00,-1.00
2022-12-28T18:50:24Z,"0002cc01000003e9","2250d75270fd37bb04d111147b609833790b00000000000000ffffffffffffffffffffffff",3.48,,0.30,17,20.48,20.11,98911.00,11.00,0,0,0,0,,,-1.00,-1.00,-1.00,-1.00,-1.00,-1.00
2022-12-28T18:56:20Z,"0002cc01000003e9","2250d753d4fd37bb04c911148160943373f000000000000000ffffffffffffffffffffffff",3.48,,0.30,17,20.50,20.10,98892.00,0.00,0,0,0,0,,,-1.00,-1.00,-1.00,-1.00,-1.00,-1.00
2022-12-28T19:02:16Z,"0002cc01000003e9","2250d75538fd37bb04d1111483609533660800000000000000ffffffffffffffffffffffff",3.48,,0.30,17,20.51,20.08,98896.00,4.00,0,0,0,0,,,-1.00,-1.00,-1.00,-1.00,-1.00,-1.00
2022-12-28T19:08:12Z,"0002cc01000003e9","2250d7569cfd37bb04c91114886095335f0b80000000000000ffffffffffffffffffffffff",3.48,,0.30,17,20.53,20.07,98896.00,23.00,0,0,0,0,,,-1.00,-1.00,-1.00,-1.00,-1.00,-1.00
2022-12-28T19:14:09Z,"0002cc01000003e9","2250d75801fd37bb04d111148d609133510e00000000000000ffffffffffffffffffffffff",3.48,,0.30,17,20.55,20.05,98882.00,7.00,0,0,0,0,,,-1.00,-1.00,-1.00,-1.00,-1.00,-1.00
2022-12-28T19:20:05Z,"0002cc01000003e9","2250d75965fd37b304c9111490609033440900000000000000ffffffffffffffffffffffff",3.48,,0.30,17,20.56,20.03,98877.00,9.00,0,0,0,0,,,-1.00,-1.00,-1.00,-1.00,-1.00,-1.00
2022-12-28T19:26:01Z,"0002cc01000003e9","2250d75ac9fd37bb04d1111495608f332f0900000000000000ffffffffffffffffffffffff",3.48,,0.30,17,20.58,19.99,98872.00,18.00,0,0,0,0,,,-1.00,-1.00,-1.00,-1.00,-1.00,-1.00
2022-12-28T19:31:57Z,"0002cc01000003e9","2250d75c2dfd37af04c9111498608c33220900000000000000ffffffffffffffffffffffff",3.48,,0.30,17,20.59,19.97,98863.00,18.00,0,0,0,0,,,-1.00,-1.00,-1.00,-1.00,-1.00,-1.00
2022-12-28T19:37:53Z,"0002cc01000003e9","2250d75d91fd37b304c511149d608733140800000000000000ffffffffffffffffffffffff",3.48,,0.30,17,20.61,19.95,98841.00,32.00,0,0,0,0,,,-1.00,-1.00,-1.00,-1.00,-1.00,-1.00
2022-12-28T19:43:49Z,"0002cc01000003e9","2250d75ef5fd37bb04d111149f608432ff0c00000000000000ffffffffffffffffffffffff",3.48,,0.30,17,20.62,19.92,98831.00,12.00,0,0,0,0,,,-1.00,-1.00,-1.00,-1.00,-1.00,-1.00
2022-12-28T19:49:45Z,"0002cc01000003e9","2250d76059fd37bb04c91114a4608132f20d00000000000000ffffffffffffffffffffffff",3.48,,0.30,17,20.64,19.90,98816.00,13.00,0,0,0,0,,,-1.00,-1.00,-1.00,-1.00,-1.00,-1.00
2022-12-28T19:55:41Z,"0002cc01000003e9","2250d761bdfd37bb04c91114a9607b32eb0f00000000000000ffffffffffffffffffffffff",3.48,,0.30,17,20.66,19.89,98794.00,15.00,0,0,0,0,,,-1.00,-1.00,-1.00,-1.00,-1.00,-1.00
2022-12-28T20:01:37Z,"0002cc01000003e9","2250d76321fd37c304d11114ac607732e40900000000000000ffffffffffffffffffffffff",3.48,,0.30,17,20.67,19.88,98779.00,18.00,0,0,0,0,,,-1.00,-1.00,-1.00,-1.00,-1.00,-1.00
2022-12-28T20:07:33Z,"0002cc01000003e9","2250d76485fd37bb04d11114b1607432e5f000000000000000ffffffffffffffffffffffff",3.48,,0.30,17,20.69,19.88,98764.00,0.00,0,0,0,0,,,-1.00,-1.00,-1.00,-1.00,-1.00,-1.00
2022-12-28T20:13:29Z,"0002cc01000003e9","2250d765e9fd37bb04d11114b4607532df0e00000000000000ffffffffffffffffffffffff",3.48,,0.30,17,20.70,19.87,98768.00,14.00,0,0,0,0,,,-1.00,-1.00,-1.00,-1.00,-1.00,-1.00
2022-12-28T20:19:25Z,"0002cc01000003e9","2250d7674dfd37b704d11114b9607232e6f000000000000000ffffffffffffffffffffffff",3.48,,0.30,17,20.72,19.88,98756.00,0.00,0,0,0,0,,,-1.00,-1.00,-1.00,-1.00,-1.00,-1.00
2022-12-28T20:25:21Z,"0002cc01000003e9","2250d768b1fd37bb04d11114bb606e33020800000000000000ffffffffffffffffffffffff",3.48,,0.30,17,20.73,19.93,98741.00,2.00,0,0,0,0,,,-1.00,-1.00,-1.00,-1.00,-1.00,-1.00
2022-12-28T20:31:17Z,"0002cc01000003e9","2250d76a15fd37b704c51114be606e331f0a00000000000000ffffffffffffffffffffffff",3.48,,0.30,17,20.74,19.97,98740.00,5.00,0,0,0,0,,,-1.00,-1.00,-1.00,-1.00,-1.00,-1.00
2022-12-28T20:37:14Z,"0002cc01000003e9","2250d76b7afd37bb04c91114c3606a333b0f00000000000000ffffffffffffffffffffffff",3.48,,0.30,17,20.76,20.01,98725.00,15.00,0,0,0,0,,,-1.00,-1.00,-1.00,-1.00,-1.00,-1.00
2022-12-28T20:43:10Z,"0002cc01000003e9","2250d76cdefd37bb04c91114c8606633510e00000000000000ffffffffffffffffffffffff",3.48,,0.30,17,20.78,20.05,98710.00,7.00,0,0,0,0,,,-1.00,-1.00,-1.00,-1.00,-1.00,-1.00
2022-12-28T20:49:06Z,"0002cc01000003e9","2250d76e42fd37b304cd1114cb606433590880000000000000ffffffffffffffffffffffff",3.48,,0.30,17,20.79,20.06,98700.00,17.00,0,0,0,0,,,-1.00,-1.00,-1.00,-1.00,-1.00,-1.00
2022-12-28T20:55:02Z,"0002cc01000003e9","2250d76fa6fd37bb04d11114d06063336e0980000000000000ffffffffffffffffffffffff",3.48,,0.30,17,20.81,20.09,98696.00,19.00,0,0,0,0,,,-1.00,-1.00,-1.00,-1.00,-1.00,-1.00
2022-12-28T21:00:58Z,"0002cc01000003e9","2250d7710afd37b704d11114d5606333610880000000000000ffffffffffffffffffffffff",3.48,,0.30,17,20.83,20.07,98698.00,17.00,0,0,0,0,,,-1.00,-1.00,-1.00,-1.00,-1.00,-1.00
2022-12-28T21:06:54Z,"0002cc01000003e9","2250d7726efd37b704d11114da606233690a00000000000000ffffffffffffffffffffffff",3.48,,0.30,17,20.85,20.08,98693.00,5.00,0,0,0,0,,,-1.00,-1.00,-1.00,-1.00,-1.00,-1.00
2022-12-28T21:12:50Z,"0002cc01000003e9","2250d773d2fd37b304c51114df605e33690b00000000000000ffffffffffffffffffffffff",3.48,,0.30,17,20.87,20.08,98677.00,11.00,0,0,0,0,,,-1.00,-1.00,-1.00,-1.00,-1.00,-1.00
2022-12-28T21:18:46Z,"0002cc01000003e9","2250d77536fd37bb04c91114e4605e33700900000000000000ffffffffffffffffffffffff",3.48,,0.30,17,20.89,20.09,98677.00,9.00,0,0,0,0,,,-1.00,-1.00,-1.00,-1.00,-1.00,-1.00
2022-12-28T21:24:42Z,"0002cc01000003e9","2250d7769afd37b704c91114e9605d3371f000000000000000ffffffffffffffffffffffff",3.48,,0.30,17,20.91,20.09,98674.00,0.00,0,0,0,0,,,-1.00,-1.00,-1.00,-1.00,-1.00,-1.00
2022-12-28T21:30:38Z,"0002cc01000003e9","2250d777fefd37bb04d11114ec605e33720880000000000000ffffffffffffffffffffffff",3.48,,0.30,17,20.92,20.10,98677.00,17.00,0,0,0,0,,,-1.00,-1.00,-1.00,-1.00,-1.00,-1.00
2022-12-28T21:36:34Z,"0002cc01000003e9","2250d77962fd37bb04c91114ef605e3379f000000000000000ffffffffffffffffffffffff",3.48,,0.30,17,20.93,20.11,98678.00,0.00,0,0,0,0,,,-1.00,-1.00,-1.00,-1.00,-1.00,-1.00
2022-12-28T21:42:30Z,"0002cc01000003e9","2250d77ac6fd37bb04c51114f4605d33790c00000000000000ffffffffffffffffffffffff",3.48,,0.30,17,20.95,20.11,98673.00,3.00,0,0,0,0,,,-1.00,-1.00,-1.00,-1.00,-1.00,-1.00
2022-12-28T21:48:26Z,"0002cc01000003e9","2250d77c2afd37b304d11114f9605c337a0800000000000000ffffffffffffffffffffffff",3.48,,0.30,17,20.97,20.11,98669.00,4.00,0,0,0,0,,,-1.00,-1.00,-1.00,-1.00,-1.00,-1.00
2022-12-28T21:54:23Z,"0002cc01000003e9","2250d77d8ffd37bb04c91114fb605e33880880000000000000ffffffffffffffffffffffff",3.48,,0.30,17,20.98,20.13,98677.00,17.00,0,0,0,0,,,-1.00,-1.00,-1.00,-1.00,-1.00,-1.00
2022-12-28T22:00:19Z,"0002cc01000003e9","2250d77ef3fd37b304c91114fe605e33960f00000000000000ffffffffffffffffffffffff",3.48,,0.30,17,20.99,20.15,98678.00,15.00,0,0,0,0,,,-1.00,-1.00,-1.00,-1.00,-1.00,-1.00
2022-12-28T22:06:15Z,"0002cc01000003e9","2250d78057fd37b704c9111501605c33b3f000000000000000ffffffffffffffffffffffff",3.48,,0.30,17,21.00,20.20,98671.00,0.00,0,0,0,0,,,-1.00,-1.00,-1.00,-1.00,-1.00,-1.00
2022-12-28T22:12:11Z,"0002cc01000003e9","2250d781bbfd37bb04c9111503605c33d70800000000000000ffffffffffffffffffffffff",3.48,,0.30,17,21.01,20.25,98670.00,2.00,0,0,0,0,,,-1.00,-1.00,-1.00,-1.00,-1.00,-1.00
2022-12-28T22:18:07Z,"0002cc01000003e9","2250d7831ffd37b704c9111506605c33fb0e00000000000000ffffffffffffffffffffffff",3.48,,0.30,17,21.02,20.30,98671.00,14.00,0,0,0,0,,,-1.00,-1.00,-1.00,-1.00,-1.00,-1.00
2022-12-28T22:24:03Z,"0002cc01000003e9","2250d78483fd37b304c511150b605a342c0a00000000000000ffffffffffffffffffffffff",3.48,,0.30,17,21.04,20.38,98661.00,10.00,0,0,0,0,,,-1.00,-1.00,-1.00,-1.00,-1.00,-1.00
2022-12-28T22:29:59Z,"0002cc01000003e9","2250d785e7fd37bb04c911150d605a34960900000000000000ffffffffffffffffffffffff",3.48,,0.30,17,21.05,20.54,98663.00,9.00,0,0,0,0,,,-1.00,-1.00,-1.00,-1.00,-1.00,-1.00
2022-12-28T22:35:55Z,"0002cc01000003e9","2250d7874bfd37bb04c5111512605c34dd0a00000000000000ffffffffffffffffffffffff",3.48,,0.30,17,21.07,20.65,98670.00,20.00,0,0,0,0,,,-1.00,-1.00,-1.00,-1.00,-1.00,-1.00
2022-12-28T22:41:51Z,"0002cc01000003e9","2250d788affd37bb04c9111512605d35320c00000000000000ffffffffffffffffffffffff",3.48,,0.30,17,21.07,20.78,98674.00,3.00,0,0,0,0,,,-1.00,-1.00,-1.00,-1.00,-1.00,-1.00
2022-12-28T22:47:47Z,"0002cc01000003e9","2250d78a13fd37bb04c91115186062358df000000000000000ffffffffffffffffffffffff",3.48,,0.30,17,21.09,20.92,98693.00,0.00,0,0,0,0,,,-1.00,-1.00,-1.00,-1.00,-1.00,-1.00
2022-12-28T22:53:43Z,"0002cc01000003e9","2250d78b77fd37b304c9111518606535f00900000000000000ffffffffffffffffffffffff",3.48,,0.30,17,21.09,21.07,98706.00,18.00,0,0,0,0,,,-1.00,-1.00,-1.00,-1.00,-1.00,-1.00
2022-12-28T22:59:39Z,"0002cc01000003e9","2250d78cdbfd37bb04d111151d606336610d00000000000000ffffffffffffffffffffffff",3.48,,0.30,17,21.11,21.24,98696.00,26.00,0,0,0,0,,,-1.00,-1.00,-1.00,-1.00,-1.00,-1.00
2022-12-28T23:05:35Z,"0002cc01000003e9","2250d78e3ffd37b304c111151d606136cbf000000000000000ffffffffffffffffffffffff",3.48,,0.30,17,21.11,21.40,98688.00,0.00,0,0,0,0,,,-1.00,-1.00,-1.00,-1.00,-1.00,-1.00
2022-12-28T23:11:32Z,"0002cc01000003e9","2250d78fa4fd37b704c911151f60623726f000000000000000ffffffffffffffffffffffff",3.48,,0.30,17,21.12,21.54,98694.00,0.00,0,0,0,0,,,-1.00,-1.00,-1.00,-1.00,-1.00,-1.00
2022-12-28T23:17:28Z,"0002cc01000003e9","2250d79108fd37b704c51115226067377bf000000000000000ffffffffffffffffffffffff",3.48,,0.30,17,21.13,21.67,98715.00,0.00,0,0,0,0,,,-1.00,-1.00,-1.00,-1.00,-1.00,-1.00
2022-12-28T23:23:24Z,"0002cc01000003e9","2250d7926cfd37b304c5111524606c37d00b00000000000000ffffffffffffffffffffffff",3.48,,0.30,17,21.14,21.80,98732.00,11.00,0,0,0,0,,,-1.00,-1.00,-1.00,-1.00,-1.00,-1.00
2022-12-28T23:29:20Z,"0002cc01000003e9","2250d793d0fd37bb04c9111527606a382b0b00000000000000ffffffffffffffffffffffff",3.48,,0.30,17,21.15,21.94,98727.00,11.00,0,0,0,0,,,-1.00,-1.00,-1.00,-1.00,-1.00,-1.00
2022-12-28T23:35:16Z,"0002cc01000003e9","2250d79534fd37b704c91115296067389cf000000000000000ffffffffffffffffffffffff",3.48,,0.30,17,21.16,22.11,98715.00,0.00,0,0,0,0,,,-1.00,-1.00,-1.00,-1.00,-1.00,-1.00
2022-12-28T23:41:12Z,"0002cc01000003e9","2250d79698fd37b704c9111529606938f7f000000000000000ffffffffffffffffffffffff",3.48,,0.30,17,21.16,22.25,98720.00,0.00,0,0,0,0,,,-1.00,-1.00,-1.00,-1.00,-1.00,-1.00
2022-12-28T23:47:08Z,"0002cc01000003e9","2250d797fcfd37b704c511152c606b39460b00000000000000ffffffffffffffffffffffff",3.48,,0.30,17,21.17,22.37,98731.00,11.00,0,0,0,0,,,-1.00,-1.00,-1.00,-1.00,-1.00,-1.00
2022-12-28T23:53:04Z,"0002cc01000003e9","2250d79960fd37b704c911152c606c39bd0800000000000000ffffffffffffffffffffffff",3.48,,0.30,17,21.17,22.55,98732.00,4.00,0,0,0,0,,,-1.00,-1.00,-1.00,-1.00,-1.00,-1.00
2022-12-28T23:59:00Z,"0002cc01000003e9","2250d79ac4fd37bb04c511152c606e3a350900000000000000ffffffffffffffffffffffff",3.48,,0.30,17,21.17,22.74,98742.00,18.00,0,0,0,0,,,-1.00,-1.00,-1.00,-1.00,-1.00,-1.00
