Time,DevEUI,Raw,Vbat,Vsystem,Vbus,BootCount,T,RH,P,Light,P[0].delta,P[0].total,P[1].delta,P[1].total,Act[7],Act[6],Act[5],Act[4],Act[3],Act[2],Act[1],Act[0]
2022-12-25T00:02:29Z,"0002cc01000003e9","2250d25595fd383204e6111412622a1746f000000000000000ffffffffffffffffffffffff",3.51,,0.31,17,20.07,9.09,100517.00,0.00,0,0,0,0,,,-1.00,-1.00,-1.00,-1.00,-1.00,-1.00
2022-12-25T00:08:25Z,"0002cc01000003e9","2250d256f9fd383204e6111415622c175bf000000000000000ffffffffffffffffffffffff",3.51,,0.31,17,20.08,9.12,100527.00,0.00,0,0,0,0,,,-1.00,-1.00,-1.00,-1.00,-1.00,-1.00
2022-12-25T00:14:21Z,"0002cc01000003e9","2250d2585dfd383204e611141a622d1763f000000000000000ffffffffffffffffffffffff",3.51,,0.31,17,20.10,9.14,100530.00,0.00,0,0,0,0,,,-1.00,-1.00,-1.00,-1.00,-1.00,-1.00
2022-12-25T00:20:17Z,"0002cc01000003e9","2250d259c1fd383204e611141f622f1771f000000000000000ffffffffffffffffffffffff",3.51,,0.31,17,20.12,9.16,100538.00,0.00,0,0,0,0,,,-1.00,-1.00,-1.00,-1.00,-1.00,-1.00
2022-12-25T00:26:13Z,"0002cc01000003e9","2250d25b25fd383204da111424623217790c00000000000000ffffffffffffffffffffffff",3.51,,0.30,17,20.14,9.17,100548.00,24.00,0,0,0,0,,,-1.00,-1.00,-1.00,-1.00,-1.00,-1.00
2022-12-25T00:32:09Z,"0002cc01000003e9","2250d25c89fd382e04da11142c62321780f000000000000000ffffffffffffffffffffffff",3.51,,0.30,17,20.17,9.18,100548.00,0.00,0,0,0,0,,,-1.00,-1.00,-1.00,-1.00,-1.00,-1.00
2022-12-25T00:38:05Z,"0002cc01000003e9","2250d25dedfd383204e611142f6234178f0c00000000000000ffffffffffffffffffffffff",3.51,,0.31,17,20.18,9.20,100559.00,6.00,0,0,0,0,,,-1.00,-1.00,-1.00,-1.00,-1.00,-1.00
2022-12-25T00:44:02Z,"0002cc01000003e9","2250d25f52fd383204e611142f6235179cf000000000000000ffffffffffffffffffffffff",3.51,,0.31,17,20.18,9.22,100560.00,0.00,0,0,0,0,,,-1.00,-1.00,-1.00,-1.00,-1.00,-1.00
2022-12-25T00:49:58Z,"0002cc01000003e9","2250d260b6fd383204e611142c623517aa0e00000000000000ffffffffffffffffffffffff",3.51,,0.31,17,20.17,9.24,100560.00,14.00,0,0,0,0,,,-1.00,-1.00,-1.00,-1.00,-1.00,-1.00
2022-12-25T00:55:54Z,"0002cc01000003e9","2250d2621afd383204da11142f623417b1f000000000000000ffffffffffffffffffffffff",3.51,,0.30,17,20.18,9.25,100558.00,0.00,0,0,0,0,,,-1.00,-1.00,-1.00,-1.00,-1.00,-1.00
2022-12-25T01:01:50Z,"0002cc01000003e9","2250d2637efd382904da111427623417b1f000000000000000ffffffffffffffffffffffff",3.51,,0.30,17,20.15,9.25,100559.00,0.00,0,0,0,0,,,-1.00,-1.00,-1.00,-1.00,-1.00,-1.00
2022-12-25T01:07:46Z,"0002cc01000003e9","2250d264e2fd383204da111424623417b80e00000000000000ffffffffffffffffffffffff",3.51,,0.30,17,20.14,9.27,100559.00,7.00,0,0,0,0,,,-1.00,-1.00,-1.00,-1.00,-1.00,-1.00
2022-12-25T01:13:42Z,"0002cc01000003e9","2250d26646fd383204da11141d623517bf0c00000000000000ffffffffffffffffffffffff",3.51,,0.30,17,20.11,9.28,100560.00,6.00,0,0,0,0,,,-1.00,-1.00,-1.00,-1.00,-1.00,-1.00
2022-12-25T01:19:38Z,"0002cc01000003e9","2250d267aafd382904e611141a623417bff000000000000000ffffffffffffffffffffffff",3.51,,0.31,17,20.10,9.28,100559.00,0.00,0,0,0,0,,,-1.00,-1.00,-1.00,-1.00,-1.00,-1.00
2022-12-25T01:25:34Z,"0002cc01000003e9","2250d2690efd383204da111418623317bff000000000000000ffffffffffffffffffffffff",3.51,,0.30,17,20.09,9.28,100555.00,0.00,0,0,0,0,,,-1.00,-1.00,-1.00,-1.00,-1.00,-1.00
2022-12-25T01:31:30Z,"0002cc01000003e9","2250d26a72fd383204da111418623217c50e80000000000000ffffffffffffffffffffffff",3.51,,0.30,17,20.09,9.29,100549.00,29.00,0,0,0,0,,,-1.00,-1.00,-1.00,-1.00,-1.00,-1.00
2022-12-25T01:37:26Z,"0002cc01000003e9","2250d26bd6fd383604da111412623317cc0d00000000000000ffffffffffffffffffffffff",3.51,,0.30,17,20.07,9.30,100553.00,13.00,0,0,0,0,,,-1.00,-1.00,-1.00,-1.00,-1.00,-1.00
2022-12-25T01:43:22Z,"0002cc01000003e9","2250d26d3afd383a04da111410623517daf000000000000000ffffffffffffffffffffffff",3.51,,0.30,17,20.06,9.32,100560.00,0.00,0,0,0,0,,,-1.00,-1.00,-1.00,-1.00,-1.00,-1.00
2022-12-25T01:49:18Z,"0002cc01000003e9","2250d26e9efd383204e611140b623317e1f000000000000000ffffffffffffffffffffffff",3.51,,0.31,17,20.04,9.33,100554.00,0.00,0,0,0,0,,,-1.00,-1.00,-1.00,-1.00,-1.00,-1.00
2022-12-25T01:55:15Z,"0002cc01000003e9","2250d27003fd382904da11140b623517e80900000000000000ffffffffffffffffffffffff",3.51,,0.30,17,20.04,9.34,100563.00,9.00,0,0,0,0,,,-1.00,-1.00,-1.00,-1.00,-1.00,-1.00
2022-12-25T02:01:10Z,"0002cc01000003e9","2250d27166fd383204e611140b623617e10a00000000000000ffffffffffffffffffffffff",3.51,,0.31,17,20.04,9.33,100564.00,10.00,0,0,0,0,,,-1.00,-1.00,-1.00,-1.00,-1.00,-1.00
2022-12-25T02:07:07Z,"0002cc01000003e9","2250d272cbfd383a04e2111410623517daf000000000000000ffffffffffffffffffffffff",3.51,,0.31,17,20.06,9.32,100560.00,0.00,0,0,0,0,,,-1.00,-1.00,-1.00,-1.00,-1.00,-1.00
2022-12-25T02:13:03Z,"0002cc01000003e9","2250d2742ffd383a04da111410623317daf000000000000000ffffffffffffffffffffffff",3.51,,0.30,17,20.06,9.32,100554.00,0.00,0,0,0,0,,,-1.00,-1.00,-1.00,-1.00,-1.00,-1.00
2022-12-25T02:18:59Z,"0002cc01000003e9","2250d27593fd383204e6111410623317d30a00000000000000ffffffffffffffffffffffff",3.51,,0.31,17,20.06,9.31,100554.00,5.00,0,0,0,0,,,-1.00,-1.00,-1.00,-1.00,-1.00,-1.00
2022-12-25T02:24:55Z,"0002cc01000003e9","2250d276f7fd383204da111412623417daf000000000000000ffffffffffffffffffffffff",3.51,,0.30,17,20.07,9.32,100557.00,0.00,0,0,0,0,,,-1.00,-1.00,-1.00,-1.00,-1.00,-1.00
2022-12-25T02:30:51Z,"0002cc01000003e9","2250d2785bfd383204e6111415623217d30a00000000000000ffffffffffffffffffffffff",3.51,,0.31,17,20.08,9.31,100548.00,20.00,0,0,0,0,,,-1.00,-1.00,-1.00,-1.00,-1.00,-1.00
2022-12-25T02:36:47Z,"0002cc01000003e9","2250d279bffd383204e2111412623117d3f000000000000000ffffffffffffffffffffffff",3.51,,0.31,17,20.07,9.31,100545.00,0.00,0,0,0,0,,,-1.00,-1.00,-1.00,-1.00,-1.00,-1.00
2022-12-25T02:42:43Z,"0002cc01000003e9","2250d27b23fd383604da11140b623017da0800000000000000ffffffffffffffffffffffff",3.51,,0.30,17,20.04,9.32,100541.00,1.00,0,0,0,0,,,-1.00,-1.00,-1.00,-1.00,-1.00,-1.00
2022-12-25T02:48:39Z,"0002cc01000003e9","2250d27c87fd383a04da111406623117da0f00000000000000ffffffffffffffffffffffff",3.51,,0.30,17,20.02,9.32,100546.00,15.00,0,0,0,0,,,-1.00,-1.00,-1.00,-1.00,-1.00,-1.00
2022-12-25T02:54:35Z,"0002cc01000003e9","2250d27debfd383604da11141f622d17e20a80000000000000ffffffffffffffffffffffff",3.51,,0.30,17,20.12,9.33,100530.00,21.00,0,0,0,0,,,-1.00,-1.00,-1.00,-1.00,-1.00,-1.00
2022-12-25T03:00:31Z,"0002cc01000003e9","2250d27f4ffd382904da111429622d17f8f000000000000000ffffffffffffffffffffffff",3.51,,0.30,17,20.16,9.36,100529.00,0.00,0,0,0,0,,,-1.00,-1.00,-1.00,-1.00,-1.00,-1.00
2022-12-25T03:06:27Z,"0002cc01000003e9","2250d280b3fd383204da111427622e17d4f000000000000000ffffffffffffffffffffffff",3.51,,0.30,17,20.15,9.31,100535.00,0.00,0,0,0,0,,,-1.00,-1.00,-1.00,-1.00,-1.00,-1.00
2022-12-25T03:12:23Z,"0002cc01000003e9","2250d28217fd382904da11141d622b17dbf000000000000000ffffffffffffffffffffffff",3.51,,0.30,17,20.11,9.32,100523.00,0.00,0,0,0,0,,,-1.00,-1.00,-1.00,-1.00,-1.00,-1.00
2022-12-25T03:18:19Z,"0002cc01000003e9","2250d2837bfd382904e2111410622d17daf000000000000000ffffffffffffffffffffffff",3.51,,0.31,17,20.06,9.32,100529.00,0.00,0,0,0,0,,,-1.00,-1.00,-1.00,-1.00,-1.00,-1.00
2022-12-25T03:24:16Z,"0002cc01000003e9","2250d284e0fd382904da111412622a17e80a00000000000000ffffffffffffffffffffffff",3.51,,0.30,17,20.07,9.34,100517.00,5.00,0,0,0,0,,,-1.00,-1.00,-1.00,-1.00,-1.00,-1.00
2022-12-25T03:30:12Z,"0002cc01000003e9","2250d28644fd382904da111410622d17eff000000000000000ffffffffffffffffffffffff",3.51,,0.30,17,20.06,9.35,100530.00,0.00,0,0,0,0,,,-1.00,-1.00,-1.00,-1.00,-1.00,-1.00
2022-12-25T03:36:08Z,"0002cc01000003e9","2250d287a8fd383204da111408622b17ef0a80000000000000ffffffffffffffffffffffff",3.51,,0.30,17,20.03,9.35,100522.00,21.00,0,0,0,0,,,-1.00,-1.00,-1.00,-1.00,-1.00,-1.00
2022-12-25T03:42:04Z,"0002cc01000003e9","2250d2890cfd382904da11141a622917fe0f00000000000000ffffffffffffffffffffffff",3.51,,0.30,17,20.10,9.37,100512.00,30.00,0,0,0,0,,,-1.00,-1.00,-1.00,-1.00,-1.00,-1.00
2022-12-25T03:48:00Z,"0002cc01000003e9","2250d28a70fd382904e611142f622618060c00000000000000ffffffffffffffffffffffff",3.51,,0.31,17,20.18,9.38,100503.00,6.00,0,0,0,0,,,-1.00,-1.00,-1.00,-1.00,-1.00,-1.00
2022-12-25T03:53:56Z,"0002cc01000003e9","2250d28bd4fd382904da111429622817ff0800000000000000ffffffffffffffffffffffff",3.51,,0.30,17,20.16,9.37,100509.00,8.00,0,0,0,0,,,-1.00,-1.00,-1.00,-1.00,-1.00,-1.00
2022-12-25T03:59:52Z,"0002cc01000003e9","2250d28d38fd382904da11141d622817e90b00000000000000ffffffffffffffffffffffff",3.51,,0.30,17,20.11,9.34,100511.00,11.00,0,0,0,0,,,-1.00,-1.00,-1.00,-1.00,-1.00,-1.00
2022-12-25T04:05:48Z,"0002cc01000003e9","2250d28e9cfd382904da111412622817eff000000000000000ffffffffffffffffffffffff",3.51,,0.30,17,20.07,9.35,100511.00,0.00,0,0,0,0,,,-1.00,-1.00,-1.00,-1.00,-1.00,-1.00
2022-12-25T04:11:44Z,"0002cc01000003e9","2250d29000fd382904da111429622a17ff0f00000000000000ffffffffffffffffffffffff",3.51,,0.30,17,20.16,9.37,100516.00,15.00,0,0,0,0,,,-1.00,-1.00,-1.00,-1.00,-1.00,-1.00
2022-12-25T04:17:40Z,"0002cc01000003e9","2250d29164fd382904da111427622b17fff000000000000000ffffffffffffffffffffffff",3.51,,0.30,17,20.15,9.37,100521.00,0.00,0,0,0,0,,,-1.00,-1.00,-1.00,-1.00,-1.00,-1.00
2022-12-25T04:23:36Z,"0002cc01000003e9","2250d292c8fd383204da11141f622a17f0f000000000000000ffffffffffffffffffffffff",3.51,,0.30,17,20.12,9.35,100517.00,0.00,0,0,0,0,,,-1.00,-1.00,-1.00,-1.00,-1.00,-1.00
2022-12-25T04:29:32Z,"0002cc01000003e9","2250d2942cfd383204da111410622917ef0a00000000000000ffffffffffffffffffffffff",3.51,,0.30,17,20.06,9.35,100515.00,5.00,0,0,0,0,,,-1.00,-1.00,-1.00,-1.00,-1.00,-1.00
2022-12-25T04:35:28Z,"0002cc01000003e9","2250d29590fd382904da111424622b17f10a00000000000000ffffffffffffffffffffffff",3.51,,0.30,17,20.14,9.35,100520.00,10.00,0,0,0,0,,,-1.00,-1.00,-1.00,-1.00,-1.00,-1.00
2022-12-25T04:41:25Z,"0002cc01000003e9","2250d296f5fd382904e611143e622b17f9f000000000000000ffffffffffffffffffffffff",3.51,,0.31,17,20.24,9.36,100522.00,0.00,0,0,0,0,,,-1.00,-1.00,-1.00,-1.00,-1.00,-1.00
2022-12-25T04:47:21Z,"0002cc01000003e9","2250d29859fd383604e6111436622b17f10980000000000000ffffffffffffffffffffffff",3.51,,0.31,17,20.21,9.35,100523.00,19.00,0,0,0,0,,,-1.00,-1.00,-1.00,-1.00,-1.00,-1.00
2022-12-25T04:53:17Z,"0002cc01000003e9","2250d299bdfd382904e2111427622c17dbf000000000000000ffffffffffffffffffffffff",3.51,,0.31,17,20.15,9.32,100525.00,0.00,0,0,0,0,,,-1.00,-1.00,-1.00,-1.00,-1.00,-1.00
2022-12-25T04:59:13Z,"0002cc01000003e9","2250d29b21fd383604da11141d622a17dbf000000000000000ffffffffffffffffffffffff",3.51,,0.30,17,20.11,9.32,100519.00,0.00,0,0,0,0,,,-1.00,-1.00,-1.00,-1.00,-1.00,-1.00
2022-12-25T05:05:09Z,"0002cc01000003e9","2250d29c85fd382904da111422622b17f0f000000000000000ffffffffffffffffffffffff",3.51,,0.30,17,20.13,9.35,100521.00,0.00,0,0,0,0,,,-1.00,-1.00,-1.00,-1.00,-1.00,-1.00
2022-12-25T05:11:05Z,"0002cc01000003e9","2250d29de9fd382904da11141d622a17e9f000000000000000ffffffffffffffffffffffff",3.51,,0.30,17,20.11,9.34,100518.00,0.00,0,0,0,0,,,-1.00,-1.00,-1.00,-1.00,-1.00,-1.00
2022-12-25T05:17:01Z,"0002cc01000003e9","2250d29f4dfd382e04da111410622b17cc0c00000000000000ffffffffffffffffffffffff",3.51,,0.30,17,20.06,9.30,100523.00,24.00,0,0,0,0,,,-1.00,-1.00,-1.00,-1.00,-1.00,-1.00
2022-12-25T05:22:57Z,"0002cc01000003e9","2250d2a0b1fd382904da111424622b17d40800000000000000ffffffffffffffffffffffff",3.51,,0.30,17,20.14,9.31,100520.00,16.00,0,0,0,0,,,-1.00,-1.00,-1.00,-1.00,-1.00,-1.00
2022-12-25T05:28:53Z,"0002cc01000003e9","2250d2a215fd382904da11142f622c17e2f000000000000000ffffffffffffffffffffffff",3.51,,0.30,17,20.18,9.33,100524.00,0.00,0,0,0,0,,,-1.00,-1.00,-1.00,-1.00,-1.00,-1.00
2022-12-25T05:34:49Z,"0002cc01000003e9","2250d2a379fd382904da111422622b17cd0800000000000000ffffffffffffffffffffffff",3.51,,0.30,17,20.13,9.30,100520.00,1.00,0,0,0,0,,,-1.00,-1.00,-1.00,-1.00,-1.00,-1.00
2022-12-25T05:40:45Z,"0002cc01000003e9","2250d2a4ddfd382e04da111418622a17bf0b00000000000000ffffffffffffffffffffffff",3.51,,0.30,17,20.09,9.28,100518.00,11.00,0,0,0,0,,,-1.00,-1.00,-1.00,-1.00,-1.00,-1.00
2022-12-25T05:46:41Z,"0002cc01000003e9","2250d2a641fd382904da11141a622b17bff000000000000000ffffffffffffffffffffffff",3.51,,0.30,17,20.10,9.28,100520.00,0.00,0,0,0,0,,,-1.00,-1.00,-1.00,-1.00,-1.00,-1.00
2022-12-25T05:52:37Z,"0002cc01000003e9","2250d2a7a5fd382904da11141a622c17b80800000000000000ffffffffffffffffffffffff",3.51,,0.30,17,20.10,9.26,100527.00,1.00,0,0,0,0,,,-1.00,-1.00,-1.00,-1.00,-1.00,-1.00
2022-12-25T05:58:33Z,"0002cc01000003e9","2250d2a909fd382904da111415622b17b0f000000000000000ffffffffffffffffffffffff",3.51,,0.30,17,20.08,9.25,100521.00,0.00,0,0,0,0,,,-1.00,-1.00,-1.00,-1.00,-1.00,-1.00
2022-12-25T06:04:30Z,"0002cc01000003e9","2250d2aa6efd382904da11141a622b17940d80000000000000ffffffffffffffffffffffff",3.51,,0.30,17,20.10,9.21,100523.00,27.00,0,0,0,0,,,-1.00,-1.00,-1.00,-1.00,-1.00,-1.00
2022-12-25T06:10:26Z,"0002cc01000003e9","2250d2abd2fd382904e2111436622d179df000000000000000ffffffffffffffffffffffff",3.51,,0.31,17,20.21,9.22,100529.00,0.00,0,0,0,0,,,-1.00,-1.00,-1.00,-1.00,-1.00,-1.00
2022-12-25T06:16:22Z,"0002cc01000003e9","2250d2ad36fd382504da11142f622d178ff000000000000000ffffffffffffffffffffffff",3.51,,0.30,17,20.18,9.20,100528.00,0.00,0,0,0,0,,,-1.00,-1.00,-1.00,-1.00,-1.00,-1.00
2022-12-25T06:22:18Z,"0002cc01000003e9","2250d2ae9afd382e04e211141d622b176a0900000000000000ffffffffffffffffffffffff",3.51,,0.31,17,20.11,9.15,100521.00,18.00,0,0,0,0,,,-1.00,-1.00,-1.00,-1.00,-1.00,-1.00
2022-12-25T06:28:14Z,"0002cc01000003e9","2250d2affefd382504e61114316229176b0c00000000000000ffffffffffffffffffffffff",3.51,,0.31,17,20.19,9.15,100512.00,3.00,0,0,0,0,,,-1.00,-1.00,-1.00,-1.00,-1.00,-1.00
2022-12-25T06:34:10Z,"0002cc01000003e9","2250d2b162fd382904e21114366229176bf000000000000000ffffffffffffffffffffffff",3.51,,0.31,17,20.21,9.15,100515.00,0.00,0,0,0,0,,,-1.00,-1.00,-1.00,-1.00,-1.00,-1.00
2022-12-25T06:40:06Z,"0002cc01000003e9","2250d2b2c6fd382504da111429622917410c00000000000000ffffffffffffffffffffffff",3.51,,0.30,17,20.16,9.08,100512.00,3.00,0,0,0,0,,,-1.00,-1.00,-1.00,-1.00,-1.00,-1.00
2022-12-25T06:46:02Z,"0002cc01000003e9","2250d2b42afd382504da111422622617320b00000000000000ffffffffffffffffffffffff",3.51,,0.30,17,20.13,9.06,100501.00,11.00,0,0,0,0,,,-1.00,-1.00,-1.00,-1.00,-1.00,-1.00
2022-12-25T06:51:58Z,"0002cc01000003e9","2250d2b58efd382904da111429622717480b00000000000000ffffffffffffffffffffffff",3.51,,0.30,17,20.16,9.09,100505.00,11.00,0,0,0,0,,,-1.00,-1.00,-1.00,-1.00,-1.00,-1.00
2022-12-25T06:57:54Z,"0002cc01000003e9","2250d2b6f2fd382504e61114226226172b0800000000000000ffffffffffffffffffffffff",3.51,,0.31,17,20.13,9.05,100502.00,2.00,0,0,0,0,,,-1.00,-1.00,-1.00,-1.00,-1.00,-1.00
2022-12-25T07:03:50Z,"0002cc01000003e9","2250d2b856fd382104da1114126224170e0b00000000000000ffffffffffffffffffffffff",3.51,,0.30,17,20.07,9.01,100494.00,11.00,0,0,0,0,,,-1.00,-1.00,-1.00,-1.00,-1.00,-1.00
2022-12-25T07:09:46Z,"0002cc01000003e9","2250d2b9bafd382504da11142f622117010c00000000000000ffffffffffffffffffffffff",3.51,,0.30,17,20.18,8.99,100483.00,3.00,0,0,0,0,,,-1.00,-1.00,-1.00,-1.00,-1.00,-1.00
2022-12-25T07:15:42Z,"0002cc01000003e9","2250d2bb1efd382504da11145062221703f000000000000000ffffffffffffffffffffffff",3.51,,0.30,17,20.31,8.99,100486.00,0.00,0,0,0,0,,,-1.00,-1.00,-1.00,-1.00,-1.00,-1.00
2022-12-25T07:21:38Z,"0002cc01000003e9","2250d2bc82fd382904da11144b62251703f000000000000000ffffffffffffffffffffffff",3.51,,0.30,17,20.29,8.99,100496.00,0.00,0,0,0,0,,,-1.00,-1.00,-1.00,-1.00,-1.00,-1.00
2022-12-25T07:27:35Z,"0002cc01000003e9","2250d2bde7fd382504da111439622316d10900000000000000ffffffffffffffffffffffff",3.51,,0.30,17,20.22,8.91,100490.00,9.00,0,0,0,0,,,-1.00,-1.00,-1.00,-1.00,-1.00,-1.00
2022-12-25T07:33:31Z,"0002cc01000003e9","2250d2bf4bfd382504da111424622216b3f000000000000000ffffffffffffffffffffffff",3.51,,0.30,17,20.14,8.87,100485.00,0.00,0,0,0,0,,,-1.00,-1.00,-1.00,-1.00,-1.00,-1.00
2022-12-25T07:39:27Z,"0002cc01000003e9","2250d2c0affd382504e211143b622216b40d00000000000000ffffffffffffffffffffffff",3.51,,0.31,17,20.23,8.87,100484.00,13.00,0,0,0,0,,,-1.00,-1.00,-1.00,-1.00,-1.00,-1.00
2022-12-25T07:45:23Z,"0002cc01000003e9","2250d2c213fd382504da111439621f16bbf000000000000000ffffffffffffffffffffffff",3.51,,0.30,17,20.22,8.88,100474.00,0.00,0,0,0,0,,,-1.00,-1.00,-1.00,-1.00,-1.00,-1.00
2022-12-25T07:51:19Z,"0002cc01000003e9","2250d2c377fd382904da111429621f1698f000000000000000ffffffffffffffffffffffff",3.51,,0.30,17,20.16,8.83,100474.00,0.00,0,0,0,0,,,-1.00,-1.00,-1.00,-1.00,-1.00,-1.00
2022-12-25T07:57:15Z,"0002cc01000003e9","2250d2c4dbfd382904da111422621c16820a00000000000000ffffffffffffffffffffffff",3.51,,0.30,17,20.13,8.79,100463.00,5.00,0,0,0,0,,,-1.00,-1.00,-1.00,-1.00,-1.00,-1.00
2022-12-25T08:03:11Z,"0002cc01000003e9","2250d2c63ffd382504da111436621e168a0800000000000000ffffffffffffffffffffffff",3.51,,0.30,17,20.21,8.80,100468.00,2.00,0,0,0,0,,,-1.00,-1.00,-1.00,-1.00,-1.00,-1.00
2022-12-25T08:09:07Z,"0002cc01000003e9","2250d2c7a3fd382504da111434621f168a0800000000000000ffffffffffffffffffffffff",3.51,,0.30,17,20.20,8.80,100472.00,32.00,0,0,0,0,,,-1.00,-1.00,-1.00,-1.00,-1.00,-1.00
2022-12-25T08:15:03Z,"0002cc01000003e9","2250d2c907fd383204d5111427621b16580d80000000000000ffffffffffffffffffffffff",3.51,,0.30,17,20.15,8.73,100459.00,27.00,0,0,0,0,,,-1.00,-1.00,-1.00,-1.00,-1.00,-1.00
2022-12-25T08:20:59Z,"0002cc01000003e9","2250d2ca6bfd382e04d51114296219165109c0000000000000ffffffffffffffffffffffff",3.51,,0.30,17,20.16,8.72,100448.00,39.00,0,0,0,0,,,-1.00,-1.00,-1.00,-1.00,-1.00,-1.00
2022-12-25T08:26:55Z,"0002cc01000003e9","2250d2cbcffd382504d1111446621b165a0c00000000000000ffffffffffffffffffffffff",3.51,,0.30,17,20.27,8.73,100458.00,6.00,0,0,0,0,,,-1.00,-1.00,-1.00,-1.00,-1.00,-1.00
2022-12-25T08:32:51Z,"0002cc01000003e9","2250d2cd33fd382504da11143e621d1660f000000000000000ffffffffffffffffffffffff",3.51,,0.30,17,20.24,8.74,100464.00,0.00,0,0,0,0,,,-1.00,-1.00,-1.00,-1.00,-1.00,-1.00
2022-12-25T08:38:47Z,"0002cc01000003e9","2250d2ce97fd382504da11142f621e16190c00000000000000ffffffffffffffffffffffff",3.51,,0.30,17,20.18,8.63,100471.00,3.00,0,0,0,0,,,-1.00,-1.00,-1.00,-1.00,-1.00,-1.00
2022-12-25T08:44:43Z,"0002cc01000003e9","2250d2cffbfd382504da111429621e16120e00000000000000ffffffffffffffffffffffff",3.51,,0.30,17,20.16,8.62,100470.00,14.00,0,0,0,0,,,-1.00,-1.00,-1.00,-1.00,-1.00,-1.00
2022-12-25T08:50:40Z,"0002cc01000003e9","2250d2d160fd382904da1114486221161af000000000000000ffffffffffffffffffffffff",3.51,,0.30,17,20.28,8.63,100482.00,0.00,0,0,0,0,,,-1.00,-1.00,-1.00,-1.00,-1.00,-1.00
2022-12-25T08:56:36Z,"0002cc01000003e9","2250d2d2c4fd382504da111452622016220e00000000000000ffffffffffffffffffffffff",3.51,,0.30,17,20.32,8.65,100479.00,28.00,0,0,0,0,,,-1.00,-1.00,-1.00,-1.00,-1.00,-1.00
2022-12-25T09:02:32Z,"0002cc01000003e9","2250d2d428fd382504da1114436222160cf000000000000000ffffffffffffffffffffffff",3.51,,0.30,17,20.26,8.61,100487.00,0.00,0,0,0,0,,,-1.00,-1.00,-1.00,-1.00,-1.00,-1.00
2022-12-25T09:08:28Z,"0002cc01000003e9","2250d2d58cfd382504da111431622215cb0900000000000000ffffffffffffffffffffffff",3.51,,0.30,17,20.19,8.51,100487.00,18.00,0,0,0,0,,,-1.00,-1.00,-1.00,-1.00,-1.00,-1.00
2022-12-25T09:14:24Z,"0002cc01000003e9","2250d2d6f0fd382504da111448622115dbf000000000000000ffffffffffffffffffffffff",3.51,,0.30,17,20.28,8.54,100481.00,0.00,0,0,0,0,,,-1.00,-1.00,-1.00,-1.00,-1.00,-1.00
2022-12-25T09:20:20Z,"0002cc01000003e9","2250d2d854fd382504da111446622015cdf000000000000000ffffffffffffffffffffffff",3.51,,0.30,17,20.27,8.52,100479.00,0.00,0,0,0,0,,,-1.00,-1.00,-1.00,-1.00,-1.00,-1.00
2022-12-25T09:26:16Z,"0002cc01000003e9","2250d2d9b8fd382504da111436621f15a10c00000000000000ffffffffffffffffffffffff",3.51,,0.30,17,20.21,8.45,100472.00,3.00,0,0,0,0,,,-1.00,-1.00,-1.00,-1.00,-1.00,-1.00
2022-12-25T09:32:12Z,"0002cc01000003e9","2250d2db1cfd382504da1114436221159bf000000000000000ffffffffffffffffffffffff",3.51,,0.30,17,20.26,8.44,100483.00,0.00,0,0,0,0,,,-1.00,-1.00,-1.00,-1.00,-1.00,-1.00
2022-12-25T09:38:08Z,"0002cc01000003e9","2250d2dc80fd382504da111441621f15b7f000000000000000ffffffffffffffffffffffff",3.51,,0.30,17,20.25,8.48,100472.00,0.00,0,0,0,0,,,-1.00,-1.00,-1.00,-1.00,-1.00,-1.00
2022-12-25T09:44:04Z,"0002cc01000003e9","2250d2dde4fd382904da11143b622015940800000000000000ffffffffffffffffffffffff",3.51,,0.30,17,20.23,8.43,100479.00,1.00,0,0,0,0,,,-1.00,-1.00,-1.00,-1.00,-1.00,-1.00
2022-12-25T09:50:00Z,"0002cc01000003e9","2250d2df48fd382504e2111455621a159c0800000000000000ffffffffffffffffffffffff",3.51,,0.31,17,20.33,8.44,100454.00,2.00,0,0,0,0,,,-1.00,-1.00,-1.00,-1.00,-1.00,-1.00
2022-12-25T09:55:56Z,"0002cc01000003e9","2250d2e0acfd382504da11146c621b15a4f000000000000000ffffffffffffffffffffffff",3.51,,0.30,17,20.42,8.45,100456.00,0.00,0,0,0,0,,,-1.00,-1.00,-1.00,-1.00,-1.00,-1.00
2022-12-25T10:01:52Z,"0002cc01000003e9","2250d2e210fd382504da1114626219159d0a00000000000000ffffffffffffffffffffffff",3.51,,0.30,17,20.38,8.44,100451.00,5.00,0,0,0,0,,,-1.00,-1.00,-1.00,-1.00,-1.00,-1.00
2022-12-25T10:07:49Z,"0002cc01000003e9","2250d2e375fd382504da11144b62181563f000000000000000ffffffffffffffffffffffff",3.51,,0.30,17,20.29,8.35,100444.00,0.00,0,0,0,0,,,-1.00,-1.00,-1.00,-1.00,-1.00,-1.00
2022-12-25T10:13:45Z,"0002cc01000003e9","2250d2e4d9fd381904da111452621a154ff000000000000000ffffffffffffffffffffffff",3.51,,0.30,17,20.32,8.32,100454.00,0.00,0,0,0,0,,,-1.00,-1.00,-1.00,-1.00,-1.00,-1.00
2022-12-25T10:19:41Z,"0002cc01000003e9","2250d2e63dfd382504da111469621e1556f000000000000000ffffffffffffffffffffffff",3.51,,0.30,17,20.41,8.33,100471.00,0.00,0,0,0,0,,,-1.00,-1.00,-1.00,-1.00,-1.00,-1.00
2022-12-25T10:25:37Z,"0002cc01000003e9","2250d2e7a1fd382504da11147e621e15510800000000000000ffffffffffffffffffffffff",3.51,,0.30,17,20.49,8.33,100469.00,2.00,0,0,0,0,,,-1.00,-1.00,-1.00,-1.00,-1.00,-1.00
2022-12-25T10:31:33Z,"0002cc01000003e9","2250d2e905fd382504da11147662211557f000000000000000ffffffffffffffffffffffff",3.51,,0.30,17,20.46,8.34,100483.00,0.00,0,0,0,0,,,-1.00,-1.00,-1.00,-1.00,-1.00,-1.00
2022-12-25T10:37:29Z,"0002cc01000003e9","2250d2ea69fd382504da11145d6223152bf000000000000000ffffffffffffffffffffffff",3.51,,0.30,17,20.36,8.27,100491.00,0.00,0,0,0,0,,,-1.00,-1.00,-1.00,-1.00,-1.00,-1.00
2022-12-25T10:43:25Z,"0002cc01000003e9","2250d2ebcdfd382504da11145d6224150ff000000000000000ffffffffffffffffffffffff",3.51,,0.30,17,20.36,8.23,100493.00,0.00,0,0,0,0,,,-1.00,-1.00,-1.00,-1.00,-1.00,-1.00
2022-12-25T10:49:21Z,"0002cc01000003e9","2250d2ed31fd381904da11147e622415110a00000000000000ffffffffffffffffffffffff",3.51,,0.30,17,20.49,8.23,100494.00,5.00,0,0,0,0,,,-1.00,-1.00,-1.00,-1.00,-1.00,-1.00
2022-12-25T10:55:17Z,"0002cc01000003e9","2250d2ee95fd382504da11147962241518f000000000000000ffffffffffffffffffffffff",3.51,,0.30,17,20.47,8.24,100494.00,0.00,0,0,0,0,,,-1.00,-1.00,-1.00,-1.00,-1.00,-1.00
2022-12-25T11:01:13Z,"0002cc01000003e9","2250d2eff9fd381904da111467622614d8f000000000000000ffffffffffffffffffffffff",3.51,,0.30,17,20.40,8.14,100502.00,0.00,0,0,0,0,,,-1.00,-1.00,-1.00,-1.00,-1.00,-1.00
2022-12-25T11:07:09Z,"0002cc01000003e9","2250d2f15dfd382504da111450622614c80e00000000000000ffffffffffffffffffffffff",3.51,,0.30,17,20.31,8.12,100500.00,28.00,0,0,0,0,,,-1.00,-1.00,-1.00,-1.00,-1.00,-1.00
2022-12-25T11:13:05Z,"0002cc01000003e9","2250d2f2c1fd382504da111467622814d80b00000000000000ffffffffffffffffffffffff",3.51,,0.30,17,20.40,8.14,100511.00,11.00,0,0,0,0,,,-1.00,-1.00,-1.00,-1.00,-1.00,-1.00
2022-12-25T11:19:01Z,"0002cc01000003e9","2250d2f425fd382504da11146c622614e60a00000000000000ffffffffffffffffffffffff",3.51,,0.30,17,20.42,8.16,100502.00,5.00,0,0,0,0,,,-1.00,-1.00,-1.00,-1.00,-1.00,-1.00
2022-12-25T11:24:58Z,"0002cc01000003e9","2250d2f58afd381d04da11145a622414d00800000000000000ffffffffffffffffffffffff",3.51,,0.30,17,20.35,8.13,100492.00,8.00,0,0,0,0,,,-1.00,-1.00,-1.00,-1.00,-1.00,-1.00
2022-12-25T11:30:53Z,"0002cc01000003e9","2250d2f6edfd382504da1114436225149df000000000000000ffffffffffffffffffffffff",3.51,,0.30,17,20.26,8.05,100497.00,0.00,0,0,0,0,,,-1.00,-1.00,-1.00,-1.00,-1.00,-1.00
2022-12-25T11:36:50Z,"0002cc01000003e9","2250d2f852fd382504da1114586226149ef000000000000000ffffffffffffffffffffffff",3.51,,0.30,17,20.34,8.05,100501.00,0.00,0,0,0,0,,,-1.00,-1.00,-1.00,-1.00,-1.00,-1.00
2022-12-25T11:42:46Z,"0002cc01000003e9","2250d2f9b6fd382504da111471622414b4f000000000000000ffffffffffffffffffffffff",3.51,,0.30,17,20.44,8.09,100495.00,0.00,0,0,0,0,,,-1.00,-1.00,-1.00,-1.00,-1.00,-1.00
2022-12-25T11:48:42Z,"0002cc01000003e9","2250d2fb1afd382504da111476622514bcf000000000000000ffffffffffffffffffffffff",3.51,,0.30,17,20.46,8.10,100496.00,0.00,0,0,0,0,,,-1.00,-1.00,-1.00,-1.00,-1.00,-1.00
2022-12-25T11:54:38Z,"0002cc01000003e9","2250d2fc7efd382504da11146c62251491f000000000000000ffffffffffffffffffffffff",3.51,,0.30,17,20.42,8.03,100496.00,0.00,0,0,0,0,,,-1.00,-1.00,-1.00,-1.00,-1.00,-1.00
2022-12-25T12:00:34Z,"0002cc01000003e9","2250d2fde2fd382504da111462622514510c00000000000000ffffffffffffffffffffffff",3.51,,0.30,17,20.38,7.94,100498.00,3.00,0,0,0,0,,,-1.00,-1.00,-1.00,-1.00,-1.00,-1.00
2022-12-25T12:06:30Z,"0002cc01000003e9","2250d2ff46fd382504da1114586228144a0c00000000000000ffffffffffffffffffffffff",3.51,,0.30,17,20.34,7.92,100510.00,3.00,0,0,0,0,,,-1.00,-1.00,-1.00,-1.00,-1.00,-1.00
2022-12-25T12:12:26Z,"0002cc01000003e9","2250d300aafd382504da1114526228144af000000000000000ffffffffffffffffffffffff",3.51,,0.30,17,20.32,7.92,100508.00,0.00,0,0,0,0,,,-1.00,-1.00,-1.00,-1.00,-1.00,-1.00
2022-12-25T12:18:22Z,"0002cc01000003e9","2250d3020efd382504da11144d622814340800000000000000ffffffffffffffffffffffff",3.51,,0.30,17,20.30,7.89,100511.00,8.00,0,0,0,0,,,-1.00,-1.00,-1.00,-1.00,-1.00,-1.00
2022-12-25T12:24:18Z,"0002cc01000003e9","2250d30372fd382504da111450622a14260800000000000000ffffffffffffffffffffffff",3.51,,0.30,17,20.31,7.87,100516.00,4.00,0,0,0,0,,,-1.00,-1.00,-1.00,-1.00,-1.00,-1.00
2022-12-25T12:30:14Z,"0002cc01000003e9","2250d304d6fd382504da111450622a1426f000000000000000ffffffffffffffffffffffff",3.51,,0.30,17,20.31,7.87,100519.00,0.00,0,0,0,0,,,-1.00,-1.00,-1.00,-1.00,-1.00,-1.00
2022-12-25T12:36:10Z,"0002cc01000003e9","2250d3063afd382504da111450622b14340800000000000000ffffffffffffffffffffffff",3.51,,0.30,17,20.31,7.89,100521.00,4.00,0,0,0,0,,,-1.00,-1.00,-1.00,-1.00,-1.00,-1.00
2022-12-25T12:42:06Z,"0002cc01000003e9","2250d3079efd382504da111450622d141ff000000000000000ffffffffffffffffffffffff",3.51,,0.30,17,20.31,7.86,100529.00,0.00,0,0,0,0,,,-1.00,-1.00,-1.00,-1.00,-1.00,-1.00
2022-12-25T12:48:02Z,"0002cc01000003e9","2250d30902fd382504da11144b622d141ff000000000000000ffffffffffffffffffffffff",3.51,,0.30,17,20.29,7.86,100528.00,0.00,0,0,0,0,,,-1.00,-1.00,-1.00,-1.00,-1.00,-1.00
2022-12-25T12:53:58Z,"0002cc01000003e9","2250d30a66fd382504da11144d622f142d0a80000000000000ffffffffffffffffffffffff",3.51,,0.30,17,20.30,7.88,100538.00,21.00,0,0,0,0,,,-1.00,-1.00,-1.00,-1.00,-1.00,-1.00
2022-12-25T12:59:54Z,"0002cc01000003e9","2250d30bcafd381d04da11144d623214260e00000000000000ffffffffffffffffffffffff",3.51,,0.30,17,20.30,7.87,100549.00,7.00,0,0,0,0,,,-1.00,-1.00,-1.00,-1.00,-1.00,-1.00
2022-12-25T13:05:51Z,"0002cc01000003e9","2250d30d2ffd381d04da11144d6231141ff000000000000000ffffffffffffffffffffffff",3.51,,0.30,17,20.30,7.86,100544.00,0.00,0,0,0,0,,,-1.00,-1.00,-1.00,-1.00,-1.00,-1.00
2022-12-25T13:11:47Z,"0002cc01000003e9","2250d30e93fd381d04da11144d62321418f000000000000000ffffffffffffffffffffffff",3.51,,0.30,17,20.30,7.85,100548.00,0.00,0,0,0,0,,,-1.00,-1.00,-1.00,-1.00,-1.00,-1.00
2022-12-25T13:17:43Z,"0002cc01000003e9","2250d30ff7fd382504da11144b623214110800000000000000ffffffffffffffffffffffff",3.51,,0.30,17,20.29,7.84,100549.00,2.00,0,0,0,0,,,-1.00,-1.00,-1.00,-1.00,-1.00,-1.00
2022-12-25T13:23:39Z,"0002cc01000003e9","2250d3115bfd381d04d111144d623614180d00000000000000ffffffffffffffffffffffff",3.51,,0.30,17,20.30,7.85,100565.00,13.00,0,0,0,0,,,-1.00,-1.00,-1.00,-1.00,-1.00,-1.00
2022-12-25T13:29:35Z,"0002cc01000003e9","2250d312bffd381d04da11144d6237140a0a00000000000000ffffffffffffffffffffffff",3.51,,0.30,17,20.30,7.83,100569.00,20.00,0,0,0,0,,,-1.00,-1.00,-1.00,-1.00,-1.00,-1.00
2022-12-25T13:35:31Z,"0002cc01000003e9","2250d31423fd381504da11144d6235141f0980000000000000ffffffffffffffffffffffff",3.51,,0.30,17,20.30,7.86,100563.00,19.00,0,0,0,0,,,-1.00,-1.00,-1.00,-1.00,-1.00,-1.00
2022-12-25T13:41:27Z,"0002cc01000003e9","2250d31587fd381d04da11144d623413fcf000000000000000ffffffffffffffffffffffff",3.51,,0.30,17,20.30,7.81,100557.00,0.00,0,0,0,0,,,-1.00,-1.00,-1.00,-1.00,-1.00,-1.00
2022-12-25T13:47:23Z,"0002cc01000003e9","2250d316ebfd381d04da11144d623213fbf000000000000000ffffffffffffffffffffffff",3.51,,0.30,17,20.30,7.81,100550.00,0.00,0,0,0,0,,,-1.00,-1.00,-1.00,-1.00,-1.00,-1.00
2022-12-25T13:53:19Z,"0002cc01000003e9","2250d3184ffd381d04da11144d623113edf000000000000000ffffffffffffffffffffffff",3.51,,0.30,17,20.30,7.78,100544.00,0.00,0,0,0,0,,,-1.00,-1.00,-1.00,-1.00,-1.00,-1.00
2022-12-25T13:59:15Z,"0002cc01000003e9","2250d319b3fd381d04da11144d623213e6f000000000000000ffffffffffffffffffffffff",3.51,,0.30,17,20.30,7.77,100548.00,0.00,0,0,0,0,,,-1.00,-1.00,-1.00,-1.00,-1.00,-1.00
2022-12-25T14:05:11Z,"0002cc01000003e9","2250d31b17fd381d04e2111450623213d90880000000000000ffffffffffffffffffffffff",3.51,,0.31,17,20.31,7.75,100549.00,17.00,0,0,0,0,,,-1.00,-1.00,-1.00,-1.00,-1.00,-1.00
2022-12-25T14:11:07Z,"0002cc01000003e9","2250d31c7bfd381d04da111450623513d90a80000000000000ffffffffffffffffffffffff",3.51,,0.30,17,20.31,7.75,100561.00,21.00,0,0,0,0,,,-1.00,-1.00,-1.00,-1.00,-1.00,-1.00
2022-12-25T14:17:03Z,"0002cc01000003e9","2250d31ddffd381d04da11144b623713d1f000000000000000ffffffffffffffffffffffff",3.51,,0.30,17,20.29,7.74,100569.00,0.00,0,0,0,0,,,-1.00,-1.00,-1.00,-1.00,-1.00,-1.00
2022-12-25T14:23:00Z,"0002cc01000003e9","2250d31f44fd381d04e211144b623413d10800000000000000ffffffffffffffffffffffff",3.51,,0.31,17,20.29,7.74,100559.00,1.00,0,0,0,0,,,-1.00,-1.00,-1.00,-1.00,-1.00,-1.00
2022-12-25T14:28:56Z,"0002cc01000003e9","2250d320a8fd381d04da111446622e13e60800000000000000ffffffffffffffffffffffff",3.51,,0.30,17,20.27,7.77,100534.00,8.00,0,0,0,0,,,-1.00,-1.00,-1.00,-1.00,-1.00,-1.00
2022-12-25T14:34:52Z,"0002cc01000003e9","2250d3220cfd381504d5111441622c13d80c00000000000000ffffffffffffffffffffffff",3.51,,0.30,17,20.25,7.75,100524.00,24.00,0,0,0,0,,,-1.00,-1.00,-1.00,-1.00,-1.00,-1.00
2022-12-25T14:40:48Z,"0002cc01000003e9","2250d32370fd381504da111446622e13f40c80000000000000ffffffffffffffffffffffff",3.51,,0.30,17,20.27,7.79,100532.00,25.00,0,0,0,0,,,-1.00,-1.00,-1.00,-1.00,-1.00,-1.00
2022-12-25T14:46:44Z,"0002cc01000003e9","2250d324d4fd381d04da11144b623514020a80000000000000ffffffffffffffffffffffff",3.51,,0.30,17,20.29,7.82,100561.00,21.00,0,0,0,0,,,-1.00,-1.00,-1.00,-1.00,-1.00,-1.00
2022-12-25T14:52:40Z,"0002cc01000003e9","2250d32638fd381d04da111446623413ca0800000000000000ffffffffffffffffffffffff",3.51,,0.30,17,20.27,7.73,100559.00,4.00,0,0,0,0,,,-1.00,-1.00,-1.00,-1.00,-1.00,-1.00
2022-12-25T14:58:36Z,"0002cc01000003e9","2250d3279cfd381504da11143e623413b40d00000000000000ffffffffffffffffffffffff",3.51,,0.30,17,20.24,7.70,100559.00,13.00,0,0,0,0,,,-1.00,-1.00,-1.00,-1.00,-1.00,-1.00
2022-12-25T15:04:32Z,"0002cc01000003e9","2250d32900fd381504e2111434623513adf000000000000000ffffffffffffffffffffffff",3.51,,0.31,17,20.20,7.69,100563.00,0.00,0,0,0,0,,,-1.00,-1.00,-1.00,-1.00,-1.00,-1.00
2022-12-25T15:10:28Z,"0002cc01000003e9","2250d32a64fd381d04da111434623513bbf000000000000000ffffffffffffffffffffffff",3.51,,0.30,17,20.20,7.71,100560.00,0.00,0,0,0,0,,,-1.00,-1.00,-1.00,-1.00,-1.00,-1.00
2022-12-25T15:16:24Z,"0002cc01000003e9","2250d32bc8fd381904d5111452623413d90e00000000000000ffffffffffffffffffffffff",3.51,,0.30,17,20.32,7.75,100559.00,28.00,0,0,0,0,,,-1.00,-1.00,-1.00,-1.00,-1.00,-1.00
2022-12-25T15:22:20Z,"0002cc01000003e9","2250d32d2cfd381d04da111455623513e00a80000000000000ffffffffffffffffffffffff",3.51,,0.30,17,20.33,7.76,100560.00,21.00,0,0,0,0,,,-1.00,-1.00,-1.00,-1.00,-1.00,-1.00
2022-12-25T15:28:16Z,"0002cc01000003e9","2250d32e90fd381904d511144b6236138b0a40000000000000ffffffffffffffffffffffff",3.51,,0.30,17,20.29,7.63,100567.00,41.00,0,0,0,0,,,-1.00,-1.00,-1.00,-1.00,-1.00,-1.00
2022-12-25T15:34:12Z,"0002cc01000003e9","2250d32ff4fd381504e2111441623713670800000000000000ffffffffffffffffffffffff",3.51,,0.31,17,20.25,7.58,100571.00,16.00,0,0,0,0,,,-1.00,-1.00,-1.00,-1.00,-1.00,-1.00
2022-12-25T15:40:08Z,"0002cc01000003e9","2250d33158fd381504da11143b623713520d80000000000000ffffffffffffffffffffffff",3.51,,0.30,17,20.23,7.55,100568.00,27.00,0,0,0,0,,,-1.00,-1.00,-1.00,-1.00,-1.00,-1.00
2022-12-25T15:46:05Z,"0002cc01000003e9","2250d332bdfd381d04e2111431623913820b00000000000000ffffffffffffffffffffffff",3.51,,0.31,17,20.19,7.62,100578.00,11.00,0,0,0,0,,,-1.00,-1.00,-1.00,-1.00,-1.00,-1.00
2022-12-25T15:52:01Z,"0002cc01000003e9","2250d33421fd381d04da111441623c1383f000000000000000ffffffffffffffffffffffff",3.51,,0.30,17,20.25,7.62,100588.00,0.00,0,0,0,0,,,-1.00,-1.00,-1.00,-1.00,-1.00,-1.00
2022-12-25T15:57:57Z,"0002cc01000003e9","2250d33585fd381504da11145a623b13a80d00000000000000ffffffffffffffffffffffff",3.51,,0.30,17,20.35,7.68,100586.00,13.00,0,0,0,0,,,-1.00,-1.00,-1.00,-1.00,-1.00,-1.00
2022-12-25T16:03:53Z,"0002cc01000003e9","2250d336e9fd381904d5111458623d139a0a40000000000000ffffffffffffffffffffffff",3.51,,0.30,17,20.34,7.66,100594.00,41.00,0,0,0,0,,,-1.00,-1.00,-1.00,-1.00,-1.00,-1.00
2022-12-25T16:09:49Z,"0002cc01000003e9","2250d3384dfd380d04da11144b623c136ff000000000000000ffffffffffffffffffffffff",3.50,,0.30,17,20.29,7.59,100590.00,0.00,0,0,0,0,,,-1.00,-1.00,-1.00,-1.00,-1.00,-1.00
2022-12-25T16:15:45Z,"0002cc01000003e9","2250d339b1fd381d04da11143e623e1375f000000000000000ffffffffffffffffffffffff",3.51,,0.30,17,20.24,7.60,100596.00,0.00,0,0,0,0,,,-1.00,-1.00,-1.00,-1.00,-1.00,-1.00
2022-12-25T16:21:41Z,"0002cc01000003e9","2250d33b15fd381d04da111436623d138a0c00000000000000ffffffffffffffffffffffff",3.51,,0.30,17,20.21,7.63,100592.00,12.00,0,0,0,0,,,-1.00,-1.00,-1.00,-1.00,-1.00,-1.00
2022-12-25T16:27:37Z,"0002cc01000003e9","2250d33c79fd381d04e211142c623d13910b00000000000000ffffffffffffffffffffffff",3.51,,0.31,17,20.17,7.64,100595.00,22.00,0,0,0,0,,,-1.00,-1.00,-1.00,-1.00,-1.00,-1.00
2022-12-25T16:33:33Z,"0002cc01000003e9","2250d33dddfd381d04da111450623b13bd0c00000000000000ffffffffffffffffffffffff",3.51,,0.30,17,20.31,7.71,100586.00,12.00,0,0,0,0,,,-1.00,-1.00,-1.00,-1.00,-1.00,-1.00
2022-12-25T16:39:29Z,"0002cc01000003e9","2250d33f41fd380d04d511145d623713d20f80000000000000ffffffffffffffffffffffff",3.50,,0.30,17,20.36,7.74,100568.00,31.00,0,0,0,0,,,-1.00,-1.00,-1.00,-1.00,-1.00,-1.00
2022-12-25T16:45:25Z,"0002cc01000003e9","2250d340a5fd381504da11145a623613aff000000000000000ffffffffffffffffffffffff",3.51,,0.30,17,20.35,7.69,100567.00,0.00,0,0,0,0,,,-1.00,-1.00,-1.00,-1.00,-1.00,-1.00
2022-12-25T16:51:21Z,"0002cc01000003e9","2250d34209fd381904d5111455623513920b40000000000000ffffffffffffffffffffffff",3.51,,0.30,17,20.33,7.65,100563.00,45.00,0,0,0,0,,,-1.00,-1.00,-1.00,-1.00,-1.00,-1.00
2022-12-25T16:57:18Z,"0002cc01000003e9","2250d3436efd381504e2111450623513920800000000000000ffffffffffffffffffffffff",3.51,,0.31,17,20.31,7.64,100561.00,16.00,0,0,0,0,,,-1.00,-1.00,-1.00,-1.00,-1.00,-1.00
2022-12-25T17:03:13Z,"0002cc01000003e9","2250d344d1fd381904da11144d623413990d80000000000000ffffffffffffffffffffffff",3.51,,0.30,17,20.30,7.66,100559.00,27.00,0,0,0,0,,,-1.00,-1.00,-1.00,-1.00,-1.00,-1.00
2022-12-25T17:09:10Z,"0002cc01000003e9","2250d34636fd380d04da11144d623513920880000000000000ffffffffffffffffffffffff",3.50,,0.30,17,20.30,7.64,100562.00,17.00,0,0,0,0,,,-1.00,-1.00,-1.00,-1.00,-1.00,-1.00
2022-12-25T17:15:06Z,"0002cc01000003e9","2250d3479afd381504da111450623513680e00000000000000ffffffffffffffffffffffff",3.51,,0.30,17,20.31,7.58,100562.00,14.00,0,0,0,0,,,-1.00,-1.00,-1.00,-1.00,-1.00,-1.00
2022-12-25T17:21:02Z,"0002cc01000003e9","2250d348fefd381504da1114506234136f0800000000000000ffffffffffffffffffffffff",3.51,,0.30,17,20.31,7.59,100556.00,16.00,0,0,0,0,,,-1.00,-1.00,-1.00,-1.00,-1.00,-1.00
2022-12-25T17:26:58Z,"0002cc01000003e9","2250d34a62fd381504da11144b6232136f0b80000000000000ffffffffffffffffffffffff",3.51,,0.30,17,20.29,7.59,100549.00,23.00,0,0,0,0,,,-1.00,-1.00,-1.00,-1.00,-1.00,-1.00
2022-12-25T17:32:54Z,"0002cc01000003e9","2250d34bc6fd381d04da111448622e136f0800000000000000ffffffffffffffffffffffff",3.51,,0.30,17,20.28,7.59,100535.00,16.00,0,0,0,0,,,-1.00,-1.00,-1.00,-1.00,-1.00,-1.00
2022-12-25T17:38:50Z,"0002cc01000003e9","2250d34d2afd381504da111446622913760980000000000000ffffffffffffffffffffffff",3.51,,0.30,17,20.27,7.60,100514.00,38.00,0,0,0,0,,,-1.00,-1.00,-1.00,-1.00,-1.00,-1.00
2022-12-25T17:44:46Z,"0002cc01000003e9","2250d34e8efd380d04da111443621e13760c00000000000000ffffffffffffffffffffffff",3.50,,0.30,17,20.26,7.60,100471.00,6.00,0,0,0,0,,,-1.00,-1.00,-1.00,-1.00,-1.00,-1.00
2022-12-25T17:50:42Z,"0002cc01000003e9","2250d34ff2fd381d04da11143e6214137c0d40000000000000ffffffffffffffffffffffff",3.51,,0.30,17,20.24,7.61,100431.00,53.00,0,0,0,0,,,-1.00,-1.00,-1.00,-1.00,-1.00,-1.00
2022-12-25T17:56:38Z,"0002cc01000003e9","2250d35156fd381d04da11143e621113830980000000000000ffffffffffffffffffffffff",3.51,,0.30,17,20.24,7.62,100418.00,38.00,0,0,0,0,,,-1.00,-1.00,-1.00,-1.00,-1.00,-1.00
2022-12-25T18:02:34Z,"0002cc01000003e9","2250d352bafd381504da111439620f13600d80000000000000ffffffffffffffffffffffff",3.51,,0.30,17,20.22,7.57,100411.00,27.00,0,0,0,0,,,-1.00,-1.00,-1.00,-1.00,-1.00,-1.00
2022-12-25T18:08:30Z,"0002cc01000003e9","2250d3541efd381504da111434620c13820e00000000000000ffffffffffffffffffffffff",3.51,,0.30,17,20.20,7.62,100398.00,56.00,0,0,0,0,,,-1.00,-1.00,-1.00,-1.00,-1.00,-1.00
2022-12-25T18:14:26Z,"0002cc01000003e9","2250d35582fd381504da111431620f137b0d80000000000000ffffffffffffffffffffffff",3.51,,0.30,17,20.19,7.61,100411.00,27.00,0,0,0,0,,,-1.00,-1.00,-1.00,-1.00,-1.00,-1.00
2022-12-25T18:20:22Z,"0002cc01000003e9","2250d356e6fd381504da11142f620a13980880000000000000ffffffffffffffffffffffff",3.51,,0.30,17,20.18,7.65,100388.00,34.00,0,0,0,0,,,-1.00,-1.00,-1.00,-1.00,-1.00,-1.00
2022-12-25T18:26:19Z,"0002cc01000003e9","2250d3584bfd381504da1114296208139f0e00000000000000ffffffffffffffffffffffff",3.51,,0.30,17,20.16,7.66,100382.00,7.00,0,0,0,0,,,-1.00,-1.00,-1.00,-1.00,-1.00,-1.00
2022-12-25T18:32:15Z,"0002cc01000003e9","2250d359affd381504da111431620113a60d00000000000000ffffffffffffffffffffffff",3.51,,0.30,17,20.19,7.67,100352.00,13.00,0,0,0,0,,,-1.00,-1.00,-1.00,-1.00,-1.00,-1.00
2022-12-25T18:38:11Z,"0002cc01000003e9","2250d35b13fd381504da111434620413a6f000000000000000ffffffffffffffffffffffff",3.51,,0.30,17,20.20,7.67,100365.00,0.00,0,0,0,0,,,-1.00,-1.00,-1.00,-1.00,-1.00,-1.00
2022-12-25T18:44:07Z,"0002cc01000003e9","2250d35c77fd381d04da11142f6206138a0b80000000000000ffffffffffffffffffffffff",3.51,,0.30,17,20.18,7.63,100375.00,23.00,0,0,0,0,,,-1.00,-1.00,-1.00,-1.00,-1.00,-1.00
2022-12-25T18:50:03Z,"0002cc01000003e9","2250d35ddbfd380d04da11142c620713980a00000000000000ffffffffffffffffffffffff",3.50,,0.30,17,20.17,7.65,100377.00,10.00,0,0,0,0,,,-1.00,-1.00,-1.00,-1.00,-1.00,-1.00
2022-12-25T18:55:59Z,"0002cc01000003e9","2250d35f3ffd380d04da111429620813980e00000000000000ffffffffffffffffffffffff",3.50,,0.30,17,20.16,7.65,100382.00,7.00,0,0,0,0,,,-1.00,-1.00,-1.00,-1.00,-1.00,-1.00
2022-12-25T19:01:55Z,"0002cc01000003e9","2250d360a3fd381d04da111436620813980c00000000000000ffffffffffffffffffffffff",3.51,,0.30,17,20.21,7.65,100380.00,24.00,0,0,0,0,,,-1.00,-1.00,-1.00,-1.00,-1.00,-1.00
2022-12-25T19:07:51Z,"0002cc01000003e9","2250d36207fd380d04da111439620713910800000000000000ffffffffffffffffffffffff",3.50,,0.30,17,20.22,7.64,100377.00,4.00,0,0,0,0,,,-1.00,-1.00,-1.00,-1.00,-1.00,-1.00
2022-12-25T19:13:47Z,"0002cc01000003e9","2250d3636bfd381d04da11143162041358f000000000000000ffffffffffffffffffffffff",3.51,,0.30,17,20.19,7.56,100364.00,0.00,0,0,0,0,,,-1.00,-1.00,-1.00,-1.00,-1.00,-1.00
2022-12-25T19:19:43Z,"0002cc01000003e9","2250d364cffd380d04da111429620113660c00000000000000ffffffffffffffffffffffff",3.50,,0.30,17,20.16,7.58,100354.00,12.00,0,0,0,0,,,-1.00,-1.00,-1.00,-1.00,-1.00,-1.00
2022-12-25T19:25:39Z,"0002cc01000003e9","2250d36633fd381104da11142761ff135f0980000000000000ffffffffffffffffffffffff",3.50,,0.30,17,20.15,7.57,100344.00,19.00,0,0,0,0,,,-1.00,-1.00,-1.00,-1.00,-1.00,-1.00
2022-12-25T19:31:35Z,"0002cc01000003e9","2250d36797fd380d04da11142461fc13510c00000000000000ffffffffffffffffffffffff",3.50,,0.30,17,20.14,7.54,100335.00,6.00,0,0,0,0,,,-1.00,-1.00,-1.00,-1.00,-1.00,-1.00
2022-12-25T19:37:32Z,"0002cc01000003e9","2250d368fcfd381504da11142761fa13340940000000000000ffffffffffffffffffffffff",3.51,,0.30,17,20.15,7.50,100327.00,37.00,0,0,0,0,,,-1.00,-1.00,-1.00,-1.00,-1.00,-1.00
2022-12-25T19:43:27Z,"0002cc01000003e9","2250d36a5ffd380904da11143461fa13510d00000000000000ffffffffffffffffffffffff",3.50,,0.30,17,20.20,7.55,100325.00,26.00,0,0,0,0,,,-1.00,-1.00,-1.00,-1.00,-1.00,-1.00
2022-12-25T19:49:24Z,"0002cc01000003e9","2250d36bc4fd380d04d511143661fb13270e80000000000000ffffffffffffffffffffffff",3.50,,0.30,17,20.21,7.48,100331.00,58.00,0,0,0,0,,,-1.00,-1.00,-1.00,-1.00,-1.00,-1.00
2022-12-25T19:55:20Z,"0002cc01000003e9","2250d36d28fd381504da11143161f913430e80000000000000ffffffffffffffffffffffff",3.51,,0.30,17,20.19,7.52,100320.00,29.00,0,0,0,0,,,-1.00,-1.00,-1.00,-1.00,-1.00,-1.00
2022-12-25T20:01:16Z,"0002cc01000003e9","2250d36e8cfd380d04da11142c61fb136d0ac0000000000000ffffffffffffffffffffffff",3.50,,0.30,17,20.17,7.59,100331.00,43.00,0,0,0,0,,,-1.00,-1.00,-1.00,-1.00,-1.00,-1.00
2022-12-25T20:07:12Z,"0002cc01000003e9","2250d36ff0fd380d04da11142961fa13820880000000000000ffffffffffffffffffffffff",3.50,,0.30,17,20.16,7.62,100327.00,68.00,0,0,0,0,,,-1.00,-1.00,-1.00,-1.00,-1.00,-1.00
2022-12-25T20:13:08Z,"0002cc01000003e9","2250d37154fd381504e211142761f913910840000000000000ffffffffffffffffffffffff",3.51,,0.31,17,20.15,7.64,100321.00,33.00,0,0,0,0,,,-1.00,-1.00,-1.00,-1.00,-1.00,-1.00
2022-12-25T20:19:04Z,"0002cc01000003e9","2250d372b8fd381504da11142461f513b40840000000000000ffffffffffffffffffffffff",3.51,,0.30,17,20.14,7.70,100307.00,33.00,0,0,0,0,,,-1.00,-1.00,-1.00,-1.00,-1.00,-1.00
2022-12-25T20:25:00Z,"0002cc01000003e9","2250d3741cfd381504da11142461f513c80d80000000000000ffffffffffffffffffffffff",3.51,,0.30,17,20.14,7.73,100306.00,27.00,0,0,0,0,,,-1.00,-1.00,-1.00,-1.00,-1.00,-1.00
2022-12-25T20:30:56Z,"0002cc01000003e9","2250d37580fd381d04da11142461f613ec0e00000000000000ffffffffffffffffffffffff",3.51,,0.30,17,20.14,7.78,100311.00,56.00,0,0,0,0,,,-1.00,-1.00,-1.00,-1.00,-1.00,-1.00
2022-12-25T20:36:52Z,"0002cc01000003e9","2250d376e4fd381504da11142461f114010a00000000000000ffffffffffffffffffffffff",3.51,,0.30,17,20.14,7.81,100289.00,10.00,0,0,0,0,,,-1.00,-1.00,-1.00,-1.00,-1.00,-1.00
2022-12-25T20:42:48Z,"0002cc01000003e9","2250d37848fd381504da11142461f314160ac0000000000000ffffffffffffffffffffffff",3.51,,0.30,17,20.14,7.85,100298.00,43.00,0,0,0,0,,,-1.00,-1.00,-1.00,-1.00,-1.00,-1.00
2022-12-25T20:48:44Z,"0002cc01000003e9","2250d379acfd381104da11142461ef14160940000000000000ffffffffffffffffffffffff",3.50,,0.30,17,20.14,7.85,100282.00,37.00,0,0,0,0,,,-1.00,-1.00,-1.00,-1.00,-1.00,-1.00
2022-12-25T20:54:40Z,"0002cc01000003e9","2250d37b10fd380d04da11142761f4142b0880000000000000ffffffffffffffffffffffff",3.50,,0.30,17,20.15,7.88,100302.00,34.00,0,0,0,0,,,-1.00,-1.00,-1.00,-1.00,-1.00,-1.00
2022-12-25T21:00:36Z,"0002cc01000003e9","2250d37c74fd381504da11142761f4140f0a00000000000000ffffffffffffffffffffffff",3.51,,0.30,17,20.15,7.84,100300.00,20.00,0,0,0,0,,,-1.00,-1.00,-1.00,-1.00,-1.00,-1.00
2022-12-25T21:06:32Z,"0002cc01000003e9","2250d37dd8fd381504da11142761f314080880000000000000ffffffffffffffffffffffff",3.51,,0.30,17,20.15,7.83,100296.00,17.00,0,0,0,0,,,-1.00,-1.00,-1.00,-1.00,-1.00,-1.00
2022-12-25T21:12:29Z,"0002cc01000003e9","2250d37f3dfd381504da11142461f3141d0900000000000000ffffffffffffffffffffffff",3.51,,0.30,17,20.14,7.86,100298.00,18.00,0,0,0,0,,,-1.00,-1.00,-1.00,-1.00,-1.00,-1.00
2022-12-25T21:18:25Z,"0002cc01000003e9","2250d380a1fd380d04e211142461f214080d80000000000000ffffffffffffffffffffffff",3.50,,0.31,17,20.14,7.83,100292.00,27.00,0,0,0,0,,,-1.00,-1.00,-1.00,-1.00,-1.00,-1.00
2022-12-25T21:24:21Z,"0002cc01000003e9","2250d38205fd381504da11142461ee13e508c0000000000000ffffffffffffffffffffffff",3.51,,0.30,17,20.14,7.77,100279.00,35.00,0,0,0,0,,,-1.00,-1.00,-1.00,-1.00,-1.00,-1.00
2022-12-25T21:30:17Z,"0002cc01000003e9","2250d38369fd381104da11142261ec13c10e00000000000000ffffffffffffffffffffffff",3.50,,0.30,17,20.13,7.72,100269.00,28.00,0,0,0,0,,,-1.00,-1.00,-1.00,-1.00,-1.00,-1.00
2022-12-25T21:36:13Z,"0002cc01000003e9","2250d384cdfd380d04da11141f61ec13c10f80000000000000ffffffffffffffffffffffff",3.50,,0.30,17,20.12,7.72,100268.00,31.00,0,0,0,0,,,-1.00,-1.00,-1.00,-1.00,-1.00,-1.00
2022-12-25T21:42:09Z,"0002cc01000003e9","2250d38631fd381104e211142261eb13baf000000000000000ffffffffffffffffffffffff",3.50,,0.31,17,20.13,7.71,100264.00,0.00,0,0,0,0,,,-1.00,-1.00,-1.00,-1.00,-1.00,-1.00
2022-12-25T21:48:05Z,"0002cc01000003e9","2250d38795fd380d04da11142461e913ac0900000000000000ffffffffffffffffffffffff",3.50,,0.30,17,20.14,7.68,100257.00,18.00,0,0,0,0,,,-1.00,-1.00,-1.00,-1.00,-1.00,-1.00
2022-12-25T21:54:01Z,"0002cc01000003e9","2250d388f9fd381104da11142261e313a50800000000000000ffffffffffffffffffffffff",3.50,,0.30,17,20.13,7.67,100235.00,8.00,0,0,0,0,,,-1.00,-1.00,-1.00,-1.00,-1.00,-1.00
2022-12-25T21:59:57Z,"0002cc01000003e9","2250d38a5dfd381104da11142261e513ba0880000000000000ffffffffffffffffffffffff",3.50,,0.30,17,20.13,7.71,100241.00,17.00,0,0,0,0,,,-1.00,-1.00,-1.00,-1.00,-1.00,-1.00
2022-12-25T22:05:53Z,"0002cc01000003e9","2250d38bc1fd380d04d511142761e313c20ec0000000000000ffffffffffffffffffffffff",3.50,,0.30,17,20.15,7.72,100235.00,59.00,0,0,0,0,,,-1.00,-1.00,-1.00,-1.00,-1.00,-1.00
2022-12-25T22:11:49Z,"0002cc01000003e9","2250d38d25fd381104da11144661e313df0a00000000000000ffffffffffffffffffffffff",3.50,,0.30,17,20.27,7.76,100232.00,5.00,0,0,0,0,,,-1.00,-1.00,-1.00,-1.00,-1.00,-1.00
2022-12-25T22:17:45Z,"0002cc01000003e9","2250d38e89fd381104da11144861de13caf000000000000000ffffffffffffffffffffffff",3.50,,0.30,17,20.28,7.73,100214.00,0.00,0,0,0,0,,,-1.00,-1.00,-1.00,-1.00,-1.00,-1.00
2022-12-25T22:23:42Z,"0002cc01000003e9","2250d38feefd381104da11144161df13ad0800000000000000ffffffffffffffffffffffff",3.50,,0.30,17,20.25,7.69,100218.00,8.00,0,0,0,0,,,-1.00,-1.00,-1.00,-1.00,-1.00,-1.00
2022-12-25T22:29:37Z,"0002cc01000003e9","2250d39151fd380d04da11143961e113ad0c00000000000000ffffffffffffffffffffffff",3.50,,0.30,17,20.22,7.69,100227.00,3.00,0,0,0,0,,,-1.00,-1.00,-1.00,-1.00,-1.00,-1.00
2022-12-25T22:35:34Z,"0002cc01000003e9","2250d392b6fd381104da11143161e413ad0800000000000000ffffffffffffffffffffffff",3.50,,0.30,17,20.19,7.69,100239.00,4.00,0,0,0,0,,,-1.00,-1.00,-1.00,-1.00,-1.00,-1.00
2022-12-25T22:41:30Z,"0002cc01000003e9","2250d3941afd381104da11142f61e813c2f000000000000000ffffffffffffffffffffffff",3.50,,0.30,17,20.18,7.72,100255.00,0.00,0,0,0,0,,,-1.00,-1.00,-1.00,-1.00,-1.00,-1.00
2022-12-25T22:47:26Z,"0002cc01000003e9","2250d3957efd381104da11142961e813d00c00000000000000ffffffffffffffffffffffff",3.50,,0.30,17,20.16,7.74,100252.00,12.00,0,0,0,0,,,-1.00,-1.00,-1.00,-1.00,-1.00,-1.00
2022-12-25T22:53:22Z,"0002cc01000003e9","2250d396e2fd381104da11142961ea13de0a80000000000000ffffffffffffffffffffffff",3.50,,0.30,17,20.16,7.76,100263.00,21.00,0,0,0,0,,,-1.00,-1.00,-1.00,-1.00,-1.00,-1.00
2022-12-25T22:59:18Z,"0002cc01000003e9","2250d39846fd381904da11142761ee13d00c00000000000000ffffffffffffffffffffffff",3.51,,0.30,17,20.15,7.74,100276.00,12.00,0,0,0,0,,,-1.00,-1.00,-1.00,-1.00,-1.00,-1.00
2022-12-25T23:05:14Z,"0002cc01000003e9","2250d399aafd381104da11142461ed13c80c80000000000000ffffffffffffffffffffffff",3.50,,0.30,17,20.14,7.73,100272.00,25.00,0,0,0,0,,,-1.00,-1.00,-1.00,-1.00,-1.00,-1.00
2022-12-25T23:11:10Z,"0002cc01000003e9","2250d39b0efd380904da11142261e813c1f000000000000000ffffffffffffffffffffffff",3.50,,0.30,17,20.13,7.72,100255.00,0.00,0,0,0,0,,,-1.00,-1.00,-1.00,-1.00,-1.00,-1.00
2022-12-25T23:17:06Z,"0002cc01000003e9","2250d39c72fd381104e211141f61e613baf000000000000000ffffffffffffffffffffffff",3.50,,0.31,17,20.12,7.71,100245.00,0.00,0,0,0,0,,,-1.00,-1.00,-1.00,-1.00,-1.00,-1.00
2022-12-25T23:23:02Z,"0002cc01000003e9","2250d39dd6fd381104da11142961e413b4f000000000000000ffffffffffffffffffffffff",3.50,,0.30,17,20.16,7.70,100236.00,0.00,0,0,0,0,,,-1.00,-1.00,-1.00,-1.00,-1.00,-1.00
2022-12-25T23:28:58Z,"0002cc01000003e9","2250d39f3afd381104da11142c61db139ff000000000000000ffffffffffffffffffffffff",3.50,,0.30,17,20.17,7.66,100202.00,0.00,0,0,0,0,,,-1.00,-1.00,-1.00,-1.00,-1.00,-1.00
2022-12-25T23:34:54Z,"0002cc01000003e9","2250d3a09efd381104da11142761de1398f000000000000000ffffffffffffffffffffffff",3.50,,0.30,17,20.15,7.65,100213.00,0.00,0,0,0,0,,,-1.00,-1.00,-1.00,-1.00,-1.00,-1.00
2022-12-25T23:40:50Z,"0002cc01000003e9","2250d3a202fd381104da11142261db13a5f000000000000000ffffffffffffffffffffffff",3.50,,0.30,17,20.13,7.67,100203.00,0.00,0,0,0,0,,,-1.00,-1.00,-1.00,-1.00,-1.00,-1.00
2022-12-25T23:46:46Z,"0002cc01000003e9","2250d3a366fd381104da11141f61e013b30c00000000000000ffffffffffffffffffffffff",3.50,,0.30,17,20.12,7.70,100223.00,12.00,0,0,0,0,,,-1.00,-1.00,-1.00,-1.00,-1.00,-1.00
2022-12-25T23:52:43Z,"0002cc01000003e9","2250d3a4cbfd381104da11142961e013d7f000000000000000ffffffffffffffffffffffff",3.50,,0.30,17,20.16,7.75,100223.00,0.00,0,0,0,0,,,-1.00,-1.00,-1.00,-1.00,-1.00,-1.00
2022-12-25T23:58:39Z,"0002cc01000003e9","2250d3a62ffd380d04da11142c61dc13d00b00000000000000ffffffffffffffffffffffff",3.50,,0.30,17,20.17,7.74,100206.00,11.00,0,0,0,0,,,-1.00,-1.00,-1.00,-1.00,-1.00,-1.00
