Time,DevEUI,Raw,Vbat,Vsystem,Vbus,BootCount,T,RH,P,Light,P[0].delta,P[0].total,P[1].delta,P[1].total,Act[7],Act[6],Act[5],Act[4],Act[3],Act[2],Act[1],Act[0]
2022-12-15T00:05:54Z,"0002cc01000003e9","2250c52762fd396104fa1115f95ff567a019f0000000000000ffffffffffffffffffffffff",3.59,,0.31,17,21.97,40.48,98259.00,636.00,0,0,0,0,,,-1.00,-1.00,-1.00,-1.00,-1.00,-1.00
2022-12-15T00:11:50Z,"0002cc01000003e9","2250c528c6fd396104fa1116035ff6682119c8000000000000ffffffffffffffffffffffff",3.59,,0.31,17,22.01,40.68,98260.00,626.00,0,0,0,0,,,-1.00,-1.00,-1.00,-1.00,-1.00,-1.00
2022-12-15T00:17:46Z,"0002cc01000003e9","2250c52a2afd396d04fa1116085ffb67b219d8000000000000ffffffffffffffffffffffff",3.59,,0.31,17,22.03,40.51,98280.00,630.00,0,0,0,0,,,-1.00,-1.00,-1.00,-1.00,-1.00,-1.00
2022-12-15T00:23:42Z,"0002cc01000003e9","2250c52b8efd396d04fa1116065ffa67251a1c000000000000ffffffffffffffffffffffff",3.59,,0.31,17,22.02,40.29,98276.00,647.00,0,0,0,0,,,-1.00,-1.00,-1.00,-1.00,-1.00,-1.00
2022-12-15T00:29:38Z,"0002cc01000003e9","2250c52cf2fd396d04fa1115f65ff0670c1a68000000000000ffffffffffffffffffffffff",3.59,,0.31,17,21.96,40.25,98238.00,666.00,0,0,0,0,,,-1.00,-1.00,-1.00,-1.00,-1.00,-1.00
2022-12-15T00:35:34Z,"0002cc01000003e9","2250c52e56fd396104fa1115e75fec67170e40000000000000ffffffffffffffffffffffff",3.59,,0.31,17,21.90,40.27,98222.00,57.00,0,0,0,0,,,-1.00,-1.00,-1.00,-1.00,-1.00,-1.00
2022-12-15T00:41:30Z,"0002cc01000003e9","2250c52fbafd396d04fa1115cb5fe867420b40000000000000ffffffffffffffffffffffff",3.59,,0.31,17,21.79,40.33,98205.00,45.00,0,0,0,0,,,-1.00,-1.00,-1.00,-1.00,-1.00,-1.00
2022-12-15T00:47:27Z,"0002cc01000003e9","2250c5311ffd396104fa1115b45fed67de0c40000000000000ffffffffffffffffffffffff",3.59,,0.31,17,21.70,40.57,98225.00,49.00,0,0,0,0,,,-1.00,-1.00,-1.00,-1.00,-1.00,-1.00
2022-12-15T00:53:23Z,"0002cc01000003e9","2250c53283fd396104fa1115a45ff2684a0d00000000000000ffffffffffffffffffffffff",3.59,,0.31,17,21.64,40.74,98244.00,52.00,0,0,0,0,,,-1.00,-1.00,-1.00,-1.00,-1.00,-1.00
2022-12-15T00:59:19Z,"0002cc01000003e9","2250c533e7fd396d04fa1115925ff1687e0980000000000000ffffffffffffffffffffffff",3.59,,0.31,17,21.57,40.82,98242.00,38.00,0,0,0,0,,,-1.00,-1.00,-1.00,-1.00,-1.00,-1.00
2022-12-15T01:05:15Z,"0002cc01000003e9","2250c5354bfd396d04fa11158d5fea688a0940000000000000ffffffffffffffffffffffff",3.59,,0.31,17,21.55,40.84,98215.00,37.00,0,0,0,0,,,-1.00,-1.00,-1.00,-1.00,-1.00,-1.00
2022-12-15T01:11:11Z,"0002cc01000003e9","2250c536affd396d04fa1115885ff568900f80000000000000ffffffffffffffffffffffff",3.59,,0.31,17,21.53,40.85,98257.00,62.00,0,0,0,0,,,-1.00,-1.00,-1.00,-1.00,-1.00,-1.00
2022-12-15T01:17:07Z,"0002cc01000003e9","2250c53813fd396104fa1115835ff068a40880000000000000ffffffffffffffffffffffff",3.59,,0.31,17,21.51,40.88,98237.00,34.00,0,0,0,0,,,-1.00,-1.00,-1.00,-1.00,-1.00,-1.00
2022-12-15T01:23:03Z,"0002cc01000003e9","2250c53977fd396104fa11157e5fe768aa0cc0000000000000ffffffffffffffffffffffff",3.59,,0.31,17,21.49,40.88,98203.00,51.00,0,0,0,0,,,-1.00,-1.00,-1.00,-1.00,-1.00,-1.00
2022-12-15T01:28:59Z,"0002cc01000003e9","2250c53adbfd396d04fa11157e5fe668b10b40000000000000ffffffffffffffffffffffff",3.59,,0.31,17,21.49,40.90,98196.00,45.00,0,0,0,0,,,-1.00,-1.00,-1.00,-1.00,-1.00,-1.00
2022-12-15T01:34:55Z,"0002cc01000003e9","2250c53c3ffd396104fa1115815fe768a30e00000000000000ffffffffffffffffffffffff",3.59,,0.31,17,21.50,40.88,98200.00,56.00,0,0,0,0,,,-1.00,-1.00,-1.00,-1.00,-1.00,-1.00
2022-12-15T01:40:51Z,"0002cc01000003e9","2250c53da3fd396504fa11157e5fe568790dc0000000000000ffffffffffffffffffffffff",3.59,,0.31,17,21.49,40.81,98194.00,55.00,0,0,0,0,,,-1.00,-1.00,-1.00,-1.00,-1.00,-1.00
2022-12-15T01:46:47Z,"0002cc01000003e9","2250c53f07fd396d04fa1115795feb68780940000000000000ffffffffffffffffffffffff",3.59,,0.31,17,21.47,40.81,98216.00,37.00,0,0,0,0,,,-1.00,-1.00,-1.00,-1.00,-1.00,-1.00
2022-12-15T01:52:43Z,"0002cc01000003e9","2250c5406bfd396105031115715fef688b0cc0000000000000ffffffffffffffffffffffff",3.59,,0.31,17,21.44,40.84,98235.00,51.00,0,0,0,0,,,-1.00,-1.00,-1.00,-1.00,-1.00,-1.00
2022-12-15T01:58:39Z,"0002cc01000003e9","2250c541cffd396d04fa1115675ff168c70c40000000000000ffffffffffffffffffffffff",3.59,,0.31,17,21.40,40.93,98240.00,49.00,0,0,0,0,,,-1.00,-1.00,-1.00,-1.00,-1.00,-1.00
2022-12-15T02:04:35Z,"0002cc01000003e9","2250c54333fd396105031115645ff168e30860000000000000ffffffffffffffffffffffff",3.59,,0.31,17,21.39,40.97,98242.00,67.00,0,0,0,0,,,-1.00,-1.00,-1.00,-1.00,-1.00,-1.00
2022-12-15T02:10:31Z,"0002cc01000003e9","2250c54497fd396104fa11155f5ff068db0d40000000000000ffffffffffffffffffffffff",3.59,,0.31,17,21.37,40.96,98237.00,53.00,0,0,0,0,,,-1.00,-1.00,-1.00,-1.00,-1.00,-1.00
2022-12-15T02:16:27Z,"0002cc01000003e9","2250c545fbfd396d04fa11155a5ff068da0c80000000000000ffffffffffffffffffffffff",3.59,,0.31,17,21.35,40.96,98239.00,50.00,0,0,0,0,,,-1.00,-1.00,-1.00,-1.00,-1.00,-1.00
2022-12-15T02:22:23Z,"0002cc01000003e9","2250c5475ffd396d04fa1115525ff368e60d80000000000000ffffffffffffffffffffffff",3.59,,0.31,17,21.32,40.98,98251.00,54.00,0,0,0,0,,,-1.00,-1.00,-1.00,-1.00,-1.00,-1.00
2022-12-15T02:28:19Z,"0002cc01000003e9","2250c548c3fd396104fa11154d600168d60e00000000000000ffffffffffffffffffffffff",3.59,,0.31,17,21.30,40.95,98305.00,56.00,0,0,0,0,,,-1.00,-1.00,-1.00,-1.00,-1.00,-1.00
2022-12-15T02:34:15Z,"0002cc01000003e9","2250c54a27fd396d04fa111546600465da0c40000000000000ffffffffffffffffffffffff",3.59,,0.31,17,21.27,39.79,98317.00,49.00,0,0,0,0,,,-1.00,-1.00,-1.00,-1.00,-1.00,-1.00
2022-12-15T02:40:11Z,"0002cc01000003e9","2250c54b8bfd396d04fa11153b600763700fc0000000000000ffffffffffffffffffffffff",3.59,,0.31,17,21.23,38.84,98330.00,63.00,0,0,0,0,,,-1.00,-1.00,-1.00,-1.00,-1.00,-1.00
2022-12-15T02:46:07Z,"0002cc01000003e9","2250c54ceffd396d0503111534600e60fe0cc0000000000000ffffffffffffffffffffffff",3.59,,0.31,17,21.20,37.89,98358.00,51.00,0,0,0,0,,,-1.00,-1.00,-1.00,-1.00,-1.00,-1.00
2022-12-15T02:52:03Z,"0002cc01000003e9","2250c54e53fd396d04fa11152960135dca0b40000000000000ffffffffffffffffffffffff",3.59,,0.31,17,21.16,36.64,98379.00,45.00,0,0,0,0,,,-1.00,-1.00,-1.00,-1.00,-1.00,-1.00
2022-12-15T02:57:59Z,"0002cc01000003e9","2250c54fb7fd396d04fa11151f60175afd0980000000000000ffffffffffffffffffffffff",3.59,,0.31,17,21.12,35.54,98394.00,19.00,0,0,0,0,,,-1.00,-1.00,-1.00,-1.00,-1.00,-1.00
2022-12-15T03:03:55Z,"0002cc01000003e9","2250c5511bfd3961050f111515601558ae0e00000000000000ffffffffffffffffffffffff",3.59,,0.32,17,21.08,34.64,98387.00,56.00,0,0,0,0,,,-1.00,-1.00,-1.00,-1.00,-1.00,-1.00
2022-12-15T03:09:52Z,"0002cc01000003e9","2250c55280fd3965050311150b601156ac0d40000000000000ffffffffffffffffffffffff",3.59,,0.31,17,21.04,33.86,98370.00,53.00,0,0,0,0,,,-1.00,-1.00,-1.00,-1.00,-1.00,-1.00
2022-12-15T03:15:48Z,"0002cc01000003e9","2250c553e4fd396904fa111503601355370ac0000000000000ffffffffffffffffffffffff",3.59,,0.31,17,21.01,33.29,98378.00,43.00,0,0,0,0,,,-1.00,-1.00,-1.00,-1.00,-1.00,-1.00
2022-12-15T03:21:44Z,"0002cc01000003e9","2250c55548fd396104fa1114fb6013546b0c80000000000000ffffffffffffffffffffffff",3.59,,0.31,17,20.98,32.98,98377.00,50.00,0,0,0,0,,,-1.00,-1.00,-1.00,-1.00,-1.00,-1.00
2022-12-15T03:27:40Z,"0002cc01000003e9","2250c556acfd3965050f1114f1601353270e00000000000000ffffffffffffffffffffffff",3.59,,0.32,17,20.94,32.48,98379.00,28.00,0,0,0,0,,,-1.00,-1.00,-1.00,-1.00,-1.00,-1.00
2022-12-15T03:33:36Z,"0002cc01000003e9","2250c55810fd396d04fa1114e9600e52d80b00000000000000ffffffffffffffffffffffff",3.59,,0.31,17,20.91,32.36,98356.00,44.00,0,0,0,0,,,-1.00,-1.00,-1.00,-1.00,-1.00,-1.00
2022-12-15T03:39:32Z,"0002cc01000003e9","2250c55974fd396105071114e2600951020fc0000000000000ffffffffffffffffffffffff",3.59,,0.31,17,20.88,31.64,98336.00,63.00,0,0,0,0,,,-1.00,-1.00,-1.00,-1.00,-1.00,-1.00
2022-12-15T03:45:28Z,"0002cc01000003e9","2250c55ad8fd396d05031114d8600c4f380e00000000000000ffffffffffffffffffffffff",3.59,,0.31,17,20.84,30.95,98351.00,56.00,0,0,0,0,,,-1.00,-1.00,-1.00,-1.00,-1.00,-1.00
2022-12-15T03:51:24Z,"0002cc01000003e9","2250c55c3cfd396d04fa1114d260114d3e09c0000000000000ffffffffffffffffffffffff",3.59,,0.31,17,20.82,30.17,98369.00,39.00,0,0,0,0,,,-1.00,-1.00,-1.00,-1.00,-1.00,-1.00
2022-12-15T03:57:20Z,"0002cc01000003e9","2250c55da0fd396d04fa1114cd60154c250c40000000000000ffffffffffffffffffffffff",3.59,,0.31,17,20.80,29.74,98386.00,49.00,0,0,0,0,,,-1.00,-1.00,-1.00,-1.00,-1.00,-1.00
2022-12-15T04:03:16Z,"0002cc01000003e9","2250c55f04fd396104fa1114c8600f4a400840000000000000ffffffffffffffffffffffff",3.59,,0.31,17,20.78,29.00,98362.00,66.00,0,0,0,0,,,-1.00,-1.00,-1.00,-1.00,-1.00,-1.00
2022-12-15T04:09:12Z,"0002cc01000003e9","2250c56068fd396105031114c1601049740f00000000000000ffffffffffffffffffffffff",3.59,,0.31,17,20.75,28.69,98366.00,30.00,0,0,0,0,,,-1.00,-1.00,-1.00,-1.00,-1.00,-1.00
2022-12-15T04:15:08Z,"0002cc01000003e9","2250c561ccfd396105031114bb600c48cb0920000000000000ffffffffffffffffffffffff",3.59,,0.31,17,20.73,28.43,98350.00,73.00,0,0,0,0,,,-1.00,-1.00,-1.00,-1.00,-1.00,-1.00
2022-12-15T04:21:04Z,"0002cc01000003e9","2250c56330fd396104fa1114b9600a48590bc0000000000000ffffffffffffffffffffffff",3.59,,0.31,17,20.72,28.26,98343.00,47.00,0,0,0,0,,,-1.00,-1.00,-1.00,-1.00,-1.00,-1.00
2022-12-15T04:27:00Z,"0002cc01000003e9","2250c56494fd396d04fa1114b6600a47db0f80000000000000ffffffffffffffffffffffff",3.59,,0.31,17,20.71,28.07,98341.00,31.00,0,0,0,0,,,-1.00,-1.00,-1.00,-1.00,-1.00,-1.00
2022-12-15T04:32:56Z,"0002cc01000003e9","2250c565f8fd396105031114b4600947010cc0000000000000ffffffffffffffffffffffff",3.59,,0.31,17,20.70,27.74,98338.00,51.00,0,0,0,0,,,-1.00,-1.00,-1.00,-1.00,-1.00,-1.00
2022-12-15T04:38:52Z,"0002cc01000003e9","2250c5675cfd396505031114b1600547400840000000000000ffffffffffffffffffffffff",3.59,,0.31,17,20.69,27.83,98320.00,33.00,0,0,0,0,,,-1.00,-1.00,-1.00,-1.00,-1.00,-1.00
2022-12-15T04:44:48Z,"0002cc01000003e9","2250c568c0fd396d05031114af600346cf0f00000000000000ffffffffffffffffffffffff",3.59,,0.31,17,20.68,27.66,98312.00,60.00,0,0,0,0,,,-1.00,-1.00,-1.00,-1.00,-1.00,-1.00
2022-12-15T04:50:44Z,"0002cc01000003e9","2250c56a24fd396504fa1114ac600646740b80000000000000ffffffffffffffffffffffff",3.59,,0.31,17,20.67,27.52,98324.00,46.00,0,0,0,0,,,-1.00,-1.00,-1.00,-1.00,-1.00,-1.00
2022-12-15T04:56:40Z,"0002cc01000003e9","2250c56b88fd396905031114ac600946340e00000000000000ffffffffffffffffffffffff",3.59,,0.31,17,20.67,27.42,98337.00,56.00,0,0,0,0,,,-1.00,-1.00,-1.00,-1.00,-1.00,-1.00
2022-12-15T05:02:36Z,"0002cc01000003e9","2250c56cecfd396504fa1114ac600845e00800000000000000ffffffffffffffffffffffff",3.59,,0.31,17,20.67,27.29,98333.00,64.00,0,0,0,0,,,-1.00,-1.00,-1.00,-1.00,-1.00,-1.00
2022-12-15T05:08:32Z,"0002cc01000003e9","2250c56e50fd396505031114a7600545a00b40000000000000ffffffffffffffffffffffff",3.59,,0.31,17,20.65,27.20,98322.00,45.00,0,0,0,0,,,-1.00,-1.00,-1.00,-1.00,-1.00,-1.00
2022-12-15T05:14:28Z,"0002cc01000003e9","2250c56fb4fd396105031114a76008454c0a40000000000000ffffffffffffffffffffffff",3.59,,0.31,17,20.65,27.07,98332.00,41.00,0,0,0,0,,,-1.00,-1.00,-1.00,-1.00,-1.00,-1.00
2022-12-15T05:20:25Z,"0002cc01000003e9","2250c57119fd396d05031114a4600944f80920000000000000ffffffffffffffffffffffff",3.59,,0.31,17,20.64,26.94,98337.00,73.00,0,0,0,0,,,-1.00,-1.00,-1.00,-1.00,-1.00,-1.00
2022-12-15T05:26:20Z,"0002cc01000003e9","2250c5727cfd396505031114a2600544c60940000000000000ffffffffffffffffffffffff",3.59,,0.31,17,20.63,26.87,98323.00,37.00,0,0,0,0,,,-1.00,-1.00,-1.00,-1.00,-1.00,-1.00
2022-12-15T05:32:17Z,"0002cc01000003e9","2250c573e1fd395d04fa11149f600344640800000000000000ffffffffffffffffffffffff",3.59,,0.31,17,20.62,26.71,98314.00,32.00,0,0,0,0,,,-1.00,-1.00,-1.00,-1.00,-1.00,-1.00
2022-12-15T05:38:13Z,"0002cc01000003e9","2250c57545fd395d050311149d600243ec0b40000000000000ffffffffffffffffffffffff",3.59,,0.31,17,20.61,26.53,98311.00,90.00,0,0,0,0,,,-1.00,-1.00,-1.00,-1.00,-1.00,-1.00
2022-12-15T05:44:09Z,"0002cc01000003e9","2250c576a9fd395d0503111498600943ac0ac0000000000000ffffffffffffffffffffffff",3.59,,0.31,17,20.59,26.43,98336.00,43.00,0,0,0,0,,,-1.00,-1.00,-1.00,-1.00,-1.00,-1.00
2022-12-15T05:50:05Z,"0002cc01000003e9","2250c5780dfd395d0503111492600643960b40000000000000ffffffffffffffffffffffff",3.59,,0.31,17,20.57,26.40,98326.00,45.00,0,0,0,0,,,-1.00,-1.00,-1.00,-1.00,-1.00,-1.00
2022-12-15T05:56:01Z,"0002cc01000003e9","2250c57971fd396d050311148d600143250c80000000000000ffffffffffffffffffffffff",3.59,,0.31,17,20.55,26.23,98304.00,50.00,0,0,0,0,,,-1.00,-1.00,-1.00,-1.00,-1.00,-1.00
2022-12-15T06:01:57Z,"0002cc01000003e9","2250c57ad5fd3965050711148b5ffb42d00a40000000000000ffffffffffffffffffffffff",3.59,,0.31,17,20.54,26.10,98282.00,41.00,0,0,0,0,,,-1.00,-1.00,-1.00,-1.00,-1.00,-1.00
2022-12-15T06:07:53Z,"0002cc01000003e9","2250c57c39fd396505031114885ff842670e00000000000000ffffffffffffffffffffffff",3.59,,0.31,17,20.53,25.94,98270.00,28.00,0,0,0,0,,,-1.00,-1.00,-1.00,-1.00,-1.00,-1.00
2022-12-15T06:13:49Z,"0002cc01000003e9","2250c57d9dfd396105031114835ffd41da0c00000000000000ffffffffffffffffffffffff",3.59,,0.31,17,20.51,25.72,98291.00,48.00,0,0,0,0,,,-1.00,-1.00,-1.00,-1.00,-1.00,-1.00
2022-12-15T06:19:45Z,"0002cc01000003e9","2250c57f01fd3965050311147e5ffe41850820000000000000ffffffffffffffffffffffff",3.59,,0.31,17,20.49,25.59,98293.00,65.00,0,0,0,0,,,-1.00,-1.00,-1.00,-1.00,-1.00,-1.00
2022-12-15T06:25:41Z,"0002cc01000003e9","2250c58065fd396105031114765fff41840f40000000000000ffffffffffffffffffffffff",3.59,,0.31,17,20.46,25.59,98299.00,61.00,0,0,0,0,,,-1.00,-1.00,-1.00,-1.00,-1.00,-1.00
2022-12-15T06:31:37Z,"0002cc01000003e9","2250c581c9fd3965050f111471600041440cc0000000000000ffffffffffffffffffffffff",3.59,,0.32,17,20.44,25.49,98302.00,51.00,0,0,0,0,,,-1.00,-1.00,-1.00,-1.00,-1.00,-1.00
2022-12-15T06:37:33Z,"0002cc01000003e9","2250c5832dfd3965050311146f600141270ac0000000000000ffffffffffffffffffffffff",3.59,,0.31,17,20.43,25.45,98304.00,43.00,0,0,0,0,,,-1.00,-1.00,-1.00,-1.00,-1.00,-1.00
2022-12-15T06:43:29Z,"0002cc01000003e9","2250c58491fd39650503111469600340af0920000000000000ffffffffffffffffffffffff",3.59,,0.31,17,20.41,25.27,98312.00,73.00,0,0,0,0,,,-1.00,-1.00,-1.00,-1.00,-1.00,-1.00
2022-12-15T06:49:25Z,"0002cc01000003e9","2250c585f5fd396505031114676002408c0900000000000000ffffffffffffffffffffffff",3.59,,0.31,17,20.40,25.21,98308.00,36.00,0,0,0,0,,,-1.00,-1.00,-1.00,-1.00,-1.00,-1.00
2022-12-15T06:55:21Z,"0002cc01000003e9","2250c58759fd395d05031114676002403e0c40000000000000ffffffffffffffffffffffff",3.59,,0.31,17,20.40,25.10,98311.00,49.00,0,0,0,0,,,-1.00,-1.00,-1.00,-1.00,-1.00,-1.00
2022-12-15T07:01:17Z,"0002cc01000003e9","2250c588bdfd3965050311146260023fe30ac0000000000000ffffffffffffffffffffffff",3.59,,0.31,17,20.38,24.96,98308.00,43.00,0,0,0,0,,,-1.00,-1.00,-1.00,-1.00,-1.00,-1.00
2022-12-15T07:07:13Z,"0002cc01000003e9","2250c58a21fd3965050311146260023fdb0980000000000000ffffffffffffffffffffffff",3.59,,0.31,17,20.38,24.94,98309.00,38.00,0,0,0,0,,,-1.00,-1.00,-1.00,-1.00,-1.00,-1.00
2022-12-15T07:13:09Z,"0002cc01000003e9","2250c58b85fd3965050311145d60033f8e0d40000000000000ffffffffffffffffffffffff",3.59,,0.31,17,20.36,24.83,98314.00,53.00,0,0,0,0,,,-1.00,-1.00,-1.00,-1.00,-1.00,-1.00
2022-12-15T07:19:05Z,"0002cc01000003e9","2250c58ce9fd3965050311145a60063f780d80000000000000ffffffffffffffffffffffff",3.59,,0.31,17,20.35,24.79,98324.00,54.00,0,0,0,0,,,-1.00,-1.00,-1.00,-1.00,-1.00,-1.00
2022-12-15T07:25:01Z,"0002cc01000003e9","2250c58e4dfd395d050311145560053eb40a80000000000000ffffffffffffffffffffffff",3.59,,0.31,17,20.33,24.49,98321.00,42.00,0,0,0,0,,,-1.00,-1.00,-1.00,-1.00,-1.00,-1.00
2022-12-15T07:30:57Z,"0002cc01000003e9","2250c58fb1fd395d050311145060073e660f00000000000000ffffffffffffffffffffffff",3.59,,0.31,17,20.31,24.37,98331.00,60.00,0,0,0,0,,,-1.00,-1.00,-1.00,-1.00,-1.00,-1.00
2022-12-15T07:36:53Z,"0002cc01000003e9","2250c59115fd396d050311144d60043e5e0f00000000000000ffffffffffffffffffffffff",3.59,,0.31,17,20.30,24.36,98319.00,60.00,0,0,0,0,,,-1.00,-1.00,-1.00,-1.00,-1.00,-1.00
2022-12-15T07:42:49Z,"0002cc01000003e9","2250c59279fd3965050311144660063d8a0d80000000000000ffffffffffffffffffffffff",3.59,,0.31,17,20.27,24.04,98327.00,54.00,0,0,0,0,,,-1.00,-1.00,-1.00,-1.00,-1.00,-1.00
2022-12-15T07:48:46Z,"0002cc01000003e9","2250c593defd3965050311143e60063d3d0880000000000000ffffffffffffffffffffffff",3.59,,0.31,17,20.24,23.92,98325.00,34.00,0,0,0,0,,,-1.00,-1.00,-1.00,-1.00,-1.00,-1.00
2022-12-15T07:54:42Z,"0002cc01000003e9","2250c59542fd395d050311143e60093cda0b40000000000000ffffffffffffffffffffffff",3.59,,0.31,17,20.24,23.77,98337.00,45.00,0,0,0,0,,,-1.00,-1.00,-1.00,-1.00,-1.00,-1.00
2022-12-15T08:00:38Z,"0002cc01000003e9","2250c596a6fd3965050311143960083d0b08a0000000000000ffffffffffffffffffffffff",3.59,,0.31,17,20.22,23.84,98334.00,69.00,0,0,0,0,,,-1.00,-1.00,-1.00,-1.00,-1.00,-1.00
2022-12-15T08:06:34Z,"0002cc01000003e9","2250c5980afd395d0503111436600a3ccb0fc0000000000000ffffffffffffffffffffffff",3.59,,0.31,17,20.21,23.75,98340.00,63.00,0,0,0,0,,,-1.00,-1.00,-1.00,-1.00,-1.00,-1.00
2022-12-15T08:12:30Z,"0002cc01000003e9","2250c5996efd39650503111431600b3d020a80000000000000ffffffffffffffffffffffff",3.59,,0.31,17,20.19,23.83,98344.00,42.00,0,0,0,0,,,-1.00,-1.00,-1.00,-1.00,-1.00,-1.00
2022-12-15T08:18:26Z,"0002cc01000003e9","2250c59ad2fd395d050311143160093d3b0bc0000000000000ffffffffffffffffffffffff",3.59,,0.31,17,20.19,23.92,98338.00,47.00,0,0,0,0,,,-1.00,-1.00,-1.00,-1.00,-1.00,-1.00
2022-12-15T08:24:22Z,"0002cc01000003e9","2250c59c36fd395d0503111434600d3d420d40000000000000ffffffffffffffffffffffff",3.59,,0.31,17,20.20,23.93,98352.00,53.00,0,0,0,0,,,-1.00,-1.00,-1.00,-1.00,-1.00,-1.00
2022-12-15T08:30:18Z,"0002cc01000003e9","2250c59d9afd39650503111434600e3d650d40000000000000ffffffffffffffffffffffff",3.59,,0.31,17,20.20,23.98,98357.00,53.00,0,0,0,0,,,-1.00,-1.00,-1.00,-1.00,-1.00,-1.00
2022-12-15T08:36:14Z,"0002cc01000003e9","2250c59efefd39650503111434600e3d2d0880000000000000ffffffffffffffffffffffff",3.59,,0.31,17,20.20,23.90,98358.00,34.00,0,0,0,0,,,-1.00,-1.00,-1.00,-1.00,-1.00,-1.00
2022-12-15T08:42:10Z,"0002cc01000003e9","2250c5a062fd3965050711143460103d570c00000000000000ffffffffffffffffffffffff",3.59,,0.31,17,20.20,23.96,98366.00,48.00,0,0,0,0,,,-1.00,-1.00,-1.00,-1.00,-1.00,-1.00
2022-12-15T08:48:06Z,"0002cc01000003e9","2250c5a1c6fd396504fa11143160103d170f80000000000000ffffffffffffffffffffffff",3.59,,0.31,17,20.19,23.86,98367.00,62.00,0,0,0,0,,,-1.00,-1.00,-1.00,-1.00,-1.00,-1.00
2022-12-15T08:54:02Z,"0002cc01000003e9","2250c5a32afd3961050711143160123cfb0a40000000000000ffffffffffffffffffffffff",3.59,,0.31,17,20.19,23.82,98374.00,41.00,0,0,0,0,,,-1.00,-1.00,-1.00,-1.00,-1.00,-1.00
2022-12-15T08:59:58Z,"0002cc01000003e9","2250c5a48efd395d050311142f60133d330860000000000000ffffffffffffffffffffffff",3.59,,0.31,17,20.18,23.91,98378.00,67.00,0,0,0,0,,,-1.00,-1.00,-1.00,-1.00,-1.00,-1.00
2022-12-15T09:05:54Z,"0002cc01000003e9","2250c5a5f2fd395d050311142f60153d5608c0000000000000ffffffffffffffffffffffff",3.59,,0.31,17,20.18,23.96,98384.00,35.00,0,0,0,0,,,-1.00,-1.00,-1.00,-1.00,-1.00,-1.00
2022-12-15T09:11:50Z,"0002cc01000003e9","2250c5a756fd3965050311142760123d4e0f00000000000000ffffffffffffffffffffffff",3.59,,0.31,17,20.15,23.95,98373.00,60.00,0,0,0,0,,,-1.00,-1.00,-1.00,-1.00,-1.00,-1.00
2022-12-15T09:17:46Z,"0002cc01000003e9","2250c5a8bafd3954050711142460133d240d40000000000000ffffffffffffffffffffffff",3.58,,0.31,17,20.14,23.88,98378.00,53.00,0,0,0,0,,,-1.00,-1.00,-1.00,-1.00,-1.00,-1.00
2022-12-15T09:23:42Z,"0002cc01000003e9","2250c5aa1efd3965050311141f60153cf20f00000000000000ffffffffffffffffffffffff",3.59,,0.31,17,20.12,23.81,98386.00,60.00,0,0,0,0,,,-1.00,-1.00,-1.00,-1.00,-1.00,-1.00
2022-12-15T09:29:38Z,"0002cc01000003e9","2250c5ab82fd395d050311141a60153cc00880000000000000ffffffffffffffffffffffff",3.59,,0.31,17,20.10,23.73,98387.00,34.00,0,0,0,0,,,-1.00,-1.00,-1.00,-1.00,-1.00,-1.00
2022-12-15T09:35:35Z,"0002cc01000003e9","2250c5ace7fd3965050311141860173c560c80000000000000ffffffffffffffffffffffff",3.59,,0.31,17,20.09,23.57,98392.00,50.00,0,0,0,0,,,-1.00,-1.00,-1.00,-1.00,-1.00,-1.00
2022-12-15T09:41:31Z,"0002cc01000003e9","2250c5ae4bfd395d050711141560173c3a08e0000000000000ffffffffffffffffffffffff",3.59,,0.31,17,20.08,23.53,98393.00,71.00,0,0,0,0,,,-1.00,-1.00,-1.00,-1.00,-1.00,-1.00
2022-12-15T09:47:27Z,"0002cc01000003e9","2250c5afaffd3965050311141260173c020e80000000000000ffffffffffffffffffffffff",3.59,,0.31,17,20.07,23.44,98393.00,58.00,0,0,0,0,,,-1.00,-1.00,-1.00,-1.00,-1.00,-1.00
2022-12-15T09:53:23Z,"0002cc01000003e9","2250c5b113fd3961050311141060163bc20940000000000000ffffffffffffffffffffffff",3.59,,0.31,17,20.06,23.34,98389.00,37.00,0,0,0,0,,,-1.00,-1.00,-1.00,-1.00,-1.00,-1.00
2022-12-15T09:59:19Z,"0002cc01000003e9","2250c5b277fd3965050311140b60173bc20940000000000000ffffffffffffffffffffffff",3.59,,0.31,17,20.04,23.34,98392.00,37.00,0,0,0,0,,,-1.00,-1.00,-1.00,-1.00,-1.00,-1.00
2022-12-15T10:05:15Z,"0002cc01000003e9","2250c5b3dbfd395d050311140d60173b6d0c40000000000000ffffffffffffffffffffffff",3.59,,0.31,17,20.05,23.21,98395.00,49.00,0,0,0,0,,,-1.00,-1.00,-1.00,-1.00,-1.00,-1.00
2022-12-15T10:11:11Z,"0002cc01000003e9","2250c5b53ffd395d050f11140b60183b3d0f00000000000000ffffffffffffffffffffffff",3.59,,0.32,17,20.04,23.14,98399.00,30.00,0,0,0,0,,,-1.00,-1.00,-1.00,-1.00,-1.00,-1.00
2022-12-15T10:17:07Z,"0002cc01000003e9","2250c5b6a3fd395d050311140d601a3b120cc0000000000000ffffffffffffffffffffffff",3.59,,0.31,17,20.05,23.08,98404.00,51.00,0,0,0,0,,,-1.00,-1.00,-1.00,-1.00,-1.00,-1.00
2022-12-15T10:23:03Z,"0002cc01000003e9","2250c5b807fd395d050311140d601c3ad30e00000000000000ffffffffffffffffffffffff",3.59,,0.31,17,20.05,22.98,98413.00,56.00,0,0,0,0,,,-1.00,-1.00,-1.00,-1.00,-1.00,-1.00
2022-12-15T10:28:59Z,"0002cc01000003e9","2250c5b96bfd3954050311140b60193a780a20000000000000ffffffffffffffffffffffff",3.58,,0.31,17,20.04,22.84,98403.00,81.00,0,0,0,0,,,-1.00,-1.00,-1.00,-1.00,-1.00,-1.00
2022-12-15T10:34:55Z,"0002cc01000003e9","2250c5bacffd3961050311140660193a310cc0000000000000ffffffffffffffffffffffff",3.59,,0.31,17,20.02,22.73,98400.00,51.00,0,0,0,0,,,-1.00,-1.00,-1.00,-1.00,-1.00,-1.00
2022-12-15T10:40:51Z,"0002cc01000003e9","2250c5bc33fd395d050f11140360193a540860000000000000ffffffffffffffffffffffff",3.59,,0.32,17,20.01,22.78,98402.00,67.00,0,0,0,0,,,-1.00,-1.00,-1.00,-1.00,-1.00,-1.00
2022-12-15T10:46:47Z,"0002cc01000003e9","2250c5bd97fd39540507111403601c39dc0c00000000000000ffffffffffffffffffffffff",3.58,,0.31,17,20.01,22.60,98412.00,48.00,0,0,0,0,,,-1.00,-1.00,-1.00,-1.00,-1.00,-1.00
2022-12-15T10:52:43Z,"0002cc01000003e9","2250c5befbfd395d05071113fe601a399d08c0000000000000ffffffffffffffffffffffff",3.59,,0.31,17,19.99,22.50,98407.00,35.00,0,0,0,0,,,-1.00,-1.00,-1.00,-1.00,-1.00,-1.00
2022-12-15T10:58:39Z,"0002cc01000003e9","2250c5c05ffd395d05031113fb601c39480ec0000000000000ffffffffffffffffffffffff",3.59,,0.31,17,19.98,22.38,98414.00,59.00,0,0,0,0,,,-1.00,-1.00,-1.00,-1.00,-1.00,-1.00
2022-12-15T11:04:35Z,"0002cc01000003e9","2250c5c1c3fd396105031113fb601e39480f80000000000000ffffffffffffffffffffffff",3.59,,0.31,17,19.98,22.38,98421.00,62.00,0,0,0,0,,,-1.00,-1.00,-1.00,-1.00,-1.00,-1.00
2022-12-15T11:10:32Z,"0002cc01000003e9","2250c5c328fd3965050f111401601f396c0bc0000000000000ffffffffffffffffffffffff",3.59,,0.32,17,20.00,22.43,98427.00,47.00,0,0,0,0,,,-1.00,-1.00,-1.00,-1.00,-1.00,-1.00
2022-12-15T11:16:28Z,"0002cc01000003e9","2250c5c48cfd395d05031113fe601e395e0e00000000000000ffffffffffffffffffffffff",3.59,,0.31,17,19.99,22.41,98421.00,56.00,0,0,0,0,,,-1.00,-1.00,-1.00,-1.00,-1.00,-1.00
2022-12-15T11:22:23Z,"0002cc01000003e9","2250c5c5effd395d05031113fb601f39800a40000000000000ffffffffffffffffffffffff",3.59,,0.31,17,19.98,22.46,98425.00,41.00,0,0,0,0,,,-1.00,-1.00,-1.00,-1.00,-1.00,-1.00
2022-12-15T11:28:19Z,"0002cc01000003e9","2250c5c753fd396105031113f9602039c60900000000000000ffffffffffffffffffffffff",3.59,,0.31,17,19.97,22.57,98430.00,36.00,0,0,0,0,,,-1.00,-1.00,-1.00,-1.00,-1.00,-1.00
2022-12-15T11:34:16Z,"0002cc01000003e9","2250c5c8b8fd396105071113fb60213a220d80000000000000ffffffffffffffffffffffff",3.59,,0.31,17,19.98,22.71,98432.00,54.00,0,0,0,0,,,-1.00,-1.00,-1.00,-1.00,-1.00,-1.00
2022-12-15T11:40:12Z,"0002cc01000003e9","2250c5ca1cfd3961050f11140b60233a390ac0000000000000ffffffffffffffffffffffff",3.59,,0.32,17,20.04,22.74,98443.00,43.00,0,0,0,0,,,-1.00,-1.00,-1.00,-1.00,-1.00,-1.00
2022-12-15T11:46:08Z,"0002cc01000003e9","2250c5cb80fd396504fa11141d60273a2d0a80000000000000ffffffffffffffffffffffff",3.59,,0.31,17,20.11,22.72,98457.00,42.00,0,0,0,0,,,-1.00,-1.00,-1.00,-1.00,-1.00,-1.00
2022-12-15T11:52:04Z,"0002cc01000003e9","2250c5cce4fd395d04fa111429602639f70ec0000000000000ffffffffffffffffffffffff",3.59,,0.31,17,20.16,22.64,98455.00,59.00,0,0,0,0,,,-1.00,-1.00,-1.00,-1.00,-1.00,-1.00
2022-12-15T11:58:00Z,"0002cc01000003e9","2250c5ce48fd3965050311143b602839b20c00000000000000ffffffffffffffffffffffff",3.59,,0.31,17,20.23,22.54,98463.00,24.00,0,0,0,0,,,-1.00,-1.00,-1.00,-1.00,-1.00,-1.00
2022-12-15T12:03:56Z,"0002cc01000003e9","2250c5cfacfd395905031114466029399f0ac0000000000000ffffffffffffffffffffffff",3.58,,0.31,17,20.27,22.51,98466.00,43.00,0,0,0,0,,,-1.00,-1.00,-1.00,-1.00,-1.00,-1.00
2022-12-15T12:09:52Z,"0002cc01000003e9","2250c5d110fd39540503111452602b391b0c40000000000000ffffffffffffffffffffffff",3.58,,0.31,17,20.32,22.31,98474.00,49.00,0,0,0,0,,,-1.00,-1.00,-1.00,-1.00,-1.00,-1.00
2022-12-15T12:15:48Z,"0002cc01000003e9","2250c5d274fd395d050311145d602a390e08a0000000000000ffffffffffffffffffffffff",3.59,,0.31,17,20.36,22.29,98471.00,69.00,0,0,0,0,,,-1.00,-1.00,-1.00,-1.00,-1.00,-1.00
2022-12-15T12:21:44Z,"0002cc01000003e9","2250c5d3d8fd39610503111467602c39250820000000000000ffffffffffffffffffffffff",3.59,,0.31,17,20.40,22.32,98479.00,65.00,0,0,0,0,,,-1.00,-1.00,-1.00,-1.00,-1.00,-1.00
2022-12-15T12:27:40Z,"0002cc01000003e9","2250c5d53cfd3954050311146f602a38e00cc0000000000000ffffffffffffffffffffffff",3.58,,0.31,17,20.43,22.22,98471.00,51.00,0,0,0,0,,,-1.00,-1.00,-1.00,-1.00,-1.00,-1.00
2022-12-15T12:33:36Z,"0002cc01000003e9","2250c5d6a0fd39540503111471602c38cb0980000000000000ffffffffffffffffffffffff",3.58,,0.31,17,20.44,22.19,98477.00,38.00,0,0,0,0,,,-1.00,-1.00,-1.00,-1.00,-1.00,-1.00
2022-12-15T12:39:32Z,"0002cc01000003e9","2250c5d804fd395d04fa11146f602c38700c80000000000000ffffffffffffffffffffffff",3.59,,0.31,17,20.43,22.05,98477.00,50.00,0,0,0,0,,,-1.00,-1.00,-1.00,-1.00,-1.00,-1.00
2022-12-15T12:45:28Z,"0002cc01000003e9","2250c5d968fd396504fa111467602b38440c80000000000000ffffffffffffffffffffffff",3.59,,0.31,17,20.40,21.98,98472.00,25.00,0,0,0,0,,,-1.00,-1.00,-1.00,-1.00,-1.00,-1.00
2022-12-15T12:51:24Z,"0002cc01000003e9","2250c5daccfd3961050311145f602a386e0d40000000000000ffffffffffffffffffffffff",3.59,,0.31,17,20.37,22.04,98469.00,53.00,0,0,0,0,,,-1.00,-1.00,-1.00,-1.00,-1.00,-1.00
2022-12-15T12:57:20Z,"0002cc01000003e9","2250c5dc30fd3954050311145a602e38510860000000000000ffffffffffffffffffffffff",3.58,,0.31,17,20.35,22.00,98484.00,67.00,0,0,0,0,,,-1.00,-1.00,-1.00,-1.00,-1.00,-1.00
2022-12-15T13:03:16Z,"0002cc01000003e9","2250c5dd94fd39540503111455602f385f0c80000000000000ffffffffffffffffffffffff",3.58,,0.31,17,20.33,22.02,98488.00,50.00,0,0,0,0,,,-1.00,-1.00,-1.00,-1.00,-1.00,-1.00
2022-12-15T13:09:12Z,"0002cc01000003e9","2250c5def8fd39540503111452603138730f80000000000000ffffffffffffffffffffffff",3.58,,0.31,17,20.32,22.05,98496.00,62.00,0,0,0,0,,,-1.00,-1.00,-1.00,-1.00,-1.00,-1.00
2022-12-15T13:15:09Z,"0002cc01000003e9","2250c5e05dfd39540503111450603238870820000000000000ffffffffffffffffffffffff",3.58,,0.31,17,20.31,22.08,98501.00,65.00,0,0,0,0,,,-1.00,-1.00,-1.00,-1.00,-1.00,-1.00
2022-12-15T13:21:05Z,"0002cc01000003e9","2250c5e1c1fd3954050f11144d603538b20c40000000000000ffffffffffffffffffffffff",3.58,,0.32,17,20.30,22.15,98512.00,49.00,0,0,0,0,,,-1.00,-1.00,-1.00,-1.00,-1.00,-1.00
2022-12-15T13:27:01Z,"0002cc01000003e9","2250c5e325fd3961050311144d603538dc0c80000000000000ffffffffffffffffffffffff",3.59,,0.31,17,20.30,22.21,98513.00,50.00,0,0,0,0,,,-1.00,-1.00,-1.00,-1.00,-1.00,-1.00
2022-12-15T13:32:57Z,"0002cc01000003e9","2250c5e489fd39610507111450603738f70820000000000000ffffffffffffffffffffffff",3.59,,0.31,17,20.31,22.25,98523.00,65.00,0,0,0,0,,,-1.00,-1.00,-1.00,-1.00,-1.00,-1.00
2022-12-15T13:38:53Z,"0002cc01000003e9","2250c5e5edfd395404fa111450603538ff0900000000000000ffffffffffffffffffffffff",3.58,,0.31,17,20.31,22.26,98515.00,36.00,0,0,0,0,,,-1.00,-1.00,-1.00,-1.00,-1.00,-1.00
2022-12-15T13:44:49Z,"0002cc01000003e9","2250c5e751fd39610503111450603539290a00000000000000ffffffffffffffffffffffff",3.59,,0.31,17,20.31,22.33,98515.00,80.00,0,0,0,0,,,-1.00,-1.00,-1.00,-1.00,-1.00,-1.00
2022-12-15T13:50:45Z,"0002cc01000003e9","2250c5e8b5fd396105031114506033394d0900000000000000ffffffffffffffffffffffff",3.59,,0.31,17,20.31,22.38,98506.00,36.00,0,0,0,0,,,-1.00,-1.00,-1.00,-1.00,-1.00,-1.00
2022-12-15T13:56:41Z,"0002cc01000003e9","2250c5ea19fd39610503111452603339990f80000000000000ffffffffffffffffffffffff",3.59,,0.31,17,20.32,22.50,98505.00,31.00,0,0,0,0,,,-1.00,-1.00,-1.00,-1.00,-1.00,-1.00
2022-12-15T14:02:37Z,"0002cc01000003e9","2250c5eb7dfd396104fa111450603039d90b80000000000000ffffffffffffffffffffffff",3.59,,0.31,17,20.31,22.60,98495.00,46.00,0,0,0,0,,,-1.00,-1.00,-1.00,-1.00,-1.00,-1.00
2022-12-15T14:08:33Z,"0002cc01000003e9","2250c5ece1fd39540503111450603039fc0840000000000000ffffffffffffffffffffffff",3.58,,0.31,17,20.31,22.65,98493.00,33.00,0,0,0,0,,,-1.00,-1.00,-1.00,-1.00,-1.00,-1.00
2022-12-15T14:14:29Z,"0002cc01000003e9","2250c5ee45fd3954050311145260323a340860000000000000ffffffffffffffffffffffff",3.58,,0.31,17,20.32,22.74,98501.00,67.00,0,0,0,0,,,-1.00,-1.00,-1.00,-1.00,-1.00,-1.00
2022-12-15T14:20:25Z,"0002cc01000003e9","2250c5efa9fd3954050311145260343a500dc0000000000000ffffffffffffffffffffffff",3.58,,0.31,17,20.32,22.78,98511.00,55.00,0,0,0,0,,,-1.00,-1.00,-1.00,-1.00,-1.00,-1.00
2022-12-15T14:26:21Z,"0002cc01000003e9","2250c5f10dfd3961050311145560353a4909c0000000000000ffffffffffffffffffffffff",3.59,,0.31,17,20.33,22.77,98514.00,39.00,0,0,0,0,,,-1.00,-1.00,-1.00,-1.00,-1.00,-1.00
2022-12-15T14:32:17Z,"0002cc01000003e9","2250c5f271fd395d050311145560383a820a60000000000000ffffffffffffffffffffffff",3.59,,0.31,17,20.33,22.85,98527.00,83.00,0,0,0,0,,,-1.00,-1.00,-1.00,-1.00,-1.00,-1.00
2022-12-15T14:38:13Z,"0002cc01000003e9","2250c5f3d5fd3961050311145860353a5f0cc0000000000000ffffffffffffffffffffffff",3.59,,0.31,17,20.34,22.80,98515.00,51.00,0,0,0,0,,,-1.00,-1.00,-1.00,-1.00,-1.00,-1.00
2022-12-15T14:44:09Z,"0002cc01000003e9","2250c5f539fd396104fa11145860353a7b0b00000000000000ffffffffffffffffffffffff",3.59,,0.31,17,20.34,22.84,98513.00,44.00,0,0,0,0,,,-1.00,-1.00,-1.00,-1.00,-1.00,-1.00
2022-12-15T14:50:05Z,"0002cc01000003e9","2250c5f69dfd3954050311145860373a6d08a0000000000000ffffffffffffffffffffffff",3.58,,0.31,17,20.34,22.82,98523.00,69.00,0,0,0,0,,,-1.00,-1.00,-1.00,-1.00,-1.00,-1.00
2022-12-15T14:56:01Z,"0002cc01000003e9","2250c5f801fd3954050711145560383a6d0cc0000000000000ffffffffffffffffffffffff",3.58,,0.31,17,20.33,22.82,98526.00,51.00,0,0,0,0,,,-1.00,-1.00,-1.00,-1.00,-1.00,-1.00
2022-12-15T15:01:57Z,"0002cc01000003e9","2250c5f965fd3954050311145260373a5009a0000000000000ffffffffffffffffffffffff",3.58,,0.31,17,20.32,22.78,98523.00,77.00,0,0,0,0,,,-1.00,-1.00,-1.00,-1.00,-1.00,-1.00
2022-12-15T15:07:53Z,"0002cc01000003e9","2250c5fac9fd3954050311145260373a5e0c40000000000000ffffffffffffffffffffffff",3.58,,0.31,17,20.32,22.80,98523.00,49.00,0,0,0,0,,,-1.00,-1.00,-1.00,-1.00,-1.00,-1.00
2022-12-15T15:13:49Z,"0002cc01000003e9","2250c5fc2dfd39540503111452603a3a500ec0000000000000ffffffffffffffffffffffff",3.58,,0.31,17,20.32,22.78,98533.00,59.00,0,0,0,0,,,-1.00,-1.00,-1.00,-1.00,-1.00,-1.00
2022-12-15T15:19:46Z,"0002cc01000003e9","2250c5fd92fd39540503111452603d39bd0c80000000000000ffffffffffffffffffffffff",3.58,,0.31,17,20.32,22.55,98544.00,50.00,0,0,0,0,,,-1.00,-1.00,-1.00,-1.00,-1.00,-1.00
2022-12-15T15:25:42Z,"0002cc01000003e9","2250c5fef6fd39610503111452603d39930d80000000000000ffffffffffffffffffffffff",3.59,,0.31,17,20.32,22.49,98545.00,54.00,0,0,0,0,,,-1.00,-1.00,-1.00,-1.00,-1.00,-1.00
2022-12-15T15:31:38Z,"0002cc01000003e9","2250c6005afd39610503111458603e39cb0e40000000000000ffffffffffffffffffffffff",3.59,,0.31,17,20.34,22.58,98551.00,57.00,0,0,0,0,,,-1.00,-1.00,-1.00,-1.00,-1.00,-1.00
2022-12-15T15:37:34Z,"0002cc01000003e9","2250c601befd3961050311145a603d398d0fc0000000000000ffffffffffffffffffffffff",3.59,,0.31,17,20.35,22.48,98547.00,63.00,0,0,0,0,,,-1.00,-1.00,-1.00,-1.00,-1.00,-1.00
2022-12-15T15:43:30Z,"0002cc01000003e9","2250c60322fd3954050311145d603e395b0840000000000000ffffffffffffffffffffffff",3.58,,0.31,17,20.36,22.41,98550.00,66.00,0,0,0,0,,,-1.00,-1.00,-1.00,-1.00,-1.00,-1.00
2022-12-15T15:49:26Z,"0002cc01000003e9","2250c60486fd39540503111462603d39390800000000000000ffffffffffffffffffffffff",3.58,,0.31,17,20.38,22.35,98546.00,64.00,0,0,0,0,,,-1.00,-1.00,-1.00,-1.00,-1.00,-1.00
2022-12-15T15:55:22Z,"0002cc01000003e9","2250c605eafd396104fa111464603f394f19bc000000000000ffffffffffffffffffffffff",3.59,,0.31,17,20.39,22.39,98553.00,623.00,0,0,0,0,,,-1.00,-1.00,-1.00,-1.00,-1.00,-1.00
2022-12-15T16:01:18Z,"0002cc01000003e9","2250c6074efd395404fa111479603d38fd1a30000000000000ffffffffffffffffffffffff",3.58,,0.31,17,20.47,22.26,98545.00,652.00,0,0,0,0,,,-1.00,-1.00,-1.00,-1.00,-1.00,-1.00
2022-12-15T16:07:14Z,"0002cc01000003e9","2250c608b2fd395404fa111490603b38d61a1c000000000000ffffffffffffffffffffffff",3.58,,0.31,17,20.56,22.20,98536.00,647.00,0,0,0,0,,,-1.00,-1.00,-1.00,-1.00,-1.00,-1.00
2022-12-15T16:13:10Z,"0002cc01000003e9","2250c60a16fd395405031114a4603c38921998000000000000ffffffffffffffffffffffff",3.58,,0.31,17,20.64,22.10,98540.00,614.00,0,0,0,0,,,-1.00,-1.00,-1.00,-1.00,-1.00,-1.00
2022-12-15T16:19:06Z,"0002cc01000003e9","2250c60b7afd396105031114b4603c387f1a04000000000000ffffffffffffffffffffffff",3.59,,0.31,17,20.70,22.07,98541.00,641.00,0,0,0,0,,,-1.00,-1.00,-1.00,-1.00,-1.00,-1.00
2022-12-15T16:25:02Z,"0002cc01000003e9","2250c60cdefd395405031114c1603c386c1a0c000000000000ffffffffffffffffffffffff",3.58,,0.31,17,20.75,22.04,98542.00,643.00,0,0,0,0,,,-1.00,-1.00,-1.00,-1.00,-1.00,-1.00
2022-12-15T16:30:58Z,"0002cc01000003e9","2250c60e42fd396105031114d0603c386e199c000000000000ffffffffffffffffffffffff",3.59,,0.31,17,20.81,22.04,98543.00,615.00,0,0,0,0,,,-1.00,-1.00,-1.00,-1.00,-1.00,-1.00
2022-12-15T16:36:54Z,"0002cc01000003e9","2250c60fa6fd395405031114d8603938131a00000000000000ffffffffffffffffffffffff",3.58,,0.31,17,20.84,21.90,98530.00,640.00,0,0,0,0,,,-1.00,-1.00,-1.00,-1.00,-1.00,-1.00
2022-12-15T16:42:50Z,"0002cc01000003e9","2250c6110afd395005031114da603837db1a34000000000000ffffffffffffffffffffffff",3.58,,0.31,17,20.85,21.82,98525.00,653.00,0,0,0,0,,,-1.00,-1.00,-1.00,-1.00,-1.00,-1.00
2022-12-15T16:48:46Z,"0002cc01000003e9","2250c6126efd395904fa1114df603c379d19f8000000000000ffffffffffffffffffffffff",3.58,,0.31,17,20.87,21.72,98541.00,638.00,0,0,0,0,,,-1.00,-1.00,-1.00,-1.00,-1.00,-1.00
2022-12-15T16:54:42Z,"0002cc01000003e9","2250c613d2fd395404fa1114df603a37ab1a88000000000000ffffffffffffffffffffffff",3.58,,0.31,17,20.87,21.75,98532.00,674.00,0,0,0,0,,,-1.00,-1.00,-1.00,-1.00,-1.00,-1.00
2022-12-15T17:00:38Z,"0002cc01000003e9","2250c61536fd395404fa1114df6037377a1a60000000000000ffffffffffffffffffffffff",3.58,,0.31,17,20.87,21.67,98522.00,664.00,0,0,0,0,,,-1.00,-1.00,-1.00,-1.00,-1.00,-1.00
2022-12-15T17:06:34Z,"0002cc01000003e9","2250c6169afd395904fa1114e2603637501a38000000000000ffffffffffffffffffffffff",3.58,,0.31,17,20.88,21.61,98519.00,654.00,0,0,0,0,,,-1.00,-1.00,-1.00,-1.00,-1.00,-1.00
2022-12-15T17:12:30Z,"0002cc01000003e9","2250c617fefd395904fa1114e46034376d1a38000000000000ffffffffffffffffffffffff",3.58,,0.31,17,20.89,21.65,98511.00,654.00,0,0,0,0,,,-1.00,-1.00,-1.00,-1.00,-1.00,-1.00
2022-12-15T17:18:26Z,"0002cc01000003e9","2250c61962fd395404fa1114e9603337821a84000000000000ffffffffffffffffffffffff",3.58,,0.31,17,20.91,21.68,98506.00,673.00,0,0,0,0,,,-1.00,-1.00,-1.00,-1.00,-1.00,-1.00
2022-12-15T17:24:22Z,"0002cc01000003e9","2250c61ac6fd395904fa1114ec6036376d1a0c000000000000ffffffffffffffffffffffff",3.58,,0.31,17,20.92,21.65,98519.00,643.00,0,0,0,0,,,-1.00,-1.00,-1.00,-1.00,-1.00,-1.00
2022-12-15T17:30:19Z,"0002cc01000003e9","2250c61c2bfd395404fa1114ef603237521a48000000000000ffffffffffffffffffffffff",3.58,,0.31,17,20.93,21.61,98503.00,658.00,0,0,0,0,,,-1.00,-1.00,-1.00,-1.00,-1.00,-1.00
2022-12-15T17:36:15Z,"0002cc01000003e9","2250c61d8ffd395905031114f1603437041a48000000000000ffffffffffffffffffffffff",3.58,,0.31,17,20.94,21.49,98508.00,658.00,0,0,0,0,,,-1.00,-1.00,-1.00,-1.00,-1.00,-1.00
2022-12-15T17:42:11Z,"0002cc01000003e9","2250c61ef3fd396104fa1114f16035372f19fc000000000000ffffffffffffffffffffffff",3.59,,0.31,17,20.94,21.56,98512.00,639.00,0,0,0,0,,,-1.00,-1.00,-1.00,-1.00,-1.00,-1.00
2022-12-15T17:48:07Z,"0002cc01000003e9","2250c62057fd396104fa1114f46035371a1a4c000000000000ffffffffffffffffffffffff",3.59,,0.31,17,20.95,21.52,98514.00,659.00,0,0,0,0,,,-1.00,-1.00,-1.00,-1.00,-1.00,-1.00
2022-12-15T17:54:03Z,"0002cc01000003e9","2250c621bbfd395904fa1114f6603136f01a24000000000000ffffffffffffffffffffffff",3.58,,0.31,17,20.96,21.46,98497.00,649.00,0,0,0,0,,,-1.00,-1.00,-1.00,-1.00,-1.00,-1.00
2022-12-15T17:59:59Z,"0002cc01000003e9","2250c6231ffd395404fa1114f9602f36c61a80000000000000ffffffffffffffffffffffff",3.58,,0.31,17,20.97,21.40,98489.00,672.00,0,0,0,0,,,-1.00,-1.00,-1.00,-1.00,-1.00,-1.00
2022-12-15T18:05:55Z,"0002cc01000003e9","2250c62483fd395904fa1115036032369d1a68000000000000ffffffffffffffffffffffff",3.58,,0.31,17,21.01,21.33,98503.00,666.00,0,0,0,0,,,-1.00,-1.00,-1.00,-1.00,-1.00,-1.00
2022-12-15T18:11:51Z,"0002cc01000003e9","2250c625e7fd395404fa11150b603336901abc000000000000ffffffffffffffffffffffff",3.58,,0.31,17,21.04,21.31,98504.00,687.00,0,0,0,0,,,-1.00,-1.00,-1.00,-1.00,-1.00,-1.00
2022-12-15T18:17:47Z,"0002cc01000003e9","2250c6274bfd395004fa11150d603236351a34000000000000ffffffffffffffffffffffff",3.58,,0.31,17,21.05,21.17,98503.00,653.00,0,0,0,0,,,-1.00,-1.00,-1.00,-1.00,-1.00,-1.00
2022-12-15T18:23:43Z,"0002cc01000003e9","2250c628affd395004fa111508603036261a34000000000000ffffffffffffffffffffffff",3.58,,0.31,17,21.03,21.15,98494.00,653.00,0,0,0,0,,,-1.00,-1.00,-1.00,-1.00,-1.00,-1.00
2022-12-15T18:29:39Z,"0002cc01000003e9","2250c62a13fd395904fa11150b602f363419d4000000000000ffffffffffffffffffffffff",3.58,,0.31,17,21.04,21.17,98489.00,629.00,0,0,0,0,,,-1.00,-1.00,-1.00,-1.00,-1.00,-1.00
2022-12-15T18:35:35Z,"0002cc01000003e9","2250c62b77fd395004fa11150b602d36191a5c000000000000ffffffffffffffffffffffff",3.58,,0.31,17,21.04,21.13,98481.00,663.00,0,0,0,0,,,-1.00,-1.00,-1.00,-1.00,-1.00,-1.00
2022-12-15T18:41:31Z,"0002cc01000003e9","2250c62cdbfd3959050311150d602c36271a1c000000000000ffffffffffffffffffffffff",3.58,,0.31,17,21.05,21.15,98479.00,647.00,0,0,0,0,,,-1.00,-1.00,-1.00,-1.00,-1.00,-1.00
2022-12-15T18:47:27Z,"0002cc01000003e9","2250c62e3ffd395904fa111512602c360b1a10000000000000ffffffffffffffffffffffff",3.58,,0.31,17,21.07,21.11,98479.00,644.00,0,0,0,0,,,-1.00,-1.00,-1.00,-1.00,-1.00,-1.00
2022-12-15T18:53:23Z,"0002cc01000003e9","2250c62fa3fd395004fa111512602c35da1a48000000000000ffffffffffffffffffffffff",3.58,,0.31,17,21.07,21.04,98478.00,658.00,0,0,0,0,,,-1.00,-1.00,-1.00,-1.00,-1.00,-1.00
2022-12-15T18:59:19Z,"0002cc01000003e9","2250c63107fd39590503111515602c35a91a2c000000000000ffffffffffffffffffffffff",3.58,,0.31,17,21.08,20.96,98479.00,651.00,0,0,0,0,,,-1.00,-1.00,-1.00,-1.00,-1.00,-1.00
2022-12-15T19:05:15Z,"0002cc01000003e9","2250c6326bfd395004fa11151a602c358d1a04000000000000ffffffffffffffffffffffff",3.58,,0.31,17,21.10,20.92,98478.00,641.00,0,0,0,0,,,-1.00,-1.00,-1.00,-1.00,-1.00,-1.00
2022-12-15T19:11:12Z,"0002cc01000003e9","2250c633d0fd395004fa11151d602c355d19e0000000000000ffffffffffffffffffffffff",3.58,,0.31,17,21.11,20.84,98479.00,632.00,0,0,0,0,,,-1.00,-1.00,-1.00,-1.00,-1.00,-1.00
2022-12-15T19:17:07Z,"0002cc01000003e9","2250c63533fd3959050311151f602c35171a54000000000000ffffffffffffffffffffffff",3.58,,0.31,17,21.12,20.74,98479.00,661.00,0,0,0,0,,,-1.00,-1.00,-1.00,-1.00,-1.00,-1.00
2022-12-15T19:23:04Z,"0002cc01000003e9","2250c63698fd395904fa111522602d353a19f4000000000000ffffffffffffffffffffffff",3.58,,0.31,17,21.13,20.79,98483.00,637.00,0,0,0,0,,,-1.00,-1.00,-1.00,-1.00,-1.00,-1.00
2022-12-15T19:29:00Z,"0002cc01000003e9","2250c637fcfd395004fa111524602e35261a5c000000000000ffffffffffffffffffffffff",3.58,,0.31,17,21.14,20.76,98487.00,663.00,0,0,0,0,,,-1.00,-1.00,-1.00,-1.00,-1.00,-1.00
2022-12-15T19:34:56Z,"0002cc01000003e9","2250c63960fd395904fa111522603135021a1c000000000000ffffffffffffffffffffffff",3.58,,0.31,17,21.13,20.71,98496.00,647.00,0,0,0,0,,,-1.00,-1.00,-1.00,-1.00,-1.00,-1.00
2022-12-15T19:40:52Z,"0002cc01000003e9","2250c63ac4fd395004fa1115246032352d1a58000000000000ffffffffffffffffffffffff",3.58,,0.31,17,21.14,20.77,98503.00,662.00,0,0,0,0,,,-1.00,-1.00,-1.00,-1.00,-1.00,-1.00
2022-12-15T19:46:48Z,"0002cc01000003e9","2250c63c28fd394c04fa111524603535091a00000000000000ffffffffffffffffffffffff",3.58,,0.31,17,21.14,20.72,98512.00,640.00,0,0,0,0,,,-1.00,-1.00,-1.00,-1.00,-1.00,-1.00
2022-12-15T19:52:44Z,"0002cc01000003e9","2250c63d8cfd395004fa111527603934d11a28000000000000ffffffffffffffffffffffff",3.58,,0.31,17,21.15,20.63,98531.00,650.00,0,0,0,0,,,-1.00,-1.00,-1.00,-1.00,-1.00,-1.00
2022-12-15T19:58:40Z,"0002cc01000003e9","2250c63ef0fd39590507111527603d346019f8000000000000ffffffffffffffffffffffff",3.58,,0.31,17,21.15,20.46,98546.00,638.00,0,0,0,0,,,-1.00,-1.00,-1.00,-1.00,-1.00,-1.00
2022-12-15T20:04:36Z,"0002cc01000003e9","2250c64054fd395904fa111524603c349919d8000000000000ffffffffffffffffffffffff",3.58,,0.31,17,21.14,20.55,98543.00,630.00,0,0,0,0,,,-1.00,-1.00,-1.00,-1.00,-1.00,-1.00
2022-12-15T20:10:32Z,"0002cc01000003e9","2250c641b8fd395904fa11152c603f34a019f8000000000000ffffffffffffffffffffffff",3.58,,0.31,17,21.17,20.56,98554.00,638.00,0,0,0,0,,,-1.00,-1.00,-1.00,-1.00,-1.00,-1.00
2022-12-15T20:16:28Z,"0002cc01000003e9","2250c6431cfd395904fa111534604134771984000000000000ffffffffffffffffffffffff",3.58,,0.31,17,21.20,20.50,98563.00,609.00,0,0,0,0,,,-1.00,-1.00,-1.00,-1.00,-1.00,-1.00
2022-12-15T20:22:24Z,"0002cc01000003e9","2250c64480fd395904fa11153b6043344019c4000000000000ffffffffffffffffffffffff",3.58,,0.31,17,21.23,20.41,98570.00,625.00,0,0,0,0,,,-1.00,-1.00,-1.00,-1.00,-1.00,-1.00
2022-12-15T20:28:20Z,"0002cc01000003e9","2250c645e4fd395004fa111552604734ac19cc000000000000ffffffffffffffffffffffff",3.58,,0.31,17,21.32,20.58,98586.00,627.00,0,0,0,0,,,-1.00,-1.00,-1.00,-1.00,-1.00,-1.00
2022-12-15T20:34:16Z,"0002cc01000003e9","2250c64748fd395904fa111550604933681a00000000000000ffffffffffffffffffffffff",3.58,,0.31,17,21.31,20.08,98592.00,640.00,0,0,0,0,,,-1.00,-1.00,-1.00,-1.00,-1.00,-1.00
2022-12-15T20:40:12Z,"0002cc01000003e9","2250c648acfd395004fa1115486049338419ec000000000000ffffffffffffffffffffffff",3.58,,0.31,17,21.28,20.12,98592.00,635.00,0,0,0,0,,,-1.00,-1.00,-1.00,-1.00,-1.00,-1.00
2022-12-15T20:46:08Z,"0002cc01000003e9","2250c64a10fd395904fa1115416048336619ec000000000000ffffffffffffffffffffffff",3.58,,0.31,17,21.25,20.08,98588.00,635.00,0,0,0,0,,,-1.00,-1.00,-1.00,-1.00,-1.00,-1.00
2022-12-15T20:52:04Z,"0002cc01000003e9","2250c64b74fd395004fa111541604a33741a28000000000000ffffffffffffffffffffffff",3.58,,0.31,17,21.25,20.10,98596.00,650.00,0,0,0,0,,,-1.00,-1.00,-1.00,-1.00,-1.00,-1.00
2022-12-15T20:58:00Z,"0002cc01000003e9","2250c64cd8fd395004fa1115436049336719e8000000000000ffffffffffffffffffffffff",3.58,,0.31,17,21.26,20.08,98593.00,634.00,0,0,0,0,,,-1.00,-1.00,-1.00,-1.00,-1.00,-1.00
2022-12-15T21:03:56Z,"0002cc01000003e9","2250c64e3cfd395004fa111541604a333519f4000000000000ffffffffffffffffffffffff",3.58,,0.31,17,21.25,20.00,98597.00,637.00,0,0,0,0,,,-1.00,-1.00,-1.00,-1.00,-1.00,-1.00
2022-12-15T21:09:52Z,"0002cc01000003e9","2250c64fa0fd395904fa111541604b33431a08000000000000ffffffffffffffffffffffff",3.58,,0.31,17,21.25,20.02,98601.00,642.00,0,0,0,0,,,-1.00,-1.00,-1.00,-1.00,-1.00,-1.00
2022-12-15T21:15:49Z,"0002cc01000003e9","2250c65105fd395904fa111543604e334a1a88000000000000ffffffffffffffffffffffff",3.58,,0.31,17,21.26,20.04,98613.00,674.00,0,0,0,0,,,-1.00,-1.00,-1.00,-1.00,-1.00,-1.00
2022-12-15T21:21:45Z,"0002cc01000003e9","2250c65269fd395904fa1115436051332e198c000000000000ffffffffffffffffffffffff",3.58,,0.31,17,21.26,19.99,98625.00,611.00,0,0,0,0,,,-1.00,-1.00,-1.00,-1.00,-1.00,-1.00
2022-12-15T21:27:41Z,"0002cc01000003e9","2250c653cdfd395004fa111543605533441a00000000000000ffffffffffffffffffffffff",3.58,,0.31,17,21.26,20.03,98640.00,640.00,0,0,0,0,,,-1.00,-1.00,-1.00,-1.00,-1.00,-1.00
2022-12-15T21:33:37Z,"0002cc01000003e9","2250c65531fd39500503111546605733121a58000000000000ffffffffffffffffffffffff",3.58,,0.31,17,21.27,19.95,98651.00,662.00,0,0,0,0,,,-1.00,-1.00,-1.00,-1.00,-1.00,-1.00
2022-12-15T21:39:33Z,"0002cc01000003e9","2250c65695fd395004fa111543605933521a50000000000000ffffffffffffffffffffffff",3.58,,0.31,17,21.26,20.05,98657.00,660.00,0,0,0,0,,,-1.00,-1.00,-1.00,-1.00,-1.00,-1.00
2022-12-15T21:45:29Z,"0002cc01000003e9","2250c657f9fd395904fa1115466058335219fc000000000000ffffffffffffffffffffffff",3.58,,0.31,17,21.27,20.05,98655.00,639.00,0,0,0,0,,,-1.00,-1.00,-1.00,-1.00,-1.00,-1.00
2022-12-15T21:51:25Z,"0002cc01000003e9","2250c6595dfd395004fa111546605b33441a30000000000000ffffffffffffffffffffffff",3.58,,0.31,17,21.27,20.03,98667.00,652.00,0,0,0,0,,,-1.00,-1.00,-1.00,-1.00,-1.00,-1.00
2022-12-15T21:57:21Z,"0002cc01000003e9","2250c65ac1fd39590503111546605c32ef1a14000000000000ffffffffffffffffffffffff",3.58,,0.31,17,21.27,19.90,98670.00,645.00,0,0,0,0,,,-1.00,-1.00,-1.00,-1.00,-1.00,-1.00
2022-12-15T22:03:17Z,"0002cc01000003e9","2250c65c25fd395904fa111546605e32cc19f8000000000000ffffffffffffffffffffffff",3.58,,0.31,17,21.27,19.84,98677.00,638.00,0,0,0,0,,,-1.00,-1.00,-1.00,-1.00,-1.00,-1.00
2022-12-15T22:09:13Z,"0002cc01000003e9","2250c65d89fd395004fa111546606432c51a30000000000000ffffffffffffffffffffffff",3.58,,0.31,17,21.27,19.83,98703.00,652.00,0,0,0,0,,,-1.00,-1.00,-1.00,-1.00,-1.00,-1.00
2022-12-15T22:15:09Z,"0002cc01000003e9","2250c65eedfd395404fa111548606732711a14000000000000ffffffffffffffffffffffff",3.58,,0.31,17,21.28,19.70,98715.00,645.00,0,0,0,0,,,-1.00,-1.00,-1.00,-1.00,-1.00,-1.00
2022-12-15T22:21:05Z,"0002cc01000003e9","2250c66051fd395004fa11154b606a324719c8000000000000ffffffffffffffffffffffff",3.58,,0.31,17,21.29,19.64,98724.00,626.00,0,0,0,0,,,-1.00,-1.00,-1.00,-1.00,-1.00,-1.00
2022-12-15T22:27:01Z,"0002cc01000003e9","2250c661b5fd395904fa11154b606d322b1a14000000000000ffffffffffffffffffffffff",3.58,,0.31,17,21.29,19.60,98739.00,645.00,0,0,0,0,,,-1.00,-1.00,-1.00,-1.00,-1.00,-1.00
2022-12-15T22:32:57Z,"0002cc01000003e9","2250c66319fd39590503111548606f32381998000000000000ffffffffffffffffffffffff",3.58,,0.31,17,21.28,19.62,98747.00,614.00,0,0,0,0,,,-1.00,-1.00,-1.00,-1.00,-1.00,-1.00
2022-12-15T22:38:53Z,"0002cc01000003e9","2250c6647dfd395004fa11154b6073328d19b0000000000000ffffffffffffffffffffffff",3.58,,0.31,17,21.29,19.75,98761.00,620.00,0,0,0,0,,,-1.00,-1.00,-1.00,-1.00,-1.00,-1.00
2022-12-15T22:44:49Z,"0002cc01000003e9","2250c665e1fd3950050311154d607632a91a28000000000000ffffffffffffffffffffffff",3.58,,0.31,17,21.30,19.79,98773.00,650.00,0,0,0,0,,,-1.00,-1.00,-1.00,-1.00,-1.00,-1.00
2022-12-15T22:50:45Z,"0002cc01000003e9","2250c66745fd395004fa11154d6079328619e4000000000000ffffffffffffffffffffffff",3.58,,0.31,17,21.30,19.74,98784.00,633.00,0,0,0,0,,,-1.00,-1.00,-1.00,-1.00,-1.00,-1.00
2022-12-15T22:56:41Z,"0002cc01000003e9","2250c668a9fd3950050311154b6078320719c4000000000000ffffffffffffffffffffffff",3.58,,0.31,17,21.29,19.54,98783.00,625.00,0,0,0,0,,,-1.00,-1.00,-1.00,-1.00,-1.00,-1.00
2022-12-15T23:02:37Z,"0002cc01000003e9","2250c66a0dfd395004fa11154b607b319e1a70000000000000ffffffffffffffffffffffff",3.58,,0.31,17,21.29,19.38,98793.00,668.00,0,0,0,0,,,-1.00,-1.00,-1.00,-1.00,-1.00,-1.00
2022-12-15T23:08:34Z,"0002cc01000003e9","2250c66b72fd395904fa111548607d31501a1c000000000000ffffffffffffffffffffffff",3.58,,0.31,17,21.28,19.26,98803.00,647.00,0,0,0,0,,,-1.00,-1.00,-1.00,-1.00,-1.00,-1.00
2022-12-15T23:14:29Z,"0002cc01000003e9","2250c66cd5fd395004fa1115486080315719ec000000000000ffffffffffffffffffffffff",3.58,,0.31,17,21.28,19.27,98812.00,635.00,0,0,0,0,,,-1.00,-1.00,-1.00,-1.00,-1.00,-1.00
2022-12-15T23:20:26Z,"0002cc01000003e9","2250c66e3afd395004fa111550608031891a08000000000000ffffffffffffffffffffffff",3.58,,0.31,17,21.31,19.35,98815.00,642.00,0,0,0,0,,,-1.00,-1.00,-1.00,-1.00,-1.00,-1.00
2022-12-15T23:26:22Z,"0002cc01000003e9","2250c66f9efd395004fa111558608331601a00000000000000ffffffffffffffffffffffff",3.58,,0.31,17,21.34,19.29,98827.00,640.00,0,0,0,0,,,-1.00,-1.00,-1.00,-1.00,-1.00,-1.00
2022-12-15T23:32:18Z,"0002cc01000003e9","2250c67102fd395904fa11155d6086314b19e8000000000000ffffffffffffffffffffffff",3.58,,0.31,17,21.36,19.26,98836.00,634.00,0,0,0,0,,,-1.00,-1.00,-1.00,-1.00,-1.00,-1.00
2022-12-15T23:38:14Z,"0002cc01000003e9","2250c67266fd395004fa11156260863176197c000000000000ffffffffffffffffffffffff",3.58,,0.31,17,21.38,19.32,98836.00,607.00,0,0,0,0,,,-1.00,-1.00,-1.00,-1.00,-1.00,-1.00
2022-12-15T23:44:10Z,"0002cc01000003e9","2250c673cafd395004fa111564608731141a14000000000000ffffffffffffffffffffffff",3.58,,0.31,17,21.39,19.17,98843.00,645.00,0,0,0,0,,,-1.00,-1.00,-1.00,-1.00,-1.00,-1.00
2022-12-15T23:50:06Z,"0002cc01000003e9","2250c6752efd395004fa1115676088311b1a08000000000000ffffffffffffffffffffffff",3.58,,0.31,17,21.40,19.18,98845.00,642.00,0,0,0,0,,,-1.00,-1.00,-1.00,-1.00,-1.00,-1.00
2022-12-15T23:56:02Z,"0002cc01000003e9","2250c67692fd395004fa11155f608c30a219f4000000000000ffffffffffffffffffffffff",3.58,,0.31,17,21.37,19.00,98860.00,637.00,0,0,0,0,,,-1.00,-1.00,-1.00,-1.00,-1.00,-1.00
