Time,DevEUI,Raw,Vbat,Vsystem,Vbus,BootCount,T,RH,P,Light,P[0].delta,P[0].total,P[1].delta,P[1].total,Act[7],Act[6],Act[5],Act[4],Act[3],Act[2],Act[1],Act[0]
2023-02-03T00:02:39Z,"0002cc0100000648","225107119ffd3e5b025f0d155061ef2ecf0b00000000000000ffffffffffffffffffffffff",3.90,,0.15,13,21.31,18.28,100282.00,176.00,0,0,0,0,,,-1.00,-1.00,-1.00,-1.00,-1.00,-1.00
2023-02-03T00:08:35Z,"0002cc0100000648","2251071303fd3e5702670d155061f22ea20c80000000000000ffffffffffffffffffffffff",3.90,,0.15,13,21.31,18.22,100294.00,200.00,0,0,0,0,,,-1.00,-1.00,-1.00,-1.00,-1.00,-1.00
2023-02-03T00:14:31Z,"0002cc0100000648","2251071467fd3e5b025f0d154d61f42e8c0c10000000000000ffffffffffffffffffffffff",3.90,,0.15,13,21.30,18.18,100303.00,193.00,0,0,0,0,,,-1.00,-1.00,-1.00,-1.00,-1.00,-1.00
2023-02-03T00:20:27Z,"0002cc0100000648","22510715cbfd3e52025f0d154b61f52e6f0b50000000000000ffffffffffffffffffffffff",3.89,,0.15,13,21.29,18.14,100307.00,181.00,0,0,0,0,,,-1.00,-1.00,-1.00,-1.00,-1.00,-1.00
2023-02-03T00:26:24Z,"0002cc0100000648","2251071730fd3e5b025f0d154b61f72e843950000000000000ffffffffffffffffffffffff",3.90,,0.15,13,21.29,18.17,100313.00,2384.00,0,0,0,0,,,-1.00,-1.00,-1.00,-1.00,-1.00,-1.00
2023-02-03T00:32:20Z,"0002cc0100000648","2251071894fd3e5b02670d154d61f72ea909f0000000000000ffffffffffffffffffffffff",3.90,,0.15,13,21.30,18.23,100315.00,159.00,0,0,0,0,,,-1.00,-1.00,-1.00,-1.00,-1.00,-1.00
2023-02-03T00:38:16Z,"0002cc0100000648","22510719f8fd3e5b025f0d155061fa2e940d60000000000000ffffffffffffffffffffffff",3.90,,0.15,13,21.31,18.19,100324.00,214.00,0,0,0,0,,,-1.00,-1.00,-1.00,-1.00,-1.00,-1.00
2023-02-03T00:44:12Z,"0002cc0100000648","2251071b5cfd3e57025f0d155061f92ea20b90000000000000ffffffffffffffffffffffff",3.90,,0.15,13,21.31,18.22,100323.00,185.00,0,0,0,0,,,-1.00,-1.00,-1.00,-1.00,-1.00,-1.00
2023-02-03T00:50:08Z,"0002cc0100000648","2251071cc0fd3e57025f0d154d61fb2ea90b70000000000000ffffffffffffffffffffffff",3.90,,0.15,13,21.30,18.23,100330.00,183.00,0,0,0,0,,,-1.00,-1.00,-1.00,-1.00,-1.00,-1.00
2023-02-03T00:56:04Z,"0002cc0100000648","2251071e24fd3e63025f0d154d61ff2ec73956000000000000ffffffffffffffffffffffff",3.90,,0.15,13,21.30,18.27,100344.00,2390.00,0,0,0,0,,,-1.00,-1.00,-1.00,-1.00,-1.00,-1.00
2023-02-03T01:02:00Z,"0002cc0100000648","2251071f88fd3e5b025f0d155062012efb0bd0000000000000ffffffffffffffffffffffff",3.90,,0.15,13,21.31,18.35,100352.00,189.00,0,0,0,0,,,-1.00,-1.00,-1.00,-1.00,-1.00,-1.00
2023-02-03T01:07:56Z,"0002cc0100000648","22510720ecfd3e5b026f0d155562032ef40a60000000000000ffffffffffffffffffffffff",3.90,,0.15,13,21.33,18.34,100362.00,166.00,0,0,0,0,,,-1.00,-1.00,-1.00,-1.00,-1.00,-1.00
2023-02-03T01:13:52Z,"0002cc0100000648","2251072250fd3e5b025f0d155a62042f040b30000000000000ffffffffffffffffffffffff",3.90,,0.15,13,21.35,18.37,100365.00,179.00,0,0,0,0,,,-1.00,-1.00,-1.00,-1.00,-1.00,-1.00
2023-02-03T01:19:48Z,"0002cc0100000648","22510723b4fd3e57025f0d155862082f030b30000000000000ffffffffffffffffffffffff",3.90,,0.15,13,21.34,18.36,100381.00,179.00,0,0,0,0,,,-1.00,-1.00,-1.00,-1.00,-1.00,-1.00
2023-02-03T01:25:45Z,"0002cc0100000648","2251072519fd3e52025f0d1555620a2f200c50000000000000ffffffffffffffffffffffff",3.89,,0.15,13,21.33,18.41,100391.00,197.00,0,0,0,0,,,-1.00,-1.00,-1.00,-1.00,-1.00,-1.00
2023-02-03T01:31:41Z,"0002cc0100000648","225107267dfd3e5202670d1555620b2f370ad0000000000000ffffffffffffffffffffffff",3.89,,0.15,13,21.33,18.44,100394.00,173.00,0,0,0,0,,,-1.00,-1.00,-1.00,-1.00,-1.00,-1.00
2023-02-03T01:37:37Z,"0002cc0100000648","22510727e1fd3e57025f0d1555620e2f6a0b40000000000000ffffffffffffffffffffffff",3.90,,0.15,13,21.33,18.52,100404.00,180.00,0,0,0,0,,,-1.00,-1.00,-1.00,-1.00,-1.00,-1.00
2023-02-03T01:43:33Z,"0002cc0100000648","2251072945fd3e5b025f0d155562102fd90ac0000000000000ffffffffffffffffffffffff",3.90,,0.15,13,21.33,18.69,100413.00,172.00,0,0,0,0,,,-1.00,-1.00,-1.00,-1.00,-1.00,-1.00
2023-02-03T01:49:29Z,"0002cc0100000648","2251072aa9fd3e5b025f0d15586212302b0ab0000000000000ffffffffffffffffffffffff",3.90,,0.15,13,21.34,18.82,100423.00,171.00,0,0,0,0,,,-1.00,-1.00,-1.00,-1.00,-1.00,-1.00
2023-02-03T01:55:25Z,"0002cc0100000648","2251072c0dfd3e5b02670d155a621230cdf000000000000000ffffffffffffffffffffffff",3.90,,0.15,13,21.35,19.06,100422.00,0.00,0,0,0,0,,,-1.00,-1.00,-1.00,-1.00,-1.00,-1.00
2023-02-03T02:01:21Z,"0002cc0100000648","2251072d71fd3e5b025f0d155a6214306df000000000000000ffffffffffffffffffffffff",3.90,,0.15,13,21.35,18.92,100430.00,0.00,0,0,0,0,,,-1.00,-1.00,-1.00,-1.00,-1.00,-1.00
2023-02-03T02:07:17Z,"0002cc0100000648","2251072ed5fd3e5b025f0d155d62183117f000000000000000ffffffffffffffffffffffff",3.90,,0.15,13,21.36,19.18,100445.00,0.00,0,0,0,0,,,-1.00,-1.00,-1.00,-1.00,-1.00,-1.00
2023-02-03T02:13:13Z,"0002cc0100000648","2251073039fd3e57025f0d1562621c31bbf000000000000000ffffffffffffffffffffffff",3.90,,0.15,13,21.38,19.43,100462.00,0.00,0,0,0,0,,,-1.00,-1.00,-1.00,-1.00,-1.00,-1.00
2023-02-03T02:19:10Z,"0002cc0100000648","225107319efd3e5b025f0d15676220315bf000000000000000ffffffffffffffffffffffff",3.90,,0.15,13,21.40,19.28,100476.00,0.00,0,0,0,0,,,-1.00,-1.00,-1.00,-1.00,-1.00,-1.00
2023-02-03T02:25:06Z,"0002cc0100000648","2251073302fd3e57025f0d157162253190f000000000000000ffffffffffffffffffffffff",3.90,,0.15,13,21.44,19.36,100496.00,0.00,0,0,0,0,,,-1.00,-1.00,-1.00,-1.00,-1.00,-1.00
2023-02-03T02:31:02Z,"0002cc0100000648","2251073466fd3e57025f0d157662273164f000000000000000ffffffffffffffffffffffff",3.90,,0.15,13,21.46,19.29,100506.00,0.00,0,0,0,0,,,-1.00,-1.00,-1.00,-1.00,-1.00,-1.00
2023-02-03T02:36:58Z,"0002cc0100000648","22510735cafd3e5b02670d157b622b3200f000000000000000ffffffffffffffffffffffff",3.90,,0.15,13,21.48,19.53,100521.00,0.00,0,0,0,0,,,-1.00,-1.00,-1.00,-1.00,-1.00,-1.00
2023-02-03T02:42:54Z,"0002cc0100000648","225107372efd3e5b025f0d1583622d329cf000000000000000ffffffffffffffffffffffff",3.90,,0.15,13,21.51,19.77,100531.00,0.00,0,0,0,0,,,-1.00,-1.00,-1.00,-1.00,-1.00,-1.00
2023-02-03T02:48:50Z,"0002cc0100000648","2251073892fd3e57025f0d158d62323280f000000000000000ffffffffffffffffffffffff",3.90,,0.15,13,21.55,19.73,100550.00,0.00,0,0,0,0,,,-1.00,-1.00,-1.00,-1.00,-1.00,-1.00
2023-02-03T02:54:46Z,"0002cc0100000648","22510739f6fd3e5b025f0d15926237330df000000000000000ffffffffffffffffffffffff",3.90,,0.15,13,21.57,19.94,100570.00,0.00,0,0,0,0,,,-1.00,-1.00,-1.00,-1.00,-1.00,-1.00
2023-02-03T03:00:42Z,"0002cc0100000648","2251073b5afd3e57025f0d159a62393366f000000000000000ffffffffffffffffffffffff",3.90,,0.15,13,21.60,20.08,100579.00,0.00,0,0,0,0,,,-1.00,-1.00,-1.00,-1.00,-1.00,-1.00
2023-02-03T03:06:38Z,"0002cc0100000648","2251073cbefd3e57025f0d15a2623b3342f000000000000000ffffffffffffffffffffffff",3.90,,0.15,13,21.63,20.02,100586.00,0.00,0,0,0,0,,,-1.00,-1.00,-1.00,-1.00,-1.00,-1.00
2023-02-03T03:12:34Z,"0002cc0100000648","2251073e22fd3e57025f0d15a7623f3360f000000000000000ffffffffffffffffffffffff",3.90,,0.15,13,21.65,20.07,100600.00,0.00,0,0,0,0,,,-1.00,-1.00,-1.00,-1.00,-1.00,-1.00
2023-02-03T03:18:31Z,"0002cc0100000648","2251073f87fd3e57025f0d15ac624333a3f000000000000000ffffffffffffffffffffffff",3.90,,0.15,13,21.67,20.17,100616.00,0.00,0,0,0,0,,,-1.00,-1.00,-1.00,-1.00,-1.00,-1.00
2023-02-03T03:24:27Z,"0002cc0100000648","22510740ebfd3e57025f0d15b1624633c9f000000000000000ffffffffffffffffffffffff",3.90,,0.15,13,21.69,20.23,100629.00,0.00,0,0,0,0,,,-1.00,-1.00,-1.00,-1.00,-1.00,-1.00
2023-02-03T03:30:23Z,"0002cc0100000648","225107424ffd3e57025f0d15b9624933e0f000000000000000ffffffffffffffffffffffff",3.90,,0.15,13,21.72,20.26,100643.00,0.00,0,0,0,0,,,-1.00,-1.00,-1.00,-1.00,-1.00,-1.00
2023-02-03T03:36:19Z,"0002cc0100000648","22510743b3fd3e57025f0d15c1624c3379f000000000000000ffffffffffffffffffffffff",3.90,,0.15,13,21.75,20.11,100655.00,0.00,0,0,0,0,,,-1.00,-1.00,-1.00,-1.00,-1.00,-1.00
2023-02-03T03:42:15Z,"0002cc0100000648","2251074517fd3e57025f0d15c86250334ef000000000000000ffffffffffffffffffffffff",3.90,,0.15,13,21.78,20.04,100670.00,0.00,0,0,0,0,,,-1.00,-1.00,-1.00,-1.00,-1.00,-1.00
2023-02-03T03:48:11Z,"0002cc0100000648","225107467bfd3e4a02670d15cd625632f6f000000000000000ffffffffffffffffffffffff",3.89,,0.15,13,21.80,19.91,100693.00,0.00,0,0,0,0,,,-1.00,-1.00,-1.00,-1.00,-1.00,-1.00
2023-02-03T03:54:07Z,"0002cc0100000648","22510747dffd3e52025f0d15d26259329ef000000000000000ffffffffffffffffffffffff",3.89,,0.15,13,21.82,19.77,100704.00,0.00,0,0,0,0,,,-1.00,-1.00,-1.00,-1.00,-1.00,-1.00
2023-02-03T04:00:03Z,"0002cc0100000648","2251074943fd3e57025f0d15da625d3212f000000000000000ffffffffffffffffffffffff",3.90,,0.15,13,21.85,19.56,100721.00,0.00,0,0,0,0,,,-1.00,-1.00,-1.00,-1.00,-1.00,-1.00
2023-02-03T04:05:59Z,"0002cc0100000648","2251074aa7fd3e57025f0d15da626131e6f000000000000000ffffffffffffffffffffffff",3.90,,0.15,13,21.85,19.49,100737.00,0.00,0,0,0,0,,,-1.00,-1.00,-1.00,-1.00,-1.00,-1.00
2023-02-03T04:11:56Z,"0002cc0100000648","2251074c0cfd3e5b025f0d15df62633289f000000000000000ffffffffffffffffffffffff",3.90,,0.15,13,21.87,19.74,100745.00,0.00,0,0,0,0,,,-1.00,-1.00,-1.00,-1.00,-1.00,-1.00
2023-02-03T04:17:52Z,"0002cc0100000648","2251074d70fd3e57025f0d15e2626531dff000000000000000ffffffffffffffffffffffff",3.90,,0.15,13,21.88,19.48,100754.00,0.00,0,0,0,0,,,-1.00,-1.00,-1.00,-1.00,-1.00,-1.00
2023-02-03T04:23:48Z,"0002cc0100000648","2251074ed4fd3e52025f0d15e462693256f000000000000000ffffffffffffffffffffffff",3.89,,0.15,13,21.89,19.66,100769.00,0.00,0,0,0,0,,,-1.00,-1.00,-1.00,-1.00,-1.00,-1.00
2023-02-03T04:29:44Z,"0002cc0100000648","2251075038fd3e57025f0d15e9626d32c5f000000000000000ffffffffffffffffffffffff",3.90,,0.15,13,21.91,19.83,100787.00,0.00,0,0,0,0,,,-1.00,-1.00,-1.00,-1.00,-1.00,-1.00
2023-02-03T04:35:40Z,"0002cc0100000648","225107519cfd3e57025f0d15e962713377f000000000000000ffffffffffffffffffffffff",3.90,,0.15,13,21.91,20.10,100801.00,0.00,0,0,0,0,,,-1.00,-1.00,-1.00,-1.00,-1.00,-1.00
2023-02-03T04:41:36Z,"0002cc0100000648","2251075300fd3e57025f0d15e962713317f000000000000000ffffffffffffffffffffffff",3.90,,0.15,13,21.91,19.96,100802.00,0.00,0,0,0,0,,,-1.00,-1.00,-1.00,-1.00,-1.00,-1.00
2023-02-03T04:47:32Z,"0002cc0100000648","2251075464fd3e57025f0d15e962733231f000000000000000ffffffffffffffffffffffff",3.90,,0.15,13,21.91,19.61,100809.00,0.00,0,0,0,0,,,-1.00,-1.00,-1.00,-1.00,-1.00,-1.00
2023-02-03T04:53:28Z,"0002cc0100000648","22510755c8fd3e5702670d15e76276312ff000000000000000ffffffffffffffffffffffff",3.90,,0.15,13,21.90,19.21,100822.00,0.00,0,0,0,0,,,-1.00,-1.00,-1.00,-1.00,-1.00,-1.00
2023-02-03T04:59:24Z,"0002cc0100000648","225107572cfd3e4a025f0d15e7627b2ffff000000000000000ffffffffffffffffffffffff",3.89,,0.15,13,21.90,18.75,100841.00,0.00,0,0,0,0,,,-1.00,-1.00,-1.00,-1.00,-1.00,-1.00
2023-02-03T05:05:21Z,"0002cc0100000648","2251075891fd3e57025f0d15e7627e2f12f000000000000000ffffffffffffffffffffffff",3.90,,0.15,13,21.90,18.39,100853.00,0.00,0,0,0,0,,,-1.00,-1.00,-1.00,-1.00,-1.00,-1.00
2023-02-03T05:11:17Z,"0002cc0100000648","22510759f5fd3e57025f0d15ec62802edff000000000000000ffffffffffffffffffffffff",3.90,,0.15,13,21.92,18.31,100863.00,0.00,0,0,0,0,,,-1.00,-1.00,-1.00,-1.00,-1.00,-1.00
2023-02-03T05:17:13Z,"0002cc0100000648","2251075b59fd3e5702670d15ef62842e5af000000000000000ffffffffffffffffffffffff",3.90,,0.15,13,21.93,18.11,100878.00,0.00,0,0,0,0,,,-1.00,-1.00,-1.00,-1.00,-1.00,-1.00
2023-02-03T05:23:09Z,"0002cc0100000648","2251075cbdfd3e52025f0d15f462872dd6f000000000000000ffffffffffffffffffffffff",3.89,,0.15,13,21.95,17.90,100889.00,0.00,0,0,0,0,,,-1.00,-1.00,-1.00,-1.00,-1.00,-1.00
2023-02-03T05:29:05Z,"0002cc0100000648","2251075e21fd3e57025f0d15f4628a2decf000000000000000ffffffffffffffffffffffff",3.90,,0.15,13,21.95,17.94,100902.00,0.00,0,0,0,0,,,-1.00,-1.00,-1.00,-1.00,-1.00,-1.00
2023-02-03T05:35:01Z,"0002cc0100000648","2251075f85fd3e52025f0d15f6628e2d76f000000000000000ffffffffffffffffffffffff",3.89,,0.15,13,21.96,17.76,100916.00,0.00,0,0,0,0,,,-1.00,-1.00,-1.00,-1.00,-1.00,-1.00
2023-02-03T05:40:57Z,"0002cc0100000648","22510760e9fd3e4e025f0d15f9628f2da9f000000000000000ffffffffffffffffffffffff",3.89,,0.15,13,21.97,17.84,100923.00,0.00,0,0,0,0,,,-1.00,-1.00,-1.00,-1.00,-1.00,-1.00
2023-02-03T05:46:53Z,"0002cc0100000648","225107624dfd3e4a025f0d15f962932d16f000000000000000ffffffffffffffffffffffff",3.89,,0.15,13,21.97,17.61,100936.00,0.00,0,0,0,0,,,-1.00,-1.00,-1.00,-1.00,-1.00,-1.00
2023-02-03T05:52:49Z,"0002cc0100000648","22510763b1fd3e57025f0d15f962942c89f000000000000000ffffffffffffffffffffffff",3.90,,0.15,13,21.97,17.40,100942.00,0.00,0,0,0,0,,,-1.00,-1.00,-1.00,-1.00,-1.00,-1.00
2023-02-03T05:58:45Z,"0002cc0100000648","2251076515fd3e57025f0d15f662962ca7f000000000000000ffffffffffffffffffffffff",3.90,,0.15,13,21.96,17.44,100950.00,0.00,0,0,0,0,,,-1.00,-1.00,-1.00,-1.00,-1.00,-1.00
2023-02-03T06:04:42Z,"0002cc0100000648","225107667afd3e4a025f0d15f462982d58f000000000000000ffffffffffffffffffffffff",3.89,,0.15,13,21.95,17.71,100957.00,0.00,0,0,0,0,,,-1.00,-1.00,-1.00,-1.00,-1.00,-1.00
2023-02-03T06:10:38Z,"0002cc0100000648","22510767defd3e57025f0d15f6629a2d1df000000000000000ffffffffffffffffffffffff",3.90,,0.15,13,21.96,17.62,100965.00,0.00,0,0,0,0,,,-1.00,-1.00,-1.00,-1.00,-1.00,-1.00
2023-02-03T06:16:34Z,"0002cc0100000648","2251076942fd3e57025f0d15f6629a2bf5f000000000000000ffffffffffffffffffffffff",3.90,,0.15,13,21.96,17.17,100967.00,0.00,0,0,0,0,,,-1.00,-1.00,-1.00,-1.00,-1.00,-1.00
2023-02-03T06:22:30Z,"0002cc0100000648","2251076aa6fd3e4a025f0d15f6629b2b68f000000000000000ffffffffffffffffffffffff",3.89,,0.15,13,21.96,16.96,100968.00,0.00,0,0,0,0,,,-1.00,-1.00,-1.00,-1.00,-1.00,-1.00
2023-02-03T06:28:26Z,"0002cc0100000648","2251076c0afd3e57025f0d15f6629b2b3cf000000000000000ffffffffffffffffffffffff",3.90,,0.15,13,21.96,16.89,100970.00,0.00,0,0,0,0,,,-1.00,-1.00,-1.00,-1.00,-1.00,-1.00
2023-02-03T06:34:22Z,"0002cc0100000648","2251076d6efd3e4e025f0d15f462a02b08f000000000000000ffffffffffffffffffffffff",3.89,,0.15,13,21.95,16.81,100989.00,0.00,0,0,0,0,,,-1.00,-1.00,-1.00,-1.00,-1.00,-1.00
2023-02-03T06:40:18Z,"0002cc0100000648","2251076ed2fd3e52025f0d15f462a12ad4f000000000000000ffffffffffffffffffffffff",3.89,,0.15,13,21.95,16.73,100993.00,0.00,0,0,0,0,,,-1.00,-1.00,-1.00,-1.00,-1.00,-1.00
2023-02-03T06:46:14Z,"0002cc0100000648","2251077036fd3e57025f0d15f662a52a92f000000000000000ffffffffffffffffffffffff",3.90,,0.15,13,21.96,16.63,101011.00,0.00,0,0,0,0,,,-1.00,-1.00,-1.00,-1.00,-1.00,-1.00
2023-02-03T06:52:10Z,"0002cc0100000648","225107719afd3e57025f0d15f662a72a57f000000000000000ffffffffffffffffffffffff",3.90,,0.15,13,21.96,16.54,101019.00,0.00,0,0,0,0,,,-1.00,-1.00,-1.00,-1.00,-1.00,-1.00
2023-02-03T06:58:06Z,"0002cc0100000648","22510772fefd3e4a025f0d15f662ac29d1f000000000000000ffffffffffffffffffffffff",3.89,,0.15,13,21.96,16.33,101039.00,0.00,0,0,0,0,,,-1.00,-1.00,-1.00,-1.00,-1.00,-1.00
2023-02-03T07:04:03Z,"0002cc0100000648","2251077463fd3e4e025f0d15f662ae2abef000000000000000ffffffffffffffffffffffff",3.89,,0.15,13,21.96,16.70,101046.00,0.00,0,0,0,0,,,-1.00,-1.00,-1.00,-1.00,-1.00,-1.00
2023-02-03T07:09:59Z,"0002cc0100000648","22510775c7fd3e52025f0d15f662b32b4bf000000000000000ffffffffffffffffffffffff",3.89,,0.15,13,21.96,16.91,101064.00,0.00,0,0,0,0,,,-1.00,-1.00,-1.00,-1.00,-1.00,-1.00
2023-02-03T07:15:55Z,"0002cc0100000648","225107772bfd3e4a025f0d15f962b42b08f000000000000000ffffffffffffffffffffffff",3.89,,0.15,13,21.97,16.81,101069.00,0.00,0,0,0,0,,,-1.00,-1.00,-1.00,-1.00,-1.00,-1.00
2023-02-03T07:21:51Z,"0002cc0100000648","225107788ffd3e4a02670d15f662b62a23f000000000000000ffffffffffffffffffffffff",3.89,,0.15,13,21.96,16.46,101076.00,0.00,0,0,0,0,,,-1.00,-1.00,-1.00,-1.00,-1.00,-1.00
2023-02-03T07:27:47Z,"0002cc0100000648","22510779f3fd3e4e025f0d15f962b72af9f000000000000000ffffffffffffffffffffffff",3.89,,0.15,13,21.97,16.79,101080.00,0.00,0,0,0,0,,,-1.00,-1.00,-1.00,-1.00,-1.00,-1.00
2023-02-03T07:33:43Z,"0002cc0100000648","2251077b57fd3e4e025f0d15fb62b92ab8f000000000000000ffffffffffffffffffffffff",3.89,,0.15,13,21.98,16.69,101091.00,0.00,0,0,0,0,,,-1.00,-1.00,-1.00,-1.00,-1.00,-1.00
2023-02-03T07:39:39Z,"0002cc0100000648","2251077cbbfd3e4e025f0d15fe62bc2b09f000000000000000ffffffffffffffffffffffff",3.89,,0.15,13,21.99,16.81,101103.00,0.00,0,0,0,0,,,-1.00,-1.00,-1.00,-1.00,-1.00,-1.00
2023-02-03T07:45:35Z,"0002cc0100000648","2251077e1ffd3e4a025f0d160162bf2a50f000000000000000ffffffffffffffffffffffff",3.89,,0.15,13,22.00,16.53,101113.00,0.00,0,0,0,0,,,-1.00,-1.00,-1.00,-1.00,-1.00,-1.00
2023-02-03T07:51:31Z,"0002cc0100000648","2251077f83fd3e4e025f0d15fe62c029d2f000000000000000ffffffffffffffffffffffff",3.89,,0.15,13,21.99,16.34,101116.00,0.00,0,0,0,0,,,-1.00,-1.00,-1.00,-1.00,-1.00,-1.00
2023-02-03T07:57:28Z,"0002cc0100000648","22510780e8fd3e4e025f0d160162c42a75f000000000000000ffffffffffffffffffffffff",3.89,,0.15,13,22.00,16.58,101134.00,0.00,0,0,0,0,,,-1.00,-1.00,-1.00,-1.00,-1.00,-1.00
2023-02-03T08:03:24Z,"0002cc0100000648","225107824cfd3e4a025f0d160162c62a58f000000000000000ffffffffffffffffffffffff",3.89,,0.15,13,22.00,16.54,101141.00,0.00,0,0,0,0,,,-1.00,-1.00,-1.00,-1.00,-1.00,-1.00
2023-02-03T08:09:20Z,"0002cc0100000648","22510783b0fd3e4a025f0d15fe62c82a7cf000000000000000ffffffffffffffffffffffff",3.89,,0.15,13,21.99,16.60,101148.00,0.00,0,0,0,0,,,-1.00,-1.00,-1.00,-1.00,-1.00,-1.00
2023-02-03T08:15:16Z,"0002cc0100000648","2251078514fd3e57025f0d15fb62c929e0f000000000000000ffffffffffffffffffffffff",3.90,,0.15,13,21.98,16.36,101152.00,0.00,0,0,0,0,,,-1.00,-1.00,-1.00,-1.00,-1.00,-1.00
2023-02-03T08:21:12Z,"0002cc0100000648","2251078678fd3e4e025f0d15f962cd29eff000000000000000ffffffffffffffffffffffff",3.89,,0.15,13,21.97,16.38,101168.00,0.00,0,0,0,0,,,-1.00,-1.00,-1.00,-1.00,-1.00,-1.00
2023-02-03T08:27:08Z,"0002cc0100000648","22510787dcfd3e4a025f0d15f162cf2987f000000000000000ffffffffffffffffffffffff",3.89,,0.15,13,21.94,16.22,101179.00,0.00,0,0,0,0,,,-1.00,-1.00,-1.00,-1.00,-1.00,-1.00
2023-02-03T08:33:04Z,"0002cc0100000648","2251078940fd3e4e025f0d15ef62d329fdf000000000000000ffffffffffffffffffffffff",3.89,,0.15,13,21.93,16.40,101195.00,0.00,0,0,0,0,,,-1.00,-1.00,-1.00,-1.00,-1.00,-1.00
2023-02-03T08:39:00Z,"0002cc0100000648","2251078aa4fd3e4e025f0d15ec62d72901f000000000000000ffffffffffffffffffffffff",3.89,,0.15,13,21.92,16.02,101211.00,0.00,0,0,0,0,,,-1.00,-1.00,-1.00,-1.00,-1.00,-1.00
2023-02-03T08:44:56Z,"0002cc0100000648","2251078c08fd3e42025f0d15e762d72977f000000000000000ffffffffffffffffffffffff",3.89,,0.15,13,21.90,16.20,101210.00,0.00,0,0,0,0,,,-1.00,-1.00,-1.00,-1.00,-1.00,-1.00
2023-02-03T08:50:53Z,"0002cc0100000648","2251078d6dfd3e4a025f0d15e762d82970f000000000000000ffffffffffffffffffffffff",3.89,,0.15,13,21.90,16.19,101214.00,0.00,0,0,0,0,,,-1.00,-1.00,-1.00,-1.00,-1.00,-1.00
2023-02-03T08:56:49Z,"0002cc0100000648","2251078ed1fd3e4e02670d15e762da29c8f000000000000000ffffffffffffffffffffffff",3.89,,0.15,13,21.90,16.32,101220.00,0.00,0,0,0,0,,,-1.00,-1.00,-1.00,-1.00,-1.00,-1.00
2023-02-03T09:02:45Z,"0002cc0100000648","2251079035fd3e4e025f0d15e762db29d8f000000000000000ffffffffffffffffffffffff",3.89,,0.15,13,21.90,16.34,101225.00,0.00,0,0,0,0,,,-1.00,-1.00,-1.00,-1.00,-1.00,-1.00
2023-02-03T09:08:41Z,"0002cc0100000648","2251079199fd3e4e02670d15e762de299cf000000000000000ffffffffffffffffffffffff",3.89,,0.15,13,21.90,16.25,101236.00,0.00,0,0,0,0,,,-1.00,-1.00,-1.00,-1.00,-1.00,-1.00
2023-02-03T09:14:37Z,"0002cc0100000648","22510792fdfd3e4e025f0d15e962df2a1af000000000000000ffffffffffffffffffffffff",3.89,,0.15,13,21.91,16.45,101242.00,0.00,0,0,0,0,,,-1.00,-1.00,-1.00,-1.00,-1.00,-1.00
2023-02-03T09:20:33Z,"0002cc0100000648","2251079461fd3e4e025f0d15e962e0292df000000000000000ffffffffffffffffffffffff",3.89,,0.15,13,21.91,16.08,101246.00,0.00,0,0,0,0,,,-1.00,-1.00,-1.00,-1.00,-1.00,-1.00
2023-02-03T09:26:29Z,"0002cc0100000648","22510795c5fd3e42025f0d15e962e02926f000000000000000ffffffffffffffffffffffff",3.89,,0.15,13,21.91,16.07,101246.00,0.00,0,0,0,0,,,-1.00,-1.00,-1.00,-1.00,-1.00,-1.00
2023-02-03T09:32:25Z,"0002cc0100000648","2251079729fd3e4e025f0d15e462e328bef000000000000000ffffffffffffffffffffffff",3.89,,0.15,13,21.89,15.92,101256.00,0.00,0,0,0,0,,,-1.00,-1.00,-1.00,-1.00,-1.00,-1.00
2023-02-03T09:38:21Z,"0002cc0100000648","225107988dfd3e4e025f0d15df62e02882f000000000000000ffffffffffffffffffffffff",3.89,,0.15,13,21.87,15.82,101244.00,0.00,0,0,0,0,,,-1.00,-1.00,-1.00,-1.00,-1.00,-1.00
2023-02-03T09:44:17Z,"0002cc0100000648","22510799f1fd3e4e025f0d15da62e02804f000000000000000ffffffffffffffffffffffff",3.89,,0.15,13,21.85,15.63,101245.00,0.00,0,0,0,0,,,-1.00,-1.00,-1.00,-1.00,-1.00,-1.00
2023-02-03T09:50:13Z,"0002cc0100000648","2251079b55fd3e4e025f0d15d562e227e6f000000000000000ffffffffffffffffffffffff",3.89,,0.15,13,21.83,15.58,101252.00,0.00,0,0,0,0,,,-1.00,-1.00,-1.00,-1.00,-1.00,-1.00
2023-02-03T09:56:10Z,"0002cc0100000648","2251079cbafd3e4e025f0d15d262e2299af000000000000000ffffffffffffffffffffffff",3.89,,0.15,13,21.82,16.25,101254.00,0.00,0,0,0,0,,,-1.00,-1.00,-1.00,-1.00,-1.00,-1.00
2023-02-03T10:02:06Z,"0002cc0100000648","2251079e1efd3e4e025f0d15d262e52950f000000000000000ffffffffffffffffffffffff",3.89,,0.15,13,21.82,16.14,101264.00,0.00,0,0,0,0,,,-1.00,-1.00,-1.00,-1.00,-1.00,-1.00
2023-02-03T10:08:02Z,"0002cc0100000648","2251079f82fd3e4e025f0d15d062e528b4f000000000000000ffffffffffffffffffffffff",3.89,,0.15,13,21.81,15.90,101267.00,0.00,0,0,0,0,,,-1.00,-1.00,-1.00,-1.00,-1.00,-1.00
2023-02-03T10:13:58Z,"0002cc0100000648","225107a0e6fd3e4e025f0d15cb62e5284df000000000000000ffffffffffffffffffffffff",3.89,,0.15,13,21.79,15.74,101267.00,0.00,0,0,0,0,,,-1.00,-1.00,-1.00,-1.00,-1.00,-1.00
2023-02-03T10:19:54Z,"0002cc0100000648","225107a24afd3e4e025f0d15c862e928adf000000000000000ffffffffffffffffffffffff",3.89,,0.15,13,21.78,15.89,101280.00,0.00,0,0,0,0,,,-1.00,-1.00,-1.00,-1.00,-1.00,-1.00
2023-02-03T10:25:50Z,"0002cc0100000648","225107a3aefd3e46025f0d15c862e92854f000000000000000ffffffffffffffffffffffff",3.89,,0.15,13,21.78,15.75,101283.00,0.00,0,0,0,0,,,-1.00,-1.00,-1.00,-1.00,-1.00,-1.00
2023-02-03T10:31:46Z,"0002cc0100000648","225107a512fd3e4e025f0d15c662ea2758f000000000000000ffffffffffffffffffffffff",3.89,,0.15,13,21.77,15.37,101284.00,0.00,0,0,0,0,,,-1.00,-1.00,-1.00,-1.00,-1.00,-1.00
2023-02-03T10:37:42Z,"0002cc0100000648","225107a676fd3e42025f0d15c362e92750f000000000000000ffffffffffffffffffffffff",3.89,,0.15,13,21.76,15.36,101281.00,0.00,0,0,0,0,,,-1.00,-1.00,-1.00,-1.00,-1.00,-1.00
2023-02-03T10:43:38Z,"0002cc0100000648","225107a7dafd3e4e025f0d15c662e927cff000000000000000ffffffffffffffffffffffff",3.89,,0.15,13,21.77,15.55,101281.00,0.00,0,0,0,0,,,-1.00,-1.00,-1.00,-1.00,-1.00,-1.00
2023-02-03T10:49:35Z,"0002cc0100000648","225107a93ffd3e4e025f0d15c662e926daf000000000000000ffffffffffffffffffffffff",3.89,,0.15,13,21.77,15.18,101282.00,0.00,0,0,0,0,,,-1.00,-1.00,-1.00,-1.00,-1.00,-1.00
2023-02-03T10:55:31Z,"0002cc0100000648","225107aaa3fd3e46025f0d15c862ec2767f000000000000000ffffffffffffffffffffffff",3.89,,0.15,13,21.78,15.39,101295.00,0.00,0,0,0,0,,,-1.00,-1.00,-1.00,-1.00,-1.00,-1.00
2023-02-03T11:01:27Z,"0002cc0100000648","225107ac07fd3e4e025f0d15c862eb278cf000000000000000ffffffffffffffffffffffff",3.89,,0.15,13,21.78,15.45,101290.00,0.00,0,0,0,0,,,-1.00,-1.00,-1.00,-1.00,-1.00,-1.00
2023-02-03T11:07:23Z,"0002cc0100000648","225107ad6bfd3e4e025f0d15cb62eb26f0f000000000000000ffffffffffffffffffffffff",3.89,,0.15,13,21.79,15.21,101290.00,0.00,0,0,0,0,,,-1.00,-1.00,-1.00,-1.00,-1.00,-1.00
2023-02-03T11:13:19Z,"0002cc0100000648","225107aecffd3e4e02670d15cd62ef26c4f000000000000000ffffffffffffffffffffffff",3.89,,0.15,13,21.80,15.14,101304.00,0.00,0,0,0,0,,,-1.00,-1.00,-1.00,-1.00,-1.00,-1.00
2023-02-03T11:19:15Z,"0002cc0100000648","225107b033fd3e4e025f0d15d062f0265df000000000000000ffffffffffffffffffffffff",3.89,,0.15,13,21.81,14.99,101310.00,0.00,0,0,0,0,,,-1.00,-1.00,-1.00,-1.00,-1.00,-1.00
2023-02-03T11:25:11Z,"0002cc0100000648","225107b197fd3e4a025f0d15d062f42700f000000000000000ffffffffffffffffffffffff",3.89,,0.15,13,21.81,15.23,101326.00,0.00,0,0,0,0,,,-1.00,-1.00,-1.00,-1.00,-1.00,-1.00
2023-02-03T11:31:07Z,"0002cc0100000648","225107b2fbfd3e46025f0d15d262f626b6f000000000000000ffffffffffffffffffffffff",3.89,,0.15,13,21.82,15.12,101333.00,0.00,0,0,0,0,,,-1.00,-1.00,-1.00,-1.00,-1.00,-1.00
2023-02-03T11:37:03Z,"0002cc0100000648","225107b45ffd3e4e025f0d15d562f626f9f000000000000000ffffffffffffffffffffffff",3.89,,0.15,13,21.83,15.22,101333.00,0.00,0,0,0,0,,,-1.00,-1.00,-1.00,-1.00,-1.00,-1.00
2023-02-03T11:42:59Z,"0002cc0100000648","225107b5c3fd3e4e025f0d15d862fa270ff000000000000000ffffffffffffffffffffffff",3.89,,0.15,13,21.84,15.26,101348.00,0.00,0,0,0,0,,,-1.00,-1.00,-1.00,-1.00,-1.00,-1.00
2023-02-03T11:48:56Z,"0002cc0100000648","225107b728fd3e42025f0d15dd63002683f000000000000000ffffffffffffffffffffffff",3.89,,0.15,13,21.86,15.04,101372.00,0.00,0,0,0,0,,,-1.00,-1.00,-1.00,-1.00,-1.00,-1.00
2023-02-03T11:54:52Z,"0002cc0100000648","225107b88cfd3e4a025f0d15df6302268bf000000000000000ffffffffffffffffffffffff",3.89,,0.15,13,21.87,15.06,101383.00,0.00,0,0,0,0,,,-1.00,-1.00,-1.00,-1.00,-1.00,-1.00
2023-02-03T12:00:48Z,"0002cc0100000648","225107b9f0fd3e46025f0d15e26305269af000000000000000ffffffffffffffffffffffff",3.89,,0.15,13,21.88,15.08,101393.00,0.00,0,0,0,0,,,-1.00,-1.00,-1.00,-1.00,-1.00,-1.00
2023-02-03T12:06:44Z,"0002cc0100000648","225107bb54fd3e4a025f0d15e763042650f000000000000000ffffffffffffffffffffffff",3.89,,0.15,13,21.90,14.97,101391.00,0.00,0,0,0,0,,,-1.00,-1.00,-1.00,-1.00,-1.00,-1.00
2023-02-03T12:12:40Z,"0002cc0100000648","225107bcb8fd3e4e02670d15e963042624f000000000000000ffffffffffffffffffffffff",3.89,,0.15,13,21.91,14.90,101390.00,0.00,0,0,0,0,,,-1.00,-1.00,-1.00,-1.00,-1.00,-1.00
2023-02-03T12:18:36Z,"0002cc0100000648","225107be1cfd3e46025f0d15ec630626f4f000000000000000ffffffffffffffffffffffff",3.89,,0.15,13,21.92,15.22,101397.00,0.00,0,0,0,0,,,-1.00,-1.00,-1.00,-1.00,-1.00,-1.00
2023-02-03T12:24:32Z,"0002cc0100000648","225107bf80fd3e4e025f0d15ec63072667f000000000000000ffffffffffffffffffffffff",3.89,,0.15,13,21.92,15.00,101403.00,0.00,0,0,0,0,,,-1.00,-1.00,-1.00,-1.00,-1.00,-1.00
2023-02-03T12:30:28Z,"0002cc0100000648","225107c0e4fd3e42025f0d15ec630a26c0f000000000000000ffffffffffffffffffffffff",3.89,,0.15,13,21.92,15.14,101412.00,0.00,0,0,0,0,,,-1.00,-1.00,-1.00,-1.00,-1.00,-1.00
2023-02-03T12:36:24Z,"0002cc0100000648","225107c248fd3e4a025f0d15ec630a2720f000000000000000ffffffffffffffffffffffff",3.89,,0.15,13,21.92,15.28,101414.00,0.00,0,0,0,0,,,-1.00,-1.00,-1.00,-1.00,-1.00,-1.00
2023-02-03T12:42:20Z,"0002cc0100000648","225107c3acfd3e42025f0d15ef630c274df000000000000000ffffffffffffffffffffffff",3.89,,0.15,13,21.93,15.35,101421.00,0.00,0,0,0,0,,,-1.00,-1.00,-1.00,-1.00,-1.00,-1.00
2023-02-03T12:48:17Z,"0002cc0100000648","225107c511fd3e46025f0d15f16311279ef000000000000000ffffffffffffffffffffffff",3.89,,0.15,13,21.94,15.48,101440.00,0.00,0,0,0,0,,,-1.00,-1.00,-1.00,-1.00,-1.00,-1.00
2023-02-03T12:54:13Z,"0002cc0100000648","225107c675fd3e46025f0d15f46312279ff000000000000000ffffffffffffffffffffffff",3.89,,0.15,13,21.95,15.48,101444.00,0.00,0,0,0,0,,,-1.00,-1.00,-1.00,-1.00,-1.00,-1.00
2023-02-03T13:00:09Z,"0002cc0100000648","225107c7d9fd3e46025f0d15f1631427bcf000000000000000ffffffffffffffffffffffff",3.89,,0.15,13,21.94,15.52,101454.00,0.00,0,0,0,0,,,-1.00,-1.00,-1.00,-1.00,-1.00,-1.00
2023-02-03T13:06:05Z,"0002cc0100000648","225107c93dfd3e46025f0d15f1631527d9f000000000000000ffffffffffffffffffffffff",3.89,,0.15,13,21.94,15.57,101456.00,0.00,0,0,0,0,,,-1.00,-1.00,-1.00,-1.00,-1.00,-1.00
2023-02-03T13:12:01Z,"0002cc0100000648","225107caa1fd3e42025f0d15f16318276bf000000000000000ffffffffffffffffffffffff",3.89,,0.15,13,21.94,15.40,101468.00,0.00,0,0,0,0,,,-1.00,-1.00,-1.00,-1.00,-1.00,-1.00
2023-02-03T13:17:57Z,"0002cc0100000648","225107cc05fd3e46025f0d15ef631726edf000000000000000ffffffffffffffffffffffff",3.89,,0.15,13,21.93,15.21,101466.00,0.00,0,0,0,0,,,-1.00,-1.00,-1.00,-1.00,-1.00,-1.00
2023-02-03T13:23:53Z,"0002cc0100000648","225107cd69fd3e46025f0d15ef631c2874f000000000000000ffffffffffffffffffffffff",3.89,,0.15,13,21.93,15.80,101485.00,0.00,0,0,0,0,,,-1.00,-1.00,-1.00,-1.00,-1.00,-1.00
2023-02-03T13:29:49Z,"0002cc0100000648","225107cecdfd3e46025f0d15ec631d29abf000000000000000ffffffffffffffffffffffff",3.89,,0.15,13,21.92,16.28,101489.00,0.00,0,0,0,0,,,-1.00,-1.00,-1.00,-1.00,-1.00,-1.00
2023-02-03T13:35:45Z,"0002cc0100000648","225107d031fd3e46025f0d15ec631e29baf000000000000000ffffffffffffffffffffffff",3.89,,0.15,13,21.92,16.30,101495.00,0.00,0,0,0,0,,,-1.00,-1.00,-1.00,-1.00,-1.00,-1.00
2023-02-03T13:41:42Z,"0002cc0100000648","225107d196fd3e46025f0d15ef631f2944f000000000000000ffffffffffffffffffffffff",3.89,,0.15,13,21.93,16.12,101499.00,0.00,0,0,0,0,,,-1.00,-1.00,-1.00,-1.00,-1.00,-1.00
2023-02-03T13:47:38Z,"0002cc0100000648","225107d2fafd3e46025f0d15f16320291ff000000000000000ffffffffffffffffffffffff",3.89,,0.15,13,21.94,16.06,101503.00,0.00,0,0,0,0,,,-1.00,-1.00,-1.00,-1.00,-1.00,-1.00
2023-02-03T13:53:34Z,"0002cc0100000648","225107d45efd3e46025f0d15f1632128a90900000000000000ffffffffffffffffffffffff",3.89,,0.15,13,21.94,15.88,101507.00,144.00,0,0,0,0,,,-1.00,-1.00,-1.00,-1.00,-1.00,-1.00
2023-02-03T13:59:30Z,"0002cc0100000648","225107d5c2fd3e42025f0d15f4632328a20ab0000000000000ffffffffffffffffffffffff",3.89,,0.15,13,21.95,15.87,101515.00,171.00,0,0,0,0,,,-1.00,-1.00,-1.00,-1.00,-1.00,-1.00
2023-02-03T14:05:26Z,"0002cc0100000648","225107d726fd3e46025f0d15f6632327c40a90000000000000ffffffffffffffffffffffff",3.89,,0.15,13,21.96,15.53,101515.00,169.00,0,0,0,0,,,-1.00,-1.00,-1.00,-1.00,-1.00,-1.00
2023-02-03T14:11:22Z,"0002cc0100000648","225107d88afd3e46025f0d15f66327279f0a50000000000000ffffffffffffffffffffffff",3.89,,0.15,13,21.96,15.48,101529.00,165.00,0,0,0,0,,,-1.00,-1.00,-1.00,-1.00,-1.00,-1.00
2023-02-03T14:17:18Z,"0002cc0100000648","225107d9eefd3e46025f0d15f4632e26760b60000000000000ffffffffffffffffffffffff",3.89,,0.15,13,21.95,15.02,101556.00,182.00,0,0,0,0,,,-1.00,-1.00,-1.00,-1.00,-1.00,-1.00
2023-02-03T14:23:14Z,"0002cc0100000648","225107db52fd3e46025f0d15ef633026490a10000000000000ffffffffffffffffffffffff",3.89,,0.15,13,21.93,14.96,101565.00,161.00,0,0,0,0,,,-1.00,-1.00,-1.00,-1.00,-1.00,-1.00
2023-02-03T14:29:11Z,"0002cc0100000648","225107dcb7fd3e3e02520d15ec633626cf0aa0000000000000ffffffffffffffffffffffff",3.89,,0.14,13,21.92,15.16,101589.00,170.00,0,0,0,0,,,-1.00,-1.00,-1.00,-1.00,-1.00,-1.00
2023-02-03T14:35:07Z,"0002cc0100000648","225107de1bfd3e4602670d15e9633826dd0bf0000000000000ffffffffffffffffffffffff",3.89,,0.15,13,21.91,15.18,101596.00,191.00,0,0,0,0,,,-1.00,-1.00,-1.00,-1.00,-1.00,-1.00
2023-02-03T14:41:03Z,"0002cc0100000648","225107df7ffd3e3e025f0d15e4633a26390b60000000000000ffffffffffffffffffffffff",3.89,,0.15,13,21.89,14.93,101605.00,182.00,0,0,0,0,,,-1.00,-1.00,-1.00,-1.00,-1.00,-1.00
2023-02-03T14:46:59Z,"0002cc0100000648","225107e0e3fd3e46025f0d15da633d26050c50000000000000ffffffffffffffffffffffff",3.89,,0.15,13,21.85,14.85,101619.00,197.00,0,0,0,0,,,-1.00,-1.00,-1.00,-1.00,-1.00,-1.00
2023-02-03T14:52:55Z,"0002cc0100000648","225107e247fd3e46025f0d15d2633e26290bc0000000000000ffffffffffffffffffffffff",3.89,,0.15,13,21.82,14.91,101623.00,188.00,0,0,0,0,,,-1.00,-1.00,-1.00,-1.00,-1.00,-1.00
2023-02-03T14:58:51Z,"0002cc0100000648","225107e3abfd3e46025f0d15cb633d264e38bd000000000000ffffffffffffffffffffffff",3.89,,0.15,13,21.79,14.96,101619.00,2237.00,0,0,0,0,,,-1.00,-1.00,-1.00,-1.00,-1.00,-1.00
2023-02-03T15:04:47Z,"0002cc0100000648","225107e50ffd3e42025f0d15cd634226641b5c000000000000ffffffffffffffffffffffff",3.89,,0.15,13,21.80,15.00,101636.00,727.00,0,0,0,0,,,-1.00,-1.00,-1.00,-1.00,-1.00,-1.00
2023-02-03T15:10:43Z,"0002cc0100000648","225107e673fd3e46025f0d15d2634327520c10000000000000ffffffffffffffffffffffff",3.89,,0.15,13,21.82,15.36,101642.00,193.00,0,0,0,0,,,-1.00,-1.00,-1.00,-1.00,-1.00,-1.00
2023-02-03T15:16:39Z,"0002cc0100000648","225107e7d7fd3e42025f0d15d0634328190ca0000000000000ffffffffffffffffffffffff",3.89,,0.15,13,21.81,15.66,101643.00,202.00,0,0,0,0,,,-1.00,-1.00,-1.00,-1.00,-1.00,-1.00
2023-02-03T15:22:35Z,"0002cc0100000648","225107e93bfd3e42025f0d15cb634428630ad0000000000000ffffffffffffffffffffffff",3.89,,0.15,13,21.79,15.78,101645.00,173.00,0,0,0,0,,,-1.00,-1.00,-1.00,-1.00,-1.00,-1.00
2023-02-03T15:28:32Z,"0002cc0100000648","225107eaa0fd3e3a02670d15c8634628d10b90000000000000ffffffffffffffffffffffff",3.89,,0.15,13,21.78,15.94,101653.00,185.00,0,0,0,0,,,-1.00,-1.00,-1.00,-1.00,-1.00,-1.00
2023-02-03T15:34:28Z,"0002cc0100000648","225107ec04fd3e42025f0d15cb634929a80b30000000000000ffffffffffffffffffffffff",3.89,,0.15,13,21.79,16.27,101665.00,179.00,0,0,0,0,,,-1.00,-1.00,-1.00,-1.00,-1.00,-1.00
2023-02-03T15:40:24Z,"0002cc0100000648","225107ed68fd3e46025f0d15d0634c29500aa0000000000000ffffffffffffffffffffffff",3.89,,0.15,13,21.81,16.14,101678.00,170.00,0,0,0,0,,,-1.00,-1.00,-1.00,-1.00,-1.00,-1.00
2023-02-03T15:46:20Z,"0002cc0100000648","225107eeccfd3e42025f0d15d2634b295f0d00000000000000ffffffffffffffffffffffff",3.89,,0.15,13,21.82,16.16,101674.00,208.00,0,0,0,0,,,-1.00,-1.00,-1.00,-1.00,-1.00,-1.00
2023-02-03T15:52:16Z,"0002cc0100000648","225107f030fd3e42025f0d15d26351295f0b60000000000000ffffffffffffffffffffffff",3.89,,0.15,13,21.82,16.16,101699.00,182.00,0,0,0,0,,,-1.00,-1.00,-1.00,-1.00,-1.00,-1.00
2023-02-03T15:58:12Z,"0002cc0100000648","225107f194fd3e42025f0d15d2635328da0a50000000000000ffffffffffffffffffffffff",3.89,,0.15,13,21.82,15.96,101706.00,165.00,0,0,0,0,,,-1.00,-1.00,-1.00,-1.00,-1.00,-1.00
2023-02-03T16:04:08Z,"0002cc0100000648","225107f2f8fd3e46025f0d15d2635729660b10000000000000ffffffffffffffffffffffff",3.89,,0.15,13,21.82,16.17,101722.00,177.00,0,0,0,0,,,-1.00,-1.00,-1.00,-1.00,-1.00,-1.00
2023-02-03T16:10:04Z,"0002cc0100000648","225107f45cfd3e42025f0d15d5635829930b40000000000000ffffffffffffffffffffffff",3.89,,0.15,13,21.83,16.24,101724.00,180.00,0,0,0,0,,,-1.00,-1.00,-1.00,-1.00,-1.00,-1.00
2023-02-03T16:16:00Z,"0002cc0100000648","225107f5c0fd3e4202520d15d56359299a0c20000000000000ffffffffffffffffffffffff",3.89,,0.14,13,21.83,16.25,101728.00,194.00,0,0,0,0,,,-1.00,-1.00,-1.00,-1.00,-1.00,-1.00
2023-02-03T16:21:56Z,"0002cc0100000648","225107f724fd3e4202670d15d5635828e90ca0000000000000ffffffffffffffffffffffff",3.89,,0.15,13,21.83,15.98,101725.00,202.00,0,0,0,0,,,-1.00,-1.00,-1.00,-1.00,-1.00,-1.00
2023-02-03T16:27:53Z,"0002cc0100000648","225107f889fd3e42025f0d15d2635828bc0ae0000000000000ffffffffffffffffffffffff",3.89,,0.15,13,21.82,15.91,101727.00,174.00,0,0,0,0,,,-1.00,-1.00,-1.00,-1.00,-1.00,-1.00
2023-02-03T16:33:49Z,"0002cc0100000648","225107f9edfd3e4202670d15d2635c298b0ba0000000000000ffffffffffffffffffffffff",3.89,,0.15,13,21.82,16.23,101743.00,186.00,0,0,0,0,,,-1.00,-1.00,-1.00,-1.00,-1.00,-1.00
2023-02-03T16:39:45Z,"0002cc0100000648","225107fb51fd3e42025f0d15d2636129660b90000000000000ffffffffffffffffffffffff",3.89,,0.15,13,21.82,16.17,101763.00,185.00,0,0,0,0,,,-1.00,-1.00,-1.00,-1.00,-1.00,-1.00
2023-02-03T16:45:41Z,"0002cc0100000648","225107fcb5fd3e42025f0d15d2636028c40af0000000000000ffffffffffffffffffffffff",3.89,,0.15,13,21.82,15.92,101756.00,175.00,0,0,0,0,,,-1.00,-1.00,-1.00,-1.00,-1.00,-1.00
2023-02-03T16:51:37Z,"0002cc0100000648","225107fe19fd3e3e025f0d15d0635f29660c30000000000000ffffffffffffffffffffffff",3.89,,0.15,13,21.81,16.17,101754.00,195.00,0,0,0,0,,,-1.00,-1.00,-1.00,-1.00,-1.00,-1.00
2023-02-03T16:57:33Z,"0002cc0100000648","225107ff7dfd3e4202670d15d56360298b0b40000000000000ffffffffffffffffffffffff",3.89,,0.15,13,21.83,16.23,101756.00,180.00,0,0,0,0,,,-1.00,-1.00,-1.00,-1.00,-1.00,-1.00
2023-02-03T17:03:29Z,"0002cc0100000648","22510800e1fd3e42025f0d15d5636429240c10000000000000ffffffffffffffffffffffff",3.89,,0.15,13,21.83,16.07,101772.00,193.00,0,0,0,0,,,-1.00,-1.00,-1.00,-1.00,-1.00,-1.00
2023-02-03T17:09:25Z,"0002cc0100000648","2251080245fd3e42025f0d15d2636628e90b10000000000000ffffffffffffffffffffffff",3.89,,0.15,13,21.82,15.98,101781.00,177.00,0,0,0,0,,,-1.00,-1.00,-1.00,-1.00,-1.00,-1.00
2023-02-03T17:15:22Z,"0002cc0100000648","22510803aafd3e3a025f0d15d2636829240bd0000000000000ffffffffffffffffffffffff",3.89,,0.15,13,21.82,16.07,101789.00,189.00,0,0,0,0,,,-1.00,-1.00,-1.00,-1.00,-1.00,-1.00
2023-02-03T17:21:18Z,"0002cc0100000648","225108050efd3e42025f0d15d2636929490ab0000000000000ffffffffffffffffffffffff",3.89,,0.15,13,21.82,16.13,101792.00,171.00,0,0,0,0,,,-1.00,-1.00,-1.00,-1.00,-1.00,-1.00
2023-02-03T17:27:14Z,"0002cc0100000648","2251080672fd3e42025f0d15d26366290d0c30000000000000ffffffffffffffffffffffff",3.89,,0.15,13,21.82,16.04,101782.00,195.00,0,0,0,0,,,-1.00,-1.00,-1.00,-1.00,-1.00,-1.00
2023-02-03T17:33:10Z,"0002cc0100000648","22510807d6fd3e46025f0d15d2636528810c10000000000000ffffffffffffffffffffffff",3.89,,0.15,13,21.82,15.82,101776.00,193.00,0,0,0,0,,,-1.00,-1.00,-1.00,-1.00,-1.00,-1.00
2023-02-03T17:39:06Z,"0002cc0100000648","225108093afd3e3e025f0d15d2636428a60be0000000000000ffffffffffffffffffffffff",3.89,,0.15,13,21.82,15.88,101775.00,190.00,0,0,0,0,,,-1.00,-1.00,-1.00,-1.00,-1.00,-1.00
2023-02-03T17:45:02Z,"0002cc0100000648","2251080a9efd3e3e02520d15d0636028030b20000000000000ffffffffffffffffffffffff",3.89,,0.14,13,21.81,15.63,101757.00,178.00,0,0,0,0,,,-1.00,-1.00,-1.00,-1.00,-1.00,-1.00
2023-02-03T17:50:58Z,"0002cc0100000648","2251080c02fd3e4202670d15cd635d283e0b10000000000000ffffffffffffffffffffffff",3.89,,0.15,13,21.80,15.72,101744.00,177.00,0,0,0,0,,,-1.00,-1.00,-1.00,-1.00,-1.00,-1.00
2023-02-03T17:56:54Z,"0002cc0100000648","2251080d66fd3e4202670d15cb635c282f0c50000000000000ffffffffffffffffffffffff",3.89,,0.15,13,21.79,15.70,101743.00,197.00,0,0,0,0,,,-1.00,-1.00,-1.00,-1.00,-1.00,-1.00
2023-02-03T18:02:50Z,"0002cc0100000648","2251080ecafd3e42025f0d15cb635b289e0c70000000000000ffffffffffffffffffffffff",3.89,,0.15,13,21.79,15.87,101738.00,199.00,0,0,0,0,,,-1.00,-1.00,-1.00,-1.00,-1.00,-1.00
2023-02-03T18:08:46Z,"0002cc0100000648","225108102efd3e36025f0d15cb635828280840000000000000ffffffffffffffffffffffff",3.89,,0.15,13,21.79,15.69,101724.00,264.00,0,0,0,0,,,-1.00,-1.00,-1.00,-1.00,-1.00,-1.00
2023-02-03T18:14:43Z,"0002cc0100000648","2251081193fd3e3e025f0d15cb635428630a50000000000000ffffffffffffffffffffffff",3.89,,0.15,13,21.79,15.78,101711.00,165.00,0,0,0,0,,,-1.00,-1.00,-1.00,-1.00,-1.00,-1.00
2023-02-03T18:20:39Z,"0002cc0100000648","22510812f7fd3e42025f0d15cb635328020b70000000000000ffffffffffffffffffffffff",3.89,,0.15,13,21.79,15.63,101704.00,183.00,0,0,0,0,,,-1.00,-1.00,-1.00,-1.00,-1.00,-1.00
2023-02-03T18:26:35Z,"0002cc0100000648","225108145bfd3e42025f0d15c8634f27fb0b60000000000000ffffffffffffffffffffffff",3.89,,0.15,13,21.78,15.62,101691.00,182.00,0,0,0,0,,,-1.00,-1.00,-1.00,-1.00,-1.00,-1.00
2023-02-03T18:32:31Z,"0002cc0100000648","22510815bffd3e42025f0d15cb634f280a0bb0000000000000ffffffffffffffffffffffff",3.89,,0.15,13,21.79,15.64,101688.00,187.00,0,0,0,0,,,-1.00,-1.00,-1.00,-1.00,-1.00,-1.00
2023-02-03T18:38:27Z,"0002cc0100000648","2251081723fd3e42025f0d15d0634b28bc0d70000000000000ffffffffffffffffffffffff",3.89,,0.15,13,21.81,15.91,101675.00,215.00,0,0,0,0,,,-1.00,-1.00,-1.00,-1.00,-1.00,-1.00
2023-02-03T18:44:23Z,"0002cc0100000648","2251081887fd3e4202670d15d5634a289f0ae0000000000000ffffffffffffffffffffffff",3.89,,0.15,13,21.83,15.87,101671.00,174.00,0,0,0,0,,,-1.00,-1.00,-1.00,-1.00,-1.00,-1.00
2023-02-03T18:50:19Z,"0002cc0100000648","22510819ebfd3e42025f0d15d8634a29cf0d20000000000000ffffffffffffffffffffffff",3.89,,0.15,13,21.84,16.33,101668.00,210.00,0,0,0,0,,,-1.00,-1.00,-1.00,-1.00,-1.00,-1.00
2023-02-03T18:56:15Z,"0002cc0100000648","2251081b4ffd3e42025f0d15d8634529070ca0000000000000ffffffffffffffffffffffff",3.89,,0.15,13,21.84,16.03,101650.00,202.00,0,0,0,0,,,-1.00,-1.00,-1.00,-1.00,-1.00,-1.00
2023-02-03T19:02:11Z,"0002cc0100000648","2251081cb3fd3e4202670d15da634229490ba0000000000000ffffffffffffffffffffffff",3.89,,0.15,13,21.85,16.13,101636.00,186.00,0,0,0,0,,,-1.00,-1.00,-1.00,-1.00,-1.00,-1.00
2023-02-03T19:08:08Z,"0002cc0100000648","2251081e18fd3e42025f0d15da633f29ec0a20000000000000ffffffffffffffffffffffff",3.89,,0.15,13,21.85,16.38,101627.00,162.00,0,0,0,0,,,-1.00,-1.00,-1.00,-1.00,-1.00,-1.00
2023-02-03T19:14:04Z,"0002cc0100000648","2251081f7cfd3e42025f0d15dd633d29490c10000000000000ffffffffffffffffffffffff",3.89,,0.15,13,21.86,16.13,101617.00,193.00,0,0,0,0,,,-1.00,-1.00,-1.00,-1.00,-1.00,-1.00
2023-02-03T19:20:00Z,"0002cc0100000648","22510820e0fd3e42025f0d15dd633a28db0b30000000000000ffffffffffffffffffffffff",3.89,,0.15,13,21.86,15.96,101607.00,179.00,0,0,0,0,,,-1.00,-1.00,-1.00,-1.00,-1.00,-1.00
2023-02-03T19:25:56Z,"0002cc0100000648","2251082244fd3e4202670d15da6338287a0cd0000000000000ffffffffffffffffffffffff",3.89,,0.15,13,21.85,15.81,101599.00,205.00,0,0,0,0,,,-1.00,-1.00,-1.00,-1.00,-1.00,-1.00
2023-02-03T19:31:52Z,"0002cc0100000648","22510823a8fd3e42025f0d15d8633528290bc0000000000000ffffffffffffffffffffffff",3.89,,0.15,13,21.84,15.69,101585.00,188.00,0,0,0,0,,,-1.00,-1.00,-1.00,-1.00,-1.00,-1.00
2023-02-03T19:37:48Z,"0002cc0100000648","225108250cfd3e42025f0d15d8633529240b80000000000000ffffffffffffffffffffffff",3.89,,0.15,13,21.84,16.07,101586.00,184.00,0,0,0,0,,,-1.00,-1.00,-1.00,-1.00,-1.00,-1.00
2023-02-03T19:43:44Z,"0002cc0100000648","2251082670fd3e42025f0d15da6334285d0a50000000000000ffffffffffffffffffffffff",3.89,,0.15,13,21.85,15.77,101580.00,165.00,0,0,0,0,,,-1.00,-1.00,-1.00,-1.00,-1.00,-1.00
2023-02-03T19:49:40Z,"0002cc0100000648","22510827d4fd3e42025f0d15da633328af0a80000000000000ffffffffffffffffffffffff",3.89,,0.15,13,21.85,15.89,101578.00,168.00,0,0,0,0,,,-1.00,-1.00,-1.00,-1.00,-1.00,-1.00
2023-02-03T19:55:36Z,"0002cc0100000648","2251082938fd3e3e025f0d15dd633328a00b40000000000000ffffffffffffffffffffffff",3.89,,0.15,13,21.86,15.87,101577.00,180.00,0,0,0,0,,,-1.00,-1.00,-1.00,-1.00,-1.00,-1.00
2023-02-03T20:01:33Z,"0002cc0100000648","2251082a9dfd3e3a025f0d15dd6331291d0b10000000000000ffffffffffffffffffffffff",3.89,,0.15,13,21.86,16.06,101569.00,177.00,0,0,0,0,,,-1.00,-1.00,-1.00,-1.00,-1.00,-1.00
2023-02-03T20:07:29Z,"0002cc0100000648","2251082c01fd3e42025f0d15dd632f280b0ba0000000000000ffffffffffffffffffffffff",3.89,,0.15,13,21.86,15.64,101560.00,186.00,0,0,0,0,,,-1.00,-1.00,-1.00,-1.00,-1.00,-1.00
2023-02-03T20:13:25Z,"0002cc0100000648","2251082d65fd3e36025f0d15da632e27d00c30000000000000ffffffffffffffffffffffff",3.89,,0.15,13,21.85,15.55,101556.00,195.00,0,0,0,0,,,-1.00,-1.00,-1.00,-1.00,-1.00,-1.00
2023-02-03T20:19:21Z,"0002cc0100000648","2251082ec9fd3e32025f0d15da633027a40a60000000000000ffffffffffffffffffffffff",3.89,,0.15,13,21.85,15.48,101566.00,166.00,0,0,0,0,,,-1.00,-1.00,-1.00,-1.00,-1.00,-1.00
2023-02-03T20:25:17Z,"0002cc0100000648","225108302dfd3e3a025f0d15d86330278d0bf0000000000000ffffffffffffffffffffffff",3.89,,0.15,13,21.84,15.45,101565.00,191.00,0,0,0,0,,,-1.00,-1.00,-1.00,-1.00,-1.00,-1.00
2023-02-03T20:31:13Z,"0002cc0100000648","2251083191fd3e42025f0d15d8632c27080ba0000000000000ffffffffffffffffffffffff",3.89,,0.15,13,21.84,15.25,101548.00,186.00,0,0,0,0,,,-1.00,-1.00,-1.00,-1.00,-1.00,-1.00
2023-02-03T20:37:09Z,"0002cc0100000648","22510832f5fd3e3602670d15d8632927d80a50000000000000ffffffffffffffffffffffff",3.89,,0.15,13,21.84,15.56,101536.00,165.00,0,0,0,0,,,-1.00,-1.00,-1.00,-1.00,-1.00,-1.00
2023-02-03T20:43:05Z,"0002cc0100000648","2251083459fd3e3a02670d15d8632528a60be0000000000000ffffffffffffffffffffffff",3.89,,0.15,13,21.84,15.88,101521.00,190.00,0,0,0,0,,,-1.00,-1.00,-1.00,-1.00,-1.00,-1.00
2023-02-03T20:49:02Z,"0002cc0100000648","22510835befd3e42025f0d15d5632228810b70000000000000ffffffffffffffffffffffff",3.89,,0.15,13,21.83,15.82,101508.00,183.00,0,0,0,0,,,-1.00,-1.00,-1.00,-1.00,-1.00,-1.00
2023-02-03T20:54:58Z,"0002cc0100000648","2251083722fd3e3a025f0d15d2632128540b50000000000000ffffffffffffffffffffffff",3.89,,0.15,13,21.82,15.75,101504.00,181.00,0,0,0,0,,,-1.00,-1.00,-1.00,-1.00,-1.00,-1.00
2023-02-03T21:00:54Z,"0002cc0100000648","2251083886fd3e3a025f0d15d06321284609c0000000000000ffffffffffffffffffffffff",3.89,,0.15,13,21.81,15.73,101505.00,156.00,0,0,0,0,,,-1.00,-1.00,-1.00,-1.00,-1.00,-1.00
2023-02-03T21:06:50Z,"0002cc0100000648","22510839eafd3e3a025f0d15d0632027ed0c80000000000000ffffffffffffffffffffffff",3.89,,0.15,13,21.81,15.60,101503.00,200.00,0,0,0,0,,,-1.00,-1.00,-1.00,-1.00,-1.00,-1.00
2023-02-03T21:12:46Z,"0002cc0100000648","2251083b4efd3e3a025f0d15cd631d28360c80000000000000ffffffffffffffffffffffff",3.89,,0.15,13,21.80,15.71,101489.00,200.00,0,0,0,0,,,-1.00,-1.00,-1.00,-1.00,-1.00,-1.00
2023-02-03T21:18:42Z,"0002cc0100000648","2251083cb2fd3e3a02670d15c6631b28020ca0000000000000ffffffffffffffffffffffff",3.89,,0.15,13,21.77,15.63,101483.00,202.00,0,0,0,0,,,-1.00,-1.00,-1.00,-1.00,-1.00,-1.00
2023-02-03T21:24:38Z,"0002cc0100000648","2251083e16fd3e36025f0d15b9631b27eb0c20000000000000ffffffffffffffffffffffff",3.89,,0.15,13,21.72,15.59,101483.00,194.00,0,0,0,0,,,-1.00,-1.00,-1.00,-1.00,-1.00,-1.00
2023-02-03T21:30:34Z,"0002cc0100000648","2251083f7afd3e36025f0d15ac632027d40bd0000000000000ffffffffffffffffffffffff",3.89,,0.15,13,21.67,15.56,101500.00,189.00,0,0,0,0,,,-1.00,-1.00,-1.00,-1.00,-1.00,-1.00
2023-02-03T21:36:30Z,"0002cc0100000648","22510840defd3e36025f0d15a2631e27bc0b90000000000000ffffffffffffffffffffffff",3.89,,0.15,13,21.63,15.52,101494.00,185.00,0,0,0,0,,,-1.00,-1.00,-1.00,-1.00,-1.00,-1.00
2023-02-03T21:42:26Z,"0002cc0100000648","2251084242fd3e3a02670d159f631b27a60d80000000000000ffffffffffffffffffffffff",3.89,,0.15,13,21.62,15.49,101480.00,216.00,0,0,0,0,,,-1.00,-1.00,-1.00,-1.00,-1.00,-1.00
2023-02-03T21:48:23Z,"0002cc0100000648","22510843a7fd3e3a025f0d159d631c27970c60000000000000ffffffffffffffffffffffff",3.89,,0.15,13,21.61,15.46,101485.00,198.00,0,0,0,0,,,-1.00,-1.00,-1.00,-1.00,-1.00,-1.00
2023-02-03T21:54:19Z,"0002cc0100000648","225108450bfd3e42025f0d159f631e27810c00000000000000ffffffffffffffffffffffff",3.89,,0.15,13,21.62,15.43,101495.00,192.00,0,0,0,0,,,-1.00,-1.00,-1.00,-1.00,-1.00,-1.00
2023-02-03T22:00:15Z,"0002cc0100000648","225108466ffd3e36025f0d159f631e28150c50000000000000ffffffffffffffffffffffff",3.89,,0.15,13,21.62,15.66,101492.00,197.00,0,0,0,0,,,-1.00,-1.00,-1.00,-1.00,-1.00,-1.00
2023-02-03T22:06:11Z,"0002cc0100000648","22510847d3fd3e3a025f0d159f631c28480b00000000000000ffffffffffffffffffffffff",3.89,,0.15,13,21.62,15.74,101487.00,176.00,0,0,0,0,,,-1.00,-1.00,-1.00,-1.00,-1.00,-1.00
2023-02-03T22:12:07Z,"0002cc0100000648","2251084937fd3e3a025f0d159d631d28410ca0000000000000ffffffffffffffffffffffff",3.89,,0.15,13,21.61,15.72,101489.00,202.00,0,0,0,0,,,-1.00,-1.00,-1.00,-1.00,-1.00,-1.00
2023-02-03T22:18:03Z,"0002cc0100000648","2251084a9bfd3e3a025f0d159f631e28580bf0000000000000ffffffffffffffffffffffff",3.89,,0.15,13,21.62,15.76,101492.00,191.00,0,0,0,0,,,-1.00,-1.00,-1.00,-1.00,-1.00,-1.00
2023-02-03T22:23:59Z,"0002cc0100000648","2251084bfffd3e3a025f0d159d632028140c20000000000000ffffffffffffffffffffffff",3.89,,0.15,13,21.61,15.66,101502.00,194.00,0,0,0,0,,,-1.00,-1.00,-1.00,-1.00,-1.00,-1.00
2023-02-03T22:29:55Z,"0002cc0100000648","2251084d63fd3e3a025f0d159d631a27d20ce0000000000000ffffffffffffffffffffffff",3.89,,0.15,13,21.61,15.55,101479.00,206.00,0,0,0,0,,,-1.00,-1.00,-1.00,-1.00,-1.00,-1.00
2023-02-03T22:35:52Z,"0002cc0100000648","2251084ec8fd3e3a025f0d159d631d27bc0af0000000000000ffffffffffffffffffffffff",3.89,,0.15,13,21.61,15.52,101491.00,175.00,0,0,0,0,,,-1.00,-1.00,-1.00,-1.00,-1.00,-1.00
2023-02-03T22:41:48Z,"0002cc0100000648","225108502cfd3e3a02670d159d631b27970bc0000000000000ffffffffffffffffffffffff",3.89,,0.15,13,21.61,15.46,101480.00,188.00,0,0,0,0,,,-1.00,-1.00,-1.00,-1.00,-1.00,-1.00
2023-02-03T22:47:44Z,"0002cc0100000648","2251085190fd3e3a02670d159a631b27720bc0000000000000ffffffffffffffffffffffff",3.89,,0.15,13,21.60,15.41,101482.00,188.00,0,0,0,0,,,-1.00,-1.00,-1.00,-1.00,-1.00,-1.00
2023-02-03T22:53:40Z,"0002cc0100000648","22510852f4fd3e3a025f0d159a6317276a0b50000000000000ffffffffffffffffffffffff",3.89,,0.15,13,21.60,15.40,101465.00,181.00,0,0,0,0,,,-1.00,-1.00,-1.00,-1.00,-1.00,-1.00
2023-02-03T22:59:36Z,"0002cc0100000648","2251085458fd3e36025f0d15986315274c0b10000000000000ffffffffffffffffffffffff",3.89,,0.15,13,21.59,15.35,101459.00,177.00,0,0,0,0,,,-1.00,-1.00,-1.00,-1.00,-1.00,-1.00
2023-02-03T23:05:32Z,"0002cc0100000648","22510855bcfd3e36025f0d15986312274d0b80000000000000ffffffffffffffffffffffff",3.89,,0.15,13,21.59,15.35,101444.00,184.00,0,0,0,0,,,-1.00,-1.00,-1.00,-1.00,-1.00,-1.00
2023-02-03T23:11:28Z,"0002cc0100000648","2251085720fd3e32025f0d1598631127450ba0000000000000ffffffffffffffffffffffff",3.89,,0.15,13,21.59,15.34,101440.00,186.00,0,0,0,0,,,-1.00,-1.00,-1.00,-1.00,-1.00,-1.00
2023-02-03T23:17:24Z,"0002cc0100000648","2251085884fd3e36025f0d1595630e272f0de0000000000000ffffffffffffffffffffffff",3.89,,0.15,13,21.58,15.31,101430.00,222.00,0,0,0,0,,,-1.00,-1.00,-1.00,-1.00,-1.00,-1.00
2023-02-03T23:23:20Z,"0002cc0100000648","22510859e8fd3e36025f0d1592630a27270cc0000000000000ffffffffffffffffffffffff",3.89,,0.15,13,21.57,15.29,101415.00,204.00,0,0,0,0,,,-1.00,-1.00,-1.00,-1.00,-1.00,-1.00
2023-02-03T23:29:17Z,"0002cc0100000648","2251085b4dfd3e3a025f0d1592630d27020d60000000000000ffffffffffffffffffffffff",3.89,,0.15,13,21.57,15.24,101426.00,214.00,0,0,0,0,,,-1.00,-1.00,-1.00,-1.00,-1.00,-1.00
2023-02-03T23:35:13Z,"0002cc0100000648","2251085cb1fd3e36025f0d1590630a27020dc0000000000000ffffffffffffffffffffffff",3.89,,0.15,13,21.56,15.24,101412.00,220.00,0,0,0,0,,,-1.00,-1.00,-1.00,-1.00,-1.00,-1.00
2023-02-03T23:41:09Z,"0002cc0100000648","2251085e15fd3e3a025f0d158d630927090c70000000000000ffffffffffffffffffffffff",3.89,,0.15,13,21.55,15.25,101411.00,199.00,0,0,0,0,,,-1.00,-1.00,-1.00,-1.00,-1.00,-1.00
2023-02-03T23:47:05Z,"0002cc0100000648","2251085f79fd3e36025f0d158d6309277f0dc0000000000000ffffffffffffffffffffffff",3.89,,0.15,13,21.55,15.43,101408.00,220.00,0,0,0,0,,,-1.00,-1.00,-1.00,-1.00,-1.00,-1.00
2023-02-03T23:53:01Z,"0002cc0100000648","22510860ddfd3e36025f0d158d630427a40cc0000000000000ffffffffffffffffffffffff",3.89,,0.15,13,21.55,15.49,101391.00,204.00,0,0,0,0,,,-1.00,-1.00,-1.00,-1.00,-1.00,-1.00
2023-02-03T23:58:57Z,"0002cc0100000648","2251086241fd3e3a025f0d158d630127620db0000000000000ffffffffffffffffffffffff",3.89,,0.15,13,21.55,15.38,101379.00,219.00,0,0,0,0,,,-1.00,-1.00,-1.00,-1.00,-1.00,-1.00
