Time,DevEUI,Raw,Vbat,Vsystem,Vbus,BootCount,T,RH,P,Light,P[0].delta,P[0].total,P[1].delta,P[1].total,Act[7],Act[6],Act[5],Act[4],Act[3],Act[2],Act[1],Act[0]
2023-02-02T00:00:25Z,"0002cc0100000648","225105bf99fd3e7f025f0d154d624632ac0bd0000000000000ffffffffffffffffffffffff",3.91,,0.15,13,21.30,19.79,100628.00,189.00,0,0,0,0,,,-1.00,-1.00,-1.00,-1.00,-1.00,-1.00
2023-02-02T00:06:22Z,"0002cc0100000648","225105c0fefd3e7b025f0d1552624232e00a90000000000000ffffffffffffffffffffffff",3.90,,0.15,13,21.32,19.87,100614.00,169.00,0,0,0,0,,,-1.00,-1.00,-1.00,-1.00,-1.00,-1.00
2023-02-02T00:12:18Z,"0002cc0100000648","225105c262fd3e7b02670d1552624533cd0ad0000000000000ffffffffffffffffffffffff",3.90,,0.15,13,21.32,20.23,100627.00,173.00,0,0,0,0,,,-1.00,-1.00,-1.00,-1.00,-1.00,-1.00
2023-02-02T00:18:14Z,"0002cc0100000648","225105c3c6fd3e7b025f0d1555624c33570b60000000000000ffffffffffffffffffffffff",3.90,,0.15,13,21.33,20.05,100652.00,182.00,0,0,0,0,,,-1.00,-1.00,-1.00,-1.00,-1.00,-1.00
2023-02-02T00:24:10Z,"0002cc0100000648","225105c52afd3e77025f0d1558624a33140ba0000000000000ffffffffffffffffffffffff",3.90,,0.15,13,21.34,19.95,100647.00,186.00,0,0,0,0,,,-1.00,-1.00,-1.00,-1.00,-1.00,-1.00
2023-02-02T00:30:06Z,"0002cc0100000648","225105c68efd3e77025f0d155a624032da0b10000000000000ffffffffffffffffffffffff",3.90,,0.15,13,21.35,19.86,100604.00,177.00,0,0,0,0,,,-1.00,-1.00,-1.00,-1.00,-1.00,-1.00
2023-02-02T00:36:02Z,"0002cc0100000648","225105c7f2fd3e7702670d155d624232ff0b80000000000000ffffffffffffffffffffffff",3.90,,0.15,13,21.36,19.92,100614.00,184.00,0,0,0,0,,,-1.00,-1.00,-1.00,-1.00,-1.00,-1.00
2023-02-02T00:41:58Z,"0002cc0100000648","225105c956fd3e7b025f0d155f624632a70bd0000000000000ffffffffffffffffffffffff",3.90,,0.15,13,21.37,19.79,100631.00,189.00,0,0,0,0,,,-1.00,-1.00,-1.00,-1.00,-1.00,-1.00
2023-02-02T00:47:54Z,"0002cc0100000648","225105cabafd3e7b025f0d1562623d32bd0bf0000000000000ffffffffffffffffffffffff",3.90,,0.15,13,21.38,19.82,100594.00,191.00,0,0,0,0,,,-1.00,-1.00,-1.00,-1.00,-1.00,-1.00
2023-02-02T00:53:50Z,"0002cc0100000648","225105cc1efd3e7b025f0d1562624232560ae0000000000000fffffffffc85ffffffffffff",3.90,,0.15,13,21.38,19.66,100613.00,174.00,0,0,0,0,,,-1.00,-1.00,-1.00,-0.56,-1.00,-1.00
2023-02-02T00:59:47Z,"0002cc0100000648","225105cd83fd3e7b025f0d155d624234530a70000000000000ffffffffffffffffffffffff",3.90,,0.15,13,21.36,20.44,100614.00,167.00,0,0,0,0,,,-1.00,-1.00,-1.00,-1.00,-1.00,-1.00
2023-02-02T01:05:43Z,"0002cc0100000648","225105cee7fd3e7b02670d15506240353d0a40000000000000ffffffffffffffffffffffff",3.90,,0.15,13,21.31,20.80,100604.00,164.00,0,0,0,0,,,-1.00,-1.00,-1.00,-1.00,-1.00,-1.00
2023-02-02T01:11:39Z,"0002cc0100000648","225105d04bfd3e7b025f0d1541623d357e0ad0000000000000ffffffffffffffffffffffff",3.90,,0.15,13,21.25,20.90,100593.00,173.00,0,0,0,0,,,-1.00,-1.00,-1.00,-1.00,-1.00,-1.00
2023-02-02T01:17:35Z,"0002cc0100000648","225105d1affd3e7b025f0d152c623b35740b70000000000000ffffffffffffffffffffffff",3.90,,0.15,13,21.17,20.88,100586.00,183.00,0,0,0,0,,,-1.00,-1.00,-1.00,-1.00,-1.00,-1.00
2023-02-02T01:23:31Z,"0002cc0100000648","225105d313fd3e84025f0d151a6244358f0a90000000000000ffffffffffffffffffffffff",3.91,,0.15,13,21.10,20.92,100622.00,169.00,0,0,0,0,,,-1.00,-1.00,-1.00,-1.00,-1.00,-1.00
2023-02-02T01:29:27Z,"0002cc0100000648","225105d477fd3e7702670d1503623835ab0ad0000000000000ffffffffffffffffffffffff",3.90,,0.15,13,21.01,20.96,100575.00,173.00,0,0,0,0,,,-1.00,-1.00,-1.00,-1.00,-1.00,-1.00
2023-02-02T01:35:23Z,"0002cc0100000648","225105d5dbfd3e7b02670d14f4623c35d50b40000000000000ffffffffffffffffffffffff",3.90,,0.15,13,20.95,21.03,100590.00,180.00,0,0,0,0,,,-1.00,-1.00,-1.00,-1.00,-1.00,-1.00
2023-02-02T01:41:19Z,"0002cc0100000648","225105d73ffd3e7b025f0d14e2623c35ff0a70000000000000ffffffffffffffffffffffff",3.90,,0.15,13,20.88,21.09,100590.00,167.00,0,0,0,0,,,-1.00,-1.00,-1.00,-1.00,-1.00,-1.00
2023-02-02T01:47:15Z,"0002cc0100000648","225105d8a3fd3e7b02670d14d06238362909b0000000000000ffffffffffffffffffffffff",3.90,,0.15,13,20.81,21.16,100572.00,155.00,0,0,0,0,,,-1.00,-1.00,-1.00,-1.00,-1.00,-1.00
2023-02-02T01:53:12Z,"0002cc0100000648","225105da08fd3e7b02670d14c162383662f000000000000000ffffffffffffffffffffffff",3.90,,0.15,13,20.75,21.24,100572.00,0.00,0,0,0,0,,,-1.00,-1.00,-1.00,-1.00,-1.00,-1.00
2023-02-02T01:59:08Z,"0002cc0100000648","225105db6cfd3e7302670d14b462403753f000000000000000ffffffffffffffffffffffff",3.90,,0.15,13,20.70,21.61,100605.00,0.00,0,0,0,0,,,-1.00,-1.00,-1.00,-1.00,-1.00,-1.00
2023-02-02T02:05:04Z,"0002cc0100000648","225105dcd0fd3e7b02670d14a7623f38b4f000000000000000ffffffffffffffffffffffff",3.90,,0.15,13,20.65,22.15,100603.00,0.00,0,0,0,0,,,-1.00,-1.00,-1.00,-1.00,-1.00,-1.00
2023-02-02T02:11:00Z,"0002cc0100000648","225105de34fd3e7702670d149a62453870f000000000000000ffffffffffffffffffffffff",3.90,,0.15,13,20.60,22.05,100626.00,0.00,0,0,0,0,,,-1.00,-1.00,-1.00,-1.00,-1.00,-1.00
2023-02-02T02:16:56Z,"0002cc0100000648","225105df98fd3e7b02670d148d624938bff000000000000000ffffffffffffffffffffffff",3.90,,0.15,13,20.55,22.17,100643.00,0.00,0,0,0,0,,,-1.00,-1.00,-1.00,-1.00,-1.00,-1.00
2023-02-02T02:22:52Z,"0002cc0100000648","225105e0fcfd3e7b02670d1481623d39ddf000000000000000ffffffffffffffffffffffff",3.90,,0.15,13,20.50,22.60,100592.00,0.00,0,0,0,0,,,-1.00,-1.00,-1.00,-1.00,-1.00,-1.00
2023-02-02T02:28:48Z,"0002cc0100000648","225105e260fd3e7702670d147462383a00f000000000000000ffffffffffffffffffffffff",3.90,,0.15,13,20.45,22.66,100574.00,0.00,0,0,0,0,,,-1.00,-1.00,-1.00,-1.00,-1.00,-1.00
2023-02-02T02:34:44Z,"0002cc0100000648","225105e3c4fd3e7302670d1464623e39bbf000000000000000ffffffffffffffffffffffff",3.90,,0.15,13,20.39,22.55,100599.00,0.00,0,0,0,0,,,-1.00,-1.00,-1.00,-1.00,-1.00,-1.00
2023-02-02T02:40:41Z,"0002cc0100000648","225105e529fd3e7b026f0d145a624639d7f000000000000000ffffffffffffffffffffffff",3.90,,0.15,13,20.35,22.59,100629.00,0.00,0,0,0,0,,,-1.00,-1.00,-1.00,-1.00,-1.00,-1.00
2023-02-02T02:46:37Z,"0002cc0100000648","225105e68dfd3e7302670d144d62453ad0f000000000000000ffffffffffffffffffffffff",3.90,,0.15,13,20.30,22.97,100627.00,0.00,0,0,0,0,,,-1.00,-1.00,-1.00,-1.00,-1.00,-1.00
2023-02-02T02:52:33Z,"0002cc0100000648","225105e7f1fd3e7302670d1446624a3a44f000000000000000ffffffffffffffffffffffff",3.90,,0.15,13,20.27,22.76,100645.00,0.00,0,0,0,0,,,-1.00,-1.00,-1.00,-1.00,-1.00,-1.00
2023-02-02T02:58:29Z,"0002cc0100000648","225105e955fd3e7b02670d143b62473a49f000000000000000ffffffffffffffffffffffff",3.90,,0.15,13,20.23,22.77,100635.00,0.00,0,0,0,0,,,-1.00,-1.00,-1.00,-1.00,-1.00,-1.00
2023-02-02T03:04:25Z,"0002cc0100000648","225105eab9fd3e7b025f0d1431624b3b07f000000000000000ffffffffffffffffffffffff",3.90,,0.15,13,20.19,23.06,100649.00,0.00,0,0,0,0,,,-1.00,-1.00,-1.00,-1.00,-1.00,-1.00
2023-02-02T03:10:21Z,"0002cc0100000648","225105ec1dfd3e7b02670d142c624a3ae9f000000000000000ffffffffffffffffffffffff",3.90,,0.15,13,20.17,23.01,100647.00,0.00,0,0,0,0,,,-1.00,-1.00,-1.00,-1.00,-1.00,-1.00
2023-02-02T03:16:17Z,"0002cc0100000648","225105ed81fd3e7b025f0d142462443a72f000000000000000ffffffffffffffffffffffff",3.90,,0.15,13,20.14,22.83,100620.00,0.00,0,0,0,0,,,-1.00,-1.00,-1.00,-1.00,-1.00,-1.00
2023-02-02T03:22:13Z,"0002cc0100000648","225105eee5fd3e7b02670d142f62443aa0f000000000000000ffffffffffffffffffffffff",3.90,,0.15,13,20.18,22.90,100623.00,0.00,0,0,0,0,,,-1.00,-1.00,-1.00,-1.00,-1.00,-1.00
2023-02-02T03:28:10Z,"0002cc0100000648","225105f04afd3e7b02670d1452624a39edf000000000000000ffffffffffffffffffffffff",3.90,,0.15,13,20.32,22.63,100646.00,0.00,0,0,0,0,,,-1.00,-1.00,-1.00,-1.00,-1.00,-1.00
2023-02-02T03:34:06Z,"0002cc0100000648","225105f1aefd3e7b025f0d148b624f39e5f000000000000000ffffffffffffffffffffffff",3.90,,0.15,13,20.54,22.62,100667.00,0.00,0,0,0,0,,,-1.00,-1.00,-1.00,-1.00,-1.00,-1.00
2023-02-02T03:40:02Z,"0002cc0100000648","225105f312fd3e7b025f0d14c8625238bff000000000000000ffffffffffffffffffffffff",3.90,,0.15,13,20.78,22.17,100679.00,0.00,0,0,0,0,,,-1.00,-1.00,-1.00,-1.00,-1.00,-1.00
2023-02-02T03:45:58Z,"0002cc0100000648","225105f476fd3e77025f0d1508625a382df000000000000000ffffffffffffffffffffffff",3.90,,0.15,13,21.03,21.94,100709.00,0.00,0,0,0,0,,,-1.00,-1.00,-1.00,-1.00,-1.00,-1.00
2023-02-02T03:51:54Z,"0002cc0100000648","225105f5dafd3e73025f0d15346259381cf000000000000000ffffffffffffffffffffffff",3.90,,0.15,13,21.20,21.92,100707.00,0.00,0,0,0,0,,,-1.00,-1.00,-1.00,-1.00,-1.00,-1.00
2023-02-02T03:57:50Z,"0002cc0100000648","225105f73efd3e7b026f0d1550625837bff000000000000000ffffffffffffffffffffffff",3.90,,0.15,13,21.31,21.78,100700.00,0.00,0,0,0,0,,,-1.00,-1.00,-1.00,-1.00,-1.00,-1.00
2023-02-02T04:03:46Z,"0002cc0100000648","225105f8a2fd3e7702670d1567625837e7f000000000000000ffffffffffffffffffffffff",3.90,,0.15,13,21.40,21.84,100702.00,0.00,0,0,0,0,,,-1.00,-1.00,-1.00,-1.00,-1.00,-1.00
2023-02-02T04:09:42Z,"0002cc0100000648","225105fa06fd3e77025f0d1586624c376ef000000000000000ffffffffffffffffffffffff",3.90,,0.15,13,21.52,21.65,100655.00,0.00,0,0,0,0,,,-1.00,-1.00,-1.00,-1.00,-1.00,-1.00
2023-02-02T04:15:39Z,"0002cc0100000648","225105fb6bfd3e77025f0d159f624f3684f000000000000000ffffffffffffffffffffffff",3.90,,0.15,13,21.62,21.30,100664.00,0.00,0,0,0,0,,,-1.00,-1.00,-1.00,-1.00,-1.00,-1.00
2023-02-02T04:21:35Z,"0002cc0100000648","225105fccffd3e77025f0d15b46240369df000000000000000ffffffffffffffffffffffff",3.90,,0.15,13,21.70,21.33,100604.00,0.00,0,0,0,0,,,-1.00,-1.00,-1.00,-1.00,-1.00,-1.00
2023-02-02T04:27:31Z,"0002cc0100000648","225105fe33fd3e7702670d15c6623736ccf000000000000000ffffffffffffffffffffffff",3.90,,0.15,13,21.77,21.41,100571.00,0.00,0,0,0,0,,,-1.00,-1.00,-1.00,-1.00,-1.00,-1.00
2023-02-02T04:33:27Z,"0002cc0100000648","225105ff97fd3e77025f0d15da623936ecf000000000000000ffffffffffffffffffffffff",3.90,,0.15,13,21.85,21.45,100576.00,0.00,0,0,0,0,,,-1.00,-1.00,-1.00,-1.00,-1.00,-1.00
2023-02-02T04:39:23Z,"0002cc0100000648","22510600fbfd3e77025f0d15e9623f36dff000000000000000ffffffffffffffffffffffff",3.90,,0.15,13,21.91,21.43,100603.00,0.00,0,0,0,0,,,-1.00,-1.00,-1.00,-1.00,-1.00,-1.00
2023-02-02T04:45:19Z,"0002cc0100000648","225106025ffd3e77025f0d15f9623a36bbf000000000000000ffffffffffffffffffffffff",3.90,,0.15,13,21.97,21.38,100583.00,0.00,0,0,0,0,,,-1.00,-1.00,-1.00,-1.00,-1.00,-1.00
2023-02-02T04:51:15Z,"0002cc0100000648","22510603c3fd3e7b025f0d1606623a3700f000000000000000ffffffffffffffffffffffff",3.90,,0.15,13,22.02,21.48,100583.00,0.00,0,0,0,0,,,-1.00,-1.00,-1.00,-1.00,-1.00,-1.00
2023-02-02T04:57:11Z,"0002cc0100000648","2251060527fd3e73025f0d16126239371ff000000000000000ffffffffffffffffffffffff",3.90,,0.15,13,22.07,21.53,100578.00,0.00,0,0,0,0,,,-1.00,-1.00,-1.00,-1.00,-1.00,-1.00
2023-02-02T05:03:07Z,"0002cc0100000648","225106068bfd3e77025f0d1624623b3772f000000000000000ffffffffffffffffffffffff",3.90,,0.15,13,22.14,21.66,100587.00,0.00,0,0,0,0,,,-1.00,-1.00,-1.00,-1.00,-1.00,-1.00
2023-02-02T05:09:03Z,"0002cc0100000648","22510607effd3e77025f0d16316237376df000000000000000ffffffffffffffffffffffff",3.90,,0.15,13,22.19,21.65,100570.00,0.00,0,0,0,0,,,-1.00,-1.00,-1.00,-1.00,-1.00,-1.00
2023-02-02T05:15:00Z,"0002cc0100000648","2251060954fd3e77025f0d163b62383742f000000000000000ffffffffffffffffffffffff",3.90,,0.15,13,22.23,21.58,100573.00,0.00,0,0,0,0,,,-1.00,-1.00,-1.00,-1.00,-1.00,-1.00
2023-02-02T05:20:56Z,"0002cc0100000648","2251060ab8fd3e77025f0d1648623a3752f000000000000000ffffffffffffffffffffffff",3.90,,0.15,13,22.28,21.61,100582.00,0.00,0,0,0,0,,,-1.00,-1.00,-1.00,-1.00,-1.00,-1.00
2023-02-02T05:26:52Z,"0002cc0100000648","2251060c1cfd3e73025f0d1652623f3709f000000000000000ffffffffffffffffffffffff",3.90,,0.15,13,22.32,21.50,100603.00,0.00,0,0,0,0,,,-1.00,-1.00,-1.00,-1.00,-1.00,-1.00
2023-02-02T05:32:48Z,"0002cc0100000648","2251060d80fd3e77025f0d165d6247368df000000000000000ffffffffffffffffffffffff",3.90,,0.15,13,22.36,21.31,100633.00,0.00,0,0,0,0,,,-1.00,-1.00,-1.00,-1.00,-1.00,-1.00
2023-02-02T05:38:44Z,"0002cc0100000648","2251060ee4fd3e77025f0d16646246368ef000000000000000ffffffffffffffffffffffff",3.90,,0.15,13,22.39,21.31,100630.00,0.00,0,0,0,0,,,-1.00,-1.00,-1.00,-1.00,-1.00,-1.00
2023-02-02T05:44:40Z,"0002cc0100000648","2251061048fd3e77025f0d166f6245369ef000000000000000ffffffffffffffffffffffff",3.90,,0.15,13,22.43,21.33,100627.00,0.00,0,0,0,0,,,-1.00,-1.00,-1.00,-1.00,-1.00,-1.00
2023-02-02T05:50:36Z,"0002cc0100000648","22510611acfd3e77025f0d16796242364ef000000000000000ffffffffffffffffffffffff",3.90,,0.15,13,22.47,21.21,100613.00,0.00,0,0,0,0,,,-1.00,-1.00,-1.00,-1.00,-1.00,-1.00
2023-02-02T05:56:32Z,"0002cc0100000648","2251061310fd3e77025f0d167b624235d0f000000000000000ffffffffffffffffffffffff",3.90,,0.15,13,22.48,21.02,100614.00,0.00,0,0,0,0,,,-1.00,-1.00,-1.00,-1.00,-1.00,-1.00
2023-02-02T06:02:28Z,"0002cc0100000648","2251061474fd3e77025f0d16816240358ff000000000000000ffffffffffffffffffffffff",3.90,,0.15,13,22.50,20.92,100604.00,0.00,0,0,0,0,,,-1.00,-1.00,-1.00,-1.00,-1.00,-1.00
2023-02-02T06:08:24Z,"0002cc0100000648","22510615d8fd3e77025f0d1683623e3544f000000000000000ffffffffffffffffffffffff",3.90,,0.15,13,22.51,20.81,100596.00,0.00,0,0,0,0,,,-1.00,-1.00,-1.00,-1.00,-1.00,-1.00
2023-02-02T06:14:21Z,"0002cc0100000648","225106173dfd3e77025f0d1688623d35bbf000000000000000ffffffffffffffffffffffff",3.90,,0.15,13,22.53,20.99,100593.00,0.00,0,0,0,0,,,-1.00,-1.00,-1.00,-1.00,-1.00,-1.00
2023-02-02T06:20:17Z,"0002cc0100000648","22510618a1fd3e77025f0d168d6237355cf000000000000000ffffffffffffffffffffffff",3.90,,0.15,13,22.55,20.84,100569.00,0.00,0,0,0,0,,,-1.00,-1.00,-1.00,-1.00,-1.00,-1.00
2023-02-02T06:26:13Z,"0002cc0100000648","2251061a05fd3e77025f0d1690622d3555f000000000000000ffffffffffffffffffffffff",3.90,,0.15,13,22.56,20.83,100528.00,0.00,0,0,0,0,,,-1.00,-1.00,-1.00,-1.00,-1.00,-1.00
2023-02-02T06:32:09Z,"0002cc0100000648","2251061b69fd3e7302520d169262283590f000000000000000ffffffffffffffffffffffff",3.90,,0.14,13,22.57,20.92,100509.00,0.00,0,0,0,0,,,-1.00,-1.00,-1.00,-1.00,-1.00,-1.00
2023-02-02T06:38:05Z,"0002cc0100000648","2251061ccdfd3e7702670d169562293538f000000000000000ffffffffffffffffffffffff",3.90,,0.15,13,22.58,20.79,100514.00,0.00,0,0,0,0,,,-1.00,-1.00,-1.00,-1.00,-1.00,-1.00
2023-02-02T06:44:01Z,"0002cc0100000648","2251061e31fd3e77025f0d1692622e356bf000000000000000ffffffffffffffffffffffff",3.90,,0.15,13,22.57,20.87,100533.00,0.00,0,0,0,0,,,-1.00,-1.00,-1.00,-1.00,-1.00,-1.00
2023-02-02T06:49:57Z,"0002cc0100000648","2251061f95fd3e77025f0d1695622f35e2f000000000000000ffffffffffffffffffffffff",3.90,,0.15,13,22.58,21.05,100537.00,0.00,0,0,0,0,,,-1.00,-1.00,-1.00,-1.00,-1.00,-1.00
2023-02-02T06:55:53Z,"0002cc0100000648","22510620f9fd3e77025f0d1692622f3573f000000000000000ffffffffffffffffffffffff",3.90,,0.15,13,22.57,20.88,100538.00,0.00,0,0,0,0,,,-1.00,-1.00,-1.00,-1.00,-1.00,-1.00
2023-02-02T07:01:49Z,"0002cc0100000648","225106225dfd3e7f025f0d169262303537f000000000000000ffffffffffffffffffffffff",3.91,,0.15,13,22.57,20.79,100540.00,0.00,0,0,0,0,,,-1.00,-1.00,-1.00,-1.00,-1.00,-1.00
2023-02-02T07:07:45Z,"0002cc0100000648","22510623c1fd3e6f025f0d16956233350bf000000000000000ffffffffffffffffffffffff",3.90,,0.15,13,22.58,20.72,100553.00,0.00,0,0,0,0,,,-1.00,-1.00,-1.00,-1.00,-1.00,-1.00
2023-02-02T07:13:41Z,"0002cc0100000648","2251062525fd3e6f02670d1695622e34dff000000000000000ffffffffffffffffffffffff",3.90,,0.15,13,22.58,20.65,100533.00,0.00,0,0,0,0,,,-1.00,-1.00,-1.00,-1.00,-1.00,-1.00
2023-02-02T07:19:38Z,"0002cc0100000648","225106268afd3e7702670d169f623134c2f000000000000000ffffffffffffffffffffffff",3.90,,0.15,13,22.62,20.61,100545.00,0.00,0,0,0,0,,,-1.00,-1.00,-1.00,-1.00,-1.00,-1.00
2023-02-02T07:25:34Z,"0002cc0100000648","22510627eefd3e6f025f0d16a9622f353af000000000000000ffffffffffffffffffffffff",3.90,,0.15,13,22.66,20.79,100538.00,0.00,0,0,0,0,,,-1.00,-1.00,-1.00,-1.00,-1.00,-1.00
2023-02-02T07:31:30Z,"0002cc0100000648","2251062952fd3e77025f0d16b4623034dbf000000000000000ffffffffffffffffffffffff",3.90,,0.15,13,22.70,20.65,100541.00,0.00,0,0,0,0,,,-1.00,-1.00,-1.00,-1.00,-1.00,-1.00
2023-02-02T07:37:26Z,"0002cc0100000648","2251062ab6fd3e77025f0d16b6622f346df000000000000000ffffffffffffffffffffffff",3.90,,0.15,13,22.71,20.48,100539.00,0.00,0,0,0,0,,,-1.00,-1.00,-1.00,-1.00,-1.00,-1.00
2023-02-02T07:43:22Z,"0002cc0100000648","2251062c1afd3e6f025f0d16b662303439f000000000000000ffffffffffffffffffffffff",3.90,,0.15,13,22.71,20.40,100540.00,0.00,0,0,0,0,,,-1.00,-1.00,-1.00,-1.00,-1.00,-1.00
2023-02-02T07:49:18Z,"0002cc0100000648","2251062d7efd3e6f025f0d16b4622c34c6f000000000000000ffffffffffffffffffffffff",3.90,,0.15,13,22.70,20.61,100525.00,0.00,0,0,0,0,,,-1.00,-1.00,-1.00,-1.00,-1.00,-1.00
2023-02-02T07:55:14Z,"0002cc0100000648","2251062ee2fd3e6f025f0d16a962263455f000000000000000ffffffffffffffffffffffff",3.90,,0.15,13,22.66,20.44,100500.00,0.00,0,0,0,0,,,-1.00,-1.00,-1.00,-1.00,-1.00,-1.00
2023-02-02T08:01:10Z,"0002cc0100000648","2251063046fd3e6b025f0d16986223341ff000000000000000ffffffffffffffffffffffff",3.90,,0.15,13,22.59,20.36,100490.00,0.00,0,0,0,0,,,-1.00,-1.00,-1.00,-1.00,-1.00,-1.00
2023-02-02T08:07:06Z,"0002cc0100000648","22510631aafd3e7b025f0d16866223340ef000000000000000ffffffffffffffffffffffff",3.90,,0.15,13,22.52,20.33,100491.00,0.00,0,0,0,0,,,-1.00,-1.00,-1.00,-1.00,-1.00,-1.00
2023-02-02T08:13:02Z,"0002cc0100000648","225106330efd3e67025f0d167e62213509f000000000000000ffffffffffffffffffffffff",3.90,,0.15,13,22.49,20.72,100482.00,0.00,0,0,0,0,,,-1.00,-1.00,-1.00,-1.00,-1.00,-1.00
2023-02-02T08:18:59Z,"0002cc0100000648","2251063473fd3e6f025f0d167b622034dcf000000000000000ffffffffffffffffffffffff",3.90,,0.15,13,22.48,20.65,100478.00,0.00,0,0,0,0,,,-1.00,-1.00,-1.00,-1.00,-1.00,-1.00
2023-02-02T08:24:54Z,"0002cc0100000648","22510635d6fd3e6f02670d167b622033caf000000000000000ffffffffffffffffffffffff",3.90,,0.15,13,22.48,20.23,100477.00,0.00,0,0,0,0,,,-1.00,-1.00,-1.00,-1.00,-1.00,-1.00
2023-02-02T08:30:51Z,"0002cc0100000648","225106373bfd3e6f025f0d1676621d3387f000000000000000ffffffffffffffffffffffff",3.90,,0.15,13,22.46,20.13,100466.00,0.00,0,0,0,0,,,-1.00,-1.00,-1.00,-1.00,-1.00,-1.00
2023-02-02T08:36:47Z,"0002cc0100000648","225106389ffd3e6f025f0d16626216331df000000000000000ffffffffffffffffffffffff",3.90,,0.15,13,22.38,19.97,100439.00,0.00,0,0,0,0,,,-1.00,-1.00,-1.00,-1.00,-1.00,-1.00
2023-02-02T08:42:43Z,"0002cc0100000648","2251063a03fd3e6f025f0d164862123329f000000000000000ffffffffffffffffffffffff",3.90,,0.15,13,22.28,19.98,100422.00,0.00,0,0,0,0,,,-1.00,-1.00,-1.00,-1.00,-1.00,-1.00
2023-02-02T08:48:39Z,"0002cc0100000648","2251063b67fd3e6f02670d163462113431f000000000000000ffffffffffffffffffffffff",3.90,,0.15,13,22.20,20.39,100416.00,0.00,0,0,0,0,,,-1.00,-1.00,-1.00,-1.00,-1.00,-1.00
2023-02-02T08:54:35Z,"0002cc0100000648","2251063ccbfd3e6f025f0d1629620e3497f000000000000000ffffffffffffffffffffffff",3.90,,0.15,13,22.16,20.54,100405.00,0.00,0,0,0,0,,,-1.00,-1.00,-1.00,-1.00,-1.00,-1.00
2023-02-02T09:00:31Z,"0002cc0100000648","2251063e2ffd3e6f025f0d1627620b34d2f000000000000000ffffffffffffffffffffffff",3.90,,0.15,13,22.15,20.63,100392.00,0.00,0,0,0,0,,,-1.00,-1.00,-1.00,-1.00,-1.00,-1.00
2023-02-02T09:06:27Z,"0002cc0100000648","2251063f93fd3e6f025f0d1627620d3644f000000000000000ffffffffffffffffffffffff",3.90,,0.15,13,22.15,21.20,100400.00,0.00,0,0,0,0,,,-1.00,-1.00,-1.00,-1.00,-1.00,-1.00
2023-02-02T09:12:23Z,"0002cc0100000648","22510640f7fd3e6f025f0d1627620c3686f000000000000000ffffffffffffffffffffffff",3.90,,0.15,13,22.15,21.30,100399.00,0.00,0,0,0,0,,,-1.00,-1.00,-1.00,-1.00,-1.00,-1.00
2023-02-02T09:18:19Z,"0002cc0100000648","225106425bfd3e6b025f0d1624621136b2f000000000000000ffffffffffffffffffffffff",3.90,,0.15,13,22.14,21.37,100418.00,0.00,0,0,0,0,,,-1.00,-1.00,-1.00,-1.00,-1.00,-1.00
2023-02-02T09:24:15Z,"0002cc0100000648","22510643bffd3e6f025f0d162262123659f000000000000000ffffffffffffffffffffffff",3.90,,0.15,13,22.13,21.23,100422.00,0.00,0,0,0,0,,,-1.00,-1.00,-1.00,-1.00,-1.00,-1.00
2023-02-02T09:30:12Z,"0002cc0100000648","2251064524fd3e6f02670d1622621135f90e00000000000000ffffffffffffffffffffffff",3.90,,0.15,13,22.13,21.08,100416.00,7.00,0,0,0,0,,,-1.00,-1.00,-1.00,-1.00,-1.00,-1.00
2023-02-02T09:36:08Z,"0002cc0100000648","2251064688fd3e67025f0d161f620e35a0f000000000000000ffffffffffffffffffffffff",3.90,,0.15,13,22.12,20.95,100407.00,0.00,0,0,0,0,,,-1.00,-1.00,-1.00,-1.00,-1.00,-1.00
2023-02-02T09:42:04Z,"0002cc0100000648","22510647ecfd3e6f02670d161f620c356df000000000000000ffffffffffffffffffffffff",3.90,,0.15,13,22.12,20.87,100397.00,0.00,0,0,0,0,,,-1.00,-1.00,-1.00,-1.00,-1.00,-1.00
2023-02-02T09:48:00Z,"0002cc0100000648","2251064950fd3e6f025f0d161d620d34eff000000000000000ffffffffffffffffffffffff",3.90,,0.15,13,22.11,20.68,100400.00,0.00,0,0,0,0,,,-1.00,-1.00,-1.00,-1.00,-1.00,-1.00
2023-02-02T09:53:56Z,"0002cc0100000648","2251064ab4fd3e6f025f0d161a620d34a4f000000000000000ffffffffffffffffffffffff",3.90,,0.15,13,22.10,20.56,100400.00,0.00,0,0,0,0,,,-1.00,-1.00,-1.00,-1.00,-1.00,-1.00
2023-02-02T09:59:52Z,"0002cc0100000648","2251064c18fd3e6f025f0d1618620a34a4f000000000000000ffffffffffffffffffffffff",3.90,,0.15,13,22.09,20.56,100391.00,0.00,0,0,0,0,,,-1.00,-1.00,-1.00,-1.00,-1.00,-1.00
2023-02-02T10:05:48Z,"0002cc0100000648","2251064d7cfd3e6f025f0d1618620434b9f000000000000000ffffffffffffffffffffffff",3.90,,0.15,13,22.09,20.60,100364.00,0.00,0,0,0,0,,,-1.00,-1.00,-1.00,-1.00,-1.00,-1.00
2023-02-02T10:11:44Z,"0002cc0100000648","2251064ee0fd3e6f025f0d16186200341ff000000000000000ffffffffffffffffffffffff",3.90,,0.15,13,22.09,20.36,100351.00,0.00,0,0,0,0,,,-1.00,-1.00,-1.00,-1.00,-1.00,-1.00
2023-02-02T10:17:40Z,"0002cc0100000648","2251065044fd3e6f025f0d16126200344bf000000000000000ffffffffffffffffffffffff",3.90,,0.15,13,22.07,20.43,100351.00,0.00,0,0,0,0,,,-1.00,-1.00,-1.00,-1.00,-1.00,-1.00
2023-02-02T10:23:37Z,"0002cc0100000648","22510651a9fd3e6f025f0d1610620033d4f000000000000000ffffffffffffffffffffffff",3.90,,0.15,13,22.06,20.25,100348.00,0.00,0,0,0,0,,,-1.00,-1.00,-1.00,-1.00,-1.00,-1.00
2023-02-02T10:29:33Z,"0002cc0100000648","225106530dfd3e6f025f0d1610620233d4f000000000000000ffffffffffffffffffffffff",3.90,,0.15,13,22.06,20.25,100359.00,0.00,0,0,0,0,,,-1.00,-1.00,-1.00,-1.00,-1.00,-1.00
2023-02-02T10:35:29Z,"0002cc0100000648","2251065471fd3e6f02670d160d61ff33e2f000000000000000ffffffffffffffffffffffff",3.90,,0.15,13,22.05,20.27,100347.00,0.00,0,0,0,0,,,-1.00,-1.00,-1.00,-1.00,-1.00,-1.00
2023-02-02T10:41:25Z,"0002cc0100000648","22510655d5fd3e6f025f0d160d62033347f000000000000000ffffffffffffffffffffffff",3.90,,0.15,13,22.05,20.03,100360.00,0.00,0,0,0,0,,,-1.00,-1.00,-1.00,-1.00,-1.00,-1.00
2023-02-02T10:47:21Z,"0002cc0100000648","2251065739fd3e6b025f0d160b620c3373f000000000000000ffffffffffffffffffffffff",3.90,,0.15,13,22.04,20.10,100396.00,0.00,0,0,0,0,,,-1.00,-1.00,-1.00,-1.00,-1.00,-1.00
2023-02-02T10:53:17Z,"0002cc0100000648","225106589dfd3e67025f0d160d620d33ccf000000000000000ffffffffffffffffffffffff",3.90,,0.15,13,22.05,20.23,100401.00,0.00,0,0,0,0,,,-1.00,-1.00,-1.00,-1.00,-1.00,-1.00
2023-02-02T10:59:13Z,"0002cc0100000648","2251065a01fd3e6b025f0d160d620d3588f000000000000000ffffffffffffffffffffffff",3.90,,0.15,13,22.05,20.91,100402.00,0.00,0,0,0,0,,,-1.00,-1.00,-1.00,-1.00,-1.00,-1.00
2023-02-02T11:05:09Z,"0002cc0100000648","2251065b65fd3e6f025f0d160b620e35e0f000000000000000ffffffffffffffffffffffff",3.90,,0.15,13,22.04,21.05,100406.00,0.00,0,0,0,0,,,-1.00,-1.00,-1.00,-1.00,-1.00,-1.00
2023-02-02T11:11:05Z,"0002cc0100000648","2251065cc9fd3e67025f0d160b620f35e0f000000000000000ffffffffffffffffffffffff",3.90,,0.15,13,22.04,21.04,100410.00,0.00,0,0,0,0,,,-1.00,-1.00,-1.00,-1.00,-1.00,-1.00
2023-02-02T11:17:01Z,"0002cc0100000648","2251065e2dfd3e6f025f0d160662103510f000000000000000ffffffffffffffffffffffff",3.90,,0.15,13,22.02,20.73,100413.00,0.00,0,0,0,0,,,-1.00,-1.00,-1.00,-1.00,-1.00,-1.00
2023-02-02T11:22:58Z,"0002cc0100000648","2251065f92fd3e67025f0d1601620f34c6f000000000000000ffffffffffffffffffffffff",3.90,,0.15,13,22.00,20.62,100411.00,0.00,0,0,0,0,,,-1.00,-1.00,-1.00,-1.00,-1.00,-1.00
2023-02-02T11:28:54Z,"0002cc0100000648","22510660f6fd3e6f025f0d15fe62113466f000000000000000ffffffffffffffffffffffff",3.90,,0.15,13,21.99,20.47,100416.00,0.00,0,0,0,0,,,-1.00,-1.00,-1.00,-1.00,-1.00,-1.00
2023-02-02T11:34:50Z,"0002cc0100000648","225106625afd3e6f025f0d15fb620f34a0f000000000000000ffffffffffffffffffffffff",3.90,,0.15,13,21.98,20.56,100408.00,0.00,0,0,0,0,,,-1.00,-1.00,-1.00,-1.00,-1.00,-1.00
2023-02-02T11:40:46Z,"0002cc0100000648","22510663befd3e6f025f0d15f6620d344ff000000000000000ffffffffffffffffffffffff",3.90,,0.15,13,21.96,20.43,100403.00,0.00,0,0,0,0,,,-1.00,-1.00,-1.00,-1.00,-1.00,-1.00
2023-02-02T11:46:42Z,"0002cc0100000648","2251066522fd3e6f025f0d15f4620c3482f000000000000000ffffffffffffffffffffffff",3.90,,0.15,13,21.95,20.51,100399.00,0.00,0,0,0,0,,,-1.00,-1.00,-1.00,-1.00,-1.00,-1.00
2023-02-02T11:52:38Z,"0002cc0100000648","2251066686fd3e67025f0d15f4620b351df000000000000000ffffffffffffffffffffffff",3.90,,0.15,13,21.95,20.75,100395.00,0.00,0,0,0,0,,,-1.00,-1.00,-1.00,-1.00,-1.00,-1.00
2023-02-02T11:58:34Z,"0002cc0100000648","22510667eafd3e6f025f0d15f6620d3507f000000000000000ffffffffffffffffffffffff",3.90,,0.15,13,21.96,20.71,100400.00,0.00,0,0,0,0,,,-1.00,-1.00,-1.00,-1.00,-1.00,-1.00
2023-02-02T12:04:30Z,"0002cc0100000648","225106694efd3e67025f0d15f9620e351ef000000000000000ffffffffffffffffffffffff",3.90,,0.15,13,21.97,20.75,100405.00,0.00,0,0,0,0,,,-1.00,-1.00,-1.00,-1.00,-1.00,-1.00
2023-02-02T12:10:26Z,"0002cc0100000648","2251066ab2fd3e6b025f0d15f9620d34f9f000000000000000ffffffffffffffffffffffff",3.90,,0.15,13,21.97,20.69,100403.00,0.00,0,0,0,0,,,-1.00,-1.00,-1.00,-1.00,-1.00,-1.00
2023-02-02T12:16:22Z,"0002cc0100000648","2251066c16fd3e6b025f0d15fe621134a0f000000000000000ffffffffffffffffffffffff",3.90,,0.15,13,21.99,20.56,100418.00,0.00,0,0,0,0,,,-1.00,-1.00,-1.00,-1.00,-1.00,-1.00
2023-02-02T12:22:19Z,"0002cc0100000648","2251066d7bfd3e6b025f0d160162123509f000000000000000ffffffffffffffffffffffff",3.90,,0.15,13,22.00,20.72,100421.00,0.00,0,0,0,0,,,-1.00,-1.00,-1.00,-1.00,-1.00,-1.00
2023-02-02T12:28:15Z,"0002cc0100000648","2251066edffd3e6f025f0d1603621133f7f000000000000000ffffffffffffffffffffffff",3.90,,0.15,13,22.01,20.30,100418.00,0.00,0,0,0,0,,,-1.00,-1.00,-1.00,-1.00,-1.00,-1.00
2023-02-02T12:34:11Z,"0002cc0100000648","2251067043fd3e6f025f0d1606620f3416f000000000000000ffffffffffffffffffffffff",3.90,,0.15,13,22.02,20.35,100410.00,0.00,0,0,0,0,,,-1.00,-1.00,-1.00,-1.00,-1.00,-1.00
2023-02-02T12:40:07Z,"0002cc0100000648","22510671a7fd3e6f02670d1606620e33f7f000000000000000ffffffffffffffffffffffff",3.90,,0.15,13,22.02,20.30,100404.00,0.00,0,0,0,0,,,-1.00,-1.00,-1.00,-1.00,-1.00,-1.00
2023-02-02T12:46:03Z,"0002cc0100000648","225106730bfd3e6f025f0d1606620933aef000000000000000ffffffffffffffffffffffff",3.90,,0.15,13,22.02,20.19,100387.00,0.00,0,0,0,0,,,-1.00,-1.00,-1.00,-1.00,-1.00,-1.00
2023-02-02T12:51:59Z,"0002cc0100000648","225106746ffd3e6b025f0d160662093433f000000000000000ffffffffffffffffffffffff",3.90,,0.15,13,22.02,20.39,100386.00,0.00,0,0,0,0,,,-1.00,-1.00,-1.00,-1.00,-1.00,-1.00
2023-02-02T12:57:55Z,"0002cc0100000648","22510675d3fd3e6b025f0d1608620634a2f000000000000000ffffffffffffffffffffffff",3.90,,0.15,13,22.03,20.56,100374.00,0.00,0,0,0,0,,,-1.00,-1.00,-1.00,-1.00,-1.00,-1.00
2023-02-02T13:03:51Z,"0002cc0100000648","2251067737fd3e6b025f0d1608620434cff000000000000000ffffffffffffffffffffffff",3.90,,0.15,13,22.03,20.63,100366.00,0.00,0,0,0,0,,,-1.00,-1.00,-1.00,-1.00,-1.00,-1.00
2023-02-02T13:09:47Z,"0002cc0100000648","225106789bfd3e6b025f0d160b61ff34e5f000000000000000ffffffffffffffffffffffff",3.90,,0.15,13,22.04,20.66,100347.00,0.00,0,0,0,0,,,-1.00,-1.00,-1.00,-1.00,-1.00,-1.00
2023-02-02T13:15:43Z,"0002cc0100000648","22510679fffd3e67025f0d160b62003434f000000000000000ffffffffffffffffffffffff",3.90,,0.15,13,22.04,20.39,100350.00,0.00,0,0,0,0,,,-1.00,-1.00,-1.00,-1.00,-1.00,-1.00
2023-02-02T13:21:40Z,"0002cc0100000648","2251067b64fd3e6b025f0d160862023578f000000000000000ffffffffffffffffffffffff",3.90,,0.15,13,22.03,20.89,100356.00,0.00,0,0,0,0,,,-1.00,-1.00,-1.00,-1.00,-1.00,-1.00
2023-02-02T13:27:35Z,"0002cc0100000648","2251067cc7fd3e6f025f0d1608620335b4f000000000000000ffffffffffffffffffffffff",3.90,,0.15,13,22.03,20.98,100363.00,0.00,0,0,0,0,,,-1.00,-1.00,-1.00,-1.00,-1.00,-1.00
2023-02-02T13:33:32Z,"0002cc0100000648","2251067e2cfd3e6b025f0d160b6201352ff000000000000000ffffffffffffffffffffffff",3.90,,0.15,13,22.04,20.78,100353.00,0.00,0,0,0,0,,,-1.00,-1.00,-1.00,-1.00,-1.00,-1.00
2023-02-02T13:39:28Z,"0002cc0100000648","2251067f90fd3e6b025f0d160861fe34e4f000000000000000ffffffffffffffffffffffff",3.90,,0.15,13,22.03,20.66,100342.00,0.00,0,0,0,0,,,-1.00,-1.00,-1.00,-1.00,-1.00,-1.00
2023-02-02T13:45:24Z,"0002cc0100000648","22510680f4fd3e6b02670d160862023442f000000000000000ffffffffffffffffffffffff",3.90,,0.15,13,22.03,20.41,100356.00,0.00,0,0,0,0,,,-1.00,-1.00,-1.00,-1.00,-1.00,-1.00
2023-02-02T13:51:20Z,"0002cc0100000648","2251068258fd3e6b025f0d1603620934150820000000000000ffffffffffffffffffffffff",3.90,,0.15,13,22.01,20.34,100386.00,130.00,0,0,0,0,,,-1.00,-1.00,-1.00,-1.00,-1.00,-1.00
2023-02-02T13:57:16Z,"0002cc0100000648","22510683bcfd3e6b025f0d1603620c33ad0aa0000000000000ffffffffffffffffffffffff",3.90,,0.15,13,22.01,20.19,100397.00,170.00,0,0,0,0,,,-1.00,-1.00,-1.00,-1.00,-1.00,-1.00
2023-02-02T14:03:12Z,"0002cc0100000648","2251068520fd3e6f025f0d1601620c34500970000000000000ffffffffffffffffffffffff",3.90,,0.15,13,22.00,20.43,100396.00,151.00,0,0,0,0,,,-1.00,-1.00,-1.00,-1.00,-1.00,-1.00
2023-02-02T14:09:08Z,"0002cc0100000648","2251068684fd3e6b025f0d1603621034a10960000000000000ffffffffffffffffffffffff",3.90,,0.15,13,22.01,20.56,100412.00,150.00,0,0,0,0,,,-1.00,-1.00,-1.00,-1.00,-1.00,-1.00
2023-02-02T14:15:04Z,"0002cc0100000648","22510687e8fd3e6b025f0d15fe620c34b009d0000000000000ffffffffffffffffffffffff",3.90,,0.15,13,21.99,20.58,100398.00,157.00,0,0,0,0,,,-1.00,-1.00,-1.00,-1.00,-1.00,-1.00
2023-02-02T14:21:00Z,"0002cc0100000648","225106894cfd3e67025f0d15fb620834990ab0000000000000ffffffffffffffffffffffff",3.90,,0.15,13,21.98,20.55,100383.00,171.00,0,0,0,0,,,-1.00,-1.00,-1.00,-1.00,-1.00,-1.00
2023-02-02T14:26:57Z,"0002cc0100000648","2251068ab1fd3e6b025f0d15f4620734cc0a80000000000000ffffffffffffffffffffffff",3.90,,0.15,13,21.95,20.62,100376.00,168.00,0,0,0,0,,,-1.00,-1.00,-1.00,-1.00,-1.00,-1.00
2023-02-02T14:32:53Z,"0002cc0100000648","2251068c15fd3e5f025f0d15ec6206350e0a10000000000000ffffffffffffffffffffffff",3.90,,0.15,13,21.92,20.72,100372.00,161.00,0,0,0,0,,,-1.00,-1.00,-1.00,-1.00,-1.00,-1.00
2023-02-02T14:38:49Z,"0002cc0100000648","2251068d79fd3e5f025f0d15e7620834960b20000000000000ffffffffffffffffffffffff",3.90,,0.15,13,21.90,20.54,100380.00,178.00,0,0,0,0,,,-1.00,-1.00,-1.00,-1.00,-1.00,-1.00
2023-02-02T14:44:45Z,"0002cc0100000648","2251068eddfd3e6b025f0d15dd620233f30a50000000000000ffffffffffffffffffffffff",3.90,,0.15,13,21.86,20.29,100356.00,165.00,0,0,0,0,,,-1.00,-1.00,-1.00,-1.00,-1.00,-1.00
2023-02-02T14:50:41Z,"0002cc0100000648","2251069041fd3e6f025f0d15d8620133e40ab0000000000000ffffffffffffffffffffffff",3.90,,0.15,13,21.84,20.27,100355.00,171.00,0,0,0,0,,,-1.00,-1.00,-1.00,-1.00,-1.00,-1.00
2023-02-02T14:56:37Z,"0002cc0100000648","22510691a5fd3e6b025f0d15d061ff33910b30000000000000ffffffffffffffffffffffff",3.90,,0.15,13,21.81,20.14,100345.00,179.00,0,0,0,0,,,-1.00,-1.00,-1.00,-1.00,-1.00,-1.00
2023-02-02T15:02:33Z,"0002cc0100000648","2251069309fd3e6b025f0d15c861fb33370a30000000000000ffffffffffffffffffffffff",3.90,,0.15,13,21.78,20.01,100330.00,163.00,0,0,0,0,,,-1.00,-1.00,-1.00,-1.00,-1.00,-1.00
2023-02-02T15:08:29Z,"0002cc0100000648","225106946dfd3e6b02670d15c161fd32fb0b30000000000000ffffffffffffffffffffffff",3.90,,0.15,13,21.75,19.92,100339.00,179.00,0,0,0,0,,,-1.00,-1.00,-1.00,-1.00,-1.00,-1.00
2023-02-02T15:14:25Z,"0002cc0100000648","22510695d1fd3e6b025f0d15bb61fe32761b00000000000000ffffffffffffffffffffffff",3.90,,0.15,13,21.73,19.71,100342.00,704.00,0,0,0,0,,,-1.00,-1.00,-1.00,-1.00,-1.00,-1.00
2023-02-02T15:20:21Z,"0002cc0100000648","2251069735fd3e6b025f0d15c161fb340d0bf0000000000000ffffffffffffffffffffffff",3.90,,0.15,13,21.75,20.33,100329.00,191.00,0,0,0,0,,,-1.00,-1.00,-1.00,-1.00,-1.00,-1.00
2023-02-02T15:26:17Z,"0002cc0100000648","2251069899fd3e6b025f0d15c661fe33720b60000000000000ffffffffffffffffffffffff",3.90,,0.15,13,21.77,20.10,100343.00,182.00,0,0,0,0,,,-1.00,-1.00,-1.00,-1.00,-1.00,-1.00
2023-02-02T15:32:14Z,"0002cc0100000648","22510699fefd3e67025f0d15bb61ff33270bc0000000000000ffffffffffffffffffffffff",3.90,,0.15,13,21.73,19.98,100344.00,188.00,0,0,0,0,,,-1.00,-1.00,-1.00,-1.00,-1.00,-1.00
2023-02-02T15:38:10Z,"0002cc0100000648","2251069b62fd3e6b025f0d15b4620332fa0b60000000000000ffffffffffffffffffffffff",3.90,,0.15,13,21.70,19.91,100363.00,182.00,0,0,0,0,,,-1.00,-1.00,-1.00,-1.00,-1.00,-1.00
2023-02-02T15:44:06Z,"0002cc0100000648","2251069cc6fd3e6b025f0d15a9620432ea09e0000000000000ffffffffffffffffffffffff",3.90,,0.15,13,21.66,19.89,100364.00,158.00,0,0,0,0,,,-1.00,-1.00,-1.00,-1.00,-1.00,-1.00
2023-02-02T15:50:02Z,"0002cc0100000648","2251069e2afd3e6b025f0d15a761fd32db0a80000000000000ffffffffffffffffffffffff",3.90,,0.15,13,21.65,19.87,100339.00,168.00,0,0,0,0,,,-1.00,-1.00,-1.00,-1.00,-1.00,-1.00
2023-02-02T15:55:58Z,"0002cc0100000648","2251069f8efd3e6b025f0d15a461fd32bd0a00000000000000ffffffffffffffffffffffff",3.90,,0.15,13,21.64,19.82,100337.00,160.00,0,0,0,0,,,-1.00,-1.00,-1.00,-1.00,-1.00,-1.00
2023-02-02T16:01:54Z,"0002cc0100000648","225106a0f2fd3e6b025f0d15a4620d33000b10000000000000ffffffffffffffffffffffff",3.90,,0.15,13,21.64,19.92,100401.00,177.00,0,0,0,0,,,-1.00,-1.00,-1.00,-1.00,-1.00,-1.00
2023-02-02T16:07:50Z,"0002cc0100000648","225106a256fd3e6b025f0d15a46214329909c0000000000000ffffffffffffffffffffffff",3.90,,0.15,13,21.64,19.76,100429.00,156.00,0,0,0,0,,,-1.00,-1.00,-1.00,-1.00,-1.00,-1.00
2023-02-02T16:13:46Z,"0002cc0100000648","225106a3bafd3e5f025f0d15a9620f324009e0000000000000ffffffffffffffffffffffff",3.90,,0.15,13,21.66,19.63,100411.00,158.00,0,0,0,0,,,-1.00,-1.00,-1.00,-1.00,-1.00,-1.00
2023-02-02T16:19:42Z,"0002cc0100000648","225106a51efd3e6b025f0d15a4621132130b30000000000000ffffffffffffffffffffffff",3.90,,0.15,13,21.64,19.56,100416.00,179.00,0,0,0,0,,,-1.00,-1.00,-1.00,-1.00,-1.00,-1.00
2023-02-02T16:25:38Z,"0002cc0100000648","225106a682fd3e6b025f0d159f621332300a90000000000000ffffffffffffffffffffffff",3.90,,0.15,13,21.62,19.61,100426.00,169.00,0,0,0,0,,,-1.00,-1.00,-1.00,-1.00,-1.00,-1.00
2023-02-02T16:31:35Z,"0002cc0100000648","225106a7e7fd3e6b025f0d159d621732a60b80000000000000ffffffffffffffffffffffff",3.90,,0.15,13,21.61,19.79,100440.00,184.00,0,0,0,0,,,-1.00,-1.00,-1.00,-1.00,-1.00,-1.00
2023-02-02T16:37:31Z,"0002cc0100000648","225106a94bfd3e63025f0d159d621b31d00a60000000000000ffffffffffffffffffffffff",3.90,,0.15,13,21.61,19.46,100457.00,166.00,0,0,0,0,,,-1.00,-1.00,-1.00,-1.00,-1.00,-1.00
2023-02-02T16:43:27Z,"0002cc0100000648","225106aaaffd3e6b025f0d1598621a312d0ac0000000000000ffffffffffffffffffffffff",3.90,,0.15,13,21.59,19.21,100452.00,172.00,0,0,0,0,,,-1.00,-1.00,-1.00,-1.00,-1.00,-1.00
2023-02-02T16:49:23Z,"0002cc0100000648","225106ac13fd3e6b025f0d1590621e30a70c30000000000000ffffffffffffffffffffffff",3.90,,0.15,13,21.56,19.00,100471.00,195.00,0,0,0,0,,,-1.00,-1.00,-1.00,-1.00,-1.00,-1.00
2023-02-02T16:55:19Z,"0002cc0100000648","225106ad77fd3e6b025f0d1588621b303f0bf0000000000000ffffffffffffffffffffffff",3.90,,0.15,13,21.53,18.85,100458.00,191.00,0,0,0,0,,,-1.00,-1.00,-1.00,-1.00,-1.00,-1.00
2023-02-02T17:01:15Z,"0002cc0100000648","225106aedbfd3e67025f0d158162182ff40b90000000000000ffffffffffffffffffffffff",3.90,,0.15,13,21.50,18.73,100446.00,185.00,0,0,0,0,,,-1.00,-1.00,-1.00,-1.00,-1.00,-1.00
2023-02-02T17:07:11Z,"0002cc0100000648","225106b03ffd3e6b025f0d157662122fdd0b30000000000000ffffffffffffffffffffffff",3.90,,0.15,13,21.46,18.70,100420.00,179.00,0,0,0,0,,,-1.00,-1.00,-1.00,-1.00,-1.00,-1.00
2023-02-02T17:13:07Z,"0002cc0100000648","225106b1a3fd3e63025f0d156c621130940b30000000000000ffffffffffffffffffffffff",3.90,,0.15,13,21.42,18.98,100419.00,179.00,0,0,0,0,,,-1.00,-1.00,-1.00,-1.00,-1.00,-1.00
2023-02-02T17:19:03Z,"0002cc0100000648","225106b307fd3e5f025f0d1564620b313e0bf0000000000000ffffffffffffffffffffffff",3.90,,0.15,13,21.39,19.24,100392.00,191.00,0,0,0,0,,,-1.00,-1.00,-1.00,-1.00,-1.00,-1.00
2023-02-02T17:25:00Z,"0002cc0100000648","225106b46cfd3e6b025f0d1562620b31fd0a00000000000000ffffffffffffffffffffffff",3.90,,0.15,13,21.38,19.53,100393.00,160.00,0,0,0,0,,,-1.00,-1.00,-1.00,-1.00,-1.00,-1.00
2023-02-02T17:30:56Z,"0002cc0100000648","225106b5d0fd3e6b025f0d15626207324e0b70000000000000ffffffffffffffffffffffff",3.90,,0.15,13,21.38,19.65,100379.00,183.00,0,0,0,0,,,-1.00,-1.00,-1.00,-1.00,-1.00,-1.00
2023-02-02T17:36:52Z,"0002cc0100000648","225106b734fd3e67025f0d155f6209324e0aa0000000000000ffffffffffffffffffffffff",3.90,,0.15,13,21.37,19.65,100386.00,170.00,0,0,0,0,,,-1.00,-1.00,-1.00,-1.00,-1.00,-1.00
2023-02-02T17:42:48Z,"0002cc0100000648","225106b898fd3e6b02670d155f620531ab0bf0000000000000ffffffffffffffffffffffff",3.90,,0.15,13,21.37,19.40,100371.00,191.00,0,0,0,0,,,-1.00,-1.00,-1.00,-1.00,-1.00,-1.00
2023-02-02T17:48:44Z,"0002cc0100000648","225106b9fcfd3e63025f0d155f620a31530ab0000000000000ffffffffffffffffffffffff",3.90,,0.15,13,21.37,19.27,100388.00,171.00,0,0,0,0,,,-1.00,-1.00,-1.00,-1.00,-1.00,-1.00
2023-02-02T17:54:40Z,"0002cc0100000648","225106bb60fd3e63025f0d155d620631260b00000000000000ffffffffffffffffffffffff",3.90,,0.15,13,21.36,19.20,100375.00,176.00,0,0,0,0,,,-1.00,-1.00,-1.00,-1.00,-1.00,-1.00
2023-02-02T18:00:36Z,"0002cc0100000648","225106bcc4fd3e6b02670d155a620530f20bf0000000000000ffffffffffffffffffffffff",3.90,,0.15,13,21.35,19.12,100370.00,191.00,0,0,0,0,,,-1.00,-1.00,-1.00,-1.00,-1.00,-1.00
2023-02-02T18:06:32Z,"0002cc0100000648","225106be28fd3e6302670d1558620630cd0b30000000000000ffffffffffffffffffffffff",3.90,,0.15,13,21.34,19.06,100373.00,179.00,0,0,0,0,,,-1.00,-1.00,-1.00,-1.00,-1.00,-1.00
2023-02-02T18:12:29Z,"0002cc0100000648","225106bf8dfd3e57025f0d155561fd30a00be0000000000000ffffffffffffffffffffffff",3.90,,0.15,13,21.33,19.00,100339.00,190.00,0,0,0,0,,,-1.00,-1.00,-1.00,-1.00,-1.00,-1.00
2023-02-02T18:18:25Z,"0002cc0100000648","225106c0f1fd3e63025f0d155561fc30830a80000000000000ffffffffffffffffffffffff",3.90,,0.15,13,21.33,18.95,100333.00,168.00,0,0,0,0,,,-1.00,-1.00,-1.00,-1.00,-1.00,-1.00
2023-02-02T18:24:21Z,"0002cc0100000648","225106c255fd3e5f025f0d155561fb305e0aa0000000000000ffffffffffffffffffffffff",3.90,,0.15,13,21.33,18.89,100328.00,170.00,0,0,0,0,,,-1.00,-1.00,-1.00,-1.00,-1.00,-1.00
2023-02-02T18:30:17Z,"0002cc0100000648","225106c3b9fd3e6b025f0d155561fb30400ae0000000000000ffffffffffffffffffffffff",3.90,,0.15,13,21.33,18.85,100330.00,174.00,0,0,0,0,,,-1.00,-1.00,-1.00,-1.00,-1.00,-1.00
2023-02-02T18:36:13Z,"0002cc0100000648","225106c51dfd3e63025f0d155561f4304f0bc0000000000000ffffffffffffffffffffffff",3.90,,0.15,13,21.33,18.87,100302.00,188.00,0,0,0,0,,,-1.00,-1.00,-1.00,-1.00,-1.00,-1.00
2023-02-02T18:42:09Z,"0002cc0100000648","225106c681fd3e63025f0d155561f630480a90000000000000ffffffffffffffffffffffff",3.90,,0.15,13,21.33,18.86,100308.00,169.00,0,0,0,0,,,-1.00,-1.00,-1.00,-1.00,-1.00,-1.00
2023-02-02T18:48:05Z,"0002cc0100000648","225106c7e5fd3e63025f0d155561f430060ae0000000000000ffffffffffffffffffffffff",3.90,,0.15,13,21.33,18.76,100301.00,174.00,0,0,0,0,,,-1.00,-1.00,-1.00,-1.00,-1.00,-1.00
2023-02-02T18:54:01Z,"0002cc0100000648","225106c949fd3e63025f0d155561f22fca0c00000000000000ffffffffffffffffffffffff",3.90,,0.15,13,21.33,18.67,100294.00,192.00,0,0,0,0,,,-1.00,-1.00,-1.00,-1.00,-1.00,-1.00
2023-02-02T18:59:57Z,"0002cc0100000648","225106caadfd3e6b025f0d155261ed2fad0a70000000000000ffffffffffffffffffffffff",3.90,,0.15,13,21.32,18.62,100272.00,167.00,0,0,0,0,,,-1.00,-1.00,-1.00,-1.00,-1.00,-1.00
2023-02-02T19:05:54Z,"0002cc0100000648","225106cc12fd3e63025f0d155261e82f9e0a30000000000000ffffffffffffffffffffffff",3.90,,0.15,13,21.32,18.60,100254.00,163.00,0,0,0,0,,,-1.00,-1.00,-1.00,-1.00,-1.00,-1.00
2023-02-02T19:11:50Z,"0002cc0100000648","225106cd76fd3e57025f0d155261e72f880c20000000000000ffffffffffffffffffffffff",3.90,,0.15,13,21.32,18.57,100251.00,194.00,0,0,0,0,,,-1.00,-1.00,-1.00,-1.00,-1.00,-1.00
2023-02-02T19:17:46Z,"0002cc0100000648","225106cedafd3e5f025f0d155561e32f7909e0000000000000ffffffffffffffffffffffff",3.90,,0.15,13,21.33,18.54,100233.00,158.00,0,0,0,0,,,-1.00,-1.00,-1.00,-1.00,-1.00,-1.00
2023-02-02T19:23:42Z,"0002cc0100000648","225106d03efd3e63025f0d155261de2f370a50000000000000ffffffffffffffffffffffff",3.90,,0.15,13,21.32,18.44,100212.00,165.00,0,0,0,0,,,-1.00,-1.00,-1.00,-1.00,-1.00,-1.00
2023-02-02T19:29:38Z,"0002cc0100000648","225106d1a2fd3e63025f0d155261dc2f2f0ad0000000000000ffffffffffffffffffffffff",3.90,,0.15,13,21.32,18.43,100207.00,173.00,0,0,0,0,,,-1.00,-1.00,-1.00,-1.00,-1.00,-1.00
2023-02-02T19:35:34Z,"0002cc0100000648","225106d306fd3e6302670d155261d92f0a0b60000000000000ffffffffffffffffffffffff",3.90,,0.15,13,21.32,18.37,100195.00,182.00,0,0,0,0,,,-1.00,-1.00,-1.00,-1.00,-1.00,-1.00
2023-02-02T19:41:30Z,"0002cc0100000648","225106d46afd3e63025f0d155261d62ecf0b40000000000000ffffffffffffffffffffffff",3.90,,0.15,13,21.32,18.29,100180.00,180.00,0,0,0,0,,,-1.00,-1.00,-1.00,-1.00,-1.00,-1.00
2023-02-02T19:47:26Z,"0002cc0100000648","225106d5cefd3e6302670d155261d72eb209f0000000000000ffffffffffffffffffffffff",3.90,,0.15,13,21.32,18.24,100186.00,159.00,0,0,0,0,,,-1.00,-1.00,-1.00,-1.00,-1.00,-1.00
2023-02-02T19:53:22Z,"0002cc0100000648","225106d732fd3e63025f0d155261d22e7e0a70000000000000ffffffffffffffffffffffff",3.90,,0.15,13,21.32,18.16,100164.00,167.00,0,0,0,0,,,-1.00,-1.00,-1.00,-1.00,-1.00,-1.00
2023-02-02T19:59:18Z,"0002cc0100000648","225106d896fd3e63025f0d155061d22e670a70000000000000ffffffffffffffffffffffff",3.90,,0.15,13,21.31,18.13,100167.00,167.00,0,0,0,0,,,-1.00,-1.00,-1.00,-1.00,-1.00,-1.00
2023-02-02T20:05:15Z,"0002cc0100000648","225106d9fbfd3e63025f0d155061ce2e340b70000000000000ffffffffffffffffffffffff",3.90,,0.15,13,21.31,18.05,100148.00,183.00,0,0,0,0,,,-1.00,-1.00,-1.00,-1.00,-1.00,-1.00
2023-02-02T20:11:11Z,"0002cc0100000648","225106db5ffd3e6302670d154d61cc2e250a00000000000000ffffffffffffffffffffffff",3.90,,0.15,13,21.30,18.03,100143.00,160.00,0,0,0,0,,,-1.00,-1.00,-1.00,-1.00,-1.00,-1.00
2023-02-02T20:17:07Z,"0002cc0100000648","225106dcc3fd3e6302670d154d61cf2e490b30000000000000ffffffffffffffffffffffff",3.90,,0.15,13,21.30,18.08,100154.00,179.00,0,0,0,0,,,-1.00,-1.00,-1.00,-1.00,-1.00,-1.00
2023-02-02T20:23:03Z,"0002cc0100000648","225106de27fd3e57025f0d154861cc2e420cc0000000000000ffffffffffffffffffffffff",3.90,,0.15,13,21.28,18.07,100141.00,204.00,0,0,0,0,,,-1.00,-1.00,-1.00,-1.00,-1.00,-1.00
2023-02-02T20:28:59Z,"0002cc0100000648","225106df8bfd3e63025f0d154661ca2e240ab0000000000000ffffffffffffffffffffffff",3.90,,0.15,13,21.27,18.02,100132.00,171.00,0,0,0,0,,,-1.00,-1.00,-1.00,-1.00,-1.00,-1.00
2023-02-02T20:34:55Z,"0002cc0100000648","225106e0effd3e5f025f0d154661c72df00c20000000000000ffffffffffffffffffffffff",3.90,,0.15,13,21.27,17.94,100123.00,194.00,0,0,0,0,,,-1.00,-1.00,-1.00,-1.00,-1.00,-1.00
2023-02-02T20:40:51Z,"0002cc0100000648","225106e253fd3e6302670d154861ca2dc40ae0000000000000ffffffffffffffffffffffff",3.90,,0.15,13,21.28,17.88,100135.00,174.00,0,0,0,0,,,-1.00,-1.00,-1.00,-1.00,-1.00,-1.00
2023-02-02T20:46:47Z,"0002cc0100000648","225106e3b7fd3e63025f0d154661c92dae0ac0000000000000ffffffffffffffffffffffff",3.90,,0.15,13,21.27,17.84,100129.00,172.00,0,0,0,0,,,-1.00,-1.00,-1.00,-1.00,-1.00,-1.00
2023-02-02T20:52:44Z,"0002cc0100000648","225106e51cfd3e63025f0d154861ca2d900b90000000000000ffffffffffffffffffffffff",3.90,,0.15,13,21.28,17.80,100135.00,185.00,0,0,0,0,,,-1.00,-1.00,-1.00,-1.00,-1.00,-1.00
2023-02-02T20:58:40Z,"0002cc0100000648","225106e680fd3e63025f0d154861c92d6b0ab0000000000000ffffffffffffffffffffffff",3.90,,0.15,13,21.28,17.74,100130.00,171.00,0,0,0,0,,,-1.00,-1.00,-1.00,-1.00,-1.00,-1.00
2023-02-02T21:04:36Z,"0002cc0100000648","225106e7e4fd3e6302670d154861c72d5d0b10000000000000ffffffffffffffffffffffff",3.90,,0.15,13,21.28,17.72,100121.00,177.00,0,0,0,0,,,-1.00,-1.00,-1.00,-1.00,-1.00,-1.00
2023-02-02T21:10:32Z,"0002cc0100000648","225106e948fd3e63025f0d154861ca2d460b00000000000000ffffffffffffffffffffffff",3.90,,0.15,13,21.28,17.69,100134.00,176.00,0,0,0,0,,,-1.00,-1.00,-1.00,-1.00,-1.00,-1.00
2023-02-02T21:16:28Z,"0002cc0100000648","225106eaacfd3e5f026f0d154861c62d460a60000000000000ffffffffffffffffffffffff",3.90,,0.15,13,21.28,17.69,100117.00,166.00,0,0,0,0,,,-1.00,-1.00,-1.00,-1.00,-1.00,-1.00
2023-02-02T21:22:24Z,"0002cc0100000648","225106ec10fd3e5b025f0d154861c92d4e0ba0000000000000ffffffffffffffffffffffff",3.90,,0.15,13,21.28,17.70,100131.00,186.00,0,0,0,0,,,-1.00,-1.00,-1.00,-1.00,-1.00,-1.00
2023-02-02T21:28:20Z,"0002cc0100000648","225106ed74fd3e63025f0d154861cc2d460ae0000000000000ffffffffffffffffffffffff",3.90,,0.15,13,21.28,17.69,100142.00,174.00,0,0,0,0,,,-1.00,-1.00,-1.00,-1.00,-1.00,-1.00
2023-02-02T21:34:16Z,"0002cc0100000648","225106eed8fd3e63025f0d154861cc2d550a40000000000000ffffffffffffffffffffffff",3.90,,0.15,13,21.28,17.71,100142.00,164.00,0,0,0,0,,,-1.00,-1.00,-1.00,-1.00,-1.00,-1.00
2023-02-02T21:40:12Z,"0002cc0100000648","225106f03cfd3e63025f0d154861cc2d460bf0000000000000ffffffffffffffffffffffff",3.90,,0.15,13,21.28,17.69,100142.00,191.00,0,0,0,0,,,-1.00,-1.00,-1.00,-1.00,-1.00,-1.00
2023-02-02T21:46:08Z,"0002cc0100000648","225106f1a0fd3e63025f0d154861cc2d380ba0000000000000ffffffffffffffffffffffff",3.90,,0.15,13,21.28,17.66,100143.00,186.00,0,0,0,0,,,-1.00,-1.00,-1.00,-1.00,-1.00,-1.00
2023-02-02T21:52:05Z,"0002cc0100000648","225106f305fd3e63025f0d154661cf2d290a30000000000000ffffffffffffffffffffffff",3.90,,0.15,13,21.27,17.64,100153.00,163.00,0,0,0,0,,,-1.00,-1.00,-1.00,-1.00,-1.00,-1.00
2023-02-02T21:58:01Z,"0002cc0100000648","225106f469fd3e63025f0d154661d12d210c10000000000000ffffffffffffffffffffffff",3.90,,0.15,13,21.27,17.63,100163.00,193.00,0,0,0,0,,,-1.00,-1.00,-1.00,-1.00,-1.00,-1.00
2023-02-02T22:03:57Z,"0002cc0100000648","225106f5cdfd3e63025f0d154661d22d290b80000000000000ffffffffffffffffffffffff",3.90,,0.15,13,21.27,17.64,100165.00,184.00,0,0,0,0,,,-1.00,-1.00,-1.00,-1.00,-1.00,-1.00
2023-02-02T22:09:53Z,"0002cc0100000648","225106f731fd3e5b025f0d154661d32d550b10000000000000ffffffffffffffffffffffff",3.90,,0.15,13,21.27,17.71,100168.00,177.00,0,0,0,0,,,-1.00,-1.00,-1.00,-1.00,-1.00,-1.00
2023-02-02T22:15:49Z,"0002cc0100000648","225106f895fd3e57025f0d154661d12d7a0a80000000000000ffffffffffffffffffffffff",3.90,,0.15,13,21.27,17.76,100160.00,168.00,0,0,0,0,,,-1.00,-1.00,-1.00,-1.00,-1.00,-1.00
2023-02-02T22:21:45Z,"0002cc0100000648","225106f9f9fd3e63025f0d154661d12d5d0a30000000000000ffffffffffffffffffffffff",3.90,,0.15,13,21.27,17.72,100163.00,163.00,0,0,0,0,,,-1.00,-1.00,-1.00,-1.00,-1.00,-1.00
2023-02-02T22:27:41Z,"0002cc0100000648","225106fb5dfd3e5b025f0d154661d22d460c20000000000000ffffffffffffffffffffffff",3.90,,0.15,13,21.27,17.69,100166.00,194.00,0,0,0,0,,,-1.00,-1.00,-1.00,-1.00,-1.00,-1.00
2023-02-02T22:33:37Z,"0002cc0100000648","225106fcc1fd3e6302670d154661d52d460b50000000000000ffffffffffffffffffffffff",3.90,,0.15,13,21.27,17.69,100176.00,181.00,0,0,0,0,,,-1.00,-1.00,-1.00,-1.00,-1.00,-1.00
2023-02-02T22:39:34Z,"0002cc0100000648","225106fe26fd3e5b025f0d154661d82d380c10000000000000ffffffffffffffffffffffff",3.90,,0.15,13,21.27,17.66,100191.00,193.00,0,0,0,0,,,-1.00,-1.00,-1.00,-1.00,-1.00,-1.00
2023-02-02T22:45:30Z,"0002cc0100000648","225106ff8afd3e57025f0d154361da2d370b60000000000000ffffffffffffffffffffffff",3.90,,0.15,13,21.26,17.66,100196.00,182.00,0,0,0,0,,,-1.00,-1.00,-1.00,-1.00,-1.00,-1.00
2023-02-02T22:51:26Z,"0002cc0100000648","22510700eefd3e5b025f0d154361df2d190bd0000000000000ffffffffffffffffffffffff",3.90,,0.15,13,21.26,17.62,100217.00,189.00,0,0,0,0,,,-1.00,-1.00,-1.00,-1.00,-1.00,-1.00
2023-02-02T22:57:22Z,"0002cc0100000648","2251070252fd3e5b025f0d154361df2d5c0af0000000000000ffffffffffffffffffffffff",3.90,,0.15,13,21.26,17.72,100216.00,175.00,0,0,0,0,,,-1.00,-1.00,-1.00,-1.00,-1.00,-1.00
2023-02-02T23:03:18Z,"0002cc0100000648","22510703b6fd3e5b025f0d154361e02dbc0a90000000000000ffffffffffffffffffffffff",3.90,,0.15,13,21.26,17.87,100220.00,169.00,0,0,0,0,,,-1.00,-1.00,-1.00,-1.00,-1.00,-1.00
2023-02-02T23:09:14Z,"0002cc0100000648","225107051afd3e5b02670d154861df2e3a0af0000000000000ffffffffffffffffffffffff",3.90,,0.15,13,21.28,18.06,100219.00,175.00,0,0,0,0,,,-1.00,-1.00,-1.00,-1.00,-1.00,-1.00
2023-02-02T23:15:10Z,"0002cc0100000648","225107067efd3e57025f0d154861df2dff0b40000000000000ffffffffffffffffffffffff",3.90,,0.15,13,21.28,17.97,100216.00,180.00,0,0,0,0,,,-1.00,-1.00,-1.00,-1.00,-1.00,-1.00
2023-02-02T23:21:06Z,"0002cc0100000648","22510707e2fd3e5b025f0d154b61e02de90b30000000000000ffffffffffffffffffffffff",3.90,,0.15,13,21.29,17.93,100220.00,179.00,0,0,0,0,,,-1.00,-1.00,-1.00,-1.00,-1.00,-1.00
2023-02-02T23:27:02Z,"0002cc0100000648","2251070946fd3e5b025f0d154d61e22dbd0b80000000000000ffffffffffffffffffffffff",3.90,,0.15,13,21.30,17.87,100231.00,184.00,0,0,0,0,,,-1.00,-1.00,-1.00,-1.00,-1.00,-1.00
2023-02-02T23:32:58Z,"0002cc0100000648","2251070aaafd3e5b025f0d154d61e22e240ac0000000000000ffffffffffffffffffffffff",3.90,,0.15,13,21.30,18.02,100230.00,172.00,0,0,0,0,,,-1.00,-1.00,-1.00,-1.00,-1.00,-1.00
2023-02-02T23:38:55Z,"0002cc0100000648","2251070c0ffd3e5b02670d154d61e52e593979000000000000ffffffffffffffffffffffff",3.90,,0.15,13,21.30,18.10,100240.00,2425.00,0,0,0,0,,,-1.00,-1.00,-1.00,-1.00,-1.00,-1.00
2023-02-02T23:44:51Z,"0002cc0100000648","2251070d73fd3e5702670d154d61e52ea90b60000000000000fffffffffd29ffffffffffff",3.90,,0.15,13,21.30,18.23,100241.00,182.00,0,0,0,0,,,-1.00,-1.00,-1.00,-0.65,-1.00,-1.00
2023-02-02T23:50:47Z,"0002cc0100000648","2251070ed7fd3e5702670d155061e82ec70d70000000000000ffffffffffffffffffffffff",3.90,,0.15,13,21.31,18.27,100253.00,215.00,0,0,0,0,,,-1.00,-1.00,-1.00,-1.00,-1.00,-1.00
2023-02-02T23:56:43Z,"0002cc0100000648","225107103bfd3e5b025f0d155061ec2f020b90000000000000ffffffffffffffffffffffff",3.90,,0.15,13,21.31,18.36,100269.00,185.00,0,0,0,0,,,-1.00,-1.00,-1.00,-1.00,-1.00,-1.00
