Time,DevEUI,Raw,Vbat,Vsystem,Vbus,BootCount,T,RH,P,Light,P[0].delta,P[0].total,P[1].delta,P[1].total,Act[7],Act[6],Act[5],Act[4],Act[3],Act[2],Act[1],Act[0]
2023-01-31T00:01:56Z,"0002cc0100000648","2251031cf4fd3eb102670d15af628f31d238fe000000000000ffffffffffffffffffffffff",3.92,,0.15,13,21.68,19.46,100923.00,2302.00,0,0,0,0,,,-1.00,-1.00,-1.00,-1.00,-1.00,-1.00
2023-01-31T00:07:53Z,"0002cc0100000648","2251031e59fd3ed1025f0d15b16296310b0a70000000000000ffffffffffffffffffffffff",3.93,,0.15,13,21.69,19.16,100948.00,167.00,0,0,0,0,,,-1.00,-1.00,-1.00,-1.00,-1.00,-1.00
2023-01-31T00:13:49Z,"0002cc0100000648","2251031fbdfd3ebd02670d15b6629731640a90000000000000ffffffffffffffffffffffff",3.92,,0.15,13,21.71,19.29,100955.00,169.00,0,0,0,0,,,-1.00,-1.00,-1.00,-1.00,-1.00,-1.00
2023-01-31T00:19:45Z,"0002cc0100000648","2251032121fd3ebd02670d15b6629b32070b40000000000000ffffffffffffffffffffffff",3.92,,0.15,13,21.71,19.54,100970.00,180.00,0,0,0,0,,,-1.00,-1.00,-1.00,-1.00,-1.00,-1.00
2023-01-31T00:25:41Z,"0002cc0100000648","2251032285fd3ec502670d15b6629832a20b70000000000000ffffffffffffffffffffffff",3.92,,0.15,13,21.71,19.78,100959.00,183.00,0,0,0,0,,,-1.00,-1.00,-1.00,-1.00,-1.00,-1.00
2023-01-31T00:31:37Z,"0002cc0100000648","22510323e9fd3ebd02670d15b4629733620ab0000000000000ffffffffffffffffffffffff",3.92,,0.15,13,21.70,20.07,100952.00,171.00,0,0,0,0,,,-1.00,-1.00,-1.00,-1.00,-1.00,-1.00
2023-01-31T00:37:33Z,"0002cc0100000648","225103254dfd3ec102670d15b1629632b00c10000000000000ffffffffffffffffffffffff",3.92,,0.15,13,21.69,19.80,100951.00,193.00,0,0,0,0,,,-1.00,-1.00,-1.00,-1.00,-1.00,-1.00
2023-01-31T00:43:29Z,"0002cc0100000648","22510326b1fd3ec5026f0d15b1629232bf0af0000000000000ffffffffffffffffffffffff",3.92,,0.15,13,21.69,19.82,100935.00,175.00,0,0,0,0,,,-1.00,-1.00,-1.00,-1.00,-1.00,-1.00
2023-01-31T00:49:25Z,"0002cc0100000648","2251032815fd3ebd02670d15af629832660bd0000000000000ffffffffffffffffffffffff",3.92,,0.15,13,21.68,19.69,100959.00,189.00,0,0,0,0,,,-1.00,-1.00,-1.00,-1.00,-1.00,-1.00
2023-01-31T00:55:21Z,"0002cc0100000648","2251032979fd3ebd025f0d15ac629d322b0b80000000000000ffffffffffffffffffffffff",3.92,,0.15,13,21.67,19.60,100978.00,184.00,0,0,0,0,,,-1.00,-1.00,-1.00,-1.00,-1.00,-1.00
2023-01-31T01:01:18Z,"0002cc0100000648","2251032adefd3ec502670d15a9629c31f60c20000000000000ffffffffffffffffffffffff",3.92,,0.15,13,21.66,19.52,100973.00,194.00,0,0,0,0,,,-1.00,-1.00,-1.00,-1.00,-1.00,-1.00
2023-01-31T01:07:14Z,"0002cc0100000648","2251032c42fd3ebd02670d15a7629631ca0b70000000000000ffffffffffffffffffffffff",3.92,,0.15,13,21.65,19.45,100951.00,183.00,0,0,0,0,,,-1.00,-1.00,-1.00,-1.00,-1.00,-1.00
2023-01-31T01:13:10Z,"0002cc0100000648","2251032da6fd3ec502670d15a4629631ac0ab0000000000000ffffffffffffffffffffffff",3.92,,0.15,13,21.64,19.40,100949.00,171.00,0,0,0,0,,,-1.00,-1.00,-1.00,-1.00,-1.00,-1.00
2023-01-31T01:19:06Z,"0002cc0100000648","2251032f0afd3ebd02670d15a46298318f0a60000000000000ffffffffffffffffffffffff",3.92,,0.15,13,21.64,19.36,100958.00,166.00,0,0,0,0,,,-1.00,-1.00,-1.00,-1.00,-1.00,-1.00
2023-01-31T01:25:02Z,"0002cc0100000648","225103306efd3eb502670d15a26298317009d0000000000000ffffffffffffffffffffffff",3.92,,0.15,13,21.63,19.31,100956.00,157.00,0,0,0,0,,,-1.00,-1.00,-1.00,-1.00,-1.00,-1.00
2023-01-31T01:30:58Z,"0002cc0100000648","22510331d2fd3ed102670d15a2629a31620aa0000000000000ffffffffffffffffffffffff",3.93,,0.15,13,21.63,19.29,100964.00,170.00,0,0,0,0,,,-1.00,-1.00,-1.00,-1.00,-1.00,-1.00
2023-01-31T01:36:54Z,"0002cc0100000648","2251033336fd3ebd02670d15a2629831700b80000000000000ffffffffffffffffffffffff",3.92,,0.15,13,21.63,19.31,100957.00,184.00,0,0,0,0,,,-1.00,-1.00,-1.00,-1.00,-1.00,-1.00
2023-01-31T01:42:50Z,"0002cc0100000648","225103349afd3ebd02670d159f629731690a80000000000000ffffffffffffffffffffffff",3.92,,0.15,13,21.62,19.30,100954.00,168.00,0,0,0,0,,,-1.00,-1.00,-1.00,-1.00,-1.00,-1.00
2023-01-31T01:48:46Z,"0002cc0100000648","22510335fefd3ebd025f0d159f629532220b60000000000000ffffffffffffffffffffffff",3.92,,0.15,13,21.62,19.58,100945.00,182.00,0,0,0,0,,,-1.00,-1.00,-1.00,-1.00,-1.00,-1.00
2023-01-31T01:54:43Z,"0002cc0100000648","2251033763fd3ec502670d159d629531b2f000000000000000ffffffffffffffffffffffff",3.92,,0.15,13,21.61,19.41,100944.00,0.00,0,0,0,0,,,-1.00,-1.00,-1.00,-1.00,-1.00,-1.00
2023-01-31T02:00:39Z,"0002cc0100000648","22510338c7fd3ebd025f0d159f62943169f000000000000000ffffffffffffffffffffffff",3.92,,0.15,13,21.62,19.30,100942.00,0.00,0,0,0,0,,,-1.00,-1.00,-1.00,-1.00,-1.00,-1.00
2023-01-31T02:06:35Z,"0002cc0100000648","2251033a2bfd3ec502670d159f62973110f000000000000000ffffffffffffffffffffffff",3.92,,0.15,13,21.62,19.17,100952.00,0.00,0,0,0,0,,,-1.00,-1.00,-1.00,-1.00,-1.00,-1.00
2023-01-31T02:12:31Z,"0002cc0100000648","2251033b8ffd3ebd02670d15a2629630a9f000000000000000ffffffffffffffffffffffff",3.92,,0.15,13,21.63,19.01,100950.00,0.00,0,0,0,0,,,-1.00,-1.00,-1.00,-1.00,-1.00,-1.00
2023-01-31T02:18:27Z,"0002cc0100000648","2251033cf3fd3ebd02670d15a7629b308cf000000000000000ffffffffffffffffffffffff",3.92,,0.15,13,21.65,18.96,100970.00,0.00,0,0,0,0,,,-1.00,-1.00,-1.00,-1.00,-1.00,-1.00
2023-01-31T02:24:23Z,"0002cc0100000648","2251033e57fd3ebd025f0d15af629b3034f000000000000000ffffffffffffffffffffffff",3.92,,0.15,13,21.68,18.83,100968.00,0.00,0,0,0,0,,,-1.00,-1.00,-1.00,-1.00,-1.00,-1.00
2023-01-31T02:30:19Z,"0002cc0100000648","2251033fbbfd3ebd02670d15b662993095f000000000000000ffffffffffffffffffffffff",3.92,,0.15,13,21.71,18.98,100960.00,0.00,0,0,0,0,,,-1.00,-1.00,-1.00,-1.00,-1.00,-1.00
2023-01-31T02:36:15Z,"0002cc0100000648","225103411ffd3ebd02670d15be62963114f000000000000000ffffffffffffffffffffffff",3.92,,0.15,13,21.74,19.17,100948.00,0.00,0,0,0,0,,,-1.00,-1.00,-1.00,-1.00,-1.00,-1.00
2023-01-31T02:42:11Z,"0002cc0100000648","2251034283fd3ebd02670d15c66296315ff000000000000000ffffffffffffffffffffffff",3.92,,0.15,13,21.77,19.29,100951.00,0.00,0,0,0,0,,,-1.00,-1.00,-1.00,-1.00,-1.00,-1.00
2023-01-31T02:48:08Z,"0002cc0100000648","22510343e8fd3ebd025f0d15cd629c30daf000000000000000ffffffffffffffffffffffff",3.92,,0.15,13,21.80,19.08,100974.00,0.00,0,0,0,0,,,-1.00,-1.00,-1.00,-1.00,-1.00,-1.00
2023-01-31T02:54:04Z,"0002cc0100000648","225103454cfd3ebd026f0d15d2629d3100f000000000000000ffffffffffffffffffffffff",3.92,,0.15,13,21.82,19.14,100979.00,0.00,0,0,0,0,,,-1.00,-1.00,-1.00,-1.00,-1.00,-1.00
2023-01-31T03:00:00Z,"0002cc0100000648","22510346b0fd3ebd025f0d15d8629f3100f000000000000000ffffffffffffffffffffffff",3.92,,0.15,13,21.84,19.14,100986.00,0.00,0,0,0,0,,,-1.00,-1.00,-1.00,-1.00,-1.00,-1.00
2023-01-31T03:05:56Z,"0002cc0100000648","2251034814fd3ebd025f0d15dd62a13099f000000000000000ffffffffffffffffffffffff",3.92,,0.15,13,21.86,18.98,100993.00,0.00,0,0,0,0,,,-1.00,-1.00,-1.00,-1.00,-1.00,-1.00
2023-01-31T03:11:52Z,"0002cc0100000648","2251034978fd3ebd027b0d15e762a33162f000000000000000ffffffffffffffffffffffff",3.92,,0.16,13,21.90,19.29,101000.00,0.00,0,0,0,0,,,-1.00,-1.00,-1.00,-1.00,-1.00,-1.00
2023-01-31T03:17:48Z,"0002cc0100000648","2251034adcfd3ebd025f0d15ec62a531b4f000000000000000ffffffffffffffffffffffff",3.92,,0.15,13,21.92,19.42,101011.00,0.00,0,0,0,0,,,-1.00,-1.00,-1.00,-1.00,-1.00,-1.00
2023-01-31T03:23:44Z,"0002cc0100000648","2251034c40fd3ebd02670d15f462a83155f000000000000000ffffffffffffffffffffffff",3.92,,0.15,13,21.95,19.27,101022.00,0.00,0,0,0,0,,,-1.00,-1.00,-1.00,-1.00,-1.00,-1.00
2023-01-31T03:29:40Z,"0002cc0100000648","2251034da4fd3ebd02670d15fb62ac30e7f000000000000000ffffffffffffffffffffffff",3.92,,0.15,13,21.98,19.10,101036.00,0.00,0,0,0,0,,,-1.00,-1.00,-1.00,-1.00,-1.00,-1.00
2023-01-31T03:35:36Z,"0002cc0100000648","2251034f08fd3ebd025f0d15fe62ac309df000000000000000ffffffffffffffffffffffff",3.92,,0.15,13,21.99,18.99,101036.00,0.00,0,0,0,0,,,-1.00,-1.00,-1.00,-1.00,-1.00,-1.00
2023-01-31T03:41:32Z,"0002cc0100000648","225103506cfd3ebd02670d160362ad3087f000000000000000ffffffffffffffffffffffff",3.92,,0.15,13,22.01,18.96,101041.00,0.00,0,0,0,0,,,-1.00,-1.00,-1.00,-1.00,-1.00,-1.00
2023-01-31T03:47:29Z,"0002cc0100000648","22510351d1fd3ebd025f0d160662ae2fedf000000000000000ffffffffffffffffffffffff",3.92,,0.15,13,22.02,18.72,101047.00,0.00,0,0,0,0,,,-1.00,-1.00,-1.00,-1.00,-1.00,-1.00
2023-01-31T03:53:25Z,"0002cc0100000648","2251035335fd3ebd025f0d160862ae2f7df000000000000000ffffffffffffffffffffffff",3.92,,0.15,13,22.03,18.55,101047.00,0.00,0,0,0,0,,,-1.00,-1.00,-1.00,-1.00,-1.00,-1.00
2023-01-31T03:59:21Z,"0002cc0100000648","2251035499fd3ebd025f0d160862af2f24f000000000000000ffffffffffffffffffffffff",3.92,,0.15,13,22.03,18.42,101050.00,0.00,0,0,0,0,,,-1.00,-1.00,-1.00,-1.00,-1.00,-1.00
2023-01-31T04:05:17Z,"0002cc0100000648","22510355fdfd3ebd025f0d160b62ad2f00f000000000000000ffffffffffffffffffffffff",3.92,,0.15,13,22.04,18.36,101042.00,0.00,0,0,0,0,,,-1.00,-1.00,-1.00,-1.00,-1.00,-1.00
2023-01-31T04:11:13Z,"0002cc0100000648","2251035761fd3ebd02670d160b62ac2ef9f000000000000000ffffffffffffffffffffffff",3.92,,0.15,13,22.04,18.35,101036.00,0.00,0,0,0,0,,,-1.00,-1.00,-1.00,-1.00,-1.00,-1.00
2023-01-31T04:17:09Z,"0002cc0100000648","22510358c5fd3eb5025f0d160d62ac2fe6f000000000000000ffffffffffffffffffffffff",3.92,,0.15,13,22.05,18.71,101036.00,0.00,0,0,0,0,,,-1.00,-1.00,-1.00,-1.00,-1.00,-1.00
2023-01-31T04:23:05Z,"0002cc0100000648","2251035a29fd3eb902670d161062ac2fc8f000000000000000ffffffffffffffffffffffff",3.92,,0.15,13,22.06,18.67,101037.00,0.00,0,0,0,0,,,-1.00,-1.00,-1.00,-1.00,-1.00,-1.00
2023-01-31T04:29:01Z,"0002cc0100000648","2251035b8dfd3eb902670d161262ab2f26f000000000000000ffffffffffffffffffffffff",3.92,,0.15,13,22.07,18.42,101034.00,0.00,0,0,0,0,,,-1.00,-1.00,-1.00,-1.00,-1.00,-1.00
2023-01-31T04:34:57Z,"0002cc0100000648","2251035cf1fd3ebd025f0d161262ab2ed4f000000000000000ffffffffffffffffffffffff",3.92,,0.15,13,22.07,18.29,101035.00,0.00,0,0,0,0,,,-1.00,-1.00,-1.00,-1.00,-1.00,-1.00
2023-01-31T04:40:54Z,"0002cc0100000648","2251035e56fd3ebd025f0d161062ab3012f000000000000000ffffffffffffffffffffffff",3.92,,0.15,13,22.06,18.78,101035.00,0.00,0,0,0,0,,,-1.00,-1.00,-1.00,-1.00,-1.00,-1.00
2023-01-31T04:46:50Z,"0002cc0100000648","2251035fbafd3ebd02670d161562ae304ef000000000000000ffffffffffffffffffffffff",3.92,,0.15,13,22.08,18.87,101047.00,0.00,0,0,0,0,,,-1.00,-1.00,-1.00,-1.00,-1.00,-1.00
2023-01-31T04:52:46Z,"0002cc0100000648","225103611efd3eb5025f0d161d62b1305df000000000000000ffffffffffffffffffffffff",3.92,,0.15,13,22.11,18.89,101057.00,0.00,0,0,0,0,,,-1.00,-1.00,-1.00,-1.00,-1.00,-1.00
2023-01-31T04:58:42Z,"0002cc0100000648","2251036282fd3eb5026f0d161f62ad3152f000000000000000ffffffffffffffffffffffff",3.92,,0.15,13,22.12,19.27,101043.00,0.00,0,0,0,0,,,-1.00,-1.00,-1.00,-1.00,-1.00,-1.00
2023-01-31T05:04:38Z,"0002cc0100000648","22510363e6fd3eb9025f0d162262ab30c6f000000000000000ffffffffffffffffffffffff",3.92,,0.15,13,22.13,19.05,101033.00,0.00,0,0,0,0,,,-1.00,-1.00,-1.00,-1.00,-1.00,-1.00
2023-01-31T05:10:34Z,"0002cc0100000648","225103654afd3ebd025f0d162262ac30e4f000000000000000ffffffffffffffffffffffff",3.92,,0.15,13,22.13,19.10,101036.00,0.00,0,0,0,0,,,-1.00,-1.00,-1.00,-1.00,-1.00,-1.00
2023-01-31T05:16:30Z,"0002cc0100000648","22510366aefd3ebd02670d162262ad305ef000000000000000ffffffffffffffffffffffff",3.92,,0.15,13,22.13,18.89,101042.00,0.00,0,0,0,0,,,-1.00,-1.00,-1.00,-1.00,-1.00,-1.00
2023-01-31T05:22:26Z,"0002cc0100000648","2251036812fd3ebd02670d162262ae3040f000000000000000ffffffffffffffffffffffff",3.92,,0.15,13,22.13,18.85,101045.00,0.00,0,0,0,0,,,-1.00,-1.00,-1.00,-1.00,-1.00,-1.00
2023-01-31T05:28:22Z,"0002cc0100000648","2251036976fd3eb9025f0d162262ad2fb4f000000000000000ffffffffffffffffffffffff",3.92,,0.15,13,22.13,18.63,101043.00,0.00,0,0,0,0,,,-1.00,-1.00,-1.00,-1.00,-1.00,-1.00
2023-01-31T05:34:18Z,"0002cc0100000648","2251036adafd3eb9025f0d162262ae2f19f000000000000000ffffffffffffffffffffffff",3.92,,0.15,13,22.13,18.40,101047.00,0.00,0,0,0,0,,,-1.00,-1.00,-1.00,-1.00,-1.00,-1.00
2023-01-31T05:40:14Z,"0002cc0100000648","2251036c3efd3eb9025f0d161f62b02ecff000000000000000ffffffffffffffffffffffff",3.92,,0.15,13,22.12,18.28,101055.00,0.00,0,0,0,0,,,-1.00,-1.00,-1.00,-1.00,-1.00,-1.00
2023-01-31T05:46:10Z,"0002cc0100000648","2251036da2fd3eb9025f0d162262b02eb0f000000000000000ffffffffffffffffffffffff",3.92,,0.15,13,22.13,18.24,101055.00,0.00,0,0,0,0,,,-1.00,-1.00,-1.00,-1.00,-1.00,-1.00
2023-01-31T05:52:07Z,"0002cc0100000648","2251036f07fd3eb9025f0d162262ad2ec0f000000000000000ffffffffffffffffffffffff",3.92,,0.15,13,22.13,18.26,101043.00,0.00,0,0,0,0,,,-1.00,-1.00,-1.00,-1.00,-1.00,-1.00
2023-01-31T05:58:03Z,"0002cc0100000648","225103706bfd3ebd025f0d161f62ad2eecf000000000000000ffffffffffffffffffffffff",3.92,,0.15,13,22.12,18.33,101042.00,0.00,0,0,0,0,,,-1.00,-1.00,-1.00,-1.00,-1.00,-1.00
2023-01-31T06:03:59Z,"0002cc0100000648","22510371cffd3eb9025f0d162262ad2e9bf000000000000000ffffffffffffffffffffffff",3.92,,0.15,13,22.13,18.21,101041.00,0.00,0,0,0,0,,,-1.00,-1.00,-1.00,-1.00,-1.00,-1.00
2023-01-31T06:09:55Z,"0002cc0100000648","2251037333fd3eb9025f0d162262ad2e42f000000000000000ffffffffffffffffffffffff",3.92,,0.15,13,22.13,18.07,101041.00,0.00,0,0,0,0,,,-1.00,-1.00,-1.00,-1.00,-1.00,-1.00
2023-01-31T06:15:51Z,"0002cc0100000648","2251037497fd3ebd025f0d162262af2dfff000000000000000ffffffffffffffffffffffff",3.92,,0.15,13,22.13,17.97,101048.00,0.00,0,0,0,0,,,-1.00,-1.00,-1.00,-1.00,-1.00,-1.00
2023-01-31T06:21:47Z,"0002cc0100000648","22510375fbfd3eb502670d162262b02df0f000000000000000ffffffffffffffffffffffff",3.92,,0.15,13,22.13,17.95,101053.00,0.00,0,0,0,0,,,-1.00,-1.00,-1.00,-1.00,-1.00,-1.00
2023-01-31T06:27:43Z,"0002cc0100000648","225103775ffd3eb9025f0d161f62b02dc4f000000000000000ffffffffffffffffffffffff",3.92,,0.15,13,22.12,17.88,101054.00,0.00,0,0,0,0,,,-1.00,-1.00,-1.00,-1.00,-1.00,-1.00
2023-01-31T06:33:39Z,"0002cc0100000648","22510378c3fd3eb5025f0d162262b02daef000000000000000ffffffffffffffffffffffff",3.92,,0.15,13,22.13,17.84,101055.00,0.00,0,0,0,0,,,-1.00,-1.00,-1.00,-1.00,-1.00,-1.00
2023-01-31T06:39:35Z,"0002cc0100000648","2251037a27fd3eb9025f0d161f62b02d98f000000000000000ffffffffffffffffffffffff",3.92,,0.15,13,22.12,17.81,101054.00,0.00,0,0,0,0,,,-1.00,-1.00,-1.00,-1.00,-1.00,-1.00
2023-01-31T06:45:31Z,"0002cc0100000648","2251037b8bfd3eb902670d162262b02d7af000000000000000ffffffffffffffffffffffff",3.92,,0.15,13,22.13,17.76,101053.00,0.00,0,0,0,0,,,-1.00,-1.00,-1.00,-1.00,-1.00,-1.00
2023-01-31T06:51:28Z,"0002cc0100000648","2251037cf0fd3eb5026f0d161f62ad2d5df000000000000000ffffffffffffffffffffffff",3.92,,0.15,13,22.12,17.72,101042.00,0.00,0,0,0,0,,,-1.00,-1.00,-1.00,-1.00,-1.00,-1.00
2023-01-31T06:57:24Z,"0002cc0100000648","2251037e54fd3eb902670d162262af2e8cf000000000000000ffffffffffffffffffffffff",3.92,,0.15,13,22.13,18.18,101051.00,0.00,0,0,0,0,,,-1.00,-1.00,-1.00,-1.00,-1.00,-1.00
2023-01-31T07:03:20Z,"0002cc0100000648","2251037fb8fd3eb902670d162762ad2f03f000000000000000ffffffffffffffffffffffff",3.92,,0.15,13,22.15,18.36,101043.00,0.00,0,0,0,0,,,-1.00,-1.00,-1.00,-1.00,-1.00,-1.00
2023-01-31T07:09:16Z,"0002cc0100000648","225103811cfd3eb902670d162962ad2f7af000000000000000ffffffffffffffffffffffff",3.92,,0.15,13,22.16,18.55,101043.00,0.00,0,0,0,0,,,-1.00,-1.00,-1.00,-1.00,-1.00,-1.00
2023-01-31T07:15:12Z,"0002cc0100000648","2251038280fd3eb902670d162f62ad30d6f000000000000000ffffffffffffffffffffffff",3.92,,0.15,13,22.18,19.08,101043.00,0.00,0,0,0,0,,,-1.00,-1.00,-1.00,-1.00,-1.00,-1.00
2023-01-31T07:21:08Z,"0002cc0100000648","22510383e4fd3eb902670d163162ae30f4f000000000000000ffffffffffffffffffffffff",3.92,,0.15,13,22.19,19.12,101047.00,0.00,0,0,0,0,,,-1.00,-1.00,-1.00,-1.00,-1.00,-1.00
2023-01-31T07:27:04Z,"0002cc0100000648","2251038548fd3eb9025f0d163462ad3025f000000000000000ffffffffffffffffffffffff",3.92,,0.15,13,22.20,18.81,101042.00,0.00,0,0,0,0,,,-1.00,-1.00,-1.00,-1.00,-1.00,-1.00
2023-01-31T07:33:00Z,"0002cc0100000648","22510386acfd3eb5025f0d163462ae2fbdf000000000000000ffffffffffffffffffffffff",3.92,,0.15,13,22.20,18.65,101045.00,0.00,0,0,0,0,,,-1.00,-1.00,-1.00,-1.00,-1.00,-1.00
2023-01-31T07:38:56Z,"0002cc0100000648","2251038810fd3ead026f0d163662b02f56f000000000000000ffffffffffffffffffffffff",3.92,,0.15,13,22.21,18.49,101053.00,0.00,0,0,0,0,,,-1.00,-1.00,-1.00,-1.00,-1.00,-1.00
2023-01-31T07:44:52Z,"0002cc0100000648","2251038974fd3eb902670d163662ae2f5df000000000000000ffffffffffffffffffffffff",3.92,,0.15,13,22.21,18.50,101045.00,0.00,0,0,0,0,,,-1.00,-1.00,-1.00,-1.00,-1.00,-1.00
2023-01-31T07:50:49Z,"0002cc0100000648","2251038ad9fd3eb9025f0d163962ae2ebbf000000000000000ffffffffffffffffffffffff",3.92,,0.15,13,22.22,18.25,101047.00,0.00,0,0,0,0,,,-1.00,-1.00,-1.00,-1.00,-1.00,-1.00
2023-01-31T07:56:45Z,"0002cc0100000648","2251038c3dfd3eb9025f0d163662b12e4bf000000000000000ffffffffffffffffffffffff",3.92,,0.15,13,22.21,18.08,101059.00,0.00,0,0,0,0,,,-1.00,-1.00,-1.00,-1.00,-1.00,-1.00
2023-01-31T08:02:41Z,"0002cc0100000648","2251038da1fd3ead02670d163462ae2e1ff000000000000000ffffffffffffffffffffffff",3.92,,0.15,13,22.20,18.02,101047.00,0.00,0,0,0,0,,,-1.00,-1.00,-1.00,-1.00,-1.00,-1.00
2023-01-31T08:08:37Z,"0002cc0100000648","2251038f05fd3eb9025f0d163462b02dc6f000000000000000ffffffffffffffffffffffff",3.92,,0.15,13,22.20,17.88,101052.00,0.00,0,0,0,0,,,-1.00,-1.00,-1.00,-1.00,-1.00,-1.00
2023-01-31T08:14:33Z,"0002cc0100000648","2251039069fd3eb902670d163662ae2d84f000000000000000ffffffffffffffffffffffff",3.92,,0.15,13,22.21,17.78,101045.00,0.00,0,0,0,0,,,-1.00,-1.00,-1.00,-1.00,-1.00,-1.00
2023-01-31T08:20:29Z,"0002cc0100000648","22510391cdfd3eb9025f0d163662ac2f82f000000000000000ffffffffffffffffffffffff",3.92,,0.15,13,22.21,18.56,101039.00,0.00,0,0,0,0,,,-1.00,-1.00,-1.00,-1.00,-1.00,-1.00
2023-01-31T08:26:25Z,"0002cc0100000648","2251039331fd3eb902670d163b62af2f4ff000000000000000ffffffffffffffffffffffff",3.92,,0.15,13,22.23,18.48,101048.00,0.00,0,0,0,0,,,-1.00,-1.00,-1.00,-1.00,-1.00,-1.00
2023-01-31T08:32:21Z,"0002cc0100000648","2251039495fd3eb5025f0d163e62b03001f000000000000000ffffffffffffffffffffffff",3.92,,0.15,13,22.24,18.75,101053.00,0.00,0,0,0,0,,,-1.00,-1.00,-1.00,-1.00,-1.00,-1.00
2023-01-31T08:38:17Z,"0002cc0100000648","22510395f9fd3eb9025f0d164162af3035f000000000000000ffffffffffffffffffffffff",3.92,,0.15,13,22.25,18.83,101048.00,0.00,0,0,0,0,,,-1.00,-1.00,-1.00,-1.00,-1.00,-1.00
2023-01-31T08:44:13Z,"0002cc0100000648","225103975dfd3eb902670d164362b03036f000000000000000ffffffffffffffffffffffff",3.92,,0.15,13,22.26,18.83,101052.00,0.00,0,0,0,0,,,-1.00,-1.00,-1.00,-1.00,-1.00,-1.00
2023-01-31T08:50:09Z,"0002cc0100000648","22510398c1fd3eb5025f0d164662b12ff3f000000000000000ffffffffffffffffffffffff",3.92,,0.15,13,22.27,18.73,101057.00,0.00,0,0,0,0,,,-1.00,-1.00,-1.00,-1.00,-1.00,-1.00
2023-01-31T08:56:06Z,"0002cc0100000648","2251039a26fd3eb502670d164862af2fd6f000000000000000ffffffffffffffffffffffff",3.92,,0.15,13,22.28,18.69,101049.00,0.00,0,0,0,0,,,-1.00,-1.00,-1.00,-1.00,-1.00,-1.00
2023-01-31T09:02:02Z,"0002cc0100000648","2251039b8afd3eb102670d164b62ad2f9bf000000000000000ffffffffffffffffffffffff",3.92,,0.15,13,22.29,18.60,101043.00,0.00,0,0,0,0,,,-1.00,-1.00,-1.00,-1.00,-1.00,-1.00
2023-01-31T09:07:58Z,"0002cc0100000648","2251039ceefd3eb5025f0d164b62b130d9f000000000000000ffffffffffffffffffffffff",3.92,,0.15,13,22.29,19.08,101056.00,0.00,0,0,0,0,,,-1.00,-1.00,-1.00,-1.00,-1.00,-1.00
2023-01-31T09:13:54Z,"0002cc0100000648","2251039e52fd3eb9025f0d164b62b030eff000000000000000ffffffffffffffffffffffff",3.92,,0.15,13,22.29,19.12,101055.00,0.00,0,0,0,0,,,-1.00,-1.00,-1.00,-1.00,-1.00,-1.00
2023-01-31T09:19:50Z,"0002cc0100000648","2251039fb6fd3eb5025f0d164d62af30bcf000000000000000ffffffffffffffffffffffff",3.92,,0.15,13,22.30,19.04,101049.00,0.00,0,0,0,0,,,-1.00,-1.00,-1.00,-1.00,-1.00,-1.00
2023-01-31T09:25:46Z,"0002cc0100000648","225103a11afd3ead025f0d164d62b13079f000000000000000ffffffffffffffffffffffff",3.92,,0.15,13,22.30,18.94,101059.00,0.00,0,0,0,0,,,-1.00,-1.00,-1.00,-1.00,-1.00,-1.00
2023-01-31T09:31:42Z,"0002cc0100000648","225103a27efd3eb902670d165262ae2fe6f000000000000000ffffffffffffffffffffffff",3.92,,0.15,13,22.32,18.71,101047.00,0.00,0,0,0,0,,,-1.00,-1.00,-1.00,-1.00,-1.00,-1.00
2023-01-31T09:37:38Z,"0002cc0100000648","225103a3e2fd3eb9025f0d165262ae2fc0f000000000000000ffffffffffffffffffffffff",3.92,,0.15,13,22.32,18.65,101046.00,0.00,0,0,0,0,,,-1.00,-1.00,-1.00,-1.00,-1.00,-1.00
2023-01-31T09:43:34Z,"0002cc0100000648","225103a546fd3eb1025f0d165262ac2f8df000000000000000ffffffffffffffffffffffff",3.92,,0.15,13,22.32,18.57,101038.00,0.00,0,0,0,0,,,-1.00,-1.00,-1.00,-1.00,-1.00,-1.00
2023-01-31T09:49:31Z,"0002cc0100000648","225103a6abfd3eb9025f0d165262a92f4af000000000000000ffffffffffffffffffffffff",3.92,,0.15,13,22.32,18.47,101026.00,0.00,0,0,0,0,,,-1.00,-1.00,-1.00,-1.00,-1.00,-1.00
2023-01-31T09:55:27Z,"0002cc0100000648","225103a80ffd3eb9025f0d165562a72f1ef000000000000000ffffffffffffffffffffffff",3.92,,0.15,13,22.33,18.41,101018.00,0.00,0,0,0,0,,,-1.00,-1.00,-1.00,-1.00,-1.00,-1.00
2023-01-31T10:01:23Z,"0002cc0100000648","225103a973fd3eb1025f0d165562a72edbf000000000000000ffffffffffffffffffffffff",3.92,,0.15,13,22.33,18.30,101016.00,0.00,0,0,0,0,,,-1.00,-1.00,-1.00,-1.00,-1.00,-1.00
2023-01-31T10:07:19Z,"0002cc0100000648","225103aad7fd3eb5025f0d165862ab2dbbf000000000000000ffffffffffffffffffffffff",3.92,,0.15,13,22.34,17.86,101035.00,0.00,0,0,0,0,,,-1.00,-1.00,-1.00,-1.00,-1.00,-1.00
2023-01-31T10:13:15Z,"0002cc0100000648","225103ac3bfd3eb102670d165862a92d96f000000000000000ffffffffffffffffffffffff",3.92,,0.15,13,22.34,17.81,101024.00,0.00,0,0,0,0,,,-1.00,-1.00,-1.00,-1.00,-1.00,-1.00
2023-01-31T10:19:11Z,"0002cc0100000648","225103ad9ffd3eb9025f0d165862ab2d9df000000000000000ffffffffffffffffffffffff",3.92,,0.15,13,22.34,17.82,101034.00,0.00,0,0,0,0,,,-1.00,-1.00,-1.00,-1.00,-1.00,-1.00
2023-01-31T10:25:07Z,"0002cc0100000648","225103af03fd3eb102670d165862ac2de0f000000000000000ffffffffffffffffffffffff",3.92,,0.15,13,22.34,17.92,101036.00,0.00,0,0,0,0,,,-1.00,-1.00,-1.00,-1.00,-1.00,-1.00
2023-01-31T10:31:03Z,"0002cc0100000648","225103b067fd3eb9025f0d165862a82e14f000000000000000ffffffffffffffffffffffff",3.92,,0.15,13,22.34,18.00,101023.00,0.00,0,0,0,0,,,-1.00,-1.00,-1.00,-1.00,-1.00,-1.00
2023-01-31T10:36:59Z,"0002cc0100000648","225103b1cbfd3eb102670d165a62a92d36f000000000000000ffffffffffffffffffffffff",3.92,,0.15,13,22.35,17.66,101025.00,0.00,0,0,0,0,,,-1.00,-1.00,-1.00,-1.00,-1.00,-1.00
2023-01-31T10:42:55Z,"0002cc0100000648","225103b32ffd3eb102670d165a62ab2d18f000000000000000ffffffffffffffffffffffff",3.92,,0.15,13,22.35,17.62,101035.00,0.00,0,0,0,0,,,-1.00,-1.00,-1.00,-1.00,-1.00,-1.00
2023-01-31T10:48:51Z,"0002cc0100000648","225103b493fd3eb1025f0d165a62ae2cbff000000000000000ffffffffffffffffffffffff",3.92,,0.15,13,22.35,17.48,101047.00,0.00,0,0,0,0,,,-1.00,-1.00,-1.00,-1.00,-1.00,-1.00
2023-01-31T10:54:48Z,"0002cc0100000648","225103b5f8fd3ead025f0d165d62af2d2ff000000000000000ffffffffffffffffffffffff",3.92,,0.15,13,22.36,17.65,101051.00,0.00,0,0,0,0,,,-1.00,-1.00,-1.00,-1.00,-1.00,-1.00
2023-01-31T11:00:44Z,"0002cc0100000648","225103b75cfd3eb1025f0d165d62ae2d79f000000000000000ffffffffffffffffffffffff",3.92,,0.15,13,22.36,17.76,101046.00,0.00,0,0,0,0,,,-1.00,-1.00,-1.00,-1.00,-1.00,-1.00
2023-01-31T11:06:40Z,"0002cc0100000648","225103b8c0fd3ead025f0d165d62ad2cf3f000000000000000ffffffffffffffffffffffff",3.92,,0.15,13,22.36,17.56,101043.00,0.00,0,0,0,0,,,-1.00,-1.00,-1.00,-1.00,-1.00,-1.00
2023-01-31T11:12:36Z,"0002cc0100000648","225103ba24fd3eb1025f0d165d62b02d28f000000000000000ffffffffffffffffffffffff",3.92,,0.15,13,22.36,17.64,101055.00,0.00,0,0,0,0,,,-1.00,-1.00,-1.00,-1.00,-1.00,-1.00
2023-01-31T11:18:32Z,"0002cc0100000648","225103bb88fd3eb1025f0d165f62b32d97f000000000000000ffffffffffffffffffffffff",3.92,,0.15,13,22.37,17.81,101066.00,0.00,0,0,0,0,,,-1.00,-1.00,-1.00,-1.00,-1.00,-1.00
2023-01-31T11:24:28Z,"0002cc0100000648","225103bcecfd3eb102670d165f62b52d72f000000000000000ffffffffffffffffffffffff",3.92,,0.15,13,22.37,17.75,101075.00,0.00,0,0,0,0,,,-1.00,-1.00,-1.00,-1.00,-1.00,-1.00
2023-01-31T11:30:24Z,"0002cc0100000648","225103be50fd3eb1025f0d166262b52d63f000000000000000ffffffffffffffffffffffff",3.92,,0.15,13,22.38,17.73,101072.00,0.00,0,0,0,0,,,-1.00,-1.00,-1.00,-1.00,-1.00,-1.00
2023-01-31T11:36:20Z,"0002cc0100000648","225103bfb4fd3eb102670d166462b32dadf000000000000000ffffffffffffffffffffffff",3.92,,0.15,13,22.39,17.84,101067.00,0.00,0,0,0,0,,,-1.00,-1.00,-1.00,-1.00,-1.00,-1.00
2023-01-31T11:42:16Z,"0002cc0100000648","225103c118fd3eb102670d166762b52d89f000000000000000ffffffffffffffffffffffff",3.92,,0.15,13,22.40,17.79,101074.00,0.00,0,0,0,0,,,-1.00,-1.00,-1.00,-1.00,-1.00,-1.00
2023-01-31T11:48:12Z,"0002cc0100000648","225103c27cfd3eb1025f0d166962b42d90f000000000000000ffffffffffffffffffffffff",3.92,,0.15,13,22.41,17.80,101071.00,0.00,0,0,0,0,,,-1.00,-1.00,-1.00,-1.00,-1.00,-1.00
2023-01-31T11:54:09Z,"0002cc0100000648","225103c3e1fd3eb1025f0d166f62b02dbdf000000000000000ffffffffffffffffffffffff",3.92,,0.15,13,22.43,17.87,101052.00,0.00,0,0,0,0,,,-1.00,-1.00,-1.00,-1.00,-1.00,-1.00
2023-01-31T12:00:04Z,"0002cc0100000648","225103c544fd3ea8025f0d167462ad2daff000000000000000ffffffffffffffffffffffff",3.92,,0.15,13,22.45,17.85,101042.00,0.00,0,0,0,0,,,-1.00,-1.00,-1.00,-1.00,-1.00,-1.00
2023-01-31T12:06:01Z,"0002cc0100000648","225103c6a9fd3eb1025f0d167462ae2e1ef000000000000000ffffffffffffffffffffffff",3.92,,0.15,13,22.45,18.01,101045.00,0.00,0,0,0,0,,,-1.00,-1.00,-1.00,-1.00,-1.00,-1.00
2023-01-31T12:11:57Z,"0002cc0100000648","225103c80dfd3eb1025f0d167662b42e9cf000000000000000ffffffffffffffffffffffff",3.92,,0.15,13,22.46,18.21,101071.00,0.00,0,0,0,0,,,-1.00,-1.00,-1.00,-1.00,-1.00,-1.00
2023-01-31T12:17:53Z,"0002cc0100000648","225103c971fd3ead02670d167662b02ea4f000000000000000ffffffffffffffffffffffff",3.92,,0.15,13,22.46,18.22,101053.00,0.00,0,0,0,0,,,-1.00,-1.00,-1.00,-1.00,-1.00,-1.00
2023-01-31T12:23:49Z,"0002cc0100000648","225103cad5fd3ead025f0d167662b030aaf000000000000000ffffffffffffffffffffffff",3.92,,0.15,13,22.46,19.01,101055.00,0.00,0,0,0,0,,,-1.00,-1.00,-1.00,-1.00,-1.00,-1.00
2023-01-31T12:29:45Z,"0002cc0100000648","225103cc39fd3ea8025f0d167962b030e6f000000000000000ffffffffffffffffffffffff",3.92,,0.15,13,22.47,19.10,101054.00,0.00,0,0,0,0,,,-1.00,-1.00,-1.00,-1.00,-1.00,-1.00
2023-01-31T12:35:41Z,"0002cc0100000648","225103cd9dfd3eb1025f0d167b62b23164f000000000000000ffffffffffffffffffffffff",3.92,,0.15,13,22.48,19.29,101060.00,0.00,0,0,0,0,,,-1.00,-1.00,-1.00,-1.00,-1.00,-1.00
2023-01-31T12:41:37Z,"0002cc0100000648","225103cf01fd3ead025f0d167b62b2306ff000000000000000ffffffffffffffffffffffff",3.92,,0.15,13,22.48,18.92,101063.00,0.00,0,0,0,0,,,-1.00,-1.00,-1.00,-1.00,-1.00,-1.00
2023-01-31T12:47:33Z,"0002cc0100000648","225103d065fd3ea8025f0d167e62b5300ff000000000000000ffffffffffffffffffffffff",3.92,,0.15,13,22.49,18.77,101073.00,0.00,0,0,0,0,,,-1.00,-1.00,-1.00,-1.00,-1.00,-1.00
2023-01-31T12:53:29Z,"0002cc0100000648","225103d1c9fd3eb102670d167e62b92f99f000000000000000ffffffffffffffffffffffff",3.92,,0.15,13,22.49,18.59,101088.00,0.00,0,0,0,0,,,-1.00,-1.00,-1.00,-1.00,-1.00,-1.00
2023-01-31T12:59:25Z,"0002cc0100000648","225103d32dfd3eb1025f0d167e62b52e9df000000000000000ffffffffffffffffffffffff",3.92,,0.15,13,22.49,18.21,101075.00,0.00,0,0,0,0,,,-1.00,-1.00,-1.00,-1.00,-1.00,-1.00
2023-01-31T13:05:22Z,"0002cc0100000648","225103d492fd3eb1025f0d167e62b72f74f000000000000000ffffffffffffffffffffffff",3.92,,0.15,13,22.49,18.54,101081.00,0.00,0,0,0,0,,,-1.00,-1.00,-1.00,-1.00,-1.00,-1.00
2023-01-31T13:11:18Z,"0002cc0100000648","225103d5f6fd3eb1025f0d167e62b42f31f000000000000000ffffffffffffffffffffffff",3.92,,0.15,13,22.49,18.43,101070.00,0.00,0,0,0,0,,,-1.00,-1.00,-1.00,-1.00,-1.00,-1.00
2023-01-31T13:17:14Z,"0002cc0100000648","225103d75afd3ead025f0d167e62b3301ff000000000000000ffffffffffffffffffffffff",3.92,,0.15,13,22.49,18.80,101066.00,0.00,0,0,0,0,,,-1.00,-1.00,-1.00,-1.00,-1.00,-1.00
2023-01-31T13:23:10Z,"0002cc0100000648","225103d8befd3eb1025f0d167e62b42f31f000000000000000ffffffffffffffffffffffff",3.92,,0.15,13,22.49,18.43,101070.00,0.00,0,0,0,0,,,-1.00,-1.00,-1.00,-1.00,-1.00,-1.00
2023-01-31T13:29:06Z,"0002cc0100000648","225103da22fd3ead025f0d167b62b52f04f000000000000000ffffffffffffffffffffffff",3.92,,0.15,13,22.48,18.37,101073.00,0.00,0,0,0,0,,,-1.00,-1.00,-1.00,-1.00,-1.00,-1.00
2023-01-31T13:35:02Z,"0002cc0100000648","225103db86fd3eb102670d167b62b32eb3f000000000000000ffffffffffffffffffffffff",3.92,,0.15,13,22.48,18.24,101066.00,0.00,0,0,0,0,,,-1.00,-1.00,-1.00,-1.00,-1.00,-1.00
2023-01-31T13:40:58Z,"0002cc0100000648","225103dceafd3eb102670d167962ae2edff000000000000000ffffffffffffffffffffffff",3.92,,0.15,13,22.47,18.31,101047.00,0.00,0,0,0,0,,,-1.00,-1.00,-1.00,-1.00,-1.00,-1.00
2023-01-31T13:46:54Z,"0002cc0100000648","225103de4efd3ea8025f0d167662b02e69f000000000000000ffffffffffffffffffffffff",3.92,,0.15,13,22.46,18.13,101052.00,0.00,0,0,0,0,,,-1.00,-1.00,-1.00,-1.00,-1.00,-1.00
2023-01-31T13:52:50Z,"0002cc0100000648","225103dfb2fd3ead025f0d167462af2e1f0940000000000000ffffffffffffffffffffffff",3.92,,0.15,13,22.45,18.02,101048.00,148.00,0,0,0,0,,,-1.00,-1.00,-1.00,-1.00,-1.00,-1.00
2023-01-31T13:58:47Z,"0002cc0100000648","225103e117fd3eb1026f0d167162ad2dbd0a70000000000000ffffffffffffffffffffffff",3.92,,0.15,13,22.44,17.87,101040.00,167.00,0,0,0,0,,,-1.00,-1.00,-1.00,-1.00,-1.00,-1.00
2023-01-31T14:04:43Z,"0002cc0100000648","225103e27bfd3ead025f0d166962a92dd30a80000000000000ffffffffffffffffffffffff",3.92,,0.15,13,22.41,17.90,101024.00,168.00,0,0,0,0,,,-1.00,-1.00,-1.00,-1.00,-1.00,-1.00
2023-01-31T14:10:39Z,"0002cc0100000648","225103e3dffd3eb1025f0d166462ad2e670b30000000000000ffffffffffffffffffffffff",3.92,,0.15,13,22.39,18.13,101041.00,179.00,0,0,0,0,,,-1.00,-1.00,-1.00,-1.00,-1.00,-1.00
2023-01-31T14:16:35Z,"0002cc0100000648","225103e543fd3ead02670d165f62a92e6609d0000000000000ffffffffffffffffffffffff",3.92,,0.15,13,22.37,18.12,101026.00,157.00,0,0,0,0,,,-1.00,-1.00,-1.00,-1.00,-1.00,-1.00
2023-01-31T14:22:31Z,"0002cc0100000648","225103e6a7fd3eb1025f0d165562b22def0a40000000000000ffffffffffffffffffffffff",3.92,,0.15,13,22.33,17.94,101060.00,164.00,0,0,0,0,,,-1.00,-1.00,-1.00,-1.00,-1.00,-1.00
2023-01-31T14:28:27Z,"0002cc0100000648","225103e80bfd3eb1025f0d164d62b82dd00ad0000000000000ffffffffffffffffffffffff",3.92,,0.15,13,22.30,17.90,101087.00,173.00,0,0,0,0,,,-1.00,-1.00,-1.00,-1.00,-1.00,-1.00
2023-01-31T14:34:23Z,"0002cc0100000648","225103e96ffd3eb1025f0d164362c02dd60b70000000000000ffffffffffffffffffffffff",3.92,,0.15,13,22.26,17.91,101117.00,183.00,0,0,0,0,,,-1.00,-1.00,-1.00,-1.00,-1.00,-1.00
2023-01-31T14:40:19Z,"0002cc0100000648","225103ead3fd3ea802670d163962c42dd50b10000000000000ffffffffffffffffffffffff",3.92,,0.15,13,22.22,17.90,101132.00,177.00,0,0,0,0,,,-1.00,-1.00,-1.00,-1.00,-1.00,-1.00
2023-01-31T14:46:15Z,"0002cc0100000648","225103ec37fd3ead025f0d163162b92d9209f0000000000000ffffffffffffffffffffffff",3.92,,0.15,13,22.19,17.80,101088.00,159.00,0,0,0,0,,,-1.00,-1.00,-1.00,-1.00,-1.00,-1.00
2023-01-31T14:52:11Z,"0002cc0100000648","225103ed9bfd3ead025f0d162962ba2dbd0a50000000000000ffffffffffffffffffffffff",3.92,,0.15,13,22.16,17.87,101095.00,165.00,0,0,0,0,,,-1.00,-1.00,-1.00,-1.00,-1.00,-1.00
2023-01-31T14:58:07Z,"0002cc0100000648","225103eefffd3ead025f0d162462bc2d820b50000000000000ffffffffffffffffffffffff",3.92,,0.15,13,22.14,17.78,101100.00,181.00,0,0,0,0,,,-1.00,-1.00,-1.00,-1.00,-1.00,-1.00
2023-01-31T15:04:04Z,"0002cc0100000648","225103f064fd3ead025f0d161d62ba2d900a70000000000000ffffffffffffffffffffffff",3.92,,0.15,13,22.11,17.80,101093.00,167.00,0,0,0,0,,,-1.00,-1.00,-1.00,-1.00,-1.00,-1.00
2023-01-31T15:10:00Z,"0002cc0100000648","225103f1c8fd3ead02670d161562b92d2f3862000000000000ffffffffffffffffffffffff",3.92,,0.15,13,22.08,17.65,101091.00,2146.00,0,0,0,0,,,-1.00,-1.00,-1.00,-1.00,-1.00,-1.00
2023-01-31T15:15:56Z,"0002cc0100000648","225103f32cfd3ead025f0d161562b82ccf2b14000000000000ffffffffffffffffffffffff",3.92,,0.15,13,22.08,17.50,101084.00,1418.00,0,0,0,0,,,-1.00,-1.00,-1.00,-1.00,-1.00,-1.00
2023-01-31T15:21:52Z,"0002cc0100000648","225103f490fd3ead025f0d161d62bd2eb70aa0000000000000ffffffffffffffffffffffff",3.92,,0.15,13,22.11,18.25,101106.00,170.00,0,0,0,0,,,-1.00,-1.00,-1.00,-1.00,-1.00,-1.00
2023-01-31T15:27:48Z,"0002cc0100000648","225103f5f4fd3ead02670d161d62c330050a80000000000000ffffffffffffffffffffffff",3.92,,0.15,13,22.11,18.76,101129.00,168.00,0,0,0,0,,,-1.00,-1.00,-1.00,-1.00,-1.00,-1.00
2023-01-31T15:33:44Z,"0002cc0100000648","225103f758fd3ead02670d161862c5314a0960000000000000ffffffffffffffffffffffff",3.92,,0.15,13,22.09,19.25,101136.00,150.00,0,0,0,0,,,-1.00,-1.00,-1.00,-1.00,-1.00,-1.00
2023-01-31T15:39:40Z,"0002cc0100000648","225103f8bcfd3ead025f0d161262c831580cd0000000000000ffffffffffffffffffffffff",3.92,,0.15,13,22.07,19.28,101150.00,205.00,0,0,0,0,,,-1.00,-1.00,-1.00,-1.00,-1.00,-1.00
2023-01-31T15:45:36Z,"0002cc0100000648","225103fa20fd3ead025f0d160b62c631660bb0000000000000ffffffffffffffffffffffff",3.92,,0.15,13,22.04,19.30,101141.00,187.00,0,0,0,0,,,-1.00,-1.00,-1.00,-1.00,-1.00,-1.00
2023-01-31T15:51:32Z,"0002cc0100000648","225103fb84fd3ea802670d160662ca31320b30000000000000ffffffffffffffffffffffff",3.92,,0.15,13,22.02,19.22,101156.00,179.00,0,0,0,0,,,-1.00,-1.00,-1.00,-1.00,-1.00,-1.00
2023-01-31T15:57:29Z,"0002cc0100000648","225103fce9fd3eb502730d15fe62c931040b20000000000000ffffffffffffffffffffffff",3.92,,0.15,13,21.99,19.15,101153.00,178.00,0,0,0,0,,,-1.00,-1.00,-1.00,-1.00,-1.00,-1.00
2023-01-31T16:03:25Z,"0002cc0100000648","225103fe4dfd3ea8025f0d15f662cb309c0a10000000000000ffffffffffffffffffffffff",3.92,,0.15,13,21.96,18.99,101160.00,161.00,0,0,0,0,,,-1.00,-1.00,-1.00,-1.00,-1.00,-1.00
2023-01-31T16:09:21Z,"0002cc0100000648","225103ffb1fd3ead02670d15ef62ca30e50a10000000000000ffffffffffffffffffffffff",3.92,,0.15,13,21.93,19.10,101157.00,161.00,0,0,0,0,,,-1.00,-1.00,-1.00,-1.00,-1.00,-1.00
2023-01-31T16:15:17Z,"0002cc0100000648","2251040115fd3ead025f0d15e962d030500a70000000000000ffffffffffffffffffffffff",3.92,,0.15,13,21.91,18.87,101180.00,167.00,0,0,0,0,,,-1.00,-1.00,-1.00,-1.00,-1.00,-1.00
2023-01-31T16:21:13Z,"0002cc0100000648","2251040279fd3ead02670d15df62d0306d0bb0000000000000ffffffffffffffffffffffff",3.92,,0.15,13,21.87,18.92,101181.00,187.00,0,0,0,0,,,-1.00,-1.00,-1.00,-1.00,-1.00,-1.00
2023-01-31T16:27:09Z,"0002cc0100000648","22510403ddfd3ead02670d15da62cd30140ac0000000000000ffffffffffffffffffffffff",3.92,,0.15,13,21.85,18.78,101168.00,172.00,0,0,0,0,,,-1.00,-1.00,-1.00,-1.00,-1.00,-1.00
2023-01-31T16:33:05Z,"0002cc0100000648","2251040541fd3ead025f0d15d562cf30310aa0000000000000ffffffffffffffffffffffff",3.92,,0.15,13,21.83,18.83,101179.00,170.00,0,0,0,0,,,-1.00,-1.00,-1.00,-1.00,-1.00,-1.00
2023-01-31T16:39:01Z,"0002cc0100000648","22510406a5fd3ead025f0d15d262d12f960b70000000000000ffffffffffffffffffffffff",3.92,,0.15,13,21.82,18.59,101185.00,183.00,0,0,0,0,,,-1.00,-1.00,-1.00,-1.00,-1.00,-1.00
2023-01-31T16:44:57Z,"0002cc0100000648","2251040809fd3ead02670d15cb62cd2f430a40000000000000ffffffffffffffffffffffff",3.92,,0.15,13,21.79,18.46,101171.00,164.00,0,0,0,0,,,-1.00,-1.00,-1.00,-1.00,-1.00,-1.00
2023-01-31T16:50:54Z,"0002cc0100000648","225104096efd3ea8025f0d15c862cf2f4b0ab0000000000000ffffffffffffffffffffffff",3.92,,0.15,13,21.78,18.47,101177.00,171.00,0,0,0,0,,,-1.00,-1.00,-1.00,-1.00,-1.00,-1.00
2023-01-31T16:56:50Z,"0002cc0100000648","2251040ad2fd3ea0025f0d15c862cf303e0a70000000000000ffffffffffffffffffffffff",3.91,,0.15,13,21.78,18.84,101178.00,167.00,0,0,0,0,,,-1.00,-1.00,-1.00,-1.00,-1.00,-1.00
2023-01-31T17:02:46Z,"0002cc0100000648","2251040c36fd3e9c02670d15c862d42f7e0a20000000000000ffffffffffffffffffffffff",3.91,,0.15,13,21.78,18.55,101197.00,162.00,0,0,0,0,,,-1.00,-1.00,-1.00,-1.00,-1.00,-1.00
2023-01-31T17:08:42Z,"0002cc0100000648","2251040d9afd3ead025f0d15c662cc2f8d0a90000000000000ffffffffffffffffffffffff",3.92,,0.15,13,21.77,18.57,101167.00,169.00,0,0,0,0,,,-1.00,-1.00,-1.00,-1.00,-1.00,-1.00
2023-01-31T17:14:38Z,"0002cc0100000648","2251040efefd3ea8026f0d15c362d22f940bb0000000000000ffffffffffffffffffffffff",3.92,,0.15,13,21.76,18.58,101189.00,187.00,0,0,0,0,,,-1.00,-1.00,-1.00,-1.00,-1.00,-1.00
2023-01-31T17:20:34Z,"0002cc0100000648","2251041062fd3ead02670d15c162cc2fb80920000000000000ffffffffffffffffffffffff",3.92,,0.15,13,21.75,18.64,101167.00,146.00,0,0,0,0,,,-1.00,-1.00,-1.00,-1.00,-1.00,-1.00
2023-01-31T17:26:30Z,"0002cc0100000648","22510411c6fd3eb1025f0d15be62c5303d0ad0000000000000ffffffffffffffffffffffff",3.92,,0.15,13,21.74,18.84,101137.00,173.00,0,0,0,0,,,-1.00,-1.00,-1.00,-1.00,-1.00,-1.00
2023-01-31T17:32:26Z,"0002cc0100000648","225104132afd3ead026f0d15bb62cd301009d0000000000000ffffffffffffffffffffffff",3.92,,0.15,13,21.73,18.78,101168.00,157.00,0,0,0,0,,,-1.00,-1.00,-1.00,-1.00,-1.00,-1.00
2023-01-31T17:38:22Z,"0002cc0100000648","225104148efd3ead025f0d15b962ce302e0aa0000000000000ffffffffffffffffffffffff",3.92,,0.15,13,21.72,18.82,101175.00,170.00,0,0,0,0,,,-1.00,-1.00,-1.00,-1.00,-1.00,-1.00
2023-01-31T17:44:18Z,"0002cc0100000648","22510415f2fd3ead025f0d15b962c7303509e0000000000000ffffffffffffffffffffffff",3.92,,0.15,13,21.72,18.83,101147.00,158.00,0,0,0,0,,,-1.00,-1.00,-1.00,-1.00,-1.00,-1.00
2023-01-31T17:50:15Z,"0002cc0100000648","2251041757fd3ead02670d15b662c32fdc0a70000000000000ffffffffffffffffffffffff",3.92,,0.15,13,21.71,18.70,101131.00,167.00,0,0,0,0,,,-1.00,-1.00,-1.00,-1.00,-1.00,-1.00
2023-01-31T17:56:11Z,"0002cc0100000648","22510418bbfd3ead02670d15b462c12f8b0ac0000000000000ffffffffffffffffffffffff",3.92,,0.15,13,21.70,18.57,101122.00,172.00,0,0,0,0,,,-1.00,-1.00,-1.00,-1.00,-1.00,-1.00
2023-01-31T18:02:07Z,"0002cc0100000648","2251041a1ffd3ead025f0d15b462c430010b00000000000000ffffffffffffffffffffffff",3.92,,0.15,13,21.70,18.75,101134.00,176.00,0,0,0,0,,,-1.00,-1.00,-1.00,-1.00,-1.00,-1.00
2023-01-31T18:08:03Z,"0002cc0100000648","2251041b83fd3ead02670d15af62bc2fe309a0000000000000ffffffffffffffffffffffff",3.92,,0.15,13,21.68,18.71,101100.00,154.00,0,0,0,0,,,-1.00,-1.00,-1.00,-1.00,-1.00,-1.00
2023-01-31T18:13:59Z,"0002cc0100000648","2251041ce7fd3ead02670d15a762b530340a50000000000000ffffffffffffffffffffffff",3.92,,0.15,13,21.65,18.83,101072.00,165.00,0,0,0,0,,,-1.00,-1.00,-1.00,-1.00,-1.00,-1.00
2023-01-31T18:19:55Z,"0002cc0100000648","2251041e4bfd3ea8025f0d15a262b130490a50000000000000ffffffffffffffffffffffff",3.92,,0.15,13,21.63,18.86,101058.00,165.00,0,0,0,0,,,-1.00,-1.00,-1.00,-1.00,-1.00,-1.00
2023-01-31T18:25:51Z,"0002cc0100000648","2251041faffd3ead025f0d159a62b02fc30aa0000000000000ffffffffffffffffffffffff",3.92,,0.15,13,21.60,18.66,101054.00,170.00,0,0,0,0,,,-1.00,-1.00,-1.00,-1.00,-1.00,-1.00
2023-01-31T18:31:47Z,"0002cc0100000648","2251042113fd3ead02670d159562aa305e0b10000000000000ffffffffffffffffffffffff",3.92,,0.15,13,21.58,18.89,101028.00,177.00,0,0,0,0,,,-1.00,-1.00,-1.00,-1.00,-1.00,-1.00
2023-01-31T18:37:43Z,"0002cc0100000648","2251042277fd3ea4025f0d159262af30310cb0000000000000ffffffffffffffffffffffff",3.91,,0.15,13,21.57,18.83,101048.00,203.00,0,0,0,0,,,-1.00,-1.00,-1.00,-1.00,-1.00,-1.00
2023-01-31T18:43:39Z,"0002cc0100000648","22510423dbfd3ead025f0d159062a82fc90ac0000000000000ffffffffffffffffffffffff",3.92,,0.15,13,21.56,18.67,101021.00,172.00,0,0,0,0,,,-1.00,-1.00,-1.00,-1.00,-1.00,-1.00
2023-01-31T18:49:36Z,"0002cc0100000648","2251042540fd3ead025f0d158d629f30470a70000000000000ffffffffffffffffffffffff",3.92,,0.15,13,21.55,18.86,100985.00,167.00,0,0,0,0,,,-1.00,-1.00,-1.00,-1.00,-1.00,-1.00
2023-01-31T18:55:32Z,"0002cc0100000648","22510426a4fd3ea4025f0d158d629d33db0b90000000000000ffffffffffffffffffffffff",3.91,,0.15,13,21.55,20.26,100979.00,185.00,0,0,0,0,,,-1.00,-1.00,-1.00,-1.00,-1.00,-1.00
2023-01-31T19:01:28Z,"0002cc0100000648","2251042808fd3ead02670d1595629d32790a40000000000000ffffffffffffffffffffffff",3.92,,0.15,13,21.58,19.72,100978.00,164.00,0,0,0,0,,,-1.00,-1.00,-1.00,-1.00,-1.00,-1.00
2023-01-31T19:07:24Z,"0002cc0100000648","225104296cfd3ead025f0d159d629932890b00000000000000ffffffffffffffffffffffff",3.92,,0.15,13,21.61,19.74,100962.00,176.00,0,0,0,0,,,-1.00,-1.00,-1.00,-1.00,-1.00,-1.00
2023-01-31T19:13:20Z,"0002cc0100000648","2251042ad0fd3ead02670d15a7629e31bb09a0000000000000ffffffffffffffffffffffff",3.92,,0.15,13,21.65,19.43,100981.00,154.00,0,0,0,0,,,-1.00,-1.00,-1.00,-1.00,-1.00,-1.00
2023-01-31T19:19:16Z,"0002cc0100000648","2251042c34fd3ea402670d15ac6298312f0a70000000000000ffffffffffffffffffffffff",3.91,,0.15,13,21.67,19.21,100956.00,167.00,0,0,0,0,,,-1.00,-1.00,-1.00,-1.00,-1.00,-1.00
2023-01-31T19:25:12Z,"0002cc0100000648","2251042d98fd3ea8025f0d15b1629430b90ba0000000000000ffffffffffffffffffffffff",3.92,,0.15,13,21.69,19.03,100943.00,186.00,0,0,0,0,,,-1.00,-1.00,-1.00,-1.00,-1.00,-1.00
2023-01-31T19:31:08Z,"0002cc0100000648","2251042efcfd3ead02670d15b4628d314d0ba0000000000000ffffffffffffffffffffffff",3.92,,0.15,13,21.70,19.26,100914.00,186.00,0,0,0,0,,,-1.00,-1.00,-1.00,-1.00,-1.00,-1.00
2023-01-31T19:37:04Z,"0002cc0100000648","2251043060fd3ead02670d15b9628730780b20000000000000ffffffffffffffffffffffff",3.92,,0.15,13,21.72,18.93,100889.00,178.00,0,0,0,0,,,-1.00,-1.00,-1.00,-1.00,-1.00,-1.00
2023-01-31T19:43:01Z,"0002cc0100000648","22510431c5fd3ead025f0d15bb628430ef0b50000000000000ffffffffffffffffffffffff",3.92,,0.15,13,21.73,19.11,100877.00,181.00,0,0,0,0,,,-1.00,-1.00,-1.00,-1.00,-1.00,-1.00
2023-01-31T19:48:57Z,"0002cc0100000648","2251043329fd3ead02670d15be6284316c0c00000000000000ffffffffffffffffffffffff",3.92,,0.15,13,21.74,19.31,100877.00,192.00,0,0,0,0,,,-1.00,-1.00,-1.00,-1.00,-1.00,-1.00
2023-01-31T19:54:53Z,"0002cc0100000648","225104348dfd3e9802670d15c3627b30d20b60000000000000ffffffffffffffffffffffff",3.91,,0.15,13,21.76,19.07,100843.00,182.00,0,0,0,0,,,-1.00,-1.00,-1.00,-1.00,-1.00,-1.00
2023-01-31T20:00:49Z,"0002cc0100000648","22510435f1fd3ea8025f0d15c66278311c0b00000000000000ffffffffffffffffffffffff",3.92,,0.15,13,21.77,19.18,100831.00,176.00,0,0,0,0,,,-1.00,-1.00,-1.00,-1.00,-1.00,-1.00
2023-01-31T20:06:45Z,"0002cc0100000648","2251043755fd3ea402670d15c8626f30720ad0000000000000ffffffffffffffffffffffff",3.91,,0.15,13,21.78,18.92,100795.00,173.00,0,0,0,0,,,-1.00,-1.00,-1.00,-1.00,-1.00,-1.00
2023-01-31T20:12:41Z,"0002cc0100000648","22510438b9fd3ea002670d15cb626e30720b60000000000000ffffffffffffffffffffffff",3.91,,0.15,13,21.79,18.92,100788.00,182.00,0,0,0,0,,,-1.00,-1.00,-1.00,-1.00,-1.00,-1.00
2023-01-31T20:18:37Z,"0002cc0100000648","2251043a1dfd3ea402670d15cd62642fdf0b00000000000000ffffffffffffffffffffffff",3.91,,0.15,13,21.80,18.70,100750.00,176.00,0,0,0,0,,,-1.00,-1.00,-1.00,-1.00,-1.00,-1.00
2023-01-31T20:24:33Z,"0002cc0100000648","2251043b81fd3ea402670d15cd625d30460a10000000000000ffffffffffffffffffffffff",3.91,,0.15,13,21.80,18.86,100723.00,161.00,0,0,0,0,,,-1.00,-1.00,-1.00,-1.00,-1.00,-1.00
2023-01-31T20:30:29Z,"0002cc0100000648","2251043ce5fd3ea002670d15d0625e30370b90000000000000ffffffffffffffffffffffff",3.91,,0.15,13,21.81,18.83,100725.00,185.00,0,0,0,0,,,-1.00,-1.00,-1.00,-1.00,-1.00,-1.00
2023-01-31T20:36:26Z,"0002cc0100000648","2251043e4afd3ea4025f0d15cd625b2f4b0ab0000000000000ffffffffffffffffffffffff",3.91,,0.15,13,21.80,18.47,100715.00,171.00,0,0,0,0,,,-1.00,-1.00,-1.00,-1.00,-1.00,-1.00
2023-01-31T20:42:22Z,"0002cc0100000648","2251043faefd3ea0026f0d15cd625c2f7f0b20000000000000ffffffffffffffffffffffff",3.91,,0.15,13,21.80,18.55,100718.00,178.00,0,0,0,0,,,-1.00,-1.00,-1.00,-1.00,-1.00,-1.00
2023-01-31T20:48:18Z,"0002cc0100000648","2251044112fd3ea4025f0d15cd625e2f100a30000000000000ffffffffffffffffffffffff",3.91,,0.15,13,21.80,18.38,100727.00,163.00,0,0,0,0,,,-1.00,-1.00,-1.00,-1.00,-1.00,-1.00
2023-01-31T20:54:14Z,"0002cc0100000648","2251044276fd3ea4026f0d15cb625c2e990b00000000000000ffffffffffffffffffffffff",3.91,,0.15,13,21.79,18.20,100719.00,176.00,0,0,0,0,,,-1.00,-1.00,-1.00,-1.00,-1.00,-1.00
2023-01-31T21:00:10Z,"0002cc0100000648","22510443dafd3ea402670d15cb625f2e7b0bf0000000000000ffffffffffffffffffffffff",3.91,,0.15,13,21.79,18.16,100730.00,191.00,0,0,0,0,,,-1.00,-1.00,-1.00,-1.00,-1.00,-1.00
2023-01-31T21:06:06Z,"0002cc0100000648","225104453efd3ea4025f0d15cb62692e480c30000000000000ffffffffffffffffffffffff",3.91,,0.15,13,21.79,18.08,100768.00,195.00,0,0,0,0,,,-1.00,-1.00,-1.00,-1.00,-1.00,-1.00
2023-01-31T21:12:02Z,"0002cc0100000648","22510446a2fd3ea4025f0d15cb626a2eb70bb0000000000000ffffffffffffffffffffffff",3.91,,0.15,13,21.79,18.25,100774.00,187.00,0,0,0,0,,,-1.00,-1.00,-1.00,-1.00,-1.00,-1.00
2023-01-31T21:17:58Z,"0002cc0100000648","2251044806fd3ea0025f0d15cb626d2e2a0ad0000000000000ffffffffffffffffffffffff",3.91,,0.15,13,21.79,18.03,100787.00,173.00,0,0,0,0,,,-1.00,-1.00,-1.00,-1.00,-1.00,-1.00
2023-01-31T21:23:54Z,"0002cc0100000648","225104496afd3ea4025f0d15cb62702def2912000000000000ffffffffffffffffffffffff",3.91,,0.15,13,21.79,17.94,100797.00,1161.00,0,0,0,0,,,-1.00,-1.00,-1.00,-1.00,-1.00,-1.00
2023-01-31T21:29:50Z,"0002cc0100000648","2251044acefd3ea4025f0d15cd62742cec38db000000000000ffffffffffffffffffffffff",3.91,,0.15,13,21.80,17.55,100813.00,2267.00,0,0,0,0,,,-1.00,-1.00,-1.00,-1.00,-1.00,-1.00
2023-01-31T21:35:46Z,"0002cc0100000648","2251044c32fd3ea4025f0d15d262752c772e8a000000000000ffffffffffffffffffffffff",3.91,,0.15,13,21.82,17.37,100816.00,1861.00,0,0,0,0,,,-1.00,-1.00,-1.00,-1.00,-1.00,-1.00
2023-01-31T21:41:43Z,"0002cc0100000648","2251044d97fd3ea402670d15dd626d2f540a00000000000000fffffd64ffffffffffffffff",3.91,,0.15,13,21.86,18.49,100784.00,160.00,0,0,0,0,,,-1.00,-1.00,-1.00,-1.00,-0.67,-1.00
2023-01-31T21:47:39Z,"0002cc0100000648","2251044efbfd3ea4025f0d15df626931e60910000000000000ffffffffffffffffffffffff",3.91,,0.15,13,21.87,19.49,100770.00,145.00,0,0,0,0,,,-1.00,-1.00,-1.00,-1.00,-1.00,-1.00
2023-01-31T21:53:35Z,"0002cc0100000648","225104505ffd3e9802670d15dd627033670aa0000000000000ffffffffffffffffffffffff",3.91,,0.15,13,21.86,20.08,100796.00,170.00,0,0,0,0,,,-1.00,-1.00,-1.00,-1.00,-1.00,-1.00
2023-01-31T21:59:31Z,"0002cc0100000648","22510451c3fd3ea4025f0d15da627433740a50000000000000ffffffffffffffffffffffff",3.91,,0.15,13,21.85,20.10,100815.00,165.00,0,0,0,0,,,-1.00,-1.00,-1.00,-1.00,-1.00,-1.00
2023-01-31T22:05:27Z,"0002cc0100000648","2251045327fd3ea0025f0d15d5627b322f0a60000000000000ffffffffffffffffffffffff",3.91,,0.15,13,21.83,19.60,100841.00,166.00,0,0,0,0,,,-1.00,-1.00,-1.00,-1.00,-1.00,-1.00
2023-01-31T22:11:23Z,"0002cc0100000648","225104548bfd3ea4025f0d15d0627f318c0960000000000000ffffffffffffffffffffffff",3.91,,0.15,13,21.81,19.35,100857.00,150.00,0,0,0,0,,,-1.00,-1.00,-1.00,-1.00,-1.00,-1.00
2023-01-31T22:17:19Z,"0002cc0100000648","22510455effd3ea402670d15cb6280312b0a40000000000000ffffffffffffffffffffffff",3.91,,0.15,13,21.79,19.21,100863.00,164.00,0,0,0,0,,,-1.00,-1.00,-1.00,-1.00,-1.00,-1.00
2023-01-31T22:23:16Z,"0002cc0100000648","2251045754fd3ea402670d15cb627c30d20820000000000000ffffffffffffffffffffffff",3.91,,0.15,13,21.79,19.07,100845.00,130.00,0,0,0,0,,,-1.00,-1.00,-1.00,-1.00,-1.00,-1.00
2023-01-31T22:29:12Z,"0002cc0100000648","22510458b8fd3ea402670d15c8627b30880b80000000000000ffffffffffffffffffffffff",3.91,,0.15,13,21.78,18.96,100842.00,184.00,0,0,0,0,,,-1.00,-1.00,-1.00,-1.00,-1.00,-1.00
2023-01-31T22:35:08Z,"0002cc0100000648","2251045a1cfd3ea4025f0d15c8627c304d0930000000000000ffffffffffffffffffffffff",3.91,,0.15,13,21.78,18.87,100846.00,147.00,0,0,0,0,,,-1.00,-1.00,-1.00,-1.00,-1.00,-1.00
2023-01-31T22:41:04Z,"0002cc0100000648","2251045b80fd3ea4025f0d15c66279302009f0000000000000ffffffffffffffffffffffff",3.91,,0.15,13,21.77,18.80,100834.00,159.00,0,0,0,0,,,-1.00,-1.00,-1.00,-1.00,-1.00,-1.00
2023-01-31T22:47:00Z,"0002cc0100000648","2251045ce4fd3ea4026f0d15c3627c2ffb0ac0000000000000ffffffffffffffffffffffff",3.91,,0.15,13,21.76,18.74,100846.00,172.00,0,0,0,0,,,-1.00,-1.00,-1.00,-1.00,-1.00,-1.00
2023-01-31T22:52:56Z,"0002cc0100000648","2251045e48fd3ea402670d15c3627f2fcf09c0000000000000ffffffffffffffffffffffff",3.91,,0.15,13,21.76,18.67,100859.00,156.00,0,0,0,0,,,-1.00,-1.00,-1.00,-1.00,-1.00,-1.00
2023-01-31T22:58:52Z,"0002cc0100000648","2251045facfd3ea402670d15c3627e2fc00ac0000000000000ffffffffffffffffffffffff",3.91,,0.15,13,21.76,18.65,100853.00,172.00,0,0,0,0,,,-1.00,-1.00,-1.00,-1.00,-1.00,-1.00
2023-01-31T23:04:48Z,"0002cc0100000648","2251046110fd3ea4025f0d15c362802fcf09a0000000000000ffffffffffffffffffffffff",3.91,,0.15,13,21.76,18.68,100861.00,154.00,0,0,0,0,,,-1.00,-1.00,-1.00,-1.00,-1.00,-1.00
2023-01-31T23:10:44Z,"0002cc0100000648","2251046274fd3e9c02670d15c362852fcf0a30000000000000ffffffffffffffffffffffff",3.91,,0.15,13,21.76,18.68,100882.00,163.00,0,0,0,0,,,-1.00,-1.00,-1.00,-1.00,-1.00,-1.00
2023-01-31T23:16:40Z,"0002cc0100000648","22510463d8fd3ea4025f0d15c362862fc70a80000000000000ffffffffffffffffffffffff",3.91,,0.15,13,21.76,18.66,100885.00,168.00,0,0,0,0,,,-1.00,-1.00,-1.00,-1.00,-1.00,-1.00
2023-01-31T23:22:36Z,"0002cc0100000648","225104653cfd3ea402670d15c3627d31390a50000000000000ffffffffffffffffffffffff",3.91,,0.15,13,21.76,19.23,100850.00,165.00,0,0,0,0,,,-1.00,-1.00,-1.00,-1.00,-1.00,-1.00
2023-01-31T23:28:33Z,"0002cc0100000648","22510466a1fd3e9c02670d15c66281317c0b70000000000000ffffffffffffffffffffffff",3.91,,0.15,13,21.77,19.33,100866.00,183.00,0,0,0,0,,,-1.00,-1.00,-1.00,-1.00,-1.00,-1.00
2023-01-31T23:34:29Z,"0002cc0100000648","2251046805fd3ea4025f0d15c6628430a60950000000000000ffffffffffffffffffffffff",3.91,,0.15,13,21.77,19.00,100879.00,149.00,0,0,0,0,,,-1.00,-1.00,-1.00,-1.00,-1.00,-1.00
2023-01-31T23:40:25Z,"0002cc0100000648","2251046969fd3ea0025f0d15c6627c30ad09a0000000000000ffffffffffffffffffffffff",3.91,,0.15,13,21.77,19.01,100847.00,154.00,0,0,0,0,,,-1.00,-1.00,-1.00,-1.00,-1.00,-1.00
2023-01-31T23:46:21Z,"0002cc0100000648","2251046acdfd3ea402670d15c6628030370aa0000000000000ffffffffffffffffffffffff",3.91,,0.15,13,21.77,18.83,100863.00,170.00,0,0,0,0,,,-1.00,-1.00,-1.00,-1.00,-1.00,-1.00
2023-01-31T23:52:17Z,"0002cc0100000648","2251046c31fd3e9c025f0d15c6628d2ffb0940000000000000ffffffffffffffffffffffff",3.91,,0.15,13,21.77,18.74,100912.00,148.00,0,0,0,0,,,-1.00,-1.00,-1.00,-1.00,-1.00,-1.00
2023-01-31T23:58:13Z,"0002cc0100000648","2251046d95fd3e94025f0d15c6628c2fe60a90000000000000ffffffffffffffffffffffff",3.91,,0.15,13,21.77,18.71,100909.00,169.00,0,0,0,0,,,-1.00,-1.00,-1.00,-1.00,-1.00,-1.00
