Time,DevEUI,Raw,Vbat,Vsystem,Vbus,BootCount,T,RH,P,Light,P[0].delta,P[0].total,P[1].delta,P[1].total,Act[7],Act[6],Act[5],Act[4],Act[3],Act[2],Act[1],Act[0]
2023-02-05T00:01:11Z,"0002cc0100000648","225109b447fd3e09025f0d1569618933d00bc0000000000000ffffffffffffffffffffffff",3.88,,0.15,13,21.41,20.24,99874.00,188.00,0,0,0,0,,,-1.00,-1.00,-1.00,-1.00,-1.00,-1.00
2023-02-05T00:07:08Z,"0002cc0100000648","225109b5acfd3e1502670d156c618833b20d10000000000000ffffffffffffffffffffffff",3.88,,0.15,13,21.42,20.19,99869.00,209.00,0,0,0,0,,,-1.00,-1.00,-1.00,-1.00,-1.00,-1.00
2023-02-05T00:13:03Z,"0002cc0100000648","225109b70ffd3e19025f0d1569618733aa0bd0000000000000ffffffffffffffffffffffff",3.88,,0.15,13,21.41,20.18,99867.00,189.00,0,0,0,0,,,-1.00,-1.00,-1.00,-1.00,-1.00,-1.00
2023-02-05T00:19:00Z,"0002cc0100000648","225109b874fd3e15025f0d1569618533940c90000000000000ffffffffffffffffffffffff",3.88,,0.15,13,21.41,20.15,99859.00,201.00,0,0,0,0,,,-1.00,-1.00,-1.00,-1.00,-1.00,-1.00
2023-02-05T00:24:56Z,"0002cc0100000648","225109b9d8fd3e09025f0d156c618434280bd0000000000000ffffffffffffffffffffffff",3.88,,0.15,13,21.42,20.37,99853.00,189.00,0,0,0,0,,,-1.00,-1.00,-1.00,-1.00,-1.00,-1.00
2023-02-05T00:30:52Z,"0002cc0100000648","225109bb3cfd3e15025f0d15716183339d0cd0000000000000ffffffffffffffffffffffff",3.88,,0.15,13,21.44,20.16,99851.00,205.00,0,0,0,0,,,-1.00,-1.00,-1.00,-1.00,-1.00,-1.00
2023-02-05T00:36:48Z,"0002cc0100000648","225109bca0fd3e15025f0d1571618134220c80000000000000ffffffffffffffffffffffff",3.88,,0.15,13,21.44,20.36,99841.00,200.00,0,0,0,0,,,-1.00,-1.00,-1.00,-1.00,-1.00,-1.00
2023-02-05T00:42:44Z,"0002cc0100000648","225109be04fd3e15025f0d1571617e34220cc0000000000000ffffffffffffffffffffffff",3.88,,0.15,13,21.44,20.36,99828.00,204.00,0,0,0,0,,,-1.00,-1.00,-1.00,-1.00,-1.00,-1.00
2023-02-05T00:48:40Z,"0002cc0100000648","225109bf68fd3e15025f0d1574617d34040bf0000000000000ffffffffffffffffffffffff",3.88,,0.15,13,21.45,20.32,99826.00,191.00,0,0,0,0,,,-1.00,-1.00,-1.00,-1.00,-1.00,-1.00
2023-02-05T00:54:36Z,"0002cc0100000648","225109c0ccfd3e15025f0d1574617d33c20c90000000000000ffffffffffffffffffffffff",3.88,,0.15,13,21.45,20.22,99824.00,201.00,0,0,0,0,,,-1.00,-1.00,-1.00,-1.00,-1.00,-1.00
2023-02-05T01:00:33Z,"0002cc0100000648","225109c231fd3e11025f0d1574617e33c90c70000000000000ffffffffffffffffffffffff",3.88,,0.15,13,21.45,20.23,99828.00,199.00,0,0,0,0,,,-1.00,-1.00,-1.00,-1.00,-1.00,-1.00
2023-02-05T01:06:29Z,"0002cc0100000648","225109c395fd3e11025f0d1571617d33c90db0000000000000ffffffffffffffffffffffff",3.88,,0.15,13,21.44,20.23,99827.00,219.00,0,0,0,0,,,-1.00,-1.00,-1.00,-1.00,-1.00,-1.00
2023-02-05T01:12:25Z,"0002cc0100000648","225109c4f9fd3e11025f0d1571617d33700b40000000000000ffffffffffffffffffffffff",3.88,,0.15,13,21.44,20.09,99825.00,180.00,0,0,0,0,,,-1.00,-1.00,-1.00,-1.00,-1.00,-1.00
2023-02-05T01:18:21Z,"0002cc0100000648","225109c65dfd3e0902670d156f617d33520cb0000000000000ffffffffffffffffffffffff",3.88,,0.15,13,21.43,20.05,99825.00,203.00,0,0,0,0,,,-1.00,-1.00,-1.00,-1.00,-1.00,-1.00
2023-02-05T01:24:17Z,"0002cc0100000648","225109c7c1fd3e15025f0d156f617b333c0df0000000000000ffffffffffffffffffffffff",3.88,,0.15,13,21.43,20.01,99818.00,223.00,0,0,0,0,,,-1.00,-1.00,-1.00,-1.00,-1.00,-1.00
2023-02-05T01:30:13Z,"0002cc0100000648","225109c925fd3e15025f0d156c617833170b70000000000000ffffffffffffffffffffffff",3.88,,0.15,13,21.42,19.96,99804.00,183.00,0,0,0,0,,,-1.00,-1.00,-1.00,-1.00,-1.00,-1.00
2023-02-05T01:36:09Z,"0002cc0100000648","225109ca89fd3e1502520d15696175330f0c20000000000000ffffffffffffffffffffffff",3.88,,0.14,13,21.41,19.95,99795.00,194.00,0,0,0,0,,,-1.00,-1.00,-1.00,-1.00,-1.00,-1.00
2023-02-05T01:42:05Z,"0002cc0100000648","225109cbedfd3e15025f0d15696178333b0c90000000000000ffffffffffffffffffffffff",3.88,,0.15,13,21.41,20.01,99804.00,201.00,0,0,0,0,,,-1.00,-1.00,-1.00,-1.00,-1.00,-1.00
2023-02-05T01:48:01Z,"0002cc0100000648","225109cd51fd3e1502520d1569617632eb0c20000000000000ffffffffffffffffffffffff",3.88,,0.14,13,21.41,19.89,99797.00,194.00,0,0,0,0,,,-1.00,-1.00,-1.00,-1.00,-1.00,-1.00
2023-02-05T01:53:58Z,"0002cc0100000648","225109ceb6fd3dfc02670d156c61753308f000000000000000ffffffffffffffffffffffff",3.87,,0.15,13,21.42,19.93,99792.00,0.00,0,0,0,0,,,-1.00,-1.00,-1.00,-1.00,-1.00,-1.00
2023-02-05T01:59:53Z,"0002cc0100000648","225109d019fd3e11025f0d156f6171331ff000000000000000ffffffffffffffffffffffff",3.88,,0.15,13,21.43,19.97,99778.00,0.00,0,0,0,0,,,-1.00,-1.00,-1.00,-1.00,-1.00,-1.00
2023-02-05T02:05:50Z,"0002cc0100000648","225109d17efd3e15025f0d156f616f32bff000000000000000ffffffffffffffffffffffff",3.88,,0.15,13,21.43,19.82,99768.00,0.00,0,0,0,0,,,-1.00,-1.00,-1.00,-1.00,-1.00,-1.00
2023-02-05T02:11:46Z,"0002cc0100000648","225109d2e2fd3e15025f0d156f616f327cf000000000000000ffffffffffffffffffffffff",3.88,,0.15,13,21.43,19.72,99769.00,0.00,0,0,0,0,,,-1.00,-1.00,-1.00,-1.00,-1.00,-1.00
2023-02-05T02:17:42Z,"0002cc0100000648","225109d446fd3e11025f0d1571616b3293f000000000000000ffffffffffffffffffffffff",3.88,,0.15,13,21.44,19.76,99755.00,0.00,0,0,0,0,,,-1.00,-1.00,-1.00,-1.00,-1.00,-1.00
2023-02-05T02:23:38Z,"0002cc0100000648","225109d5aafd3e15025f0d1576616f3309f000000000000000ffffffffffffffffffffffff",3.88,,0.15,13,21.46,19.94,99770.00,0.00,0,0,0,0,,,-1.00,-1.00,-1.00,-1.00,-1.00,-1.00
2023-02-05T02:29:34Z,"0002cc0100000648","225109d70efd3e15025f0d1579616b33b4f000000000000000ffffffffffffffffffffffff",3.88,,0.15,13,21.47,20.20,99754.00,0.00,0,0,0,0,,,-1.00,-1.00,-1.00,-1.00,-1.00,-1.00
2023-02-05T02:35:30Z,"0002cc0100000648","225109d872fd3e1502670d1581616e3354f000000000000000ffffffffffffffffffffffff",3.88,,0.15,13,21.50,20.05,99765.00,0.00,0,0,0,0,,,-1.00,-1.00,-1.00,-1.00,-1.00,-1.00
2023-02-05T02:41:26Z,"0002cc0100000648","225109d9d6fd3e05025f0d158b616d345ff000000000000000ffffffffffffffffffffffff",3.88,,0.15,13,21.54,20.46,99763.00,0.00,0,0,0,0,,,-1.00,-1.00,-1.00,-1.00,-1.00,-1.00
2023-02-05T02:47:22Z,"0002cc0100000648","225109db3afd3e15025f0d1592616f34aaf000000000000000ffffffffffffffffffffffff",3.88,,0.15,13,21.57,20.57,99769.00,0.00,0,0,0,0,,,-1.00,-1.00,-1.00,-1.00,-1.00,-1.00
2023-02-05T02:53:19Z,"0002cc0100000648","225109dc9ffd3e0d025f0d159a61693486f000000000000000ffffffffffffffffffffffff",3.88,,0.15,13,21.60,20.52,99747.00,0.00,0,0,0,0,,,-1.00,-1.00,-1.00,-1.00,-1.00,-1.00
2023-02-05T02:59:15Z,"0002cc0100000648","225109de03fd3e15025f0d159f61673480f000000000000000ffffffffffffffffffffffff",3.88,,0.15,13,21.62,20.51,99737.00,0.00,0,0,0,0,,,-1.00,-1.00,-1.00,-1.00,-1.00,-1.00
2023-02-05T03:05:11Z,"0002cc0100000648","225109df67fd3e0d025f0d15a7616a3556f000000000000000ffffffffffffffffffffffff",3.88,,0.15,13,21.65,20.83,99748.00,0.00,0,0,0,0,,,-1.00,-1.00,-1.00,-1.00,-1.00,-1.00
2023-02-05T03:11:07Z,"0002cc0100000648","225109e0cbfd3e0d025f0d15ac616c368df000000000000000ffffffffffffffffffffffff",3.88,,0.15,13,21.67,21.31,99757.00,0.00,0,0,0,0,,,-1.00,-1.00,-1.00,-1.00,-1.00,-1.00
2023-02-05T03:17:03Z,"0002cc0100000648","225109e22ffd3e15025f0d15af616a36c2f000000000000000ffffffffffffffffffffffff",3.88,,0.15,13,21.68,21.39,99750.00,0.00,0,0,0,0,,,-1.00,-1.00,-1.00,-1.00,-1.00,-1.00
2023-02-05T03:22:59Z,"0002cc0100000648","225109e393fd3e15025f0d15b1616b374ef000000000000000ffffffffffffffffffffffff",3.88,,0.15,13,21.69,21.60,99753.00,0.00,0,0,0,0,,,-1.00,-1.00,-1.00,-1.00,-1.00,-1.00
2023-02-05T03:28:55Z,"0002cc0100000648","225109e4f7fd3e0d025f0d15b4616b36eff000000000000000ffffffffffffffffffffffff",3.88,,0.15,13,21.70,21.46,99755.00,0.00,0,0,0,0,,,-1.00,-1.00,-1.00,-1.00,-1.00,-1.00
2023-02-05T03:34:51Z,"0002cc0100000648","225109e65bfd3e11025f0d15b6616f3662f000000000000000ffffffffffffffffffffffff",3.88,,0.15,13,21.71,21.24,99770.00,0.00,0,0,0,0,,,-1.00,-1.00,-1.00,-1.00,-1.00,-1.00
2023-02-05T03:40:47Z,"0002cc0100000648","225109e7bffd3e0d025f0d15b661723705f000000000000000ffffffffffffffffffffffff",3.88,,0.15,13,21.71,21.49,99782.00,0.00,0,0,0,0,,,-1.00,-1.00,-1.00,-1.00,-1.00,-1.00
2023-02-05T03:46:43Z,"0002cc0100000648","225109e923fd3e0d025f0d15be6174383cf000000000000000ffffffffffffffffffffffff",3.88,,0.15,13,21.74,21.97,99790.00,0.00,0,0,0,0,,,-1.00,-1.00,-1.00,-1.00,-1.00,-1.00
2023-02-05T03:52:40Z,"0002cc0100000648","225109ea88fd3e0d02520d15c16176394df000000000000000ffffffffffffffffffffffff",3.88,,0.14,13,21.75,22.38,99798.00,0.00,0,0,0,0,,,-1.00,-1.00,-1.00,-1.00,-1.00,-1.00
2023-02-05T03:58:36Z,"0002cc0100000648","225109ebecfd3e0902670d15c361773878f000000000000000ffffffffffffffffffffffff",3.88,,0.15,13,21.76,22.06,99800.00,0.00,0,0,0,0,,,-1.00,-1.00,-1.00,-1.00,-1.00,-1.00
2023-02-05T04:04:32Z,"0002cc0100000648","225109ed50fd3e0d025f0d15c3617837d5f000000000000000ffffffffffffffffffffffff",3.88,,0.15,13,21.76,21.81,99806.00,0.00,0,0,0,0,,,-1.00,-1.00,-1.00,-1.00,-1.00,-1.00
2023-02-05T04:10:28Z,"0002cc0100000648","225109eeb4fd3e0d025f0d15c3617d37d6f000000000000000ffffffffffffffffffffffff",3.88,,0.15,13,21.76,21.81,99824.00,0.00,0,0,0,0,,,-1.00,-1.00,-1.00,-1.00,-1.00,-1.00
2023-02-05T04:16:24Z,"0002cc0100000648","225109f018fd3e0d025f0d15c6618036fff000000000000000ffffffffffffffffffffffff",3.88,,0.15,13,21.77,21.48,99836.00,0.00,0,0,0,0,,,-1.00,-1.00,-1.00,-1.00,-1.00,-1.00
2023-02-05T04:22:20Z,"0002cc0100000648","225109f17cfd3e0d02520d15c6617f3682f000000000000000ffffffffffffffffffffffff",3.88,,0.14,13,21.77,21.29,99832.00,0.00,0,0,0,0,,,-1.00,-1.00,-1.00,-1.00,-1.00,-1.00
2023-02-05T04:28:16Z,"0002cc0100000648","225109f2e0fd3e01025f0d15c66180365df000000000000000ffffffffffffffffffffffff",3.87,,0.15,13,21.77,21.24,99839.00,0.00,0,0,0,0,,,-1.00,-1.00,-1.00,-1.00,-1.00,-1.00
2023-02-05T04:34:12Z,"0002cc0100000648","225109f444fd3e01025f0d15c66184365df000000000000000ffffffffffffffffffffffff",3.87,,0.15,13,21.77,21.24,99852.00,0.00,0,0,0,0,,,-1.00,-1.00,-1.00,-1.00,-1.00,-1.00
2023-02-05T04:40:08Z,"0002cc0100000648","225109f5a8fd3e01025f0d15c8618435bbf000000000000000ffffffffffffffffffffffff",3.87,,0.15,13,21.78,20.99,99852.00,0.00,0,0,0,0,,,-1.00,-1.00,-1.00,-1.00,-1.00,-1.00
2023-02-05T04:46:04Z,"0002cc0100000648","225109f70cfd3e11025f0d15c861843571f000000000000000ffffffffffffffffffffffff",3.88,,0.15,13,21.78,20.88,99852.00,0.00,0,0,0,0,,,-1.00,-1.00,-1.00,-1.00,-1.00,-1.00
2023-02-05T04:52:01Z,"0002cc0100000648","225109f871fd3e0902520d15c861853527f000000000000000ffffffffffffffffffffffff",3.88,,0.14,13,21.78,20.76,99856.00,0.00,0,0,0,0,,,-1.00,-1.00,-1.00,-1.00,-1.00,-1.00
2023-02-05T04:57:57Z,"0002cc0100000648","225109f9d5fd3e0d02520d15c661853510f000000000000000ffffffffffffffffffffffff",3.88,,0.14,13,21.77,20.73,99859.00,0.00,0,0,0,0,,,-1.00,-1.00,-1.00,-1.00,-1.00,-1.00
2023-02-05T05:03:53Z,"0002cc0100000648","225109fb39fd3e0d025f0d15c66184359df000000000000000ffffffffffffffffffffffff",3.88,,0.15,13,21.77,20.94,99855.00,0.00,0,0,0,0,,,-1.00,-1.00,-1.00,-1.00,-1.00,-1.00
2023-02-05T05:09:49Z,"0002cc0100000648","225109fc9dfd3e0d025f0d15c661823570f000000000000000ffffffffffffffffffffffff",3.88,,0.15,13,21.77,20.87,99847.00,0.00,0,0,0,0,,,-1.00,-1.00,-1.00,-1.00,-1.00,-1.00
2023-02-05T05:15:45Z,"0002cc0100000648","225109fe01fd3e0d025f0d15c6617e353df000000000000000ffffffffffffffffffffffff",3.88,,0.15,13,21.77,20.80,99828.00,0.00,0,0,0,0,,,-1.00,-1.00,-1.00,-1.00,-1.00,-1.00
2023-02-05T05:21:41Z,"0002cc0100000648","225109ff65fd3e0902520d15c6617e34ddf000000000000000ffffffffffffffffffffffff",3.88,,0.14,13,21.77,20.65,99828.00,0.00,0,0,0,0,,,-1.00,-1.00,-1.00,-1.00,-1.00,-1.00
2023-02-05T05:27:37Z,"0002cc0100000648","22510a00c9fd3e09025f0d15c6617d34b0f000000000000000ffffffffffffffffffffffff",3.88,,0.15,13,21.77,20.58,99826.00,0.00,0,0,0,0,,,-1.00,-1.00,-1.00,-1.00,-1.00,-1.00
2023-02-05T05:33:33Z,"0002cc0100000648","22510a022dfd3e0902520d15c6617d3493f000000000000000ffffffffffffffffffffffff",3.88,,0.14,13,21.77,20.54,99826.00,0.00,0,0,0,0,,,-1.00,-1.00,-1.00,-1.00,-1.00,-1.00
2023-02-05T05:39:29Z,"0002cc0100000648","22510a0391fd3e0d025f0d15c6617d346ef000000000000000ffffffffffffffffffffffff",3.88,,0.15,13,21.77,20.48,99826.00,0.00,0,0,0,0,,,-1.00,-1.00,-1.00,-1.00,-1.00,-1.00
2023-02-05T05:45:26Z,"0002cc0100000648","22510a04f6fd3e0d025f0d15c6617c34a2f000000000000000ffffffffffffffffffffffff",3.88,,0.15,13,21.77,20.56,99822.00,0.00,0,0,0,0,,,-1.00,-1.00,-1.00,-1.00,-1.00,-1.00
2023-02-05T05:51:22Z,"0002cc0100000648","22510a065afd3e0d02520d15c8617d34ecf000000000000000ffffffffffffffffffffffff",3.88,,0.14,13,21.78,20.67,99826.00,0.00,0,0,0,0,,,-1.00,-1.00,-1.00,-1.00,-1.00,-1.00
2023-02-05T05:57:18Z,"0002cc0100000648","22510a07befd3e01025f0d15c8617b3502f000000000000000ffffffffffffffffffffffff",3.87,,0.15,13,21.78,20.71,99819.00,0.00,0,0,0,0,,,-1.00,-1.00,-1.00,-1.00,-1.00,-1.00
2023-02-05T06:03:14Z,"0002cc0100000648","22510a0922fd3e0d025f0d15cb617934c7f000000000000000ffffffffffffffffffffffff",3.88,,0.15,13,21.79,20.62,99809.00,0.00,0,0,0,0,,,-1.00,-1.00,-1.00,-1.00,-1.00,-1.00
2023-02-05T06:09:10Z,"0002cc0100000648","22510a0a86fd3e0d025f0d15cb617934c0f000000000000000ffffffffffffffffffffffff",3.88,,0.15,13,21.79,20.61,99808.00,0.00,0,0,0,0,,,-1.00,-1.00,-1.00,-1.00,-1.00,-1.00
2023-02-05T06:15:06Z,"0002cc0100000648","22510a0beafd3e0d025f0d15cd6177353df000000000000000ffffffffffffffffffffffff",3.88,,0.15,13,21.80,20.80,99800.00,0.00,0,0,0,0,,,-1.00,-1.00,-1.00,-1.00,-1.00,-1.00
2023-02-05T06:21:02Z,"0002cc0100000648","22510a0d4efd3e0d02670d15d061773606f000000000000000ffffffffffffffffffffffff",3.88,,0.15,13,21.81,21.10,99802.00,0.00,0,0,0,0,,,-1.00,-1.00,-1.00,-1.00,-1.00,-1.00
2023-02-05T06:26:58Z,"0002cc0100000648","22510a0eb2fd3e0d02520d15d261783580f000000000000000ffffffffffffffffffffffff",3.88,,0.14,13,21.82,20.90,99804.00,0.00,0,0,0,0,,,-1.00,-1.00,-1.00,-1.00,-1.00,-1.00
2023-02-05T06:32:54Z,"0002cc0100000648","22510a1016fd3e0d02520d15d561753649f000000000000000ffffffffffffffffffffffff",3.88,,0.14,13,21.83,21.21,99792.00,0.00,0,0,0,0,,,-1.00,-1.00,-1.00,-1.00,-1.00,-1.00
2023-02-05T06:38:51Z,"0002cc0100000648","22510a117bfd3e0502670d15d5617436cdf000000000000000ffffffffffffffffffffffff",3.88,,0.15,13,21.83,21.41,99788.00,0.00,0,0,0,0,,,-1.00,-1.00,-1.00,-1.00,-1.00,-1.00
2023-02-05T06:44:47Z,"0002cc0100000648","22510a12dffd3e0d025f0d15d861713736f000000000000000ffffffffffffffffffffffff",3.88,,0.15,13,21.84,21.57,99779.00,0.00,0,0,0,0,,,-1.00,-1.00,-1.00,-1.00,-1.00,-1.00
2023-02-05T06:50:43Z,"0002cc0100000648","22510a1443fd3e0d02520d15d8616f3762f000000000000000ffffffffffffffffffffffff",3.88,,0.14,13,21.84,21.63,99771.00,0.00,0,0,0,0,,,-1.00,-1.00,-1.00,-1.00,-1.00,-1.00
2023-02-05T06:56:39Z,"0002cc0100000648","22510a15a7fd3e0d025f0d15da616a37b3f000000000000000ffffffffffffffffffffffff",3.88,,0.15,13,21.85,21.76,99748.00,0.00,0,0,0,0,,,-1.00,-1.00,-1.00,-1.00,-1.00,-1.00
2023-02-05T07:02:35Z,"0002cc0100000648","22510a170bfd3e05025f0d15da61653720f000000000000000ffffffffffffffffffffffff",3.88,,0.15,13,21.85,21.53,99731.00,0.00,0,0,0,0,,,-1.00,-1.00,-1.00,-1.00,-1.00,-1.00
2023-02-05T07:08:31Z,"0002cc0100000648","22510a186ffd3e0d025f0d15dd61633780f000000000000000ffffffffffffffffffffffff",3.88,,0.15,13,21.86,21.68,99721.00,0.00,0,0,0,0,,,-1.00,-1.00,-1.00,-1.00,-1.00,-1.00
2023-02-05T07:14:27Z,"0002cc0100000648","22510a19d3fd3e05025f0d15dd61633822f000000000000000ffffffffffffffffffffffff",3.88,,0.15,13,21.86,21.93,99720.00,0.00,0,0,0,0,,,-1.00,-1.00,-1.00,-1.00,-1.00,-1.00
2023-02-05T07:20:23Z,"0002cc0100000648","22510a1b37fd3e0d02520d15df616037eff000000000000000ffffffffffffffffffffffff",3.88,,0.14,13,21.87,21.85,99710.00,0.00,0,0,0,0,,,-1.00,-1.00,-1.00,-1.00,-1.00,-1.00
2023-02-05T07:26:19Z,"0002cc0100000648","22510a1c9bfd3e0102520d15dd615d381bf000000000000000ffffffffffffffffffffffff",3.87,,0.14,13,21.86,21.92,99699.00,0.00,0,0,0,0,,,-1.00,-1.00,-1.00,-1.00,-1.00,-1.00
2023-02-05T07:32:15Z,"0002cc0100000648","22510a1dfffd3e01025f0d15dd6159394af000000000000000ffffffffffffffffffffffff",3.87,,0.15,13,21.86,22.38,99682.00,0.00,0,0,0,0,,,-1.00,-1.00,-1.00,-1.00,-1.00,-1.00
2023-02-05T07:38:12Z,"0002cc0100000648","22510a1f64fd3e0d025f0d15df61583976f000000000000000ffffffffffffffffffffffff",3.88,,0.15,13,21.87,22.45,99677.00,0.00,0,0,0,0,,,-1.00,-1.00,-1.00,-1.00,-1.00,-1.00
2023-02-05T07:44:08Z,"0002cc0100000648","22510a20c8fd3e0502520d15e2615639a4f000000000000000ffffffffffffffffffffffff",3.88,,0.14,13,21.88,22.52,99668.00,0.00,0,0,0,0,,,-1.00,-1.00,-1.00,-1.00,-1.00,-1.00
2023-02-05T07:50:04Z,"0002cc0100000648","22510a222cfd3e0d025f0d15e46154399cf000000000000000ffffffffffffffffffffffff",3.88,,0.15,13,21.89,22.50,99662.00,0.00,0,0,0,0,,,-1.00,-1.00,-1.00,-1.00,-1.00,-1.00
2023-02-05T07:56:00Z,"0002cc0100000648","22510a2390fd3e05025f0d15e761523a9ff000000000000000ffffffffffffffffffffffff",3.88,,0.15,13,21.90,22.90,99655.00,0.00,0,0,0,0,,,-1.00,-1.00,-1.00,-1.00,-1.00,-1.00
2023-02-05T08:01:56Z,"0002cc0100000648","22510a24f4fd3e0d025f0d15e961503a89f000000000000000ffffffffffffffffffffffff",3.88,,0.15,13,21.91,22.87,99644.00,0.00,0,0,0,0,,,-1.00,-1.00,-1.00,-1.00,-1.00,-1.00
2023-02-05T08:07:52Z,"0002cc0100000648","22510a2658fd3dfc025f0d15e9614f3a73f000000000000000ffffffffffffffffffffffff",3.87,,0.15,13,21.91,22.83,99641.00,0.00,0,0,0,0,,,-1.00,-1.00,-1.00,-1.00,-1.00,-1.00
2023-02-05T08:13:48Z,"0002cc0100000648","22510a27bcfd3e0d025f0d15e9614d3b2cf000000000000000ffffffffffffffffffffffff",3.88,,0.15,13,21.91,23.11,99635.00,0.00,0,0,0,0,,,-1.00,-1.00,-1.00,-1.00,-1.00,-1.00
2023-02-05T08:19:44Z,"0002cc0100000648","22510a2920fd3e0102520d15e9614e3cd8f000000000000000ffffffffffffffffffffffff",3.87,,0.14,13,21.91,23.77,99638.00,0.00,0,0,0,0,,,-1.00,-1.00,-1.00,-1.00,-1.00,-1.00
2023-02-05T08:25:40Z,"0002cc0100000648","22510a2a84fd3e01025f0d15e7614b3d30f000000000000000ffffffffffffffffffffffff",3.87,,0.15,13,21.90,23.90,99626.00,0.00,0,0,0,0,,,-1.00,-1.00,-1.00,-1.00,-1.00,-1.00
2023-02-05T08:31:36Z,"0002cc0100000648","22510a2be8fd3e0d025f0d15e461493c7ef000000000000000ffffffffffffffffffffffff",3.88,,0.15,13,21.89,23.63,99618.00,0.00,0,0,0,0,,,-1.00,-1.00,-1.00,-1.00,-1.00,-1.00
2023-02-05T08:37:33Z,"0002cc0100000648","22510a2d4dfd3e05025f0d15e261483d04f000000000000000ffffffffffffffffffffffff",3.88,,0.15,13,21.88,23.83,99612.00,0.00,0,0,0,0,,,-1.00,-1.00,-1.00,-1.00,-1.00,-1.00
2023-02-05T08:43:29Z,"0002cc0100000648","22510a2eb1fd3e05025f0d15e461493d3ef000000000000000ffffffffffffffffffffffff",3.88,,0.15,13,21.89,23.92,99616.00,0.00,0,0,0,0,,,-1.00,-1.00,-1.00,-1.00,-1.00,-1.00
2023-02-05T08:49:25Z,"0002cc0100000648","22510a3015fd3e05025f0d15e461493dadf000000000000000ffffffffffffffffffffffff",3.88,,0.15,13,21.89,24.09,99617.00,0.00,0,0,0,0,,,-1.00,-1.00,-1.00,-1.00,-1.00,-1.00
2023-02-05T08:55:21Z,"0002cc0100000648","22510a3179fd3e0502520d15e761493d1af000000000000000ffffffffffffffffffffffff",3.88,,0.14,13,21.90,23.87,99616.00,0.00,0,0,0,0,,,-1.00,-1.00,-1.00,-1.00,-1.00,-1.00
2023-02-05T09:01:17Z,"0002cc0100000648","22510a32ddfd3e05025f0d15e961493d1af000000000000000ffffffffffffffffffffffff",3.88,,0.15,13,21.91,23.87,99616.00,0.00,0,0,0,0,,,-1.00,-1.00,-1.00,-1.00,-1.00,-1.00
2023-02-05T09:07:13Z,"0002cc0100000648","22510a3441fd3e05025f0d15e961463ce7f000000000000000ffffffffffffffffffffffff",3.88,,0.15,13,21.91,23.79,99606.00,0.00,0,0,0,0,,,-1.00,-1.00,-1.00,-1.00,-1.00,-1.00
2023-02-05T09:13:09Z,"0002cc0100000648","22510a35a5fd3e0102520d15ec61463cacf000000000000000ffffffffffffffffffffffff",3.87,,0.14,13,21.92,23.70,99606.00,0.00,0,0,0,0,,,-1.00,-1.00,-1.00,-1.00,-1.00,-1.00
2023-02-05T09:19:05Z,"0002cc0100000648","22510a3709fd3e0502520d15e961443cc9f000000000000000ffffffffffffffffffffffff",3.88,,0.14,13,21.91,23.75,99596.00,0.00,0,0,0,0,,,-1.00,-1.00,-1.00,-1.00,-1.00,-1.00
2023-02-05T09:25:01Z,"0002cc0100000648","22510a386dfd3dfc02520d15ec61413c36f000000000000000ffffffffffffffffffffffff",3.87,,0.14,13,21.92,23.52,99584.00,0.00,0,0,0,0,,,-1.00,-1.00,-1.00,-1.00,-1.00,-1.00
2023-02-05T09:30:58Z,"0002cc0100000648","22510a39d2fd3e05025f0d15e961423bf30800000000000000ffffffffffffffffffffffff",3.88,,0.15,13,21.91,23.42,99590.00,2.00,0,0,0,0,,,-1.00,-1.00,-1.00,-1.00,-1.00,-1.00
2023-02-05T09:36:54Z,"0002cc0100000648","22510a3b36fd3e0502520d15e761403bd5f000000000000000ffffffffffffffffffffffff",3.88,,0.14,13,21.90,23.37,99583.00,0.00,0,0,0,0,,,-1.00,-1.00,-1.00,-1.00,-1.00,-1.00
2023-02-05T09:42:50Z,"0002cc0100000648","22510a3c9afd3e05025f0d15e4613f3c01f000000000000000ffffffffffffffffffffffff",3.88,,0.15,13,21.89,23.44,99577.00,0.00,0,0,0,0,,,-1.00,-1.00,-1.00,-1.00,-1.00,-1.00
2023-02-05T09:48:46Z,"0002cc0100000648","22510a3dfefd3e0502520d15e461413bbef000000000000000ffffffffffffffffffffffff",3.88,,0.14,13,21.89,23.34,99584.00,0.00,0,0,0,0,,,-1.00,-1.00,-1.00,-1.00,-1.00,-1.00
2023-02-05T09:54:42Z,"0002cc0100000648","22510a3f62fd3e0502520d15e2613e3ba8f000000000000000ffffffffffffffffffffffff",3.88,,0.14,13,21.88,23.30,99575.00,0.00,0,0,0,0,,,-1.00,-1.00,-1.00,-1.00,-1.00,-1.00
2023-02-05T10:00:38Z,"0002cc0100000648","22510a40c6fd3e0502520d15e2613b3ba1f000000000000000ffffffffffffffffffffffff",3.88,,0.14,13,21.88,23.29,99563.00,0.00,0,0,0,0,,,-1.00,-1.00,-1.00,-1.00,-1.00,-1.00
2023-02-05T10:06:34Z,"0002cc0100000648","22510a422afd3e01025f0d15e261353bb7f000000000000000ffffffffffffffffffffffff",3.87,,0.15,13,21.88,23.33,99539.00,0.00,0,0,0,0,,,-1.00,-1.00,-1.00,-1.00,-1.00,-1.00
2023-02-05T10:12:30Z,"0002cc0100000648","22510a438efd3e05025f0d15e261353c00f000000000000000ffffffffffffffffffffffff",3.88,,0.15,13,21.88,23.44,99539.00,0.00,0,0,0,0,,,-1.00,-1.00,-1.00,-1.00,-1.00,-1.00
2023-02-05T10:18:26Z,"0002cc0100000648","22510a44f2fd3e05025f0d15e261363bcdf000000000000000ffffffffffffffffffffffff",3.88,,0.15,13,21.88,23.36,99541.00,0.00,0,0,0,0,,,-1.00,-1.00,-1.00,-1.00,-1.00,-1.00
2023-02-05T10:24:23Z,"0002cc0100000648","22510a4657fd3e01025f0d15e261363c2df000000000000000ffffffffffffffffffffffff",3.87,,0.15,13,21.88,23.51,99542.00,0.00,0,0,0,0,,,-1.00,-1.00,-1.00,-1.00,-1.00,-1.00
2023-02-05T10:30:19Z,"0002cc0100000648","22510a47bbfd3e05025f0d15e261363c7ef000000000000000ffffffffffffffffffffffff",3.88,,0.15,13,21.88,23.63,99540.00,0.00,0,0,0,0,,,-1.00,-1.00,-1.00,-1.00,-1.00,-1.00
2023-02-05T10:36:15Z,"0002cc0100000648","22510a491ffd3e05025f0d15e261343c35f000000000000000ffffffffffffffffffffffff",3.88,,0.15,13,21.88,23.52,99534.00,0.00,0,0,0,0,,,-1.00,-1.00,-1.00,-1.00,-1.00,-1.00
2023-02-05T10:42:11Z,"0002cc0100000648","22510a4a83fd3e05025f0d15e461333d46f000000000000000ffffffffffffffffffffffff",3.88,,0.15,13,21.89,23.94,99530.00,0.00,0,0,0,0,,,-1.00,-1.00,-1.00,-1.00,-1.00,-1.00
2023-02-05T10:48:07Z,"0002cc0100000648","22510a4be7fd3dfc025f0d15e961343d04f000000000000000ffffffffffffffffffffffff",3.87,,0.15,13,21.91,23.83,99535.00,0.00,0,0,0,0,,,-1.00,-1.00,-1.00,-1.00,-1.00,-1.00
2023-02-05T10:54:03Z,"0002cc0100000648","22510a4d4bfd3e05025f0d15ec61343d56f000000000000000ffffffffffffffffffffffff",3.88,,0.15,13,21.92,23.96,99533.00,0.00,0,0,0,0,,,-1.00,-1.00,-1.00,-1.00,-1.00,-1.00
2023-02-05T10:59:59Z,"0002cc0100000648","22510a4eaffd3e05025f0d15ef61313dbdf000000000000000ffffffffffffffffffffffff",3.88,,0.15,13,21.93,24.12,99523.00,0.00,0,0,0,0,,,-1.00,-1.00,-1.00,-1.00,-1.00,-1.00
2023-02-05T11:05:55Z,"0002cc0100000648","22510a5013fd3e05025f0d15f161323df9f000000000000000ffffffffffffffffffffffff",3.88,,0.15,13,21.94,24.21,99527.00,0.00,0,0,0,0,,,-1.00,-1.00,-1.00,-1.00,-1.00,-1.00
2023-02-05T11:11:52Z,"0002cc0100000648","22510a5178fd3e05025f0d15f1612f3dd4f000000000000000ffffffffffffffffffffffff",3.88,,0.15,13,21.94,24.15,99514.00,0.00,0,0,0,0,,,-1.00,-1.00,-1.00,-1.00,-1.00,-1.00
2023-02-05T11:17:47Z,"0002cc0100000648","22510a52dbfd3e05025f0d15f461313e3cf000000000000000ffffffffffffffffffffffff",3.88,,0.15,13,21.95,24.31,99522.00,0.00,0,0,0,0,,,-1.00,-1.00,-1.00,-1.00,-1.00,-1.00
2023-02-05T11:23:44Z,"0002cc0100000648","22510a5440fd3e05025f0d15f461333e8df000000000000000ffffffffffffffffffffffff",3.88,,0.15,13,21.95,24.43,99531.00,0.00,0,0,0,0,,,-1.00,-1.00,-1.00,-1.00,-1.00,-1.00
2023-02-05T11:29:40Z,"0002cc0100000648","22510a55a4fd3e0102520d15f461353e1ef000000000000000ffffffffffffffffffffffff",3.87,,0.14,13,21.95,24.27,99539.00,0.00,0,0,0,0,,,-1.00,-1.00,-1.00,-1.00,-1.00,-1.00
2023-02-05T11:35:36Z,"0002cc0100000648","22510a5708fd3e0902520d15f461353e9df000000000000000ffffffffffffffffffffffff",3.88,,0.14,13,21.95,24.46,99538.00,0.00,0,0,0,0,,,-1.00,-1.00,-1.00,-1.00,-1.00,-1.00
2023-02-05T11:41:32Z,"0002cc0100000648","22510a586cfd3df4025f0d15f461343ed0f000000000000000ffffffffffffffffffffffff",3.87,,0.15,13,21.95,24.54,99532.00,0.00,0,0,0,0,,,-1.00,-1.00,-1.00,-1.00,-1.00,-1.00
2023-02-05T11:47:28Z,"0002cc0100000648","22510a59d0fd3dfc02520d15f661353f12f000000000000000ffffffffffffffffffffffff",3.87,,0.14,13,21.96,24.64,99536.00,0.00,0,0,0,0,,,-1.00,-1.00,-1.00,-1.00,-1.00,-1.00
2023-02-05T11:53:24Z,"0002cc0100000648","22510a5b34fd3e01025f0d15f961343f1af000000000000000ffffffffffffffffffffffff",3.87,,0.15,13,21.97,24.65,99533.00,0.00,0,0,0,0,,,-1.00,-1.00,-1.00,-1.00,-1.00,-1.00
2023-02-05T11:59:20Z,"0002cc0100000648","22510a5c98fd3e0502520d15fb61323f0cf000000000000000ffffffffffffffffffffffff",3.88,,0.14,13,21.98,24.63,99527.00,0.00,0,0,0,0,,,-1.00,-1.00,-1.00,-1.00,-1.00,-1.00
2023-02-05T12:05:17Z,"0002cc0100000648","22510a5dfdfd3e01025f0d15fb61353faef000000000000000ffffffffffffffffffffffff",3.87,,0.15,13,21.98,24.87,99539.00,0.00,0,0,0,0,,,-1.00,-1.00,-1.00,-1.00,-1.00,-1.00
2023-02-05T12:11:12Z,"0002cc0100000648","22510a5f60fd3e05025f0d15fe61374170f000000000000000ffffffffffffffffffffffff",3.88,,0.15,13,21.99,25.56,99546.00,0.00,0,0,0,0,,,-1.00,-1.00,-1.00,-1.00,-1.00,-1.00
2023-02-05T12:17:09Z,"0002cc0100000648","22510a60c5fd3e05025f0d15fe613741bbf000000000000000ffffffffffffffffffffffff",3.88,,0.15,13,21.99,25.68,99544.00,0.00,0,0,0,0,,,-1.00,-1.00,-1.00,-1.00,-1.00,-1.00
2023-02-05T12:23:05Z,"0002cc0100000648","22510a6229fd3e01025f0d15fe613541c2f000000000000000ffffffffffffffffffffffff",3.87,,0.15,13,21.99,25.69,99536.00,0.00,0,0,0,0,,,-1.00,-1.00,-1.00,-1.00,-1.00,-1.00
2023-02-05T12:29:01Z,"0002cc0100000648","22510a638dfd3e01025f0d15fe61364162f000000000000000ffffffffffffffffffffffff",3.87,,0.15,13,21.99,25.54,99541.00,0.00,0,0,0,0,,,-1.00,-1.00,-1.00,-1.00,-1.00,-1.00
2023-02-05T12:34:57Z,"0002cc0100000648","22510a64f1fd3e05025f0d15fe6134419df000000000000000ffffffffffffffffffffffff",3.88,,0.15,13,21.99,25.63,99535.00,0.00,0,0,0,0,,,-1.00,-1.00,-1.00,-1.00,-1.00,-1.00
2023-02-05T12:40:53Z,"0002cc0100000648","22510a6655fd3e05025f0d15fb613041f60c00000000000000ffffffffffffffffffffffff",3.88,,0.15,13,21.98,25.77,99519.00,3.00,0,0,0,0,,,-1.00,-1.00,-1.00,-1.00,-1.00,-1.00
2023-02-05T12:46:49Z,"0002cc0100000648","22510a67b9fd3e0102520d15fe6131426c0900000000000000ffffffffffffffffffffffff",3.87,,0.14,13,21.99,25.95,99521.00,9.00,0,0,0,0,,,-1.00,-1.00,-1.00,-1.00,-1.00,-1.00
2023-02-05T12:52:45Z,"0002cc0100000648","22510a691dfd3dfc02520d15fe61314282f000000000000000ffffffffffffffffffffffff",3.87,,0.14,13,21.99,25.98,99520.00,0.00,0,0,0,0,,,-1.00,-1.00,-1.00,-1.00,-1.00,-1.00
2023-02-05T12:58:41Z,"0002cc0100000648","22510a6a81fd3e0102520d15fe61314298f000000000000000ffffffffffffffffffffffff",3.87,,0.14,13,21.99,26.01,99520.00,0.00,0,0,0,0,,,-1.00,-1.00,-1.00,-1.00,-1.00,-1.00
2023-02-05T13:04:38Z,"0002cc0100000648","22510a6be6fd3e01025f0d15fe61324291f000000000000000ffffffffffffffffffffffff",3.87,,0.15,13,21.99,26.00,99526.00,0.00,0,0,0,0,,,-1.00,-1.00,-1.00,-1.00,-1.00,-1.00
2023-02-05T13:10:34Z,"0002cc0100000648","22510a6d4afd3e0502520d1601613242aef000000000000000ffffffffffffffffffffffff",3.88,,0.14,13,22.00,26.05,99525.00,0.00,0,0,0,0,,,-1.00,-1.00,-1.00,-1.00,-1.00,-1.00
2023-02-05T13:16:30Z,"0002cc0100000648","22510a6eaefd3e05025f0d160161324247f000000000000000ffffffffffffffffffffffff",3.88,,0.15,13,22.00,25.89,99525.00,0.00,0,0,0,0,,,-1.00,-1.00,-1.00,-1.00,-1.00,-1.00
2023-02-05T13:22:26Z,"0002cc0100000648","22510a7012fd3e0102670d15fe613341d1f000000000000000ffffffffffffffffffffffff",3.87,,0.15,13,21.99,25.71,99531.00,0.00,0,0,0,0,,,-1.00,-1.00,-1.00,-1.00,-1.00,-1.00
2023-02-05T13:28:22Z,"0002cc0100000648","22510a7176fd3dfc02520d15fb613641bbf000000000000000ffffffffffffffffffffffff",3.87,,0.14,13,21.98,25.68,99540.00,0.00,0,0,0,0,,,-1.00,-1.00,-1.00,-1.00,-1.00,-1.00
2023-02-05T13:34:18Z,"0002cc0100000648","22510a72dafd3dfc025f0d15fb613941b3f000000000000000ffffffffffffffffffffffff",3.87,,0.15,13,21.98,25.66,99554.00,0.00,0,0,0,0,,,-1.00,-1.00,-1.00,-1.00,-1.00,-1.00
2023-02-05T13:40:14Z,"0002cc0100000648","22510a743efd3e0102520d15fb613b41d0f000000000000000ffffffffffffffffffffffff",3.87,,0.14,13,21.98,25.71,99561.00,0.00,0,0,0,0,,,-1.00,-1.00,-1.00,-1.00,-1.00,-1.00
2023-02-05T13:46:10Z,"0002cc0100000648","22510a75a2fd3e0102670d15f9613b4212f000000000000000ffffffffffffffffffffffff",3.87,,0.15,13,21.97,25.81,99561.00,0.00,0,0,0,0,,,-1.00,-1.00,-1.00,-1.00,-1.00,-1.00
2023-02-05T13:52:06Z,"0002cc0100000648","22510a7706fd3e0102520d15f6613b429e0940000000000000ffffffffffffffffffffffff",3.87,,0.14,13,21.96,26.02,99560.00,148.00,0,0,0,0,,,-1.00,-1.00,-1.00,-1.00,-1.00,-1.00
2023-02-05T13:58:02Z,"0002cc0100000648","22510a786afd3e01025f0d15f6613942c40bb0000000000000ffffffffffffffffffffffff",3.87,,0.15,13,21.96,26.08,99555.00,187.00,0,0,0,0,,,-1.00,-1.00,-1.00,-1.00,-1.00,-1.00
2023-02-05T14:03:59Z,"0002cc0100000648","22510a79cffd3e01025f0d15f4613a42fe0a90000000000000ffffffffffffffffffffffff",3.87,,0.15,13,21.95,26.17,99559.00,169.00,0,0,0,0,,,-1.00,-1.00,-1.00,-1.00,-1.00,-1.00
2023-02-05T14:09:55Z,"0002cc0100000648","22510a7b33fd3e0102520d15f6613a42a60ab0000000000000ffffffffffffffffffffffff",3.87,,0.14,13,21.96,26.03,99558.00,171.00,0,0,0,0,,,-1.00,-1.00,-1.00,-1.00,-1.00,-1.00
2023-02-05T14:15:51Z,"0002cc0100000648","22510a7c97fd3dfc025f0d15f4613d42cb0bb0000000000000ffffffffffffffffffffffff",3.87,,0.15,13,21.95,26.09,99568.00,187.00,0,0,0,0,,,-1.00,-1.00,-1.00,-1.00,-1.00,-1.00
2023-02-05T14:21:47Z,"0002cc0100000648","22510a7dfbfd3e01025f0d15f1613f424c0ce0000000000000ffffffffffffffffffffffff",3.87,,0.15,13,21.94,25.90,99579.00,206.00,0,0,0,0,,,-1.00,-1.00,-1.00,-1.00,-1.00,-1.00
2023-02-05T14:27:43Z,"0002cc0100000648","22510a7f5ffd3e0102520d15e96142429d0d70000000000000ffffffffffffffffffffffff",3.87,,0.14,13,21.91,26.02,99591.00,215.00,0,0,0,0,,,-1.00,-1.00,-1.00,-1.00,-1.00,-1.00
2023-02-05T14:33:39Z,"0002cc0100000648","22510a80c3fd3e01025f0d15e26143422d0b70000000000000ffffffffffffffffffffffff",3.87,,0.15,13,21.88,25.85,99592.00,183.00,0,0,0,0,,,-1.00,-1.00,-1.00,-1.00,-1.00,-1.00
2023-02-05T14:39:35Z,"0002cc0100000648","22510a8227fd3e01025f0d15d5614441f70be0000000000000ffffffffffffffffffffffff",3.87,,0.15,13,21.83,25.77,99597.00,190.00,0,0,0,0,,,-1.00,-1.00,-1.00,-1.00,-1.00,-1.00
2023-02-05T14:45:31Z,"0002cc0100000648","22510a838bfd3e0102520d15cd614641f60c70000000000000ffffffffffffffffffffffff",3.87,,0.14,13,21.80,25.77,99605.00,199.00,0,0,0,0,,,-1.00,-1.00,-1.00,-1.00,-1.00,-1.00
2023-02-05T14:51:28Z,"0002cc0100000648","22510a84f0fd3e01025f0d15c1614641ed0bc0000000000000ffffffffffffffffffffffff",3.87,,0.15,13,21.75,25.75,99607.00,188.00,0,0,0,0,,,-1.00,-1.00,-1.00,-1.00,-1.00,-1.00
2023-02-05T14:57:24Z,"0002cc0100000648","22510a8654fd3e0102520d15b6614a41f20bf0000000000000ffffffffffffffffffffffff",3.87,,0.14,13,21.71,25.76,99621.00,191.00,0,0,0,0,,,-1.00,-1.00,-1.00,-1.00,-1.00,-1.00
2023-02-05T15:03:20Z,"0002cc0100000648","22510a87b8fd3e01025f0d15ac614b421e0b60000000000000ffffffffffffffffffffffff",3.87,,0.15,13,21.67,25.83,99625.00,182.00,0,0,0,0,,,-1.00,-1.00,-1.00,-1.00,-1.00,-1.00
2023-02-05T15:09:16Z,"0002cc0100000648","22510a891cfd3df8025f0d15a7614c42ce0b90000000000000ffffffffffffffffffffffff",3.87,,0.15,13,21.65,26.10,99629.00,185.00,0,0,0,0,,,-1.00,-1.00,-1.00,-1.00,-1.00,-1.00
2023-02-05T15:15:12Z,"0002cc0100000648","22510a8a80fd3e01025f0d15a26147426d0c10000000000000ffffffffffffffffffffffff",3.87,,0.15,13,21.63,25.95,99611.00,193.00,0,0,0,0,,,-1.00,-1.00,-1.00,-1.00,-1.00,-1.00
2023-02-05T15:21:08Z,"0002cc0100000648","22510a8be4fd3e0102520d159d6148424f0a40000000000000ffffffffffffffffffffffff",3.87,,0.14,13,21.61,25.90,99612.00,164.00,0,0,0,0,,,-1.00,-1.00,-1.00,-1.00,-1.00,-1.00
2023-02-05T15:27:04Z,"0002cc0100000648","22510a8d48fd3e01025f0d159a6146425d0bd0000000000000ffffffffffffffffffffffff",3.87,,0.15,13,21.60,25.92,99607.00,189.00,0,0,0,0,,,-1.00,-1.00,-1.00,-1.00,-1.00,-1.00
2023-02-05T15:33:00Z,"0002cc0100000648","22510a8eacfd3dfc025f0d1592614842630cf0000000000000ffffffffffffffffffffffff",3.87,,0.15,13,21.57,25.93,99612.00,207.00,0,0,0,0,,,-1.00,-1.00,-1.00,-1.00,-1.00,-1.00
2023-02-05T15:38:56Z,"0002cc0100000648","22510a9010fd3e0102670d158d614c42790c10000000000000ffffffffffffffffffffffff",3.87,,0.15,13,21.55,25.97,99628.00,193.00,0,0,0,0,,,-1.00,-1.00,-1.00,-1.00,-1.00,-1.00
2023-02-05T15:44:52Z,"0002cc0100000648","22510a9174fd3df402520d1588614a42700ce0000000000000ffffffffffffffffffffffff",3.87,,0.14,13,21.53,25.95,99622.00,206.00,0,0,0,0,,,-1.00,-1.00,-1.00,-1.00,-1.00,-1.00
2023-02-05T15:50:49Z,"0002cc0100000648","22510a92d9fd3e01025f0d1583614e42610b00000000000000ffffffffffffffffffffffff",3.87,,0.15,13,21.51,25.93,99638.00,176.00,0,0,0,0,,,-1.00,-1.00,-1.00,-1.00,-1.00,-1.00
2023-02-05T15:56:45Z,"0002cc0100000648","22510a943dfd3e01025f0d157b614e42590ce0000000000000ffffffffffffffffffffffff",3.87,,0.15,13,21.48,25.92,99639.00,206.00,0,0,0,0,,,-1.00,-1.00,-1.00,-1.00,-1.00,-1.00
2023-02-05T16:02:41Z,"0002cc0100000648","22510a95a1fd3e0102520d1576615142490d40000000000000ffffffffffffffffffffffff",3.87,,0.14,13,21.46,25.89,99648.00,212.00,0,0,0,0,,,-1.00,-1.00,-1.00,-1.00,-1.00,-1.00
2023-02-05T16:08:37Z,"0002cc0100000648","22510a9705fd3e01025f0d1574615342490c70000000000000ffffffffffffffffffffffff",3.87,,0.15,13,21.45,25.89,99658.00,199.00,0,0,0,0,,,-1.00,-1.00,-1.00,-1.00,-1.00,-1.00
2023-02-05T16:14:33Z,"0002cc0100000648","22510a9869fd3e01025f0d156f614f42320c30000000000000ffffffffffffffffffffffff",3.87,,0.15,13,21.43,25.86,99643.00,195.00,0,0,0,0,,,-1.00,-1.00,-1.00,-1.00,-1.00,-1.00
2023-02-05T16:20:29Z,"0002cc0100000648","22510a99cdfd3df8025f0d1569615042220be0000000000000ffffffffffffffffffffffff",3.87,,0.15,13,21.41,25.83,99647.00,190.00,0,0,0,0,,,-1.00,-1.00,-1.00,-1.00,-1.00,-1.00
2023-02-05T16:26:25Z,"0002cc0100000648","22510a9b31fd3e01025f0d1567615842040b00000000000000ffffffffffffffffffffffff",3.87,,0.15,13,21.40,25.79,99678.00,176.00,0,0,0,0,,,-1.00,-1.00,-1.00,-1.00,-1.00,-1.00
2023-02-05T16:32:21Z,"0002cc0100000648","22510a9c95fd3dfc025f0d1567615841ee0ce0000000000000ffffffffffffffffffffffff",3.87,,0.15,13,21.40,25.75,99678.00,206.00,0,0,0,0,,,-1.00,-1.00,-1.00,-1.00,-1.00,-1.00
2023-02-05T16:38:17Z,"0002cc0100000648","22510a9df9fd3df8025f0d1564615a41ba0b30000000000000ffffffffffffffffffffffff",3.87,,0.15,13,21.39,25.67,99685.00,179.00,0,0,0,0,,,-1.00,-1.00,-1.00,-1.00,-1.00,-1.00
2023-02-05T16:44:14Z,"0002cc0100000648","22510a9f5efd3df8025f0d1564615d42550ce0000000000000ffffffffffffffffffffffff",3.87,,0.15,13,21.39,25.91,99698.00,206.00,0,0,0,0,,,-1.00,-1.00,-1.00,-1.00,-1.00,-1.00
2023-02-05T16:50:10Z,"0002cc0100000648","22510aa0c2fd3e0102520d1567615f42b60c40000000000000ffffffffffffffffffffffff",3.87,,0.14,13,21.40,26.06,99704.00,196.00,0,0,0,0,,,-1.00,-1.00,-1.00,-1.00,-1.00,-1.00
2023-02-05T16:56:06Z,"0002cc0100000648","22510aa226fd3df4025f0d1569615f421b0c00000000000000ffffffffffffffffffffffff",3.87,,0.15,13,21.41,25.82,99706.00,192.00,0,0,0,0,,,-1.00,-1.00,-1.00,-1.00,-1.00,-1.00
2023-02-05T17:02:02Z,"0002cc0100000648","22510aa38afd3e0102520d156c616241b40c60000000000000ffffffffffffffffffffffff",3.87,,0.14,13,21.42,25.67,99719.00,198.00,0,0,0,0,,,-1.00,-1.00,-1.00,-1.00,-1.00,-1.00
2023-02-05T17:07:58Z,"0002cc0100000648","22510aa4eefd3df8025f0d1569616242140d10000000000000ffffffffffffffffffffffff",3.87,,0.15,13,21.41,25.81,99717.00,209.00,0,0,0,0,,,-1.00,-1.00,-1.00,-1.00,-1.00,-1.00
2023-02-05T17:13:54Z,"0002cc0100000648","22510aa652fd3df0025f0d156c616241e00ce0000000000000ffffffffffffffffffffffff",3.87,,0.15,13,21.42,25.73,99718.00,206.00,0,0,0,0,,,-1.00,-1.00,-1.00,-1.00,-1.00,-1.00
2023-02-05T17:19:50Z,"0002cc0100000648","22510aa7b6fd3e01025f0d1569616242910c30000000000000ffffffffffffffffffffffff",3.87,,0.15,13,21.41,26.00,99718.00,195.00,0,0,0,0,,,-1.00,-1.00,-1.00,-1.00,-1.00,-1.00
2023-02-05T17:25:46Z,"0002cc0100000648","22510aa91afd3df802520d1567615e41c90b70000000000000ffffffffffffffffffffffff",3.87,,0.14,13,21.40,25.70,99702.00,183.00,0,0,0,0,,,-1.00,-1.00,-1.00,-1.00,-1.00,-1.00
2023-02-05T17:31:42Z,"0002cc0100000648","22510aaa7efd3df8025f0d1567615e418e0c60000000000000ffffffffffffffffffffffff",3.87,,0.15,13,21.40,25.61,99703.00,198.00,0,0,0,0,,,-1.00,-1.00,-1.00,-1.00,-1.00,-1.00
2023-02-05T17:37:39Z,"0002cc0100000648","22510aabe3fd3df4025f0d15646160419d0c50000000000000ffffffffffffffffffffffff",3.87,,0.15,13,21.39,25.63,99711.00,197.00,0,0,0,0,,,-1.00,-1.00,-1.00,-1.00,-1.00,-1.00
2023-02-05T17:43:35Z,"0002cc0100000648","22510aad47fd3df8025f0d1562616141ab0d60000000000000ffffffffffffffffffffffff",3.87,,0.15,13,21.38,25.65,99713.00,214.00,0,0,0,0,,,-1.00,-1.00,-1.00,-1.00,-1.00,-1.00
2023-02-05T17:49:31Z,"0002cc0100000648","22510aaeabfd3df802670d1562616141950cf0000000000000ffffffffffffffffffffffff",3.87,,0.15,13,21.38,25.62,99715.00,207.00,0,0,0,0,,,-1.00,-1.00,-1.00,-1.00,-1.00,-1.00
2023-02-05T17:55:27Z,"0002cc0100000648","22510ab00ffd3e01025f0d155f6161418d0d90000000000000ffffffffffffffffffffffff",3.87,,0.15,13,21.37,25.61,99715.00,217.00,0,0,0,0,,,-1.00,-1.00,-1.00,-1.00,-1.00,-1.00
2023-02-05T18:01:23Z,"0002cc0100000648","22510ab173fd3df8025f0d15626161417e0c90000000000000ffffffffffffffffffffffff",3.87,,0.15,13,21.38,25.58,99713.00,201.00,0,0,0,0,,,-1.00,-1.00,-1.00,-1.00,-1.00,-1.00
2023-02-05T18:07:19Z,"0002cc0100000648","22510ab2d7fd3df8025f0d155f616141520c20000000000000ffffffffffffffffffffffff",3.87,,0.15,13,21.37,25.52,99713.00,194.00,0,0,0,0,,,-1.00,-1.00,-1.00,-1.00,-1.00,-1.00
2023-02-05T18:13:15Z,"0002cc0100000648","22510ab43bfd3df4025f0d155d6161413c0c60000000000000ffffffffffffffffffffffff",3.87,,0.15,13,21.36,25.48,99715.00,198.00,0,0,0,0,,,-1.00,-1.00,-1.00,-1.00,-1.00,-1.00
2023-02-05T18:19:11Z,"0002cc0100000648","22510ab59ffd3df802670d155a615f411e0a50000000000000ffffffffffffffffffffffff",3.87,,0.15,13,21.35,25.44,99705.00,165.00,0,0,0,0,,,-1.00,-1.00,-1.00,-1.00,-1.00,-1.00
2023-02-05T18:25:08Z,"0002cc0100000648","22510ab704fd3df8025f0d1558615f40e30c70000000000000ffffffffffffffffffffffff",3.87,,0.15,13,21.34,25.35,99705.00,199.00,0,0,0,0,,,-1.00,-1.00,-1.00,-1.00,-1.00,-1.00
2023-02-05T18:31:04Z,"0002cc0100000648","22510ab868fd3df802670d1555615c40c50c10000000000000ffffffffffffffffffffffff",3.87,,0.15,13,21.33,25.30,99695.00,193.00,0,0,0,0,,,-1.00,-1.00,-1.00,-1.00,-1.00,-1.00
2023-02-05T18:37:00Z,"0002cc0100000648","22510ab9ccfd3df402670d1555615c40ae0c60000000000000ffffffffffffffffffffffff",3.87,,0.15,13,21.33,25.27,99694.00,198.00,0,0,0,0,,,-1.00,-1.00,-1.00,-1.00,-1.00,-1.00
2023-02-05T18:42:56Z,"0002cc0100000648","22510abb30fd3df8025f0d1552615a40ae0be0000000000000ffffffffffffffffffffffff",3.87,,0.15,13,21.32,25.27,99687.00,190.00,0,0,0,0,,,-1.00,-1.00,-1.00,-1.00,-1.00,-1.00
2023-02-05T18:48:52Z,"0002cc0100000648","22510abc94fd3e01025f0d1550615940a60a70000000000000ffffffffffffffffffffffff",3.87,,0.15,13,21.31,25.25,99680.00,167.00,0,0,0,0,,,-1.00,-1.00,-1.00,-1.00,-1.00,-1.00
2023-02-05T18:54:48Z,"0002cc0100000648","22510abdf8fd3df8025f0d15506159413a0c70000000000000ffffffffffffffffffffffff",3.87,,0.15,13,21.31,25.48,99682.00,199.00,0,0,0,0,,,-1.00,-1.00,-1.00,-1.00,-1.00,-1.00
2023-02-05T19:00:44Z,"0002cc0100000648","22510abf5cfd3df8025f0d1552615941760c50000000000000ffffffffffffffffffffffff",3.87,,0.15,13,21.32,25.57,99681.00,197.00,0,0,0,0,,,-1.00,-1.00,-1.00,-1.00,-1.00,-1.00
2023-02-05T19:06:40Z,"0002cc0100000648","22510ac0c0fd3df0025f0d155a6159419b0d30000000000000ffffffffffffffffffffffff",3.87,,0.15,13,21.35,25.63,99682.00,211.00,0,0,0,0,,,-1.00,-1.00,-1.00,-1.00,-1.00,-1.00
2023-02-05T19:12:36Z,"0002cc0100000648","22510ac224fd3df8025f0d155a615840f20d00000000000000ffffffffffffffffffffffff",3.87,,0.15,13,21.35,25.37,99677.00,208.00,0,0,0,0,,,-1.00,-1.00,-1.00,-1.00,-1.00,-1.00
2023-02-05T19:18:32Z,"0002cc0100000648","22510ac388fd3df802520d155d615540a90c10000000000000ffffffffffffffffffffffff",3.87,,0.14,13,21.36,25.26,99666.00,193.00,0,0,0,0,,,-1.00,-1.00,-1.00,-1.00,-1.00,-1.00
2023-02-05T19:24:29Z,"0002cc0100000648","22510ac4edfd3df0025f0d155d615140500bd0000000000000ffffffffffffffffffffffff",3.87,,0.15,13,21.36,25.12,99651.00,189.00,0,0,0,0,,,-1.00,-1.00,-1.00,-1.00,-1.00,-1.00
2023-02-05T19:30:25Z,"0002cc0100000648","22510ac651fd3dec02670d155a6150401c0b90000000000000ffffffffffffffffffffffff",3.87,,0.15,13,21.35,25.04,99645.00,185.00,0,0,0,0,,,-1.00,-1.00,-1.00,-1.00,-1.00,-1.00
2023-02-05T19:36:21Z,"0002cc0100000648","22510ac7b5fd3df0025f0d155861503ff70cb0000000000000ffffffffffffffffffffffff",3.87,,0.15,13,21.34,24.99,99646.00,203.00,0,0,0,0,,,-1.00,-1.00,-1.00,-1.00,-1.00,-1.00
2023-02-05T19:42:17Z,"0002cc0100000648","22510ac919fd3df802520d155861503f790cf0000000000000ffffffffffffffffffffffff",3.87,,0.14,13,21.34,24.79,99646.00,207.00,0,0,0,0,,,-1.00,-1.00,-1.00,-1.00,-1.00,-1.00
2023-02-05T19:48:13Z,"0002cc0100000648","22510aca7dfd3df0025f0d155561523f200be0000000000000ffffffffffffffffffffffff",3.87,,0.15,13,21.33,24.66,99654.00,190.00,0,0,0,0,,,-1.00,-1.00,-1.00,-1.00,-1.00,-1.00
2023-02-05T19:54:09Z,"0002cc0100000648","22510acbe1fd3df802520d155261523eb90d10000000000000ffffffffffffffffffffffff",3.87,,0.14,13,21.32,24.50,99652.00,209.00,0,0,0,0,,,-1.00,-1.00,-1.00,-1.00,-1.00,-1.00
2023-02-05T20:00:05Z,"0002cc0100000648","22510acd45fd3df002670d155561513e8d0da0000000000000ffffffffffffffffffffffff",3.87,,0.15,13,21.33,24.43,99650.00,218.00,0,0,0,0,,,-1.00,-1.00,-1.00,-1.00,-1.00,-1.00
2023-02-05T20:06:01Z,"0002cc0100000648","22510acea9fd3df0025f0d155561503e7e0b70000000000000ffffffffffffffffffffffff",3.87,,0.15,13,21.33,24.41,99646.00,183.00,0,0,0,0,,,-1.00,-1.00,-1.00,-1.00,-1.00,-1.00
2023-02-05T20:11:58Z,"0002cc0100000648","22510ad00efd3df802520d155261503e520c50000000000000ffffffffffffffffffffffff",3.87,,0.14,13,21.32,24.34,99645.00,197.00,0,0,0,0,,,-1.00,-1.00,-1.00,-1.00,-1.00,-1.00
2023-02-05T20:17:54Z,"0002cc0100000648","22510ad172fd3df8025f0d1550614f3e0f0c30000000000000ffffffffffffffffffffffff",3.87,,0.15,13,21.31,24.24,99641.00,195.00,0,0,0,0,,,-1.00,-1.00,-1.00,-1.00,-1.00,-1.00
2023-02-05T20:23:50Z,"0002cc0100000648","22510ad2d6fd3df002520d1550614f3dd40cc0000000000000ffffffffffffffffffffffff",3.87,,0.14,13,21.31,24.15,99640.00,204.00,0,0,0,0,,,-1.00,-1.00,-1.00,-1.00,-1.00,-1.00
2023-02-05T20:29:46Z,"0002cc0100000648","22510ad43afd3df4025f0d154d61503da72ffc000000000000ffffffffffffffffffffffff",3.87,,0.15,13,21.30,24.08,99645.00,2046.00,0,0,0,0,,,-1.00,-1.00,-1.00,-1.00,-1.00,-1.00
2023-02-05T20:35:42Z,"0002cc0100000648","22510ad59efd3df0025f0d1550614f3dea0d50000000000000ffffffffffffffffffffffff",3.87,,0.15,13,21.31,24.19,99642.00,213.00,0,0,0,0,,,-1.00,-1.00,-1.00,-1.00,-1.00,-1.00
2023-02-05T20:41:38Z,"0002cc0100000648","22510ad702fd3dec025f0d1552614f3d990bc0000000000000ffffffffffffffffffffffff",3.87,,0.15,13,21.32,24.06,99642.00,188.00,0,0,0,0,,,-1.00,-1.00,-1.00,-1.00,-1.00,-1.00
2023-02-05T20:47:34Z,"0002cc0100000648","22510ad866fd3df0025f0d1552614f3d240ba0000000000000ffffffffffffffffffffffff",3.87,,0.15,13,21.32,23.88,99641.00,186.00,0,0,0,0,,,-1.00,-1.00,-1.00,-1.00,-1.00,-1.00
2023-02-05T20:53:30Z,"0002cc0100000648","22510ad9cafd3df802520d155061523ce80c40000000000000ffffffffffffffffffffffff",3.87,,0.14,13,21.31,23.79,99655.00,196.00,0,0,0,0,,,-1.00,-1.00,-1.00,-1.00,-1.00,-1.00
2023-02-05T20:59:26Z,"0002cc0100000648","22510adb2efd3df0025f0d154d61503cd20c70000000000000ffffffffffffffffffffffff",3.87,,0.15,13,21.30,23.76,99647.00,199.00,0,0,0,0,,,-1.00,-1.00,-1.00,-1.00,-1.00,-1.00
2023-02-05T21:05:23Z,"0002cc0100000648","22510adc93fd3df0025f0d154d61513cb40bb0000000000000ffffffffffffffffffffffff",3.87,,0.15,13,21.30,23.71,99649.00,187.00,0,0,0,0,,,-1.00,-1.00,-1.00,-1.00,-1.00,-1.00
2023-02-05T21:11:19Z,"0002cc0100000648","22510addf7fd3df8025f0d154d61523cc30bd0000000000000ffffffffffffffffffffffff",3.87,,0.15,13,21.30,23.74,99652.00,189.00,0,0,0,0,,,-1.00,-1.00,-1.00,-1.00,-1.00,-1.00
2023-02-05T21:17:15Z,"0002cc0100000648","22510adf5bfd3df0025f0d154d61533d230d10000000000000ffffffffffffffffffffffff",3.87,,0.15,13,21.30,23.88,99659.00,209.00,0,0,0,0,,,-1.00,-1.00,-1.00,-1.00,-1.00,-1.00
2023-02-05T21:23:11Z,"0002cc0100000648","22510ae0bffd3de8025f0d155061543d5e0c10000000000000ffffffffffffffffffffffff",3.87,,0.15,13,21.31,23.97,99660.00,193.00,0,0,0,0,,,-1.00,-1.00,-1.00,-1.00,-1.00,-1.00
2023-02-05T21:29:07Z,"0002cc0100000648","22510ae223fd3df0025f0d155261553da00b60000000000000ffffffffffffffffffffffff",3.87,,0.15,13,21.32,24.07,99667.00,182.00,0,0,0,0,,,-1.00,-1.00,-1.00,-1.00,-1.00,-1.00
2023-02-05T21:35:03Z,"0002cc0100000648","22510ae387fd3df0025f0d155261553d390c00000000000000ffffffffffffffffffffffff",3.87,,0.15,13,21.32,23.92,99666.00,192.00,0,0,0,0,,,-1.00,-1.00,-1.00,-1.00,-1.00,-1.00
2023-02-05T21:40:59Z,"0002cc0100000648","22510ae4ebfd3df0025f0d155261563d230b60000000000000ffffffffffffffffffffffff",3.87,,0.15,13,21.32,23.88,99670.00,182.00,0,0,0,0,,,-1.00,-1.00,-1.00,-1.00,-1.00,-1.00
2023-02-05T21:46:55Z,"0002cc0100000648","22510ae64ffd3df0025f0d155261583cad0b00000000000000ffffffffffffffffffffffff",3.87,,0.15,13,21.32,23.70,99678.00,176.00,0,0,0,0,,,-1.00,-1.00,-1.00,-1.00,-1.00,-1.00
2023-02-05T21:52:51Z,"0002cc0100000648","22510ae7b3fd3df0025f0d155261583c6b0d30000000000000ffffffffffffffffffffffff",3.87,,0.15,13,21.32,23.60,99678.00,211.00,0,0,0,0,,,-1.00,-1.00,-1.00,-1.00,-1.00,-1.00
2023-02-05T21:58:47Z,"0002cc0100000648","22510ae917fd3df0025f0d1550615b3c200c80000000000000ffffffffffffffffffffffff",3.87,,0.15,13,21.31,23.49,99689.00,200.00,0,0,0,0,,,-1.00,-1.00,-1.00,-1.00,-1.00,-1.00
2023-02-05T22:04:44Z,"0002cc0100000648","22510aea7cfd3dfc025f0d1550615b3bf40c60000000000000ffffffffffffffffffffffff",3.87,,0.15,13,21.31,23.42,99689.00,198.00,0,0,0,0,,,-1.00,-1.00,-1.00,-1.00,-1.00,-1.00
2023-02-05T22:10:40Z,"0002cc0100000648","22510aebe0fd3df0025f0d154d615d3bc10c90000000000000ffffffffffffffffffffffff",3.87,,0.15,13,21.30,23.34,99697.00,201.00,0,0,0,0,,,-1.00,-1.00,-1.00,-1.00,-1.00,-1.00
2023-02-05T22:16:36Z,"0002cc0100000648","22510aed44fd3df0025f0d154d615e3ba30b50000000000000ffffffffffffffffffffffff",3.87,,0.15,13,21.30,23.30,99700.00,181.00,0,0,0,0,,,-1.00,-1.00,-1.00,-1.00,-1.00,-1.00
2023-02-05T22:22:32Z,"0002cc0100000648","22510aeea8fd3de8025f0d154d61603b6f0c20000000000000ffffffffffffffffffffffff",3.87,,0.15,13,21.30,23.22,99711.00,194.00,0,0,0,0,,,-1.00,-1.00,-1.00,-1.00,-1.00,-1.00
2023-02-05T22:28:28Z,"0002cc0100000648","22510af00cfd3df0025f0d154d61613b600b90000000000000ffffffffffffffffffffffff",3.87,,0.15,13,21.30,23.19,99714.00,185.00,0,0,0,0,,,-1.00,-1.00,-1.00,-1.00,-1.00,-1.00
2023-02-05T22:34:24Z,"0002cc0100000648","22510af170fd3df0025f0d154b61613b520c30000000000000ffffffffffffffffffffffff",3.87,,0.15,13,21.29,23.17,99712.00,195.00,0,0,0,0,,,-1.00,-1.00,-1.00,-1.00,-1.00,-1.00
2023-02-05T22:40:20Z,"0002cc0100000648","22510af2d4fd3df0025f0d154b61613ba30c00000000000000ffffffffffffffffffffffff",3.87,,0.15,13,21.29,23.30,99713.00,192.00,0,0,0,0,,,-1.00,-1.00,-1.00,-1.00,-1.00,-1.00
2023-02-05T22:46:16Z,"0002cc0100000648","22510af438fd3df0025f0d154b61623c190b70000000000000ffffffffffffffffffffffff",3.87,,0.15,13,21.29,23.48,99716.00,183.00,0,0,0,0,,,-1.00,-1.00,-1.00,-1.00,-1.00,-1.00
2023-02-05T22:52:13Z,"0002cc0100000648","22510af59dfd3dec025f0d154d61633bfb0c50000000000000ffffffffffffffffffffffff",3.87,,0.15,13,21.30,23.43,99722.00,197.00,0,0,0,0,,,-1.00,-1.00,-1.00,-1.00,-1.00,-1.00
2023-02-05T22:58:09Z,"0002cc0100000648","22510af701fd3dec025f0d154d61633c630b90000000000000ffffffffffffffffffffffff",3.87,,0.15,13,21.30,23.59,99722.00,185.00,0,0,0,0,,,-1.00,-1.00,-1.00,-1.00,-1.00,-1.00
2023-02-05T23:04:05Z,"0002cc0100000648","22510af865fd3df002520d155261663bed0c70000000000000ffffffffffffffffffffffff",3.87,,0.14,13,21.32,23.41,99735.00,199.00,0,0,0,0,,,-1.00,-1.00,-1.00,-1.00,-1.00,-1.00
2023-02-05T23:10:01Z,"0002cc0100000648","22510af9c9fd3df002520d155261683bba0ca0000000000000ffffffffffffffffffffffff",3.87,,0.14,13,21.32,23.33,99740.00,202.00,0,0,0,0,,,-1.00,-1.00,-1.00,-1.00,-1.00,-1.00
2023-02-05T23:15:57Z,"0002cc0100000648","22510afb2dfd3df002520d155561693bb30b40000000000000ffffffffffffffffffffffff",3.87,,0.14,13,21.33,23.32,99747.00,180.00,0,0,0,0,,,-1.00,-1.00,-1.00,-1.00,-1.00,-1.00
2023-02-05T23:21:53Z,"0002cc0100000648","22510afc91fd3dec025f0d155561683bc90bf0000000000000ffffffffffffffffffffffff",3.87,,0.15,13,21.33,23.35,99743.00,191.00,0,0,0,0,,,-1.00,-1.00,-1.00,-1.00,-1.00,-1.00
2023-02-05T23:27:49Z,"0002cc0100000648","22510afdf5fd3df0025f0d1555616b3bab0c30000000000000ffffffffffffffffffffffff",3.87,,0.15,13,21.33,23.31,99753.00,195.00,0,0,0,0,,,-1.00,-1.00,-1.00,-1.00,-1.00,-1.00
2023-02-05T23:33:45Z,"0002cc0100000648","22510aff59fd3de8025f0d1555616c3b9d0b40000000000000ffffffffffffffffffffffff",3.87,,0.15,13,21.33,23.29,99759.00,180.00,0,0,0,0,,,-1.00,-1.00,-1.00,-1.00,-1.00,-1.00
2023-02-05T23:39:41Z,"0002cc0100000648","22510b00bdfd3dec025f0d1555616d3b9d0c50000000000000ffffffffffffffffffffffff",3.87,,0.15,13,21.33,23.29,99760.00,197.00,0,0,0,0,,,-1.00,-1.00,-1.00,-1.00,-1.00,-1.00
2023-02-05T23:45:38Z,"0002cc0100000648","22510b0222fd3dec025f0d1555616f3b9d0b80000000000000ffffffffffffffffffffffff",3.87,,0.15,13,21.33,23.29,99769.00,184.00,0,0,0,0,,,-1.00,-1.00,-1.00,-1.00,-1.00,-1.00
2023-02-05T23:51:34Z,"0002cc0100000648","22510b0386fd3df0025f0d155561703ba40c40000000000000ffffffffffffffffffffffff",3.87,,0.15,13,21.33,23.30,99775.00,196.00,0,0,0,0,,,-1.00,-1.00,-1.00,-1.00,-1.00,-1.00
2023-02-05T23:57:30Z,"0002cc0100000648","22510b04eafd3de0025f0d155261723bab0d00000000000000ffffffffffffffffffffffff",3.87,,0.15,13,21.32,23.31,99781.00,208.00,0,0,0,0,,,-1.00,-1.00,-1.00,-1.00,-1.00,-1.00
