Time,DevEUI,Raw,Vbat,Vsystem,Vbus,BootCount,T,RH,P,Light,P[0].delta,P[0].total,P[1].delta,P[1].total,Act[7],Act[6],Act[5],Act[4],Act[3],Act[2],Act[1],Act[0]
2023-02-08T00:01:59Z,"0002cc0100000648","22510da8f7fd3da202520d156261d84f140ad0000000000000ffffffffffffffffffffffff",3.85,,0.14,13,21.38,30.89,100188.00,173.00,0,0,0,0,,,-1.00,-1.00,-1.00,-1.00,-1.00,-1.00
2023-02-08T00:07:55Z,"0002cc0100000648","22510daa5bfd3da202520d156261dc4ed20c70000000000000ffffffffffffffffffffffff",3.85,,0.14,13,21.38,30.79,100206.00,199.00,0,0,0,0,,,-1.00,-1.00,-1.00,-1.00,-1.00,-1.00
2023-02-08T00:13:51Z,"0002cc0100000648","22510dabbffd3d9a02520d156261d94e8f0af0000000000000ffffffffffffffffffffffff",3.85,,0.14,13,21.38,30.69,100193.00,175.00,0,0,0,0,,,-1.00,-1.00,-1.00,-1.00,-1.00,-1.00
2023-02-08T00:19:47Z,"0002cc0100000648","22510dad23fd3d9e02520d156261db4e6a0bd0000000000000ffffffffffffffffffffffff",3.85,,0.14,13,21.38,30.63,100200.00,189.00,0,0,0,0,,,-1.00,-1.00,-1.00,-1.00,-1.00,-1.00
2023-02-08T00:25:43Z,"0002cc0100000648","22510dae87fd3d9a025f0d155f61d94e630b10000000000000ffffffffffffffffffffffff",3.85,,0.15,13,21.37,30.62,100193.00,177.00,0,0,0,0,,,-1.00,-1.00,-1.00,-1.00,-1.00,-1.00
2023-02-08T00:31:39Z,"0002cc0100000648","22510dafebfd3d9a025f0d156261d44e540ac0000000000000ffffffffffffffffffffffff",3.85,,0.15,13,21.38,30.60,100174.00,172.00,0,0,0,0,,,-1.00,-1.00,-1.00,-1.00,-1.00,-1.00
2023-02-08T00:37:35Z,"0002cc0100000648","22510db14ffd3d9a02520d156261da4e1a0c20000000000000ffffffffffffffffffffffff",3.85,,0.14,13,21.38,30.51,100198.00,194.00,0,0,0,0,,,-1.00,-1.00,-1.00,-1.00,-1.00,-1.00
2023-02-08T00:43:31Z,"0002cc0100000648","22510db2b3fd3d9202520d156261de4e550bf0000000000000ffffffffffffffffffffffff",3.85,,0.14,13,21.38,30.60,100212.00,191.00,0,0,0,0,,,-1.00,-1.00,-1.00,-1.00,-1.00,-1.00
2023-02-08T00:49:27Z,"0002cc0100000648","22510db417fd3d9a025f0d156261e14e300c00000000000000ffffffffffffffffffffffff",3.85,,0.15,13,21.38,30.54,100225.00,192.00,0,0,0,0,,,-1.00,-1.00,-1.00,-1.00,-1.00,-1.00
2023-02-08T00:55:23Z,"0002cc0100000648","22510db57bfd3d9a025f0d156261e54de50bd0000000000000ffffffffffffffffffffffff",3.85,,0.15,13,21.38,30.43,100242.00,189.00,0,0,0,0,,,-1.00,-1.00,-1.00,-1.00,-1.00,-1.00
2023-02-08T01:01:20Z,"0002cc0100000648","22510db6e0fd3da202520d156261ea4d7e0bc0000000000000ffffffffffffffffffffffff",3.85,,0.14,13,21.38,30.27,100261.00,188.00,0,0,0,0,,,-1.00,-1.00,-1.00,-1.00,-1.00,-1.00
2023-02-08T01:07:16Z,"0002cc0100000648","22510db844fd3d9a025f0d155f61e84d440c50000000000000ffffffffffffffffffffffff",3.85,,0.15,13,21.37,30.18,100254.00,197.00,0,0,0,0,,,-1.00,-1.00,-1.00,-1.00,-1.00,-1.00
2023-02-08T01:13:12Z,"0002cc0100000648","22510db9a8fd3d9a025f0d155d61eb4d250b30000000000000ffffffffffffffffffffffff",3.85,,0.15,13,21.36,30.14,100265.00,179.00,0,0,0,0,,,-1.00,-1.00,-1.00,-1.00,-1.00,-1.00
2023-02-08T01:19:08Z,"0002cc0100000648","22510dbb0cfd3d9a02520d155a61e74cf90ba0000000000000ffffffffffffffffffffffff",3.85,,0.14,13,21.35,30.07,100251.00,186.00,0,0,0,0,,,-1.00,-1.00,-1.00,-1.00,-1.00,-1.00
2023-02-08T01:25:04Z,"0002cc0100000648","22510dbc70fd3d92025f0d155861e84cdb0d10000000000000ffffffffffffffffffffffff",3.85,,0.15,13,21.34,30.02,100252.00,209.00,0,0,0,0,,,-1.00,-1.00,-1.00,-1.00,-1.00,-1.00
2023-02-08T01:31:00Z,"0002cc0100000648","22510dbdd4fd3d9a02520d155861e74cbe0c50000000000000ffffffffffffffffffffffff",3.85,,0.14,13,21.34,29.98,100250.00,197.00,0,0,0,0,,,-1.00,-1.00,-1.00,-1.00,-1.00,-1.00
2023-02-08T01:36:56Z,"0002cc0100000648","22510dbf38fd3d9a02520d155561e74cb50af0000000000000ffffffffffffffffffffffff",3.85,,0.14,13,21.33,29.96,100249.00,175.00,0,0,0,0,,,-1.00,-1.00,-1.00,-1.00,-1.00,-1.00
2023-02-08T01:42:53Z,"0002cc0100000648","22510dc09dfd3d9a02520d155561ec4cae0b20000000000000ffffffffffffffffffffffff",3.85,,0.14,13,21.33,29.95,100269.00,178.00,0,0,0,0,,,-1.00,-1.00,-1.00,-1.00,-1.00,-1.00
2023-02-08T01:48:49Z,"0002cc0100000648","22510dc201fd3da202520d155261ee4d0e0ca0000000000000ffffffffffffffffffffffff",3.85,,0.14,13,21.32,30.10,100278.00,202.00,0,0,0,0,,,-1.00,-1.00,-1.00,-1.00,-1.00,-1.00
2023-02-08T01:54:45Z,"0002cc0100000648","22510dc365fd3d9202520d155261ee4e08f000000000000000ffffffffffffffffffffffff",3.85,,0.14,13,21.32,30.48,100277.00,0.00,0,0,0,0,,,-1.00,-1.00,-1.00,-1.00,-1.00,-1.00
2023-02-08T02:00:41Z,"0002cc0100000648","22510dc4c9fd3d9202520d155561f24ec0f000000000000000ffffffffffffffffffffffff",3.85,,0.14,13,21.33,30.76,100292.00,0.00,0,0,0,0,,,-1.00,-1.00,-1.00,-1.00,-1.00,-1.00
2023-02-08T02:06:37Z,"0002cc0100000648","22510dc62dfd3d9a02520d155a61f24e3d3882000000000000ffffffffffffffffffffffff",3.85,,0.14,13,21.35,30.56,100293.00,2178.00,0,0,0,0,,,-1.00,-1.00,-1.00,-1.00,-1.00,-1.00
2023-02-08T02:12:33Z,"0002cc0100000648","22510dc791fd3d9a025f0d155a61f04daaf000000000000000ffffffffffffffffffffffff",3.85,,0.15,13,21.35,30.34,100285.00,0.00,0,0,0,0,,,-1.00,-1.00,-1.00,-1.00,-1.00,-1.00
2023-02-08T02:18:29Z,"0002cc0100000648","22510dc8f5fd3d9a02520d155f61f34e2ff000000000000000ffffffffffffffffffffffff",3.85,,0.14,13,21.37,30.54,100297.00,0.00,0,0,0,0,,,-1.00,-1.00,-1.00,-1.00,-1.00,-1.00
2023-02-08T02:24:25Z,"0002cc0100000648","22510dca59fd3d9a02520d156461f84d44f000000000000000ffffffffffffffffffffffff",3.85,,0.14,13,21.39,30.18,100316.00,0.00,0,0,0,0,,,-1.00,-1.00,-1.00,-1.00,-1.00,-1.00
2023-02-08T02:30:21Z,"0002cc0100000648","22510dcbbdfd3d9a02520d156761f54dd1f000000000000000ffffffffffffffffffffffff",3.85,,0.14,13,21.40,30.40,100307.00,0.00,0,0,0,0,,,-1.00,-1.00,-1.00,-1.00,-1.00,-1.00
2023-02-08T02:36:17Z,"0002cc0100000648","22510dcd21fd3d9202520d156c61f64da5f000000000000000ffffffffffffffffffffffff",3.85,,0.14,13,21.42,30.33,100310.00,0.00,0,0,0,0,,,-1.00,-1.00,-1.00,-1.00,-1.00,-1.00
2023-02-08T02:42:14Z,"0002cc0100000648","22510dce86fd3d8e025f0d157461f64df8f000000000000000ffffffffffffffffffffffff",3.85,,0.15,13,21.45,30.46,100310.00,0.00,0,0,0,0,,,-1.00,-1.00,-1.00,-1.00,-1.00,-1.00
2023-02-08T02:48:10Z,"0002cc0100000648","22510dcfeafd3d9a02520d157961f54d99f000000000000000ffffffffffffffffffffffff",3.85,,0.14,13,21.47,30.31,100305.00,0.00,0,0,0,0,,,-1.00,-1.00,-1.00,-1.00,-1.00,-1.00
2023-02-08T02:54:06Z,"0002cc0100000648","22510dd14efd3d9a02520d157e61f74e01f000000000000000ffffffffffffffffffffffff",3.85,,0.14,13,21.49,30.47,100313.00,0.00,0,0,0,0,,,-1.00,-1.00,-1.00,-1.00,-1.00,-1.00
2023-02-08T03:00:02Z,"0002cc0100000648","22510dd2b2fd3d9a02520d158661f84e78f000000000000000ffffffffffffffffffffffff",3.85,,0.14,13,21.52,30.65,100319.00,0.00,0,0,0,0,,,-1.00,-1.00,-1.00,-1.00,-1.00,-1.00
2023-02-08T03:05:58Z,"0002cc0100000648","22510dd416fd3d9a025f0d158b61f94e21f000000000000000ffffffffffffffffffffffff",3.85,,0.15,13,21.54,30.52,100322.00,0.00,0,0,0,0,,,-1.00,-1.00,-1.00,-1.00,-1.00,-1.00
2023-02-08T03:11:54Z,"0002cc0100000648","22510dd57afd3d9a02520d158d61fa4e30f000000000000000ffffffffffffffffffffffff",3.85,,0.14,13,21.55,30.54,100326.00,0.00,0,0,0,0,,,-1.00,-1.00,-1.00,-1.00,-1.00,-1.00
2023-02-08T03:17:50Z,"0002cc0100000648","22510dd6defd3d9602520d159261fe4dfdf000000000000000ffffffffffffffffffffffff",3.85,,0.14,13,21.57,30.46,100340.00,0.00,0,0,0,0,,,-1.00,-1.00,-1.00,-1.00,-1.00,-1.00
2023-02-08T03:23:46Z,"0002cc0100000648","22510dd842fd3d9a02520d159862024ed4f000000000000000ffffffffffffffffffffffff",3.85,,0.14,13,21.59,30.79,100356.00,0.00,0,0,0,0,,,-1.00,-1.00,-1.00,-1.00,-1.00,-1.00
2023-02-08T03:29:42Z,"0002cc0100000648","22510dd9a6fd3d9a02520d159a62024f43f000000000000000ffffffffffffffffffffffff",3.85,,0.14,13,21.60,30.96,100357.00,0.00,0,0,0,0,,,-1.00,-1.00,-1.00,-1.00,-1.00,-1.00
2023-02-08T03:35:38Z,"0002cc0100000648","22510ddb0afd3d9202520d159f62044ed5f000000000000000ffffffffffffffffffffffff",3.85,,0.14,13,21.62,30.79,100364.00,0.00,0,0,0,0,,,-1.00,-1.00,-1.00,-1.00,-1.00,-1.00
2023-02-08T03:41:35Z,"0002cc0100000648","22510ddc6ffd3d9a02520d159f62074e3bf000000000000000ffffffffffffffffffffffff",3.85,,0.14,13,21.62,30.56,100378.00,0.00,0,0,0,0,,,-1.00,-1.00,-1.00,-1.00,-1.00,-1.00
2023-02-08T03:47:31Z,"0002cc0100000648","22510dddd3fd3d9602520d15a2620c4deaf000000000000000ffffffffffffffffffffffff",3.85,,0.14,13,21.63,30.44,100399.00,0.00,0,0,0,0,,,-1.00,-1.00,-1.00,-1.00,-1.00,-1.00
2023-02-08T03:53:27Z,"0002cc0100000648","22510ddf37fd3d9602520d15a262104da0f000000000000000ffffffffffffffffffffffff",3.85,,0.14,13,21.63,30.32,100415.00,0.00,0,0,0,0,,,-1.00,-1.00,-1.00,-1.00,-1.00,-1.00
2023-02-08T03:59:23Z,"0002cc0100000648","22510de09bfd3d9a02520d15a262144d8af000000000000000ffffffffffffffffffffffff",3.85,,0.14,13,21.63,30.29,100431.00,0.00,0,0,0,0,,,-1.00,-1.00,-1.00,-1.00,-1.00,-1.00
2023-02-08T04:05:19Z,"0002cc0100000648","22510de1fffd3d9602520d15a462184e34f000000000000000ffffffffffffffffffffffff",3.85,,0.14,13,21.64,30.55,100444.00,0.00,0,0,0,0,,,-1.00,-1.00,-1.00,-1.00,-1.00,-1.00
2023-02-08T04:11:15Z,"0002cc0100000648","22510de363fd3d9602520d15a9621a50e2f000000000000000ffffffffffffffffffffffff",3.85,,0.14,13,21.66,31.59,100454.00,0.00,0,0,0,0,,,-1.00,-1.00,-1.00,-1.00,-1.00,-1.00
2023-02-08T04:17:11Z,"0002cc0100000648","22510de4c7fd3d9602520d15ac6215512cf000000000000000ffffffffffffffffffffffff",3.85,,0.14,13,21.67,31.71,100434.00,0.00,0,0,0,0,,,-1.00,-1.00,-1.00,-1.00,-1.00,-1.00
2023-02-08T04:23:07Z,"0002cc0100000648","22510de62bfd3d9602520d15ac621450a7f000000000000000ffffffffffffffffffffffff",3.85,,0.14,13,21.67,31.51,100430.00,0.00,0,0,0,0,,,-1.00,-1.00,-1.00,-1.00,-1.00,-1.00
2023-02-08T04:29:03Z,"0002cc0100000648","22510de78ffd3d9202520d15ac62115098f000000000000000ffffffffffffffffffffffff",3.85,,0.14,13,21.67,31.48,100417.00,0.00,0,0,0,0,,,-1.00,-1.00,-1.00,-1.00,-1.00,-1.00
2023-02-08T04:34:59Z,"0002cc0100000648","22510de8f3fd3d9602520d15a9620d502af000000000000000ffffffffffffffffffffffff",3.85,,0.14,13,21.66,31.31,100402.00,0.00,0,0,0,0,,,-1.00,-1.00,-1.00,-1.00,-1.00,-1.00
2023-02-08T04:40:56Z,"0002cc0100000648","22510dea58fd3d9602520d15a962095039f000000000000000ffffffffffffffffffffffff",3.85,,0.14,13,21.66,31.34,100386.00,0.00,0,0,0,0,,,-1.00,-1.00,-1.00,-1.00,-1.00,-1.00
2023-02-08T04:46:52Z,"0002cc0100000648","22510debbcfd3d9602520d15a9620c4f71f000000000000000ffffffffffffffffffffffff",3.85,,0.14,13,21.66,31.03,100397.00,0.00,0,0,0,0,,,-1.00,-1.00,-1.00,-1.00,-1.00,-1.00
2023-02-08T04:52:48Z,"0002cc0100000648","22510ded20fd3d9602520d15a7620d4ed7f000000000000000ffffffffffffffffffffffff",3.85,,0.14,13,21.65,30.80,100402.00,0.00,0,0,0,0,,,-1.00,-1.00,-1.00,-1.00,-1.00,-1.00
2023-02-08T04:58:44Z,"0002cc0100000648","22510dee84fd3d96025f0d15a7620e4f20f000000000000000ffffffffffffffffffffffff",3.85,,0.15,13,21.65,30.91,100407.00,0.00,0,0,0,0,,,-1.00,-1.00,-1.00,-1.00,-1.00,-1.00
2023-02-08T05:04:40Z,"0002cc0100000648","22510defe8fd3d96025f0d15a962124eecf000000000000000ffffffffffffffffffffffff",3.85,,0.15,13,21.66,30.83,100422.00,0.00,0,0,0,0,,,-1.00,-1.00,-1.00,-1.00,-1.00,-1.00
2023-02-08T05:10:36Z,"0002cc0100000648","22510df14cfd3d96025f0d15a962174e2df000000000000000ffffffffffffffffffffffff",3.85,,0.15,13,21.66,30.54,100443.00,0.00,0,0,0,0,,,-1.00,-1.00,-1.00,-1.00,-1.00,-1.00
2023-02-08T05:16:32Z,"0002cc0100000648","22510df2b0fd3d8a02520d15a962164da9f000000000000000ffffffffffffffffffffffff",3.85,,0.14,13,21.66,30.34,100439.00,0.00,0,0,0,0,,,-1.00,-1.00,-1.00,-1.00,-1.00,-1.00
2023-02-08T05:22:28Z,"0002cc0100000648","22510df414fd3d9a025f0d15a962144d50f000000000000000ffffffffffffffffffffffff",3.85,,0.15,13,21.66,30.20,100430.00,0.00,0,0,0,0,,,-1.00,-1.00,-1.00,-1.00,-1.00,-1.00
2023-02-08T05:28:24Z,"0002cc0100000648","22510df578fd3d9602520d15a962194d7cf000000000000000ffffffffffffffffffffffff",3.85,,0.14,13,21.66,30.27,100450.00,0.00,0,0,0,0,,,-1.00,-1.00,-1.00,-1.00,-1.00,-1.00
2023-02-08T05:34:20Z,"0002cc0100000648","22510df6dcfd3d9602520d15a962174d5ff000000000000000ffffffffffffffffffffffff",3.85,,0.14,13,21.66,30.22,100442.00,0.00,0,0,0,0,,,-1.00,-1.00,-1.00,-1.00,-1.00,-1.00
2023-02-08T05:40:17Z,"0002cc0100000648","22510df841fd3d9602520d15ac62184cc5f000000000000000ffffffffffffffffffffffff",3.85,,0.14,13,21.67,29.99,100444.00,0.00,0,0,0,0,,,-1.00,-1.00,-1.00,-1.00,-1.00,-1.00
2023-02-08T05:46:13Z,"0002cc0100000648","22510df9a5fd3d9602520d15ac621a4c83f000000000000000ffffffffffffffffffffffff",3.85,,0.14,13,21.67,29.89,100455.00,0.00,0,0,0,0,,,-1.00,-1.00,-1.00,-1.00,-1.00,-1.00
2023-02-08T05:52:09Z,"0002cc0100000648","22510dfb09fd3d9602520d15ac62174c4ff000000000000000ffffffffffffffffffffffff",3.85,,0.14,13,21.67,29.81,100440.00,0.00,0,0,0,0,,,-1.00,-1.00,-1.00,-1.00,-1.00,-1.00
2023-02-08T05:58:05Z,"0002cc0100000648","22510dfc6dfd3d96025f0d15ac621a4c48f000000000000000ffffffffffffffffffffffff",3.85,,0.15,13,21.67,29.80,100452.00,0.00,0,0,0,0,,,-1.00,-1.00,-1.00,-1.00,-1.00,-1.00
2023-02-08T06:04:01Z,"0002cc0100000648","22510dfdd1fd3d9602520d15ac621b4c32f000000000000000ffffffffffffffffffffffff",3.85,,0.14,13,21.67,29.76,100457.00,0.00,0,0,0,0,,,-1.00,-1.00,-1.00,-1.00,-1.00,-1.00
2023-02-08T06:09:57Z,"0002cc0100000648","22510dff35fd3d9602520d15af621b4ca0f000000000000000ffffffffffffffffffffffff",3.85,,0.14,13,21.68,29.93,100457.00,0.00,0,0,0,0,,,-1.00,-1.00,-1.00,-1.00,-1.00,-1.00
2023-02-08T06:15:53Z,"0002cc0100000648","22510e0099fd3d9602520d15af621d4c48f000000000000000ffffffffffffffffffffffff",3.85,,0.14,13,21.68,29.80,100467.00,0.00,0,0,0,0,,,-1.00,-1.00,-1.00,-1.00,-1.00,-1.00
2023-02-08T06:21:49Z,"0002cc0100000648","22510e01fdfd3d9202520d15b1621e4c8bf000000000000000ffffffffffffffffffffffff",3.85,,0.14,13,21.69,29.90,100469.00,0.00,0,0,0,0,,,-1.00,-1.00,-1.00,-1.00,-1.00,-1.00
2023-02-08T06:27:45Z,"0002cc0100000648","22510e0361fd3d9602520d15b4621c4c42f000000000000000ffffffffffffffffffffffff",3.85,,0.14,13,21.70,29.79,100461.00,0.00,0,0,0,0,,,-1.00,-1.00,-1.00,-1.00,-1.00,-1.00
2023-02-08T06:33:41Z,"0002cc0100000648","22510e04c5fd3d8a02520d15b4621e4c75f000000000000000ffffffffffffffffffffffff",3.85,,0.14,13,21.70,29.87,100471.00,0.00,0,0,0,0,,,-1.00,-1.00,-1.00,-1.00,-1.00,-1.00
2023-02-08T06:39:37Z,"0002cc0100000648","22510e0629fd3d9602520d15b162204c48f000000000000000ffffffffffffffffffffffff",3.85,,0.14,13,21.69,29.80,100478.00,0.00,0,0,0,0,,,-1.00,-1.00,-1.00,-1.00,-1.00,-1.00
2023-02-08T06:45:34Z,"0002cc0100000648","22510e078efd3d9602520d15b1621e4c50f000000000000000ffffffffffffffffffffffff",3.85,,0.14,13,21.69,29.81,100468.00,0.00,0,0,0,0,,,-1.00,-1.00,-1.00,-1.00,-1.00,-1.00
2023-02-08T06:51:30Z,"0002cc0100000648","22510e08f2fd3d9202520d15b162194c2bf000000000000000ffffffffffffffffffffffff",3.85,,0.14,13,21.69,29.75,100449.00,0.00,0,0,0,0,,,-1.00,-1.00,-1.00,-1.00,-1.00,-1.00
2023-02-08T06:57:26Z,"0002cc0100000648","22510e0a56fd3d9602520d15b162194c5ef000000000000000ffffffffffffffffffffffff",3.85,,0.14,13,21.69,29.83,100448.00,0.00,0,0,0,0,,,-1.00,-1.00,-1.00,-1.00,-1.00,-1.00
2023-02-08T07:03:22Z,"0002cc0100000648","22510e0bbafd3d9602520d15af62184d76f000000000000000ffffffffffffffffffffffff",3.85,,0.14,13,21.68,30.26,100444.00,0.00,0,0,0,0,,,-1.00,-1.00,-1.00,-1.00,-1.00,-1.00
2023-02-08T07:09:18Z,"0002cc0100000648","22510e0d1efd3d9202520d15b1621b4cebf000000000000000ffffffffffffffffffffffff",3.85,,0.14,13,21.69,30.05,100458.00,0.00,0,0,0,0,,,-1.00,-1.00,-1.00,-1.00,-1.00,-1.00
2023-02-08T07:15:14Z,"0002cc0100000648","22510e0e82fd3d9602520d15b1621b4cf9f000000000000000ffffffffffffffffffffffff",3.85,,0.14,13,21.69,30.07,100459.00,0.00,0,0,0,0,,,-1.00,-1.00,-1.00,-1.00,-1.00,-1.00
2023-02-08T07:21:10Z,"0002cc0100000648","22510e0fe6fd3d9602520d15b1621e4d17f000000000000000ffffffffffffffffffffffff",3.85,,0.14,13,21.69,30.11,100469.00,0.00,0,0,0,0,,,-1.00,-1.00,-1.00,-1.00,-1.00,-1.00
2023-02-08T07:27:06Z,"0002cc0100000648","22510e114afd3d8e02520d15b4621e4d7ef000000000000000ffffffffffffffffffffffff",3.85,,0.14,13,21.70,30.27,100470.00,0.00,0,0,0,0,,,-1.00,-1.00,-1.00,-1.00,-1.00,-1.00
2023-02-08T07:33:02Z,"0002cc0100000648","22510e12aefd3d8a02520d15b9621e4e29f000000000000000ffffffffffffffffffffffff",3.85,,0.14,13,21.72,30.53,100470.00,0.00,0,0,0,0,,,-1.00,-1.00,-1.00,-1.00,-1.00,-1.00
2023-02-08T07:38:58Z,"0002cc0100000648","22510e1412fd3d9602520d15bb621c4db4f000000000000000ffffffffffffffffffffffff",3.85,,0.14,13,21.73,30.35,100462.00,0.00,0,0,0,0,,,-1.00,-1.00,-1.00,-1.00,-1.00,-1.00
2023-02-08T07:44:55Z,"0002cc0100000648","22510e1577fd3d9602520d15be621a4dd1f000000000000000ffffffffffffffffffffffff",3.85,,0.14,13,21.74,30.40,100453.00,0.00,0,0,0,0,,,-1.00,-1.00,-1.00,-1.00,-1.00,-1.00
2023-02-08T07:50:51Z,"0002cc0100000648","22510e16dbfd3d9202520d15be621b4db4f000000000000000ffffffffffffffffffffffff",3.85,,0.14,13,21.74,30.35,100457.00,0.00,0,0,0,0,,,-1.00,-1.00,-1.00,-1.00,-1.00,-1.00
2023-02-08T07:56:47Z,"0002cc0100000648","22510e183ffd3d8e02520d15be62164d9ef000000000000000ffffffffffffffffffffffff",3.85,,0.14,13,21.74,30.32,100436.00,0.00,0,0,0,0,,,-1.00,-1.00,-1.00,-1.00,-1.00,-1.00
2023-02-08T08:02:43Z,"0002cc0100000648","22510e19a3fd3d86025f0d15be62164d96f000000000000000ffffffffffffffffffffffff",3.85,,0.15,13,21.74,30.31,100436.00,0.00,0,0,0,0,,,-1.00,-1.00,-1.00,-1.00,-1.00,-1.00
2023-02-08T08:08:39Z,"0002cc0100000648","22510e1b07fd3d96025f0d15be62124d96f000000000000000ffffffffffffffffffffffff",3.85,,0.15,13,21.74,30.31,100420.00,0.00,0,0,0,0,,,-1.00,-1.00,-1.00,-1.00,-1.00,-1.00
2023-02-08T08:14:35Z,"0002cc0100000648","22510e1c6bfd3d9602520d15be62114dd2f000000000000000ffffffffffffffffffffffff",3.85,,0.14,13,21.74,30.40,100419.00,0.00,0,0,0,0,,,-1.00,-1.00,-1.00,-1.00,-1.00,-1.00
2023-02-08T08:20:31Z,"0002cc0100000648","22510e1dcffd3d96025f0d15c162134d8ff000000000000000ffffffffffffffffffffffff",3.85,,0.15,13,21.75,30.30,100425.00,0.00,0,0,0,0,,,-1.00,-1.00,-1.00,-1.00,-1.00,-1.00
2023-02-08T08:26:27Z,"0002cc0100000648","22510e1f33fd3d8e02520d15c362124d9ff000000000000000ffffffffffffffffffffffff",3.85,,0.14,13,21.76,30.32,100420.00,0.00,0,0,0,0,,,-1.00,-1.00,-1.00,-1.00,-1.00,-1.00
2023-02-08T08:32:23Z,"0002cc0100000648","22510e2097fd3d8602520d15c662184d5df000000000000000ffffffffffffffffffffffff",3.85,,0.14,13,21.77,30.22,100446.00,0.00,0,0,0,0,,,-1.00,-1.00,-1.00,-1.00,-1.00,-1.00
2023-02-08T08:38:19Z,"0002cc0100000648","22510e21fbfd3d9a02520d15c6621a4d64f000000000000000ffffffffffffffffffffffff",3.85,,0.14,13,21.77,30.23,100455.00,0.00,0,0,0,0,,,-1.00,-1.00,-1.00,-1.00,-1.00,-1.00
2023-02-08T08:44:15Z,"0002cc0100000648","22510e235ffd3d8e02520d15c8621d4d38f000000000000000ffffffffffffffffffffffff",3.85,,0.14,13,21.78,30.16,100467.00,0.00,0,0,0,0,,,-1.00,-1.00,-1.00,-1.00,-1.00,-1.00
2023-02-08T08:50:12Z,"0002cc0100000648","22510e24c4fd3d8e025f0d15cb621e4d47f000000000000000ffffffffffffffffffffffff",3.85,,0.15,13,21.79,30.19,100471.00,0.00,0,0,0,0,,,-1.00,-1.00,-1.00,-1.00,-1.00,-1.00
2023-02-08T08:56:08Z,"0002cc0100000648","22510e2628fd3d96025f0d15cb621c4d7bf000000000000000ffffffffffffffffffffffff",3.85,,0.15,13,21.79,30.27,100460.00,0.00,0,0,0,0,,,-1.00,-1.00,-1.00,-1.00,-1.00,-1.00
2023-02-08T09:02:04Z,"0002cc0100000648","22510e278cfd3d8e02520d15c8621a4ceff000000000000000ffffffffffffffffffffffff",3.85,,0.14,13,21.78,30.05,100454.00,0.00,0,0,0,0,,,-1.00,-1.00,-1.00,-1.00,-1.00,-1.00
2023-02-08T09:08:00Z,"0002cc0100000648","22510e28f0fd3d8e02520d15c662184d47f000000000000000ffffffffffffffffffffffff",3.85,,0.14,13,21.77,30.19,100447.00,0.00,0,0,0,0,,,-1.00,-1.00,-1.00,-1.00,-1.00,-1.00
2023-02-08T09:13:56Z,"0002cc0100000648","22510e2a54fd3d8e02520d15c862164de9f000000000000000ffffffffffffffffffffffff",3.85,,0.14,13,21.78,30.43,100439.00,0.00,0,0,0,0,,,-1.00,-1.00,-1.00,-1.00,-1.00,-1.00
2023-02-08T09:19:52Z,"0002cc0100000648","22510e2bb8fd3d8e025f0d15c8621b4e2cf000000000000000ffffffffffffffffffffffff",3.85,,0.15,13,21.78,30.54,100457.00,0.00,0,0,0,0,,,-1.00,-1.00,-1.00,-1.00,-1.00,-1.00
2023-02-08T09:25:48Z,"0002cc0100000648","22510e2d1cfd3d86025f0d15c8621a4de2f000000000000000ffffffffffffffffffffffff",3.85,,0.15,13,21.78,30.42,100454.00,0.00,0,0,0,0,,,-1.00,-1.00,-1.00,-1.00,-1.00,-1.00
2023-02-08T09:31:44Z,"0002cc0100000648","22510e2e80fd3d8a02520d15c8621a4e24f000000000000000ffffffffffffffffffffffff",3.85,,0.14,13,21.78,30.52,100454.00,0.00,0,0,0,0,,,-1.00,-1.00,-1.00,-1.00,-1.00,-1.00
2023-02-08T09:37:40Z,"0002cc0100000648","22510e2fe4fd3d8e02520d15c862154e24f000000000000000ffffffffffffffffffffffff",3.85,,0.14,13,21.78,30.52,100433.00,0.00,0,0,0,0,,,-1.00,-1.00,-1.00,-1.00,-1.00,-1.00
2023-02-08T09:43:37Z,"0002cc0100000648","22510e3149fd3d8a02520d15c862104de9f000000000000000ffffffffffffffffffffffff",3.85,,0.14,13,21.78,30.43,100412.00,0.00,0,0,0,0,,,-1.00,-1.00,-1.00,-1.00,-1.00,-1.00
2023-02-08T09:49:32Z,"0002cc0100000648","22510e32acfd3d8e02520d15cb62104d4ef000000000000000ffffffffffffffffffffffff",3.85,,0.14,13,21.79,30.20,100414.00,0.00,0,0,0,0,,,-1.00,-1.00,-1.00,-1.00,-1.00,-1.00
2023-02-08T09:55:29Z,"0002cc0100000648","22510e3411fd3d8e02520d15c8620f4d47f000000000000000ffffffffffffffffffffffff",3.85,,0.14,13,21.78,30.19,100408.00,0.00,0,0,0,0,,,-1.00,-1.00,-1.00,-1.00,-1.00,-1.00
2023-02-08T10:01:25Z,"0002cc0100000648","22510e3575fd3d8e02520d15c8620b4cfdf000000000000000ffffffffffffffffffffffff",3.85,,0.14,13,21.78,30.07,100393.00,0.00,0,0,0,0,,,-1.00,-1.00,-1.00,-1.00,-1.00,-1.00
2023-02-08T10:07:21Z,"0002cc0100000648","22510e36d9fd3d8a02520d15c6620b4d22f000000000000000ffffffffffffffffffffffff",3.85,,0.14,13,21.77,30.13,100393.00,0.00,0,0,0,0,,,-1.00,-1.00,-1.00,-1.00,-1.00,-1.00
2023-02-08T10:13:17Z,"0002cc0100000648","22510e383dfd3d8e02520d15c6620a4d14f000000000000000ffffffffffffffffffffffff",3.85,,0.14,13,21.77,30.11,100388.00,0.00,0,0,0,0,,,-1.00,-1.00,-1.00,-1.00,-1.00,-1.00
2023-02-08T10:19:13Z,"0002cc0100000648","22510e39a1fd3d8e025f0d15c662094d47f000000000000000ffffffffffffffffffffffff",3.85,,0.15,13,21.77,30.19,100384.00,0.00,0,0,0,0,,,-1.00,-1.00,-1.00,-1.00,-1.00,-1.00
2023-02-08T10:25:09Z,"0002cc0100000648","22510e3b05fd3d8e02520d15c862084cd1f000000000000000ffffffffffffffffffffffff",3.85,,0.14,13,21.78,30.01,100381.00,0.00,0,0,0,0,,,-1.00,-1.00,-1.00,-1.00,-1.00,-1.00
2023-02-08T10:31:05Z,"0002cc0100000648","22510e3c69fd3d8a02520d15cb620d4cadf000000000000000ffffffffffffffffffffffff",3.85,,0.14,13,21.79,29.95,100403.00,0.00,0,0,0,0,,,-1.00,-1.00,-1.00,-1.00,-1.00,-1.00
2023-02-08T10:37:01Z,"0002cc0100000648","22510e3dcdfd3d8a02520d15c862104c6af000000000000000ffffffffffffffffffffffff",3.85,,0.14,13,21.78,29.85,100412.00,0.00,0,0,0,0,,,-1.00,-1.00,-1.00,-1.00,-1.00,-1.00
2023-02-08T10:42:58Z,"0002cc0100000648","22510e3f32fd3d8e025f0d15cb62124cc3f000000000000000ffffffffffffffffffffffff",3.85,,0.15,13,21.79,29.99,100420.00,0.00,0,0,0,0,,,-1.00,-1.00,-1.00,-1.00,-1.00,-1.00
2023-02-08T10:48:54Z,"0002cc0100000648","22510e4096fd3d8e02520d15cd620f4c97f000000000000000ffffffffffffffffffffffff",3.85,,0.14,13,21.80,29.92,100411.00,0.00,0,0,0,0,,,-1.00,-1.00,-1.00,-1.00,-1.00,-1.00
2023-02-08T10:54:50Z,"0002cc0100000648","22510e41fafd3d86025f0d15d0620d4c90f000000000000000ffffffffffffffffffffffff",3.85,,0.15,13,21.81,29.91,100400.00,0.00,0,0,0,0,,,-1.00,-1.00,-1.00,-1.00,-1.00,-1.00
2023-02-08T11:00:46Z,"0002cc0100000648","22510e435efd3d8e02520d15d0620c4c64f000000000000000ffffffffffffffffffffffff",3.85,,0.14,13,21.81,29.84,100398.00,0.00,0,0,0,0,,,-1.00,-1.00,-1.00,-1.00,-1.00,-1.00
2023-02-08T11:06:42Z,"0002cc0100000648","22510e44c2fd3d8e02520d15cd620e4ccbf000000000000000ffffffffffffffffffffffff",3.85,,0.14,13,21.80,30.00,100404.00,0.00,0,0,0,0,,,-1.00,-1.00,-1.00,-1.00,-1.00,-1.00
2023-02-08T11:12:38Z,"0002cc0100000648","22510e4626fd3d8e025f0d15cb62154ca5f000000000000000ffffffffffffffffffffffff",3.85,,0.15,13,21.79,29.94,100434.00,0.00,0,0,0,0,,,-1.00,-1.00,-1.00,-1.00,-1.00,-1.00
2023-02-08T11:18:34Z,"0002cc0100000648","22510e478afd3d8a02520d15cb62134c72f000000000000000ffffffffffffffffffffffff",3.85,,0.14,13,21.79,29.86,100427.00,0.00,0,0,0,0,,,-1.00,-1.00,-1.00,-1.00,-1.00,-1.00
2023-02-08T11:24:30Z,"0002cc0100000648","22510e48eefd3d8a02520d15cb620f4cd2f000000000000000ffffffffffffffffffffffff",3.85,,0.14,13,21.79,30.01,100411.00,0.00,0,0,0,0,,,-1.00,-1.00,-1.00,-1.00,-1.00,-1.00
2023-02-08T11:30:26Z,"0002cc0100000648","22510e4a52fd3d8e025f0d15cd620b4cf0f000000000000000ffffffffffffffffffffffff",3.85,,0.15,13,21.80,30.05,100394.00,0.00,0,0,0,0,,,-1.00,-1.00,-1.00,-1.00,-1.00,-1.00
2023-02-08T11:36:22Z,"0002cc0100000648","22510e4bb6fd3d8a02520d15cd620b4d39f000000000000000ffffffffffffffffffffffff",3.85,,0.14,13,21.80,30.17,100394.00,0.00,0,0,0,0,,,-1.00,-1.00,-1.00,-1.00,-1.00,-1.00
2023-02-08T11:42:18Z,"0002cc0100000648","22510e4d1afd3d8e02520d15d0620c4cd2f000000000000000ffffffffffffffffffffffff",3.85,,0.14,13,21.81,30.01,100397.00,0.00,0,0,0,0,,,-1.00,-1.00,-1.00,-1.00,-1.00,-1.00
2023-02-08T11:48:15Z,"0002cc0100000648","22510e4e7ffd3d8a02520d15d2620a4d9af000000000000000ffffffffffffffffffffffff",3.85,,0.14,13,21.82,30.31,100389.00,0.00,0,0,0,0,,,-1.00,-1.00,-1.00,-1.00,-1.00,-1.00
2023-02-08T11:54:11Z,"0002cc0100000648","22510e4fe3fd3d8a02520d15d2620b4e85f000000000000000ffffffffffffffffffffffff",3.85,,0.14,13,21.82,30.67,100395.00,0.00,0,0,0,0,,,-1.00,-1.00,-1.00,-1.00,-1.00,-1.00
2023-02-08T12:00:07Z,"0002cc0100000648","22510e5147fd3d8a02520d15d5620c4ea4f000000000000000ffffffffffffffffffffffff",3.85,,0.14,13,21.83,30.72,100398.00,0.00,0,0,0,0,,,-1.00,-1.00,-1.00,-1.00,-1.00,-1.00
2023-02-08T12:06:03Z,"0002cc0100000648","22510e52abfd3d8e02520d15d562104ebaf000000000000000ffffffffffffffffffffffff",3.85,,0.14,13,21.83,30.75,100413.00,0.00,0,0,0,0,,,-1.00,-1.00,-1.00,-1.00,-1.00,-1.00
2023-02-08T12:11:59Z,"0002cc0100000648","22510e540ffd3d8a02520d15d8620d4e53f000000000000000ffffffffffffffffffffffff",3.85,,0.14,13,21.84,30.60,100400.00,0.00,0,0,0,0,,,-1.00,-1.00,-1.00,-1.00,-1.00,-1.00
2023-02-08T12:17:55Z,"0002cc0100000648","22510e5573fd3d8a02520d15d562084e70f000000000000000ffffffffffffffffffffffff",3.85,,0.14,13,21.83,30.64,100383.00,0.00,0,0,0,0,,,-1.00,-1.00,-1.00,-1.00,-1.00,-1.00
2023-02-08T12:23:51Z,"0002cc0100000648","22510e56d7fd3d8a02520d15d562094ec9f000000000000000ffffffffffffffffffffffff",3.85,,0.14,13,21.83,30.78,100386.00,0.00,0,0,0,0,,,-1.00,-1.00,-1.00,-1.00,-1.00,-1.00
2023-02-08T12:29:47Z,"0002cc0100000648","22510e583bfd3d8a02520d15d8620b4e870800000000000000ffffffffffffffffffffffff",3.85,,0.14,13,21.84,30.67,100392.00,2.00,0,0,0,0,,,-1.00,-1.00,-1.00,-1.00,-1.00,-1.00
2023-02-08T12:35:43Z,"0002cc0100000648","22510e599ffd3d8a02520d15da62144e45f000000000000000ffffffffffffffffffffffff",3.85,,0.14,13,21.85,30.57,100428.00,0.00,0,0,0,0,,,-1.00,-1.00,-1.00,-1.00,-1.00,-1.00
2023-02-08T12:41:39Z,"0002cc0100000648","22510e5b03fd3d8a02520d15da62194e78f000000000000000ffffffffffffffffffffffff",3.85,,0.14,13,21.85,30.65,100450.00,0.00,0,0,0,0,,,-1.00,-1.00,-1.00,-1.00,-1.00,-1.00
2023-02-08T12:47:36Z,"0002cc0100000648","22510e5c68fd3d8602520d15d8621f4eb3f000000000000000ffffffffffffffffffffffff",3.85,,0.14,13,21.84,30.74,100472.00,0.00,0,0,0,0,,,-1.00,-1.00,-1.00,-1.00,-1.00,-1.00
2023-02-08T12:53:32Z,"0002cc0100000648","22510e5dccfd3d8a02520d15da621f4e87f000000000000000ffffffffffffffffffffffff",3.85,,0.14,13,21.85,30.67,100475.00,0.00,0,0,0,0,,,-1.00,-1.00,-1.00,-1.00,-1.00,-1.00
2023-02-08T12:59:28Z,"0002cc0100000648","22510e5f30fd3d8a02520d15da62204e69f000000000000000ffffffffffffffffffffffff",3.85,,0.14,13,21.85,30.63,100476.00,0.00,0,0,0,0,,,-1.00,-1.00,-1.00,-1.00,-1.00,-1.00
2023-02-08T13:05:24Z,"0002cc0100000648","22510e6094fd3d8a02520d15da621b4e45f000000000000000ffffffffffffffffffffffff",3.85,,0.14,13,21.85,30.57,100457.00,0.00,0,0,0,0,,,-1.00,-1.00,-1.00,-1.00,-1.00,-1.00
2023-02-08T13:11:20Z,"0002cc0100000648","22510e61f8fd3d8a02520d15da62164e02f000000000000000ffffffffffffffffffffffff",3.85,,0.14,13,21.85,30.47,100438.00,0.00,0,0,0,0,,,-1.00,-1.00,-1.00,-1.00,-1.00,-1.00
2023-02-08T13:17:16Z,"0002cc0100000648","22510e635cfd3d8602520d15da62194dc8f000000000000000ffffffffffffffffffffffff",3.85,,0.14,13,21.85,30.38,100449.00,0.00,0,0,0,0,,,-1.00,-1.00,-1.00,-1.00,-1.00,-1.00
2023-02-08T13:23:12Z,"0002cc0100000648","22510e64c0fd3d8a02520d15da62134d34f000000000000000ffffffffffffffffffffffff",3.85,,0.14,13,21.85,30.16,100427.00,0.00,0,0,0,0,,,-1.00,-1.00,-1.00,-1.00,-1.00,-1.00
2023-02-08T13:29:08Z,"0002cc0100000648","22510e6624fd3d8a025f0d15d8621c4ce2f000000000000000ffffffffffffffffffffffff",3.85,,0.15,13,21.84,30.03,100461.00,0.00,0,0,0,0,,,-1.00,-1.00,-1.00,-1.00,-1.00,-1.00
2023-02-08T13:35:04Z,"0002cc0100000648","22510e6788fd3d8a02520d15d5621a4cb6f000000000000000ffffffffffffffffffffffff",3.85,,0.14,13,21.83,29.97,100452.00,0.00,0,0,0,0,,,-1.00,-1.00,-1.00,-1.00,-1.00,-1.00
2023-02-08T13:41:00Z,"0002cc0100000648","22510e68ecfd3d8a02520d15d262164cb5f000000000000000ffffffffffffffffffffffff",3.85,,0.14,13,21.82,29.96,100439.00,0.00,0,0,0,0,,,-1.00,-1.00,-1.00,-1.00,-1.00,-1.00
2023-02-08T13:46:57Z,"0002cc0100000648","22510e6a51fd3d7902520d15d2621b4c82f000000000000000ffffffffffffffffffffffff",3.84,,0.14,13,21.82,29.89,100457.00,0.00,0,0,0,0,,,-1.00,-1.00,-1.00,-1.00,-1.00,-1.00
2023-02-08T13:52:53Z,"0002cc0100000648","22510e6bb5fd3d8a02520d15d0621f4c4e0910000000000000ffffffffffffffffffffffff",3.85,,0.14,13,21.81,29.81,100475.00,145.00,0,0,0,0,,,-1.00,-1.00,-1.00,-1.00,-1.00,-1.00
2023-02-08T13:58:49Z,"0002cc0100000648","22510e6d19fd3d7502520d15d262224bd90b30000000000000ffffffffffffffffffffffff",3.84,,0.14,13,21.82,29.63,100486.00,179.00,0,0,0,0,,,-1.00,-1.00,-1.00,-1.00,-1.00,-1.00
2023-02-08T14:04:45Z,"0002cc0100000648","22510e6e7dfd3d8a02520d15d2621c4b710ad0000000000000ffffffffffffffffffffffff",3.85,,0.14,13,21.82,29.47,100463.00,173.00,0,0,0,0,,,-1.00,-1.00,-1.00,-1.00,-1.00,-1.00
2023-02-08T14:10:41Z,"0002cc0100000648","22510e6fe1fd3d8a02520d15d2621e4b0a0c20000000000000ffffffffffffffffffffffff",3.85,,0.14,13,21.82,29.31,100471.00,194.00,0,0,0,0,,,-1.00,-1.00,-1.00,-1.00,-1.00,-1.00
2023-02-08T14:16:37Z,"0002cc0100000648","22510e7145fd3d8a02520d15d0621e4a6f0c10000000000000ffffffffffffffffffffffff",3.85,,0.14,13,21.81,29.08,100470.00,193.00,0,0,0,0,,,-1.00,-1.00,-1.00,-1.00,-1.00,-1.00
2023-02-08T14:22:33Z,"0002cc0100000648","22510e72a9fd3d7d02520d15cb621d4a240c50000000000000ffffffffffffffffffffffff",3.84,,0.14,13,21.79,28.96,100466.00,197.00,0,0,0,0,,,-1.00,-1.00,-1.00,-1.00,-1.00,-1.00
2023-02-08T14:28:29Z,"0002cc0100000648","22510e740dfd3d8a02520d15c6621d49370ad0000000000000ffffffffffffffffffffffff",3.85,,0.14,13,21.77,28.60,100467.00,173.00,0,0,0,0,,,-1.00,-1.00,-1.00,-1.00,-1.00,-1.00
2023-02-08T14:34:25Z,"0002cc0100000648","22510e7571fd3d8a02520d15c1622148f40b70000000000000ffffffffffffffffffffffff",3.85,,0.14,13,21.75,28.50,100483.00,183.00,0,0,0,0,,,-1.00,-1.00,-1.00,-1.00,-1.00,-1.00
2023-02-08T14:40:21Z,"0002cc0100000648","22510e76d5fd3d8a02520d15bb621d489b0ca0000000000000ffffffffffffffffffffffff",3.85,,0.14,13,21.73,28.36,100467.00,202.00,0,0,0,0,,,-1.00,-1.00,-1.00,-1.00,-1.00,-1.00
2023-02-08T14:46:18Z,"0002cc0100000648","22510e783afd3d82025f0d15b6621c47f70c10000000000000ffffffffffffffffffffffff",3.84,,0.15,13,21.71,28.11,100462.00,193.00,0,0,0,0,,,-1.00,-1.00,-1.00,-1.00,-1.00,-1.00
2023-02-08T14:52:14Z,"0002cc0100000648","22510e799efd3d8a02520d15af621c47370c40000000000000ffffffffffffffffffffffff",3.85,,0.14,13,21.68,27.82,100461.00,196.00,0,0,0,0,,,-1.00,-1.00,-1.00,-1.00,-1.00,-1.00
2023-02-08T14:58:10Z,"0002cc0100000648","22510e7b02fd3d7d02520d15a9621947710b60000000000000ffffffffffffffffffffffff",3.84,,0.14,13,21.66,27.91,100451.00,182.00,0,0,0,0,,,-1.00,-1.00,-1.00,-1.00,-1.00,-1.00
2023-02-08T15:04:06Z,"0002cc0100000648","22510e7c66fd3d8a02520d15a4621746c70c60000000000000ffffffffffffffffffffffff",3.85,,0.14,13,21.64,27.65,100441.00,198.00,0,0,0,0,,,-1.00,-1.00,-1.00,-1.00,-1.00,-1.00
2023-02-08T15:10:02Z,"0002cc0100000648","22510e7dcafd3d8a02520d15a2621646500bc0000000000000ffffffffffffffffffffffff",3.85,,0.14,13,21.63,27.47,100437.00,188.00,0,0,0,0,,,-1.00,-1.00,-1.00,-1.00,-1.00,-1.00
2023-02-08T15:15:58Z,"0002cc0100000648","22510e7f2efd3d8202520d159f621845e90c50000000000000ffffffffffffffffffffffff",3.84,,0.14,13,21.62,27.31,100446.00,197.00,0,0,0,0,,,-1.00,-1.00,-1.00,-1.00,-1.00,-1.00
2023-02-08T15:21:54Z,"0002cc0100000648","22510e8092fd3d8202520d159a621845bc0d20000000000000ffffffffffffffffffffffff",3.84,,0.14,13,21.60,27.24,100445.00,210.00,0,0,0,0,,,-1.00,-1.00,-1.00,-1.00,-1.00,-1.00
2023-02-08T15:27:50Z,"0002cc0100000648","22510e81f6fd3d8202520d15956217456a0c30000000000000ffffffffffffffffffffffff",3.84,,0.14,13,21.58,27.12,100440.00,195.00,0,0,0,0,,,-1.00,-1.00,-1.00,-1.00,-1.00,-1.00
2023-02-08T15:33:46Z,"0002cc0100000648","22510e835afd3d8a02520d1590621645180c30000000000000ffffffffffffffffffffffff",3.85,,0.14,13,21.56,26.99,100439.00,195.00,0,0,0,0,,,-1.00,-1.00,-1.00,-1.00,-1.00,-1.00
2023-02-08T15:39:43Z,"0002cc0100000648","22510e84bffd3d8a02520d158d621144d50d10000000000000ffffffffffffffffffffffff",3.85,,0.14,13,21.55,26.89,100419.00,209.00,0,0,0,0,,,-1.00,-1.00,-1.00,-1.00,-1.00,-1.00
2023-02-08T15:45:38Z,"0002cc0100000648","22510e8622fd3d8202520d1588621144c60c20000000000000ffffffffffffffffffffffff",3.84,,0.14,13,21.53,26.87,100416.00,194.00,0,0,0,0,,,-1.00,-1.00,-1.00,-1.00,-1.00,-1.00
2023-02-08T15:51:35Z,"0002cc0100000648","22510e8787fd3d7d02520d1586620c45000d00000000000000ffffffffffffffffffffffff",3.84,,0.14,13,21.52,26.95,100398.00,208.00,0,0,0,0,,,-1.00,-1.00,-1.00,-1.00,-1.00,-1.00
2023-02-08T15:57:31Z,"0002cc0100000648","22510e88ebfd3d8202520d1586620a44be0b40000000000000ffffffffffffffffffffffff",3.84,,0.14,13,21.52,26.85,100391.00,180.00,0,0,0,0,,,-1.00,-1.00,-1.00,-1.00,-1.00,-1.00
2023-02-08T16:03:27Z,"0002cc0100000648","22510e8a4ffd3d8202520d1583620744990c40000000000000ffffffffffffffffffffffff",3.84,,0.14,13,21.51,26.80,100377.00,196.00,0,0,0,0,,,-1.00,-1.00,-1.00,-1.00,-1.00,-1.00
2023-02-08T16:09:23Z,"0002cc0100000648","22510e8bb3fd3d8202520d157e620c44550c40000000000000ffffffffffffffffffffffff",3.84,,0.14,13,21.49,26.69,100397.00,196.00,0,0,0,0,,,-1.00,-1.00,-1.00,-1.00,-1.00,-1.00
2023-02-08T16:15:19Z,"0002cc0100000648","22510e8d17fd3d8a02520d157b620744470ac0000000000000ffffffffffffffffffffffff",3.85,,0.14,13,21.48,26.67,100377.00,172.00,0,0,0,0,,,-1.00,-1.00,-1.00,-1.00,-1.00,-1.00
2023-02-08T16:21:15Z,"0002cc0100000648","22510e8e7bfd3d8202520d15796207444d0c10000000000000ffffffffffffffffffffffff",3.84,,0.14,13,21.47,26.68,100379.00,193.00,0,0,0,0,,,-1.00,-1.00,-1.00,-1.00,-1.00,-1.00
2023-02-08T16:27:11Z,"0002cc0100000648","22510e8fdffd3d8202520d1576620e445b0b40000000000000ffffffffffffffffffffffff",3.84,,0.14,13,21.46,26.70,100405.00,180.00,0,0,0,0,,,-1.00,-1.00,-1.00,-1.00,-1.00,-1.00
2023-02-08T16:33:07Z,"0002cc0100000648","22510e9143fd3d82025f0d1574621044620b70000000000000ffffffffffffffffffffffff",3.84,,0.15,13,21.45,26.71,100415.00,183.00,0,0,0,0,,,-1.00,-1.00,-1.00,-1.00,-1.00,-1.00
2023-02-08T16:39:04Z,"0002cc0100000648","22510e92a8fd3d8a02520d1571620e445b0ad0000000000000ffffffffffffffffffffffff",3.85,,0.14,13,21.44,26.70,100407.00,173.00,0,0,0,0,,,-1.00,-1.00,-1.00,-1.00,-1.00,-1.00
2023-02-08T16:45:00Z,"0002cc0100000648","22510e940cfd3d8202520d156f620f449d0bf0000000000000ffffffffffffffffffffffff",3.84,,0.14,13,21.43,26.80,100410.00,191.00,0,0,0,0,,,-1.00,-1.00,-1.00,-1.00,-1.00,-1.00
2023-02-08T16:50:56Z,"0002cc0100000648","22510e9570fd3d8202520d156f620c449d0b20000000000000ffffffffffffffffffffffff",3.84,,0.14,13,21.43,26.80,100397.00,178.00,0,0,0,0,,,-1.00,-1.00,-1.00,-1.00,-1.00,-1.00
2023-02-08T16:56:52Z,"0002cc0100000648","22510e96d4fd3d8202520d156f620e44c20cb0000000000000ffffffffffffffffffffffff",3.84,,0.14,13,21.43,26.86,100404.00,203.00,0,0,0,0,,,-1.00,-1.00,-1.00,-1.00,-1.00,-1.00
2023-02-08T17:02:48Z,"0002cc0100000648","22510e9838fd3d82025f0d156f620c45cb0ad0000000000000ffffffffffffffffffffffff",3.84,,0.15,13,21.43,27.26,100396.00,173.00,0,0,0,0,,,-1.00,-1.00,-1.00,-1.00,-1.00,-1.00
2023-02-08T17:08:44Z,"0002cc0100000648","22510e999cfd3d8202520d156f620d461d0be0000000000000ffffffffffffffffffffffff",3.84,,0.14,13,21.43,27.39,100401.00,190.00,0,0,0,0,,,-1.00,-1.00,-1.00,-1.00,-1.00,-1.00
2023-02-08T17:14:40Z,"0002cc0100000648","22510e9b00fd3d8202520d156f620945cb0b80000000000000ffffffffffffffffffffffff",3.84,,0.14,13,21.43,27.26,100385.00,184.00,0,0,0,0,,,-1.00,-1.00,-1.00,-1.00,-1.00,-1.00
2023-02-08T17:20:36Z,"0002cc0100000648","22510e9c64fd3d8202520d156961ff45ad0c50000000000000ffffffffffffffffffffffff",3.84,,0.14,13,21.41,27.22,100345.00,197.00,0,0,0,0,,,-1.00,-1.00,-1.00,-1.00,-1.00,-1.00
2023-02-08T17:26:32Z,"0002cc0100000648","22510e9dc8fd3d8202520d156961f745bb0c90000000000000ffffffffffffffffffffffff",3.84,,0.14,13,21.41,27.24,100312.00,201.00,0,0,0,0,,,-1.00,-1.00,-1.00,-1.00,-1.00,-1.00
2023-02-08T17:32:28Z,"0002cc0100000648","22510e9f2cfd3d8202520d156761f145bb0b20000000000000ffffffffffffffffffffffff",3.84,,0.14,13,21.40,27.24,100291.00,178.00,0,0,0,0,,,-1.00,-1.00,-1.00,-1.00,-1.00,-1.00
2023-02-08T17:38:24Z,"0002cc0100000648","22510ea090fd3d8202520d156761ec45e70c30000000000000ffffffffffffffffffffffff",3.84,,0.14,13,21.40,27.31,100270.00,195.00,0,0,0,0,,,-1.00,-1.00,-1.00,-1.00,-1.00,-1.00
2023-02-08T17:44:21Z,"0002cc0100000648","22510ea1f5fd3d7d02520d156761ec46560c00000000000000ffffffffffffffffffffffff",3.84,,0.14,13,21.40,27.48,100270.00,192.00,0,0,0,0,,,-1.00,-1.00,-1.00,-1.00,-1.00,-1.00
2023-02-08T17:50:17Z,"0002cc0100000648","22510ea359fd3d8202520d156961e846a70b80000000000000ffffffffffffffffffffffff",3.84,,0.14,13,21.41,27.60,100255.00,184.00,0,0,0,0,,,-1.00,-1.00,-1.00,-1.00,-1.00,-1.00
2023-02-08T17:56:13Z,"0002cc0100000648","22510ea4bdfd3d8202520d156761e846bd0aa0000000000000ffffffffffffffffffffffff",3.84,,0.14,13,21.40,27.63,100254.00,170.00,0,0,0,0,,,-1.00,-1.00,-1.00,-1.00,-1.00,-1.00
2023-02-08T18:02:09Z,"0002cc0100000648","22510ea621fd3d8202520d156761ea46ae0b20000000000000ffffffffffffffffffffffff",3.84,,0.14,13,21.40,27.61,100260.00,178.00,0,0,0,0,,,-1.00,-1.00,-1.00,-1.00,-1.00,-1.00
2023-02-08T18:08:05Z,"0002cc0100000648","22510ea785fd3d8202520d156761eb46a00be0000000000000ffffffffffffffffffffffff",3.84,,0.14,13,21.40,27.59,100266.00,190.00,0,0,0,0,,,-1.00,-1.00,-1.00,-1.00,-1.00,-1.00
2023-02-08T18:14:01Z,"0002cc0100000648","22510ea8e9fd3d7502520d156461eb46d30a90000000000000ffffffffffffffffffffffff",3.84,,0.14,13,21.39,27.67,100267.00,169.00,0,0,0,0,,,-1.00,-1.00,-1.00,-1.00,-1.00,-1.00
2023-02-08T18:19:57Z,"0002cc0100000648","22510eaa4dfd3d8202520d156461e446e90c50000000000000ffffffffffffffffffffffff",3.84,,0.14,13,21.39,27.70,100238.00,197.00,0,0,0,0,,,-1.00,-1.00,-1.00,-1.00,-1.00,-1.00
2023-02-08T18:25:53Z,"0002cc0100000648","22510eabb1fd3d8202520d156261e1470d0c60000000000000ffffffffffffffffffffffff",3.84,,0.14,13,21.38,27.75,100226.00,198.00,0,0,0,0,,,-1.00,-1.00,-1.00,-1.00,-1.00,-1.00
2023-02-08T18:31:49Z,"0002cc0100000648","22510ead15fd3d8202520d155f61df478a5c7a000000000000ffffffffffffffffffffffff",3.84,,0.14,13,21.37,27.95,100216.00,12775.00,0,0,0,0,,,-1.00,-1.00,-1.00,-1.00,-1.00,-1.00
2023-02-08T18:37:45Z,"0002cc0100000648","22510eae79fd3d8202520d157461de48795c6d000000000000ffffffffffffffffffffffff",3.84,,0.14,13,21.45,28.31,100214.00,12722.00,0,0,0,0,,,-1.00,-1.00,-1.00,-1.00,-1.00,-1.00
2023-02-08T18:43:42Z,"0002cc0100000648","22510eafdefd3d8202520d158d61d848f35c65000000000000ffffffffffffffffffffffff",3.84,,0.14,13,21.55,28.50,100188.00,12692.00,0,0,0,0,,,-1.00,-1.00,-1.00,-1.00,-1.00,-1.00
2023-02-08T18:49:38Z,"0002cc0100000648","22510eb142fd3d8202520d15a761d649845c5d000000000000ffffffffffffffffffffffff",3.84,,0.14,13,21.65,28.72,100182.00,12660.00,0,0,0,0,,,-1.00,-1.00,-1.00,-1.00,-1.00,-1.00
2023-02-08T18:55:34Z,"0002cc0100000648","22510eb2a6fd3d8202520d15bb61d149df5c66000000000000ffffffffffffffffffffffff",3.84,,0.14,13,21.73,28.86,100161.00,12694.00,0,0,0,0,,,-1.00,-1.00,-1.00,-1.00,-1.00,-1.00
2023-02-08T19:01:30Z,"0002cc0100000648","22510eb40afd3d8202520d15d061cf4a2c5c3c000000000000ffffffffffffffffffffffff",3.84,,0.14,13,21.81,28.97,100153.00,12526.00,0,0,0,0,,,-1.00,-1.00,-1.00,-1.00,-1.00,-1.00
2023-02-08T19:07:26Z,"0002cc0100000648","22510eb56efd3d7502520d15dd61ca4a6a5c56000000000000ffffffffffffffffffffffff",3.84,,0.14,13,21.86,29.07,100132.00,12633.00,0,0,0,0,,,-1.00,-1.00,-1.00,-1.00,-1.00,-1.00
2023-02-08T19:13:22Z,"0002cc0100000648","22510eb6d2fd3d8202520d15ec61c74a475c69000000000000ffffffffffffffffffffffff",3.84,,0.14,13,21.92,29.02,100121.00,12707.00,0,0,0,0,,,-1.00,-1.00,-1.00,-1.00,-1.00,-1.00
2023-02-08T19:19:18Z,"0002cc0100000648","22510eb836fd3d7d02520d15f661c049ff5c5c000000000000ffffffffffffffffffffffff",3.84,,0.14,13,21.96,28.91,100095.00,12654.00,0,0,0,0,,,-1.00,-1.00,-1.00,-1.00,-1.00,-1.00
2023-02-08T19:25:14Z,"0002cc0100000648","22510eb99afd3d7902520d15fb61ba49b65c68000000000000ffffffffffffffffffffffff",3.84,,0.14,13,21.98,28.79,100071.00,12702.00,0,0,0,0,,,-1.00,-1.00,-1.00,-1.00,-1.00,-1.00
2023-02-08T19:31:10Z,"0002cc0100000648","22510ebafefd3d7d02520d160161b249a15c73000000000000ffffffffffffffffffffffff",3.84,,0.14,13,22.00,28.76,100039.00,12748.00,0,0,0,0,,,-1.00,-1.00,-1.00,-1.00,-1.00,-1.00
2023-02-08T19:37:07Z,"0002cc0100000648","22510ebc63fd3d82025f0d160361ae49a25c6e000000000000ffffffffffffffffffffffff",3.84,,0.15,13,22.01,28.76,100022.00,12726.00,0,0,0,0,,,-1.00,-1.00,-1.00,-1.00,-1.00,-1.00
2023-02-08T19:43:03Z,"0002cc0100000648","22510ebdc7fd3d7502520d160861ac498c5c69000000000000ffffffffffffffffffffffff",3.84,,0.14,13,22.03,28.73,100012.00,12708.00,0,0,0,0,,,-1.00,-1.00,-1.00,-1.00,-1.00,-1.00
2023-02-08T19:48:59Z,"0002cc0100000648","22510ebf2bfd3d8202520d160861a649675c67000000000000ffffffffffffffffffffffff",3.84,,0.14,13,22.03,28.67,99989.00,12701.00,0,0,0,0,,,-1.00,-1.00,-1.00,-1.00,-1.00,-1.00
2023-02-08T19:54:55Z,"0002cc0100000648","22510ec08ffd3d79024a0d160861a249585c74000000000000ffffffffffffffffffffffff",3.84,,0.14,13,22.03,28.65,99974.00,12751.00,0,0,0,0,,,-1.00,-1.00,-1.00,-1.00,-1.00,-1.00
2023-02-08T20:00:51Z,"0002cc0100000648","22510ec1f3fd3d8202520d1608619d49585c63000000000000ffffffffffffffffffffffff",3.84,,0.14,13,22.03,28.65,99954.00,12683.00,0,0,0,0,,,-1.00,-1.00,-1.00,-1.00,-1.00,-1.00
2023-02-08T20:06:47Z,"0002cc0100000648","22510ec357fd3d7902520d1608619849515c65000000000000ffffffffffffffffffffffff",3.84,,0.14,13,22.03,28.64,99935.00,12693.00,0,0,0,0,,,-1.00,-1.00,-1.00,-1.00,-1.00,-1.00
2023-02-08T20:12:43Z,"0002cc0100000648","22510ec4bbfd3d7902520d160b619049515c6a000000000000ffffffffffffffffffffffff",3.84,,0.14,13,22.04,28.64,99903.00,12711.00,0,0,0,0,,,-1.00,-1.00,-1.00,-1.00,-1.00,-1.00
2023-02-08T20:18:39Z,"0002cc0100000648","22510ec61ffd3d7902520d1608618b49605c4f000000000000ffffffffffffffffffffffff",3.84,,0.14,13,22.03,28.66,99880.00,12603.00,0,0,0,0,,,-1.00,-1.00,-1.00,-1.00,-1.00,-1.00
2023-02-08T20:24:35Z,"0002cc0100000648","22510ec783fd3d7902520d1606618649515c1e000000000000ffffffffffffffffffffffff",3.84,,0.14,13,22.02,28.64,99860.00,12407.00,0,0,0,0,,,-1.00,-1.00,-1.00,-1.00,-1.00,-1.00
2023-02-08T20:30:31Z,"0002cc0100000648","22510ec8e7fd3d7902520d1603618149505bb1000000000000ffffffffffffffffffffffff",3.84,,0.14,13,22.01,28.64,99841.00,11970.00,0,0,0,0,,,-1.00,-1.00,-1.00,-1.00,-1.00,-1.00
2023-02-08T20:36:27Z,"0002cc0100000648","22510eca4bfd3d7902520d1603618049575bad000000000000ffffffffffffffffffffffff",3.84,,0.14,13,22.01,28.65,99836.00,11957.00,0,0,0,0,,,-1.00,-1.00,-1.00,-1.00,-1.00,-1.00
2023-02-08T20:42:24Z,"0002cc0100000648","22510ecbb0fd3d7502520d1601618149665c65000000000000ffffffffffffffffffffffff",3.84,,0.14,13,22.00,28.67,99841.00,12691.00,0,0,0,0,,,-1.00,-1.00,-1.00,-1.00,-1.00,-1.00
2023-02-08T20:48:20Z,"0002cc0100000648","22510ecd14fd3d7902520d1601617f49845bcc000000000000ffffffffffffffffffffffff",3.84,,0.14,13,22.00,28.72,99835.00,12079.00,0,0,0,0,,,-1.00,-1.00,-1.00,-1.00,-1.00,-1.00
2023-02-08T20:54:16Z,"0002cc0100000648","22510ece78fd3d7102520d16016180498b5c5f000000000000ffffffffffffffffffffffff",3.84,,0.14,13,22.00,28.73,99839.00,12669.00,0,0,0,0,,,-1.00,-1.00,-1.00,-1.00,-1.00,-1.00
2023-02-08T21:00:12Z,"0002cc0100000648","22510ecfdcfd3d7902520d15fe618149be5c57000000000000ffffffffffffffffffffffff",3.84,,0.14,13,21.99,28.81,99842.00,12634.00,0,0,0,0,,,-1.00,-1.00,-1.00,-1.00,-1.00,-1.00
2023-02-08T21:06:08Z,"0002cc0100000648","22510ed140fd3d7902520d15fb618249be5c57000000000000ffffffffffffffffffffffff",3.84,,0.14,13,21.98,28.81,99846.00,12635.00,0,0,0,0,,,-1.00,-1.00,-1.00,-1.00,-1.00,-1.00
2023-02-08T21:12:04Z,"0002cc0100000648","22510ed2a4fd3d7902520d15fb618049d45c4f000000000000ffffffffffffffffffffffff",3.84,,0.14,13,21.98,28.84,99838.00,12604.00,0,0,0,0,,,-1.00,-1.00,-1.00,-1.00,-1.00,-1.00
2023-02-08T21:18:00Z,"0002cc0100000648","22510ed408fd3d7902520d15fb617f49e25c53000000000000ffffffffffffffffffffffff",3.84,,0.14,13,21.98,28.86,99835.00,12620.00,0,0,0,0,,,-1.00,-1.00,-1.00,-1.00,-1.00,-1.00
2023-02-08T21:23:56Z,"0002cc0100000648","22510ed56cfd3d7902520d15fe617f4a0f5c4e000000000000ffffffffffffffffffffffff",3.84,,0.14,13,21.99,28.93,99833.00,12600.00,0,0,0,0,,,-1.00,-1.00,-1.00,-1.00,-1.00,-1.00
2023-02-08T21:29:52Z,"0002cc0100000648","22510ed6d0fd3d7102520d160161804a105c56000000000000ffffffffffffffffffffffff",3.84,,0.14,13,22.00,28.93,99838.00,12632.00,0,0,0,0,,,-1.00,-1.00,-1.00,-1.00,-1.00,-1.00
2023-02-08T21:35:48Z,"0002cc0100000648","22510ed834fd3d7902520d160361804a2e5b6d000000000000ffffffffffffffffffffffff",3.84,,0.14,13,22.01,28.98,99839.00,11699.00,0,0,0,0,,,-1.00,-1.00,-1.00,-1.00,-1.00,-1.00
2023-02-08T21:41:44Z,"0002cc0100000648","22510ed998fd3d7902520d1606617e4a445c4f000000000000ffffffffffffffffffffffff",3.84,,0.14,13,22.02,29.01,99831.00,12605.00,0,0,0,0,,,-1.00,-1.00,-1.00,-1.00,-1.00,-1.00
2023-02-08T21:47:41Z,"0002cc0100000648","22510edafdfd3d7902520d160b617b4a4c5c50000000000000ffffffffffffffffffffffff",3.84,,0.14,13,22.04,29.02,99818.00,12607.00,0,0,0,0,,,-1.00,-1.00,-1.00,-1.00,-1.00,-1.00
2023-02-08T21:53:37Z,"0002cc0100000648","22510edc61fd3d6d02520d160b617a4a6a5c4b000000000000ffffffffffffffffffffffff",3.84,,0.14,13,22.04,29.07,99814.00,12588.00,0,0,0,0,,,-1.00,-1.00,-1.00,-1.00,-1.00,-1.00
2023-02-08T21:59:33Z,"0002cc0100000648","22510eddc5fd3d7902520d160b61774a8e5c54000000000000ffffffffffffffffffffffff",3.84,,0.14,13,22.04,29.12,99803.00,12623.00,0,0,0,0,,,-1.00,-1.00,-1.00,-1.00,-1.00,-1.00
2023-02-08T22:05:29Z,"0002cc0100000648","22510edf29fd3d7902520d160b61754a965c53000000000000ffffffffffffffffffffffff",3.84,,0.14,13,22.04,29.14,99793.00,12619.00,0,0,0,0,,,-1.00,-1.00,-1.00,-1.00,-1.00,-1.00
2023-02-08T22:11:25Z,"0002cc0100000648","22510ee08dfd3d79025f0d160861734aac5c22000000000000ffffffffffffffffffffffff",3.84,,0.15,13,22.03,29.17,99785.00,12422.00,0,0,0,0,,,-1.00,-1.00,-1.00,-1.00,-1.00,-1.00
2023-02-08T22:17:21Z,"0002cc0100000648","22510ee1f1fd3d7502520d160861724ad85c4d000000000000ffffffffffffffffffffffff",3.84,,0.14,13,22.03,29.24,99781.00,12594.00,0,0,0,0,,,-1.00,-1.00,-1.00,-1.00,-1.00,-1.00
2023-02-08T22:23:17Z,"0002cc0100000648","22510ee355fd3d7902520d160861724b295b59000000000000ffffffffffffffffffffffff",3.84,,0.14,13,22.03,29.36,99782.00,11621.00,0,0,0,0,,,-1.00,-1.00,-1.00,-1.00,-1.00,-1.00
2023-02-08T22:29:13Z,"0002cc0100000648","22510ee4b9fd3d6902520d160d616c4b5e5bcb000000000000ffffffffffffffffffffffff",3.84,,0.14,13,22.05,29.44,99759.00,12074.00,0,0,0,0,,,-1.00,-1.00,-1.00,-1.00,-1.00,-1.00
2023-02-08T22:35:09Z,"0002cc0100000648","22510ee61dfd3d7902520d161d616d4b6f5c43000000000000ffffffffffffffffffffffff",3.84,,0.14,13,22.11,29.47,99760.00,12554.00,0,0,0,0,,,-1.00,-1.00,-1.00,-1.00,-1.00,-1.00
2023-02-08T22:41:05Z,"0002cc0100000648","22510ee781fd3d7502520d161f61674b7e5c4f000000000000ffffffffffffffffffffffff",3.84,,0.14,13,22.12,29.49,99738.00,12604.00,0,0,0,0,,,-1.00,-1.00,-1.00,-1.00,-1.00,-1.00
2023-02-08T22:47:02Z,"0002cc0100000648","22510ee8e6fd3d7902520d161a61664b9b5c4e000000000000ffffffffffffffffffffffff",3.84,,0.14,13,22.10,29.53,99734.00,12599.00,0,0,0,0,,,-1.00,-1.00,-1.00,-1.00,-1.00,-1.00
2023-02-08T22:52:58Z,"0002cc0100000648","22510eea4afd3d6d02520d161261604bc65c4d000000000000ffffffffffffffffffffffff",3.84,,0.14,13,22.07,29.60,99711.00,12596.00,0,0,0,0,,,-1.00,-1.00,-1.00,-1.00,-1.00,-1.00
2023-02-08T22:58:54Z,"0002cc0100000648","22510eebaefd3d7502520d160d615c4bea5c49000000000000ffffffffffffffffffffffff",3.84,,0.14,13,22.05,29.65,99695.00,12580.00,0,0,0,0,,,-1.00,-1.00,-1.00,-1.00,-1.00,-1.00
2023-02-08T23:04:50Z,"0002cc0100000648","22510eed12fd3d7502520d160b615b4c1d5bf8000000000000ffffffffffffffffffffffff",3.84,,0.14,13,22.04,29.73,99688.00,12255.00,0,0,0,0,,,-1.00,-1.00,-1.00,-1.00,-1.00,-1.00
2023-02-08T23:10:46Z,"0002cc0100000648","22510eee76fd3d7502520d1608615b4c575c4a000000000000ffffffffffffffffffffffff",3.84,,0.14,13,22.03,29.82,99690.00,12583.00,0,0,0,0,,,-1.00,-1.00,-1.00,-1.00,-1.00,-1.00
2023-02-08T23:16:42Z,"0002cc0100000648","22510eefdafd3d7902520d1606615b4c7c5c15000000000000ffffffffffffffffffffffff",3.84,,0.14,13,22.02,29.88,99690.00,12371.00,0,0,0,0,,,-1.00,-1.00,-1.00,-1.00,-1.00,-1.00
2023-02-08T23:22:38Z,"0002cc0100000648","22510ef13efd3d75025f0d1608615c4c7c5c44000000000000ffffffffffffffffffffffff",3.84,,0.15,13,22.03,29.88,99693.00,12559.00,0,0,0,0,,,-1.00,-1.00,-1.00,-1.00,-1.00,-1.00
2023-02-08T23:28:34Z,"0002cc0100000648","22510ef2a2fd3d79025f0d1606615b4c995c46000000000000ffffffffffffffffffffffff",3.84,,0.15,13,22.02,29.92,99690.00,12566.00,0,0,0,0,,,-1.00,-1.00,-1.00,-1.00,-1.00,-1.00
2023-02-08T23:34:30Z,"0002cc0100000648","22510ef406fd3d6902520d1606615e4cb75c41000000000000ffffffffffffffffffffffff",3.84,,0.14,13,22.02,29.97,99703.00,12549.00,0,0,0,0,,,-1.00,-1.00,-1.00,-1.00,-1.00,-1.00
2023-02-08T23:40:26Z,"0002cc0100000648","22510ef56afd3d7502520d1606615e4ceb5c49000000000000ffffffffffffffffffffffff",3.84,,0.14,13,22.02,30.05,99703.00,12580.00,0,0,0,0,,,-1.00,-1.00,-1.00,-1.00,-1.00,-1.00
2023-02-08T23:46:22Z,"0002cc0100000648","22510ef6cefd3d7502520d1603615f4cf95c4a000000000000ffffffffffffffffffffffff",3.84,,0.14,13,22.01,30.07,99707.00,12585.00,0,0,0,0,,,-1.00,-1.00,-1.00,-1.00,-1.00,-1.00
2023-02-08T23:52:19Z,"0002cc0100000648","22510ef833fd3d7102520d1603615f4d0f5c44000000000000ffffffffffffffffffffffff",3.84,,0.14,13,22.01,30.10,99705.00,12558.00,0,0,0,0,,,-1.00,-1.00,-1.00,-1.00,-1.00,-1.00
2023-02-08T23:58:15Z,"0002cc0100000648","22510ef997fd3d7502520d1603615c4d0f5c43000000000000ffffffffffffffffffffffff",3.84,,0.14,13,22.01,30.10,99694.00,12557.00,0,0,0,0,,,-1.00,-1.00,-1.00,-1.00,-1.00,-1.00
