Time,DevEUI,Raw,Vbat,Vsystem,Vbus,BootCount,T,RH,P,Light,P[0].delta,P[0].total,P[1].delta,P[1].total,Act[7],Act[6],Act[5],Act[4],Act[3],Act[2],Act[1],Act[0]
2023-02-04T00:04:53Z,"0002cc0100000648","22510863a5fd3e36025f0d158d630327530e10000000000000ffffffffffffffffffffffff",3.89,,0.15,13,21.55,15.36,101384.00,225.00,0,0,0,0,,,-1.00,-1.00,-1.00,-1.00,-1.00,-1.00
2023-02-04T00:10:49Z,"0002cc0100000648","2251086509fd3e3a025f0d158d630827350cc0000000000000ffffffffffffffffffffffff",3.89,,0.15,13,21.55,15.32,101407.00,204.00,0,0,0,0,,,-1.00,-1.00,-1.00,-1.00,-1.00,-1.00
2023-02-04T00:16:45Z,"0002cc0100000648","225108666dfd3e36025f0d158d630727260d90000000000000ffffffffffffffffffffffff",3.89,,0.15,13,21.55,15.29,101402.00,217.00,0,0,0,0,,,-1.00,-1.00,-1.00,-1.00,-1.00,-1.00
2023-02-04T00:22:41Z,"0002cc0100000648","22510867d1fd3e3a025f0d158d630927180db0000000000000ffffffffffffffffffffffff",3.89,,0.15,13,21.55,15.27,101411.00,219.00,0,0,0,0,,,-1.00,-1.00,-1.00,-1.00,-1.00,-1.00
2023-02-04T00:28:38Z,"0002cc0100000648","2251086936fd3e3a025f0d158d630b271f0de0000000000000ffffffffffffffffffffffff",3.89,,0.15,13,21.55,15.28,101416.00,222.00,0,0,0,0,,,-1.00,-1.00,-1.00,-1.00,-1.00,-1.00
2023-02-04T00:34:34Z,"0002cc0100000648","2251086a9afd3e36025f0d158d630c27020d80000000000000ffffffffffffffffffffffff",3.89,,0.15,13,21.55,15.24,101423.00,216.00,0,0,0,0,,,-1.00,-1.00,-1.00,-1.00,-1.00,-1.00
2023-02-04T00:40:30Z,"0002cc0100000648","2251086bfefd3e32025f0d158b630727090c60000000000000ffffffffffffffffffffffff",3.89,,0.15,13,21.54,15.25,101401.00,198.00,0,0,0,0,,,-1.00,-1.00,-1.00,-1.00,-1.00,-1.00
2023-02-04T00:46:26Z,"0002cc0100000648","2251086d62fd3e32025f0d1588630327260c10000000000000ffffffffffffffffffffffff",3.89,,0.15,13,21.53,15.29,101387.00,193.00,0,0,0,0,,,-1.00,-1.00,-1.00,-1.00,-1.00,-1.00
2023-02-04T00:52:22Z,"0002cc0100000648","2251086ec6fd3e32025f0d158b630327b30c50000000000000ffffffffffffffffffffffff",3.89,,0.15,13,21.54,15.51,101386.00,197.00,0,0,0,0,,,-1.00,-1.00,-1.00,-1.00,-1.00,-1.00
2023-02-04T00:58:18Z,"0002cc0100000648","225108702afd3e29025f0d158d630221f23c2b000000000000ffffffffffffffffffff6d8c",3.88,,0.15,13,21.55,13.26,101383.00,3115.00,0,0,0,0,,,0.17,-1.00,-1.00,-1.00,-1.00,-1.00
2023-02-04T01:04:14Z,"0002cc0100000648","225108718efd3e36025f0d157963012ba60bf0000000000000ffffffffffffffffffffffff",3.89,,0.15,13,21.47,17.05,101379.00,191.00,0,0,0,0,,,-1.00,-1.00,-1.00,-1.00,-1.00,-1.00
2023-02-04T01:10:10Z,"0002cc0100000648","22510872f2fd3e29025f0d155a62fe2cad0bf0000000000000ffffffffffffffffffffffff",3.88,,0.15,13,21.35,17.45,101366.00,191.00,0,0,0,0,,,-1.00,-1.00,-1.00,-1.00,-1.00,-1.00
2023-02-04T01:16:07Z,"0002cc0100000648","2251087457fd3e3a025f0d154b62fa2b840d20000000000000ffffffffffffffffffffffff",3.89,,0.15,13,21.29,17.00,101351.00,210.00,0,0,0,0,,,-1.00,-1.00,-1.00,-1.00,-1.00,-1.00
2023-02-04T01:22:03Z,"0002cc0100000648","22510875bbfd3e36025f0d154362fc2af70c00000000000000ffffffffffffffffffffffff",3.89,,0.15,13,21.26,16.78,101357.00,192.00,0,0,0,0,,,-1.00,-1.00,-1.00,-1.00,-1.00,-1.00
2023-02-04T01:27:59Z,"0002cc0100000648","225108771ffd3e3a025f0d154b62f72a9f0c90000000000000ffffffffffffffffffffffff",3.89,,0.15,13,21.29,16.65,101337.00,201.00,0,0,0,0,,,-1.00,-1.00,-1.00,-1.00,-1.00,-1.00
2023-02-04T01:33:55Z,"0002cc0100000648","2251087883fd3e3a025f0d155862f62a8a0c30000000000000ffffffffffffffffffffffff",3.89,,0.15,13,21.34,16.62,101334.00,195.00,0,0,0,0,,,-1.00,-1.00,-1.00,-1.00,-1.00,-1.00
2023-02-04T01:39:51Z,"0002cc0100000648","22510879e7fd3e3a025f0d156262f32a5f0c30000000000000ffffffffffffffffffffffff",3.89,,0.15,13,21.38,16.55,101321.00,195.00,0,0,0,0,,,-1.00,-1.00,-1.00,-1.00,-1.00,-1.00
2023-02-04T01:45:47Z,"0002cc0100000648","2251087b4bfd3e3a02670d156962f32a330b40000000000000ffffffffffffffffffffffff",3.89,,0.15,13,21.41,16.48,101321.00,180.00,0,0,0,0,,,-1.00,-1.00,-1.00,-1.00,-1.00,-1.00
2023-02-04T01:51:43Z,"0002cc0100000648","2251087caffd3e3602670d157462f02a2df000000000000000ffffffffffffffffffffffff",3.89,,0.15,13,21.45,16.47,101308.00,0.00,0,0,0,0,,,-1.00,-1.00,-1.00,-1.00,-1.00,-1.00
2023-02-04T01:57:39Z,"0002cc0100000648","2251087e13fd3e32025f0d157b62f02ad0f000000000000000ffffffffffffffffffffffff",3.89,,0.15,13,21.48,16.72,101310.00,0.00,0,0,0,0,,,-1.00,-1.00,-1.00,-1.00,-1.00,-1.00
2023-02-04T02:03:35Z,"0002cc0100000648","2251087f77fd3e36025f0d157b62ef2a7ff000000000000000ffffffffffffffffffffffff",3.89,,0.15,13,21.48,16.60,101307.00,0.00,0,0,0,0,,,-1.00,-1.00,-1.00,-1.00,-1.00,-1.00
2023-02-04T02:09:32Z,"0002cc0100000648","22510880dcfd3e36025f0d158162eb2a103822000000000000ffffffffffffffffffffffff",3.89,,0.15,13,21.50,16.43,101290.00,2082.00,0,0,0,0,,,-1.00,-1.00,-1.00,-1.00,-1.00,-1.00
2023-02-04T02:15:28Z,"0002cc0100000648","2251088240fd3e3a02670d158b62e92a71f000000000000000ffffffffffffffffffffffff",3.89,,0.15,13,21.54,16.58,101280.00,0.00,0,0,0,0,,,-1.00,-1.00,-1.00,-1.00,-1.00,-1.00
2023-02-04T02:21:24Z,"0002cc0100000648","22510883a4fd3e36025f0d158d62e32ad9f000000000000000ffffffffffffffffffffffff",3.89,,0.15,13,21.55,16.74,101258.00,0.00,0,0,0,0,,,-1.00,-1.00,-1.00,-1.00,-1.00,-1.00
2023-02-04T02:27:20Z,"0002cc0100000648","2251088508fd3e3a025f0d158d62e42b2bf000000000000000ffffffffffffffffffffffff",3.89,,0.15,13,21.55,16.86,101263.00,0.00,0,0,0,0,,,-1.00,-1.00,-1.00,-1.00,-1.00,-1.00
2023-02-04T02:33:16Z,"0002cc0100000648","225108866cfd3e36025f0d159562e32bddf000000000000000ffffffffffffffffffffffff",3.89,,0.15,13,21.58,17.13,101257.00,0.00,0,0,0,0,,,-1.00,-1.00,-1.00,-1.00,-1.00,-1.00
2023-02-04T02:39:12Z,"0002cc0100000648","22510887d0fd3e36025f0d159a62e02c62f000000000000000ffffffffffffffffffffffff",3.89,,0.15,13,21.60,17.34,101246.00,0.00,0,0,0,0,,,-1.00,-1.00,-1.00,-1.00,-1.00,-1.00
2023-02-04T02:45:08Z,"0002cc0100000648","2251088934fd3e3602670d15a762de2c81f000000000000000ffffffffffffffffffffffff",3.89,,0.15,13,21.65,17.38,101236.00,0.00,0,0,0,0,,,-1.00,-1.00,-1.00,-1.00,-1.00,-1.00
2023-02-04T02:51:04Z,"0002cc0100000648","2251088a98fd3e3602670d15b162e02cbdf000000000000000ffffffffffffffffffffffff",3.89,,0.15,13,21.69,17.48,101246.00,0.00,0,0,0,0,,,-1.00,-1.00,-1.00,-1.00,-1.00,-1.00
2023-02-04T02:57:00Z,"0002cc0100000648","2251088bfcfd3e36025f0d15be62e12da4f000000000000000ffffffffffffffffffffffff",3.89,,0.15,13,21.74,17.83,101249.00,0.00,0,0,0,0,,,-1.00,-1.00,-1.00,-1.00,-1.00,-1.00
2023-02-04T03:02:57Z,"0002cc0100000648","2251088d61fd3e36025f0d15c662dc2e14f000000000000000ffffffffffffffffffffffff",3.89,,0.15,13,21.77,18.00,101228.00,0.00,0,0,0,0,,,-1.00,-1.00,-1.00,-1.00,-1.00,-1.00
2023-02-04T03:08:53Z,"0002cc0100000648","2251088ec5fd3e36025f0d15cb62db2e8bf000000000000000ffffffffffffffffffffffff",3.89,,0.15,13,21.79,18.18,101224.00,0.00,0,0,0,0,,,-1.00,-1.00,-1.00,-1.00,-1.00,-1.00
2023-02-04T03:14:49Z,"0002cc0100000648","2251089029fd3e36025f0d15d062dc2efaf000000000000000ffffffffffffffffffffffff",3.89,,0.15,13,21.81,18.35,101231.00,0.00,0,0,0,0,,,-1.00,-1.00,-1.00,-1.00,-1.00,-1.00
2023-02-04T03:20:45Z,"0002cc0100000648","225108918dfd3e36025f0d15d862d72f8ff000000000000000ffffffffffffffffffffffff",3.89,,0.15,13,21.84,18.58,101210.00,0.00,0,0,0,0,,,-1.00,-1.00,-1.00,-1.00,-1.00,-1.00
2023-02-04T03:26:41Z,"0002cc0100000648","22510892f1fd3e36025f0d15dd62d62f36f000000000000000ffffffffffffffffffffffff",3.89,,0.15,13,21.86,18.44,101206.00,0.00,0,0,0,0,,,-1.00,-1.00,-1.00,-1.00,-1.00,-1.00
2023-02-04T03:32:37Z,"0002cc0100000648","2251089455fd3e36025f0d15e262d52f79f000000000000000ffffffffffffffffffffffff",3.89,,0.15,13,21.88,18.54,101202.00,0.00,0,0,0,0,,,-1.00,-1.00,-1.00,-1.00,-1.00,-1.00
2023-02-04T03:38:33Z,"0002cc0100000648","22510895b9fd3e3602670d15e762d52f0bf000000000000000ffffffffffffffffffffffff",3.89,,0.15,13,21.90,18.38,101202.00,0.00,0,0,0,0,,,-1.00,-1.00,-1.00,-1.00,-1.00,-1.00
2023-02-04T03:44:29Z,"0002cc0100000648","225108971dfd3e36025f0d15ec62d42e4bf000000000000000ffffffffffffffffffffffff",3.89,,0.15,13,21.92,18.08,101199.00,0.00,0,0,0,0,,,-1.00,-1.00,-1.00,-1.00,-1.00,-1.00
2023-02-04T03:50:26Z,"0002cc0100000648","2251089882fd3e36025f0d15ef62d62f0bf000000000000000ffffffffffffffffffffffff",3.89,,0.15,13,21.93,18.38,101207.00,0.00,0,0,0,0,,,-1.00,-1.00,-1.00,-1.00,-1.00,-1.00
2023-02-04T03:56:21Z,"0002cc0100000648","22510899e5fd3e36025f0d15f162d72f38f000000000000000ffffffffffffffffffffffff",3.89,,0.15,13,21.94,18.45,101210.00,0.00,0,0,0,0,,,-1.00,-1.00,-1.00,-1.00,-1.00,-1.00
2023-02-04T04:02:18Z,"0002cc0100000648","2251089b4afd3e29025f0d15f462d32f14f000000000000000ffffffffffffffffffffffff",3.88,,0.15,13,21.95,18.39,101192.00,0.00,0,0,0,0,,,-1.00,-1.00,-1.00,-1.00,-1.00,-1.00
2023-02-04T04:08:14Z,"0002cc0100000648","2251089caefd3e36025f0d15f462d22ee7f000000000000000ffffffffffffffffffffffff",3.89,,0.15,13,21.95,18.32,101190.00,0.00,0,0,0,0,,,-1.00,-1.00,-1.00,-1.00,-1.00,-1.00
2023-02-04T04:14:10Z,"0002cc0100000648","2251089e12fd3e36025f0d15f162d12f29f000000000000000ffffffffffffffffffffffff",3.89,,0.15,13,21.94,18.42,101184.00,0.00,0,0,0,0,,,-1.00,-1.00,-1.00,-1.00,-1.00,-1.00
2023-02-04T04:20:06Z,"0002cc0100000648","2251089f76fd3e36025f0d15ef62d32ee00800000000000000ffffffffffffffffffffffff",3.89,,0.15,13,21.93,18.31,101193.00,8.00,0,0,0,0,,,-1.00,-1.00,-1.00,-1.00,-1.00,-1.00
2023-02-04T04:26:02Z,"0002cc0100000648","225108a0dafd3e2e025f0d15f162d32ed0f000000000000000ffffffffffffffffffffffff",3.89,,0.15,13,21.94,18.29,101192.00,0.00,0,0,0,0,,,-1.00,-1.00,-1.00,-1.00,-1.00,-1.00
2023-02-04T04:31:58Z,"0002cc0100000648","225108a23efd3e32025f0d15f462d02e8ff000000000000000ffffffffffffffffffffffff",3.89,,0.15,13,21.95,18.19,101183.00,0.00,0,0,0,0,,,-1.00,-1.00,-1.00,-1.00,-1.00,-1.00
2023-02-04T04:37:54Z,"0002cc0100000648","225108a3a2fd3e2e025f0d15f462cd2e44f000000000000000ffffffffffffffffffffffff",3.89,,0.15,13,21.95,18.07,101169.00,0.00,0,0,0,0,,,-1.00,-1.00,-1.00,-1.00,-1.00,-1.00
2023-02-04T04:43:50Z,"0002cc0100000648","225108a506fd3e21025f0d15f462ce2e69f000000000000000ffffffffffffffffffffffff",3.88,,0.15,13,21.95,18.13,101174.00,0.00,0,0,0,0,,,-1.00,-1.00,-1.00,-1.00,-1.00,-1.00
2023-02-04T04:49:47Z,"0002cc0100000648","225108a66bfd3e3602670d15f462c82f5ef000000000000000ffffffffffffffffffffffff",3.89,,0.15,13,21.95,18.50,101150.00,0.00,0,0,0,0,,,-1.00,-1.00,-1.00,-1.00,-1.00,-1.00
2023-02-04T04:55:43Z,"0002cc0100000648","225108a7cffd3e1d025f0d15f462c22ee0f000000000000000ffffffffffffffffffffffff",3.88,,0.15,13,21.95,18.31,101125.00,0.00,0,0,0,0,,,-1.00,-1.00,-1.00,-1.00,-1.00,-1.00
2023-02-04T05:01:39Z,"0002cc0100000648","225108a933fd3e36025f0d15f662c02e80f000000000000000ffffffffffffffffffffffff",3.89,,0.15,13,21.96,18.16,101116.00,0.00,0,0,0,0,,,-1.00,-1.00,-1.00,-1.00,-1.00,-1.00
2023-02-04T05:07:35Z,"0002cc0100000648","225108aa97fd3e36025f0d15f662bf2e62f000000000000000ffffffffffffffffffffffff",3.89,,0.15,13,21.96,18.12,101115.00,0.00,0,0,0,0,,,-1.00,-1.00,-1.00,-1.00,-1.00,-1.00
2023-02-04T05:13:31Z,"0002cc0100000648","225108abfbfd3e2e025f0d15f962c02e79f000000000000000ffffffffffffffffffffffff",3.89,,0.15,13,21.97,18.15,101116.00,0.00,0,0,0,0,,,-1.00,-1.00,-1.00,-1.00,-1.00,-1.00
2023-02-04T05:19:27Z,"0002cc0100000648","225108ad5ffd3e36025f0d15fb62bc2ea6f000000000000000ffffffffffffffffffffffff",3.89,,0.15,13,21.98,18.22,101103.00,0.00,0,0,0,0,,,-1.00,-1.00,-1.00,-1.00,-1.00,-1.00
2023-02-04T05:25:23Z,"0002cc0100000648","225108aec3fd3e3e025f0d15fb62be2e12f000000000000000ffffffffffffffffffffffff",3.89,,0.15,13,21.98,18.00,101109.00,0.00,0,0,0,0,,,-1.00,-1.00,-1.00,-1.00,-1.00,-1.00
2023-02-04T05:31:19Z,"0002cc0100000648","225108b027fd3e2e02520d15fe62bc2ddef000000000000000ffffffffffffffffffffffff",3.89,,0.14,13,21.99,17.92,101102.00,0.00,0,0,0,0,,,-1.00,-1.00,-1.00,-1.00,-1.00,-1.00
2023-02-04T05:37:15Z,"0002cc0100000648","225108b18bfd3e2e025f0d15fe62bb2db2f000000000000000ffffffffffffffffffffffff",3.89,,0.15,13,21.99,17.85,101096.00,0.00,0,0,0,0,,,-1.00,-1.00,-1.00,-1.00,-1.00,-1.00
2023-02-04T05:43:12Z,"0002cc0100000648","225108b2f0fd3e36025f0d15fe62bb2d94f000000000000000ffffffffffffffffffffffff",3.89,,0.15,13,21.99,17.80,101098.00,0.00,0,0,0,0,,,-1.00,-1.00,-1.00,-1.00,-1.00,-1.00
2023-02-04T05:49:08Z,"0002cc0100000648","225108b454fd3e2e025f0d160162b72df5f000000000000000ffffffffffffffffffffffff",3.89,,0.15,13,22.00,17.95,101082.00,0.00,0,0,0,0,,,-1.00,-1.00,-1.00,-1.00,-1.00,-1.00
2023-02-04T05:55:04Z,"0002cc0100000648","225108b5b8fd3e2e025f0d160362b52e30f000000000000000ffffffffffffffffffffffff",3.89,,0.15,13,22.01,18.04,101074.00,0.00,0,0,0,0,,,-1.00,-1.00,-1.00,-1.00,-1.00,-1.00
2023-02-04T06:01:00Z,"0002cc0100000648","225108b71cfd3e36025f0d160662b32dd0f000000000000000ffffffffffffffffffffffff",3.89,,0.15,13,22.02,17.90,101065.00,0.00,0,0,0,0,,,-1.00,-1.00,-1.00,-1.00,-1.00,-1.00
2023-02-04T06:06:56Z,"0002cc0100000648","225108b880fd3e21025f0d160362b32d86f000000000000000ffffffffffffffffffffffff",3.88,,0.15,13,22.01,17.78,101066.00,0.00,0,0,0,0,,,-1.00,-1.00,-1.00,-1.00,-1.00,-1.00
2023-02-04T06:12:52Z,"0002cc0100000648","225108b9e4fd3e2e025f0d160362b02d7ff000000000000000ffffffffffffffffffffffff",3.89,,0.15,13,22.01,17.77,101054.00,0.00,0,0,0,0,,,-1.00,-1.00,-1.00,-1.00,-1.00,-1.00
2023-02-04T06:18:48Z,"0002cc0100000648","225108bb48fd3e2e025f0d160662b32d59f000000000000000ffffffffffffffffffffffff",3.89,,0.15,13,22.02,17.71,101066.00,0.00,0,0,0,0,,,-1.00,-1.00,-1.00,-1.00,-1.00,-1.00
2023-02-04T06:24:44Z,"0002cc0100000648","225108bcacfd3e2e02670d160662b22d5af000000000000000ffffffffffffffffffffffff",3.89,,0.15,13,22.02,17.72,101060.00,0.00,0,0,0,0,,,-1.00,-1.00,-1.00,-1.00,-1.00,-1.00
2023-02-04T06:30:40Z,"0002cc0100000648","225108be10fd3e3a025f0d160862b12d5af000000000000000ffffffffffffffffffffffff",3.89,,0.15,13,22.03,17.72,101056.00,0.00,0,0,0,0,,,-1.00,-1.00,-1.00,-1.00,-1.00,-1.00
2023-02-04T06:36:36Z,"0002cc0100000648","225108bf74fd3e2e025f0d160862ad2dd8f000000000000000ffffffffffffffffffffffff",3.89,,0.15,13,22.03,17.91,101043.00,0.00,0,0,0,0,,,-1.00,-1.00,-1.00,-1.00,-1.00,-1.00
2023-02-04T06:42:33Z,"0002cc0100000648","225108c0d9fd3e2e025f0d160b62a82e82f000000000000000ffffffffffffffffffffffff",3.89,,0.15,13,22.04,18.17,101023.00,0.00,0,0,0,0,,,-1.00,-1.00,-1.00,-1.00,-1.00,-1.00
2023-02-04T06:48:29Z,"0002cc0100000648","225108c23dfd3e2e02520d160b62a6305cf000000000000000ffffffffffffffffffffffff",3.89,,0.14,13,22.04,18.89,101013.00,0.00,0,0,0,0,,,-1.00,-1.00,-1.00,-1.00,-1.00,-1.00
2023-02-04T06:54:25Z,"0002cc0100000648","225108c3a1fd3e2e025f0d161062a53097f000000000000000ffffffffffffffffffffffff",3.89,,0.15,13,22.06,18.98,101011.00,0.00,0,0,0,0,,,-1.00,-1.00,-1.00,-1.00,-1.00,-1.00
2023-02-04T07:00:21Z,"0002cc0100000648","225108c505fd3e29025f0d161262a230c4f000000000000000ffffffffffffffffffffffff",3.88,,0.15,13,22.07,19.05,100998.00,0.00,0,0,0,0,,,-1.00,-1.00,-1.00,-1.00,-1.00,-1.00
2023-02-04T07:06:17Z,"0002cc0100000648","225108c669fd3e2e02670d161562a031e5f000000000000000ffffffffffffffffffffffff",3.89,,0.15,13,22.08,19.49,100991.00,0.00,0,0,0,0,,,-1.00,-1.00,-1.00,-1.00,-1.00,-1.00
2023-02-04T07:12:13Z,"0002cc0100000648","225108c7cdfd3e2e025f0d161a629f31d7f000000000000000ffffffffffffffffffffffff",3.89,,0.15,13,22.10,19.47,100987.00,0.00,0,0,0,0,,,-1.00,-1.00,-1.00,-1.00,-1.00,-1.00
2023-02-04T07:18:09Z,"0002cc0100000648","225108c931fd3e2e025f0d161d629e317ef000000000000000ffffffffffffffffffffffff",3.89,,0.15,13,22.11,19.33,100980.00,0.00,0,0,0,0,,,-1.00,-1.00,-1.00,-1.00,-1.00,-1.00
2023-02-04T07:24:05Z,"0002cc0100000648","225108ca95fd3e2e025f0d161a629e314af000000000000000ffffffffffffffffffffffff",3.89,,0.15,13,22.10,19.25,100981.00,0.00,0,0,0,0,,,-1.00,-1.00,-1.00,-1.00,-1.00,-1.00
2023-02-04T07:30:01Z,"0002cc0100000648","225108cbf9fd3e2e025f0d161a629d312df000000000000000ffffffffffffffffffffffff",3.89,,0.15,13,22.10,19.21,100977.00,0.00,0,0,0,0,,,-1.00,-1.00,-1.00,-1.00,-1.00,-1.00
2023-02-04T07:35:57Z,"0002cc0100000648","225108cd5dfd3e21025f0d1618629b30e2f000000000000000ffffffffffffffffffffffff",3.88,,0.15,13,22.09,19.10,100970.00,0.00,0,0,0,0,,,-1.00,-1.00,-1.00,-1.00,-1.00,-1.00
2023-02-04T07:41:54Z,"0002cc0100000648","225108cec2fd3e2e025f0d1618629630c4f000000000000000ffffffffffffffffffffffff",3.89,,0.15,13,22.09,19.05,100950.00,0.00,0,0,0,0,,,-1.00,-1.00,-1.00,-1.00,-1.00,-1.00
2023-02-04T07:47:50Z,"0002cc0100000648","225108d026fd3e2e025f0d1615629230a7f000000000000000ffffffffffffffffffffffff",3.89,,0.15,13,22.08,19.00,100933.00,0.00,0,0,0,0,,,-1.00,-1.00,-1.00,-1.00,-1.00,-1.00
2023-02-04T07:53:46Z,"0002cc0100000648","225108d18afd3e29025f0d1612628d3064f000000000000000ffffffffffffffffffffffff",3.88,,0.15,13,22.07,18.90,100913.00,0.00,0,0,0,0,,,-1.00,-1.00,-1.00,-1.00,-1.00,-1.00
2023-02-04T07:59:42Z,"0002cc0100000648","225108d2eefd3e2e025f0d1610628e30c4f000000000000000ffffffffffffffffffffffff",3.89,,0.15,13,22.06,19.05,100918.00,0.00,0,0,0,0,,,-1.00,-1.00,-1.00,-1.00,-1.00,-1.00
2023-02-04T08:05:38Z,"0002cc0100000648","225108d452fd3e2e02520d1610628c30aef000000000000000ffffffffffffffffffffffff",3.89,,0.14,13,22.06,19.02,100908.00,0.00,0,0,0,0,,,-1.00,-1.00,-1.00,-1.00,-1.00,-1.00
2023-02-04T08:11:34Z,"0002cc0100000648","225108d5b6fd3e2e02670d1610628c3072f000000000000000ffffffffffffffffffffffff",3.89,,0.15,13,22.06,18.92,100908.00,0.00,0,0,0,0,,,-1.00,-1.00,-1.00,-1.00,-1.00,-1.00
2023-02-04T08:17:30Z,"0002cc0100000648","225108d71afd3e2e025f0d160d628a305cf000000000000000ffffffffffffffffffffffff",3.89,,0.15,13,22.05,18.89,100901.00,0.00,0,0,0,0,,,-1.00,-1.00,-1.00,-1.00,-1.00,-1.00
2023-02-04T08:23:26Z,"0002cc0100000648","225108d87efd3e25025f0d160d62873088f000000000000000ffffffffffffffffffffffff",3.88,,0.15,13,22.05,18.96,100889.00,0.00,0,0,0,0,,,-1.00,-1.00,-1.00,-1.00,-1.00,-1.00
2023-02-04T08:29:22Z,"0002cc0100000648","225108d9e2fd3e29025f0d160d6285305cf000000000000000ffffffffffffffffffffffff",3.88,,0.15,13,22.05,18.89,100881.00,0.00,0,0,0,0,,,-1.00,-1.00,-1.00,-1.00,-1.00,-1.00
2023-02-04T08:35:18Z,"0002cc0100000648","225108db46fd3e25025f0d160b62843037f000000000000000ffffffffffffffffffffffff",3.88,,0.15,13,22.04,18.83,100878.00,0.00,0,0,0,0,,,-1.00,-1.00,-1.00,-1.00,-1.00,-1.00
2023-02-04T08:41:15Z,"0002cc0100000648","225108dcabfd3e1d025f0d160b62833090f000000000000000ffffffffffffffffffffffff",3.88,,0.15,13,22.04,18.97,100872.00,0.00,0,0,0,0,,,-1.00,-1.00,-1.00,-1.00,-1.00,-1.00
2023-02-04T08:47:11Z,"0002cc0100000648","225108de0ffd3e2e025f0d160b627e3037f000000000000000ffffffffffffffffffffffff",3.89,,0.15,13,22.04,18.83,100854.00,0.00,0,0,0,0,,,-1.00,-1.00,-1.00,-1.00,-1.00,-1.00
2023-02-04T08:53:07Z,"0002cc0100000648","225108df73fd3e2e025f0d1610627e3021f000000000000000ffffffffffffffffffffffff",3.89,,0.15,13,22.06,18.80,100854.00,0.00,0,0,0,0,,,-1.00,-1.00,-1.00,-1.00,-1.00,-1.00
2023-02-04T08:59:03Z,"0002cc0100000648","225108e0d7fd3e2e025f0d1610627b2f9cf000000000000000ffffffffffffffffffffffff",3.89,,0.15,13,22.06,18.60,100843.00,0.00,0,0,0,0,,,-1.00,-1.00,-1.00,-1.00,-1.00,-1.00
2023-02-04T09:04:59Z,"0002cc0100000648","225108e23bfd3e21025f0d1610627a2f43f000000000000000ffffffffffffffffffffffff",3.88,,0.15,13,22.06,18.46,100838.00,0.00,0,0,0,0,,,-1.00,-1.00,-1.00,-1.00,-1.00,-1.00
2023-02-04T09:10:55Z,"0002cc0100000648","225108e39ffd3e2e025f0d161262772fb9f000000000000000ffffffffffffffffffffffff",3.89,,0.15,13,22.07,18.64,100827.00,0.00,0,0,0,0,,,-1.00,-1.00,-1.00,-1.00,-1.00,-1.00
2023-02-04T09:16:51Z,"0002cc0100000648","225108e503fd3e2e025f0d161262772fdff000000000000000ffffffffffffffffffffffff",3.89,,0.15,13,22.07,18.70,100827.00,0.00,0,0,0,0,,,-1.00,-1.00,-1.00,-1.00,-1.00,-1.00
2023-02-04T09:22:47Z,"0002cc0100000648","225108e667fd3e2e025f0d161062762fd7f000000000000000ffffffffffffffffffffffff",3.89,,0.15,13,22.06,18.69,100823.00,0.00,0,0,0,0,,,-1.00,-1.00,-1.00,-1.00,-1.00,-1.00
2023-02-04T09:28:43Z,"0002cc0100000648","225108e7cbfd3e1d025f0d1610627430aef000000000000000ffffffffffffffffffffffff",3.88,,0.15,13,22.06,19.02,100812.00,0.00,0,0,0,0,,,-1.00,-1.00,-1.00,-1.00,-1.00,-1.00
2023-02-04T09:34:40Z,"0002cc0100000648","225108e930fd3e21025f0d1610626f3037f000000000000000ffffffffffffffffffffffff",3.88,,0.15,13,22.06,18.83,100795.00,0.00,0,0,0,0,,,-1.00,-1.00,-1.00,-1.00,-1.00,-1.00
2023-02-04T09:40:36Z,"0002cc0100000648","225108ea94fd3e2502520d1610626c2fc1f000000000000000ffffffffffffffffffffffff",3.88,,0.14,13,22.06,18.65,100782.00,0.00,0,0,0,0,,,-1.00,-1.00,-1.00,-1.00,-1.00,-1.00
2023-02-04T09:46:32Z,"0002cc0100000648","225108ebf8fd3e2e02670d1610626a2f68f000000000000000ffffffffffffffffffffffff",3.89,,0.15,13,22.06,18.52,100772.00,0.00,0,0,0,0,,,-1.00,-1.00,-1.00,-1.00,-1.00,-1.00
2023-02-04T09:52:28Z,"0002cc0100000648","225108ed5cfd3e25025f0d1610626a2f43f000000000000000ffffffffffffffffffffffff",3.88,,0.15,13,22.06,18.46,100772.00,0.00,0,0,0,0,,,-1.00,-1.00,-1.00,-1.00,-1.00,-1.00
2023-02-04T09:58:24Z,"0002cc0100000648","225108eec0fd3e29025f0d161062662f00f000000000000000ffffffffffffffffffffffff",3.88,,0.15,13,22.06,18.36,100759.00,0.00,0,0,0,0,,,-1.00,-1.00,-1.00,-1.00,-1.00,-1.00
2023-02-04T10:04:20Z,"0002cc0100000648","225108f024fd3e21025f0d161062632edbf000000000000000ffffffffffffffffffffffff",3.88,,0.15,13,22.06,18.30,100747.00,0.00,0,0,0,0,,,-1.00,-1.00,-1.00,-1.00,-1.00,-1.00
2023-02-04T10:10:16Z,"0002cc0100000648","225108f188fd3e25025f0d160b62602ed4f000000000000000ffffffffffffffffffffffff",3.88,,0.15,13,22.04,18.29,100732.00,0.00,0,0,0,0,,,-1.00,-1.00,-1.00,-1.00,-1.00,-1.00
2023-02-04T10:16:12Z,"0002cc0100000648","225108f2ecfd3e25025f0d160d625d2f26f000000000000000ffffffffffffffffffffffff",3.88,,0.15,13,22.05,18.42,100723.00,0.00,0,0,0,0,,,-1.00,-1.00,-1.00,-1.00,-1.00,-1.00
2023-02-04T10:22:08Z,"0002cc0100000648","225108f450fd3e25025f0d160d625c2f07f000000000000000ffffffffffffffffffffffff",3.88,,0.15,13,22.05,18.37,100716.00,0.00,0,0,0,0,,,-1.00,-1.00,-1.00,-1.00,-1.00,-1.00
2023-02-04T10:28:04Z,"0002cc0100000648","225108f5b4fd3e2502670d160d625c2ee2f000000000000000ffffffffffffffffffffffff",3.88,,0.15,13,22.05,18.31,100717.00,0.00,0,0,0,0,,,-1.00,-1.00,-1.00,-1.00,-1.00,-1.00
2023-02-04T10:34:01Z,"0002cc0100000648","225108f719fd3e2502520d160d62582f77f000000000000000ffffffffffffffffffffffff",3.88,,0.14,13,22.05,18.54,100703.00,0.00,0,0,0,0,,,-1.00,-1.00,-1.00,-1.00,-1.00,-1.00
2023-02-04T10:39:57Z,"0002cc0100000648","225108f87dfd3e25025f0d161062562f2df000000000000000ffffffffffffffffffffffff",3.88,,0.15,13,22.06,18.43,100694.00,0.00,0,0,0,0,,,-1.00,-1.00,-1.00,-1.00,-1.00,-1.00
2023-02-04T10:45:53Z,"0002cc0100000648","225108f9e1fd3e21025f0d160d62552ef2f000000000000000ffffffffffffffffffffffff",3.88,,0.15,13,22.05,18.34,100689.00,0.00,0,0,0,0,,,-1.00,-1.00,-1.00,-1.00,-1.00,-1.00
2023-02-04T10:51:49Z,"0002cc0100000648","225108fb45fd3e21025f0d160d62542ed4f000000000000000ffffffffffffffffffffffff",3.88,,0.15,13,22.05,18.29,100686.00,0.00,0,0,0,0,,,-1.00,-1.00,-1.00,-1.00,-1.00,-1.00
2023-02-04T10:57:45Z,"0002cc0100000648","225108fca9fd3e25025f0d161062522ea7f000000000000000ffffffffffffffffffffffff",3.88,,0.15,13,22.06,18.22,100678.00,0.00,0,0,0,0,,,-1.00,-1.00,-1.00,-1.00,-1.00,-1.00
2023-02-04T11:03:41Z,"0002cc0100000648","225108fe0dfd3e25025f0d160d62522ea0f000000000000000ffffffffffffffffffffffff",3.88,,0.15,13,22.05,18.21,100679.00,0.00,0,0,0,0,,,-1.00,-1.00,-1.00,-1.00,-1.00,-1.00
2023-02-04T11:09:37Z,"0002cc0100000648","225108ff71fd3e25025f0d160d62532f00f000000000000000ffffffffffffffffffffffff",3.88,,0.15,13,22.05,18.36,100681.00,0.00,0,0,0,0,,,-1.00,-1.00,-1.00,-1.00,-1.00,-1.00
2023-02-04T11:15:33Z,"0002cc0100000648","22510900d5fd3e25025f0d161062512fd7f000000000000000ffffffffffffffffffffffff",3.88,,0.15,13,22.06,18.69,100674.00,0.00,0,0,0,0,,,-1.00,-1.00,-1.00,-1.00,-1.00,-1.00
2023-02-04T11:21:29Z,"0002cc0100000648","2251090239fd3e25025f0d1612624f2fb2f000000000000000ffffffffffffffffffffffff",3.88,,0.15,13,22.07,18.63,100665.00,0.00,0,0,0,0,,,-1.00,-1.00,-1.00,-1.00,-1.00,-1.00
2023-02-04T11:27:26Z,"0002cc0100000648","225109039efd3e25025f0d1618624c2fe7f000000000000000ffffffffffffffffffffffff",3.88,,0.15,13,22.09,18.71,100653.00,0.00,0,0,0,0,,,-1.00,-1.00,-1.00,-1.00,-1.00,-1.00
2023-02-04T11:33:22Z,"0002cc0100000648","2251090502fd3e25025f0d161a624a2f36f000000000000000ffffffffffffffffffffffff",3.88,,0.15,13,22.10,18.44,100647.00,0.00,0,0,0,0,,,-1.00,-1.00,-1.00,-1.00,-1.00,-1.00
2023-02-04T11:39:18Z,"0002cc0100000648","2251090666fd3e21025f0d161d62482f80f000000000000000ffffffffffffffffffffffff",3.88,,0.15,13,22.11,18.55,100636.00,0.00,0,0,0,0,,,-1.00,-1.00,-1.00,-1.00,-1.00,-1.00
2023-02-04T11:45:14Z,"0002cc0100000648","22510907cafd3e2502520d161f62453100f000000000000000ffffffffffffffffffffffff",3.88,,0.14,13,22.12,19.14,100624.00,0.00,0,0,0,0,,,-1.00,-1.00,-1.00,-1.00,-1.00,-1.00
2023-02-04T11:51:10Z,"0002cc0100000648","225109092efd3e25025f0d162262413101f000000000000000ffffffffffffffffffffffff",3.88,,0.15,13,22.13,19.14,100608.00,0.00,0,0,0,0,,,-1.00,-1.00,-1.00,-1.00,-1.00,-1.00
2023-02-04T11:57:06Z,"0002cc0100000648","2251090a92fd3e25025f0d1624624131c2f000000000000000ffffffffffffffffffffffff",3.88,,0.15,13,22.14,19.44,100611.00,0.00,0,0,0,0,,,-1.00,-1.00,-1.00,-1.00,-1.00,-1.00
2023-02-04T12:03:02Z,"0002cc0100000648","2251090bf6fd3e2502670d1624624131bbf000000000000000ffffffffffffffffffffffff",3.88,,0.15,13,22.14,19.43,100611.00,0.00,0,0,0,0,,,-1.00,-1.00,-1.00,-1.00,-1.00,-1.00
2023-02-04T12:08:58Z,"0002cc0100000648","2251090d5afd3e25025f0d1624623f31d0f000000000000000ffffffffffffffffffffffff",3.88,,0.15,13,22.14,19.46,100601.00,0.00,0,0,0,0,,,-1.00,-1.00,-1.00,-1.00,-1.00,-1.00
2023-02-04T12:14:54Z,"0002cc0100000648","2251090ebefd3e25025f0d1624623f31fdf000000000000000ffffffffffffffffffffffff",3.88,,0.15,13,22.14,19.53,100601.00,0.00,0,0,0,0,,,-1.00,-1.00,-1.00,-1.00,-1.00,-1.00
2023-02-04T12:20:50Z,"0002cc0100000648","2251091022fd3e25025f0d1624623d31dff000000000000000ffffffffffffffffffffffff",3.88,,0.15,13,22.14,19.48,100594.00,0.00,0,0,0,0,,,-1.00,-1.00,-1.00,-1.00,-1.00,-1.00
2023-02-04T12:26:47Z,"0002cc0100000648","2251091187fd3e21025f0d1627623b31bbf000000000000000ffffffffffffffffffffffff",3.88,,0.15,13,22.15,19.43,100586.00,0.00,0,0,0,0,,,-1.00,-1.00,-1.00,-1.00,-1.00,-1.00
2023-02-04T12:32:43Z,"0002cc0100000648","22510912ebfd3e21025f0d162962393247f000000000000000ffffffffffffffffffffffff",3.88,,0.15,13,22.16,19.64,100578.00,0.00,0,0,0,0,,,-1.00,-1.00,-1.00,-1.00,-1.00,-1.00
2023-02-04T12:38:39Z,"0002cc0100000648","225109144ffd3e25025f0d162f623732ebf000000000000000ffffffffffffffffffffffff",3.88,,0.15,13,22.18,19.89,100569.00,0.00,0,0,0,0,,,-1.00,-1.00,-1.00,-1.00,-1.00,-1.00
2023-02-04T12:44:35Z,"0002cc0100000648","22510915b3fd3e2502520d162f62363299f000000000000000ffffffffffffffffffffffff",3.88,,0.14,13,22.18,19.77,100565.00,0.00,0,0,0,0,,,-1.00,-1.00,-1.00,-1.00,-1.00,-1.00
2023-02-04T12:50:31Z,"0002cc0100000648","2251091717fd3e25025f0d162f623332aff000000000000000ffffffffffffffffffffffff",3.88,,0.15,13,22.18,19.80,100555.00,0.00,0,0,0,0,,,-1.00,-1.00,-1.00,-1.00,-1.00,-1.00
2023-02-04T12:56:27Z,"0002cc0100000648","225109187bfd3e25025f0d162f623433baf000000000000000ffffffffffffffffffffffff",3.88,,0.15,13,22.18,20.21,100559.00,0.00,0,0,0,0,,,-1.00,-1.00,-1.00,-1.00,-1.00,-1.00
2023-02-04T13:02:23Z,"0002cc0100000648","22510919dffd3e25025f0d162f623133c9f000000000000000ffffffffffffffffffffffff",3.88,,0.15,13,22.18,20.23,100545.00,0.00,0,0,0,0,,,-1.00,-1.00,-1.00,-1.00,-1.00,-1.00
2023-02-04T13:08:19Z,"0002cc0100000648","2251091b43fd3e25025f0d163162323489f000000000000000ffffffffffffffffffffffff",3.88,,0.15,13,22.19,20.52,100549.00,0.00,0,0,0,0,,,-1.00,-1.00,-1.00,-1.00,-1.00,-1.00
2023-02-04T13:14:15Z,"0002cc0100000648","2251091ca7fd3e25025f0d1631623033c9f000000000000000ffffffffffffffffffffffff",3.88,,0.15,13,22.19,20.23,100540.00,0.00,0,0,0,0,,,-1.00,-1.00,-1.00,-1.00,-1.00,-1.00
2023-02-04T13:20:12Z,"0002cc0100000648","2251091e0cfd3e21025f0d1631622e3206f000000000000000ffffffffffffffffffffffff",3.88,,0.15,13,22.19,19.54,100534.00,0.00,0,0,0,0,,,-1.00,-1.00,-1.00,-1.00,-1.00,-1.00
2023-02-04T13:26:08Z,"0002cc0100000648","2251091f70fd3e25025f0d162c622d318ff000000000000000ffffffffffffffffffffffff",3.88,,0.15,13,22.17,19.36,100529.00,0.00,0,0,0,0,,,-1.00,-1.00,-1.00,-1.00,-1.00,-1.00
2023-02-04T13:32:04Z,"0002cc0100000648","22510920d4fd3e21025f0d162c622b3178f000000000000000ffffffffffffffffffffffff",3.88,,0.15,13,22.17,19.32,100521.00,0.00,0,0,0,0,,,-1.00,-1.00,-1.00,-1.00,-1.00,-1.00
2023-02-04T13:38:00Z,"0002cc0100000648","2251092238fd3e1d025f0d162962263136f000000000000000ffffffffffffffffffffffff",3.88,,0.15,13,22.16,19.22,100501.00,0.00,0,0,0,0,,,-1.00,-1.00,-1.00,-1.00,-1.00,-1.00
2023-02-04T13:43:56Z,"0002cc0100000648","225109239cfd3e21025f0d162962243162f000000000000000ffffffffffffffffffffffff",3.88,,0.15,13,22.16,19.29,100495.00,0.00,0,0,0,0,,,-1.00,-1.00,-1.00,-1.00,-1.00,-1.00
2023-02-04T13:49:52Z,"0002cc0100000648","2251092500fd3e21025f0d16296222318ff000000000000000ffffffffffffffffffffffff",3.88,,0.15,13,22.16,19.36,100487.00,0.00,0,0,0,0,,,-1.00,-1.00,-1.00,-1.00,-1.00,-1.00
2023-02-04T13:55:48Z,"0002cc0100000648","2251092664fd3e1d025f0d162c6221322a0940000000000000ffffffffffffffffffffffff",3.88,,0.15,13,22.17,19.60,100483.00,148.00,0,0,0,0,,,-1.00,-1.00,-1.00,-1.00,-1.00,-1.00
2023-02-04T14:01:44Z,"0002cc0100000648","22510927c8fd3e21025f0d162c622232830c60000000000000ffffffffffffffffffffffff",3.88,,0.15,13,22.17,19.73,100486.00,198.00,0,0,0,0,,,-1.00,-1.00,-1.00,-1.00,-1.00,-1.00
2023-02-04T14:07:40Z,"0002cc0100000648","225109292cfd3e21025f0d1629621f31fd0ba0000000000000ffffffffffffffffffffffff",3.88,,0.15,13,22.16,19.53,100472.00,186.00,0,0,0,0,,,-1.00,-1.00,-1.00,-1.00,-1.00,-1.00
2023-02-04T14:13:36Z,"0002cc0100000648","2251092a90fd3e21025f0d1627621b31a40b90000000000000ffffffffffffffffffffffff",3.88,,0.15,13,22.15,19.39,100456.00,185.00,0,0,0,0,,,-1.00,-1.00,-1.00,-1.00,-1.00,-1.00
2023-02-04T14:19:33Z,"0002cc0100000648","2251092bf5fd3e21025f0d1622621b31520b30000000000000ffffffffffffffffffffffff",3.88,,0.15,13,22.13,19.27,100457.00,179.00,0,0,0,0,,,-1.00,-1.00,-1.00,-1.00,-1.00,-1.00
2023-02-04T14:25:29Z,"0002cc0100000648","2251092d59fd3e2502670d161a621831340b70000000000000ffffffffffffffffffffffff",3.88,,0.15,13,22.10,19.22,100447.00,183.00,0,0,0,0,,,-1.00,-1.00,-1.00,-1.00,-1.00,-1.00
2023-02-04T14:31:25Z,"0002cc0100000648","2251092ebdfd3e1502520d1610621530a60aa0000000000000ffffffffffffffffffffffff",3.88,,0.14,13,22.06,19.00,100435.00,170.00,0,0,0,0,,,-1.00,-1.00,-1.00,-1.00,-1.00,-1.00
2023-02-04T14:37:21Z,"0002cc0100000648","2251093021fd3e21025f0d1608621630270c20000000000000ffffffffffffffffffffffff",3.88,,0.15,13,22.03,18.81,100436.00,194.00,0,0,0,0,,,-1.00,-1.00,-1.00,-1.00,-1.00,-1.00
2023-02-04T14:43:17Z,"0002cc0100000648","2251093185fd3e21025f0d1606621730270ac0000000000000ffffffffffffffffffffffff",3.88,,0.15,13,22.02,18.81,100440.00,172.00,0,0,0,0,,,-1.00,-1.00,-1.00,-1.00,-1.00,-1.00
2023-02-04T14:49:13Z,"0002cc0100000648","22510932e9fd3e21025f0d15fe62152fd50bf0000000000000ffffffffffffffffffffffff",3.88,,0.15,13,21.99,18.68,100434.00,191.00,0,0,0,0,,,-1.00,-1.00,-1.00,-1.00,-1.00,-1.00
2023-02-04T14:55:09Z,"0002cc0100000648","225109344dfd3e1502670d15f962192fb70c50000000000000ffffffffffffffffffffffff",3.88,,0.15,13,21.97,18.64,100448.00,197.00,0,0,0,0,,,-1.00,-1.00,-1.00,-1.00,-1.00,-1.00
2023-02-04T15:01:05Z,"0002cc0100000648","22510935b1fd3e15025f0d15f462192f6d0c30000000000000ffffffffffffffffffffffff",3.88,,0.15,13,21.95,18.53,100449.00,195.00,0,0,0,0,,,-1.00,-1.00,-1.00,-1.00,-1.00,-1.00
2023-02-04T15:07:01Z,"0002cc0100000648","2251093715fd3e2102520d15ec62192f290c30000000000000ffffffffffffffffffffffff",3.88,,0.14,13,21.92,18.42,100448.00,195.00,0,0,0,0,,,-1.00,-1.00,-1.00,-1.00,-1.00,-1.00
2023-02-04T15:12:57Z,"0002cc0100000648","2251093879fd3e21025f0d15e762172f120aa0000000000000ffffffffffffffffffffffff",3.88,,0.15,13,21.90,18.39,100442.00,170.00,0,0,0,0,,,-1.00,-1.00,-1.00,-1.00,-1.00,-1.00
2023-02-04T15:18:53Z,"0002cc0100000648","22510939ddfd3e2102520d15e262172f5c0c10000000000000ffffffffffffffffffffffff",3.88,,0.14,13,21.88,18.50,100441.00,193.00,0,0,0,0,,,-1.00,-1.00,-1.00,-1.00,-1.00,-1.00
2023-02-04T15:24:50Z,"0002cc0100000648","2251093b42fd3e2102670d15da62172f0a0be0000000000000ffffffffffffffffffffffff",3.88,,0.15,13,21.85,18.37,100441.00,190.00,0,0,0,0,,,-1.00,-1.00,-1.00,-1.00,-1.00,-1.00
2023-02-04T15:30:46Z,"0002cc0100000648","2251093ca6fd3e2102520d15d562162ef30c60000000000000ffffffffffffffffffffffff",3.88,,0.14,13,21.83,18.34,100438.00,198.00,0,0,0,0,,,-1.00,-1.00,-1.00,-1.00,-1.00,-1.00
2023-02-04T15:36:42Z,"0002cc0100000648","2251093e0afd3e15025f0d15d062162eeb0bb0000000000000ffffffffffffffffffffffff",3.88,,0.15,13,21.81,18.33,100438.00,187.00,0,0,0,0,,,-1.00,-1.00,-1.00,-1.00,-1.00,-1.00
2023-02-04T15:42:38Z,"0002cc0100000648","2251093f6efd3e2102670d15cb62152edc0c00000000000000ffffffffffffffffffffffff",3.88,,0.15,13,21.79,18.30,100432.00,192.00,0,0,0,0,,,-1.00,-1.00,-1.00,-1.00,-1.00,-1.00
2023-02-04T15:48:34Z,"0002cc0100000648","22510940d2fd3e21025f0d15c862132f600c30000000000000ffffffffffffffffffffffff",3.88,,0.15,13,21.78,18.51,100424.00,195.00,0,0,0,0,,,-1.00,-1.00,-1.00,-1.00,-1.00,-1.00
2023-02-04T15:54:30Z,"0002cc0100000648","2251094236fd3e21025f0d15c662142f1e0c00000000000000ffffffffffffffffffffffff",3.88,,0.15,13,21.77,18.41,100431.00,192.00,0,0,0,0,,,-1.00,-1.00,-1.00,-1.00,-1.00,-1.00
2023-02-04T16:00:26Z,"0002cc0100000648","225109439afd3e21025f0d15c362152f160cb0000000000000ffffffffffffffffffffffff",3.88,,0.15,13,21.76,18.39,100434.00,203.00,0,0,0,0,,,-1.00,-1.00,-1.00,-1.00,-1.00,-1.00
2023-02-04T16:06:22Z,"0002cc0100000648","22510944fefd3e21025f0d15c362142f0f0c00000000000000ffffffffffffffffffffffff",3.88,,0.15,13,21.76,18.38,100428.00,192.00,0,0,0,0,,,-1.00,-1.00,-1.00,-1.00,-1.00,-1.00
2023-02-04T16:12:19Z,"0002cc0100000648","2251094663fd3e21025f0d15be62132f1d0a90000000000000ffffffffffffffffffffffff",3.88,,0.15,13,21.74,18.40,100426.00,169.00,0,0,0,0,,,-1.00,-1.00,-1.00,-1.00,-1.00,-1.00
2023-02-04T16:18:15Z,"0002cc0100000648","22510947c7fd3e1d025f0d15bb62122f320bd0000000000000ffffffffffffffffffffffff",3.88,,0.15,13,21.73,18.44,100421.00,189.00,0,0,0,0,,,-1.00,-1.00,-1.00,-1.00,-1.00,-1.00
2023-02-04T16:24:11Z,"0002cc0100000648","225109492bfd3e1d025f0d15b962112f570c30000000000000ffffffffffffffffffffffff",3.88,,0.15,13,21.72,18.49,100416.00,195.00,0,0,0,0,,,-1.00,-1.00,-1.00,-1.00,-1.00,-1.00
2023-02-04T16:30:07Z,"0002cc0100000648","2251094a8ffd3e21025f0d15b662112f990af0000000000000ffffffffffffffffffffffff",3.88,,0.15,13,21.71,18.59,100417.00,175.00,0,0,0,0,,,-1.00,-1.00,-1.00,-1.00,-1.00,-1.00
2023-02-04T16:36:03Z,"0002cc0100000648","2251094bf3fd3e21025f0d15b6620f2fbf0cb0000000000000ffffffffffffffffffffffff",3.88,,0.15,13,21.71,18.65,100410.00,203.00,0,0,0,0,,,-1.00,-1.00,-1.00,-1.00,-1.00,-1.00
2023-02-04T16:41:59Z,"0002cc0100000648","2251094d57fd3e21025f0d15b4620c2fa80c40000000000000ffffffffffffffffffffffff",3.88,,0.15,13,21.70,18.62,100397.00,196.00,0,0,0,0,,,-1.00,-1.00,-1.00,-1.00,-1.00,-1.00
2023-02-04T16:47:55Z,"0002cc0100000648","2251094ebbfd3e1d025f0d15b462092ff90e20000000000000ffffffffffffffffffffffff",3.88,,0.15,13,21.70,18.74,100386.00,226.00,0,0,0,0,,,-1.00,-1.00,-1.00,-1.00,-1.00,-1.00
2023-02-04T16:53:51Z,"0002cc0100000648","225109501ffd3e21025f0d15b1620b30000ab0000000000000ffffffffffffffffffffffff",3.88,,0.15,13,21.69,18.75,100392.00,171.00,0,0,0,0,,,-1.00,-1.00,-1.00,-1.00,-1.00,-1.00
2023-02-04T16:59:47Z,"0002cc0100000648","2251095183fd3e1d025f0d15b4620b30080c10000000000000ffffffffffffffffffffffff",3.88,,0.15,13,21.70,18.76,100392.00,193.00,0,0,0,0,,,-1.00,-1.00,-1.00,-1.00,-1.00,-1.00
2023-02-04T17:05:43Z,"0002cc0100000648","22510952e7fd3e21025f0d15b1620a303c0b90000000000000ffffffffffffffffffffffff",3.88,,0.15,13,21.69,18.84,100390.00,185.00,0,0,0,0,,,-1.00,-1.00,-1.00,-1.00,-1.00,-1.00
2023-02-04T17:11:40Z,"0002cc0100000648","225109544cfd3e1d02670d15af620a30430b70000000000000ffffffffffffffffffffffff",3.88,,0.15,13,21.68,18.85,100389.00,183.00,0,0,0,0,,,-1.00,-1.00,-1.00,-1.00,-1.00,-1.00
2023-02-04T17:17:36Z,"0002cc0100000648","22510955b0fd3e1902520d15ac620a30680c60000000000000ffffffffffffffffffffffff",3.88,,0.14,13,21.67,18.91,100390.00,198.00,0,0,0,0,,,-1.00,-1.00,-1.00,-1.00,-1.00,-1.00
2023-02-04T17:23:32Z,"0002cc0100000648","2251095714fd3e2102520d15ac620a309b0b60000000000000ffffffffffffffffffffffff",3.88,,0.14,13,21.67,18.99,100388.00,182.00,0,0,0,0,,,-1.00,-1.00,-1.00,-1.00,-1.00,-1.00
2023-02-04T17:29:28Z,"0002cc0100000648","2251095878fd3e1102670d15ac620930c70a80000000000000ffffffffffffffffffffffff",3.88,,0.15,13,21.67,19.05,100386.00,168.00,0,0,0,0,,,-1.00,-1.00,-1.00,-1.00,-1.00,-1.00
2023-02-04T17:35:24Z,"0002cc0100000648","22510959dcfd3e21025f0d15ac620630ed0c80000000000000ffffffffffffffffffffffff",3.88,,0.15,13,21.67,19.11,100374.00,200.00,0,0,0,0,,,-1.00,-1.00,-1.00,-1.00,-1.00,-1.00
2023-02-04T17:41:20Z,"0002cc0100000648","2251095b40fd3e19025f0d15a96203313e0ca0000000000000ffffffffffffffffffffffff",3.88,,0.15,13,21.66,19.24,100362.00,202.00,0,0,0,0,,,-1.00,-1.00,-1.00,-1.00,-1.00,-1.00
2023-02-04T17:47:16Z,"0002cc0100000648","2251095ca4fd3e21025f0d15ac620031800c40000000000000ffffffffffffffffffffffff",3.88,,0.15,13,21.67,19.34,100349.00,196.00,0,0,0,0,,,-1.00,-1.00,-1.00,-1.00,-1.00,-1.00
2023-02-04T17:53:12Z,"0002cc0100000648","2251095e08fd3e1902670d15ac61ff318f0c10000000000000ffffffffffffffffffffffff",3.88,,0.15,13,21.67,19.36,100345.00,193.00,0,0,0,0,,,-1.00,-1.00,-1.00,-1.00,-1.00,-1.00
2023-02-04T17:59:09Z,"0002cc0100000648","2251095f6dfd3e19025f0d15a961fc31b40cf0000000000000ffffffffffffffffffffffff",3.88,,0.15,13,21.66,19.42,100332.00,207.00,0,0,0,0,,,-1.00,-1.00,-1.00,-1.00,-1.00,-1.00
2023-02-04T18:05:05Z,"0002cc0100000648","22510960d1fd3e21025f0d15a761fa31d10b90000000000000ffffffffffffffffffffffff",3.88,,0.15,13,21.65,19.46,100324.00,185.00,0,0,0,0,,,-1.00,-1.00,-1.00,-1.00,-1.00,-1.00
2023-02-04T18:11:01Z,"0002cc0100000648","2251096235fd3e1902520d15a461f731fd0bf0000000000000ffffffffffffffffffffffff",3.88,,0.14,13,21.64,19.53,100314.00,191.00,0,0,0,0,,,-1.00,-1.00,-1.00,-1.00,-1.00,-1.00
2023-02-04T18:16:57Z,"0002cc0100000648","2251096399fd3e19025f0d15a461f532310a60000000000000ffffffffffffffffffffffff",3.88,,0.15,13,21.64,19.61,100307.00,166.00,0,0,0,0,,,-1.00,-1.00,-1.00,-1.00,-1.00,-1.00
2023-02-04T18:22:53Z,"0002cc0100000648","22510964fdfd3e19025f0d15a261f2326c0ce0000000000000ffffffffffffffffffffffff",3.88,,0.15,13,21.63,19.70,100293.00,206.00,0,0,0,0,,,-1.00,-1.00,-1.00,-1.00,-1.00,-1.00
2023-02-04T18:28:49Z,"0002cc0100000648","2251096661fd3e21025f0d15a261ec327b0bb0000000000000ffffffffffffffffffffffff",3.88,,0.15,13,21.63,19.72,100269.00,187.00,0,0,0,0,,,-1.00,-1.00,-1.00,-1.00,-1.00,-1.00
2023-02-04T18:34:45Z,"0002cc0100000648","22510967c5fd3e2102670d159f61e832f80c90000000000000ffffffffffffffffffffffff",3.88,,0.15,13,21.62,19.91,100252.00,201.00,0,0,0,0,,,-1.00,-1.00,-1.00,-1.00,-1.00,-1.00
2023-02-04T18:40:41Z,"0002cc0100000648","2251096929fd3e2102670d15a261e433490b80000000000000ffffffffffffffffffffffff",3.88,,0.15,13,21.63,20.03,100236.00,184.00,0,0,0,0,,,-1.00,-1.00,-1.00,-1.00,-1.00,-1.00
2023-02-04T18:46:37Z,"0002cc0100000648","2251096a8dfd3e2102670d15a261e1336f0cc0000000000000ffffffffffffffffffffffff",3.88,,0.15,13,21.63,20.09,100227.00,204.00,0,0,0,0,,,-1.00,-1.00,-1.00,-1.00,-1.00,-1.00
2023-02-04T18:52:33Z,"0002cc0100000648","2251096bf1fd3e19025f0d15a261dd33940c00000000000000ffffffffffffffffffffffff",3.88,,0.15,13,21.63,20.15,100211.00,192.00,0,0,0,0,,,-1.00,-1.00,-1.00,-1.00,-1.00,-1.00
2023-02-04T18:58:29Z,"0002cc0100000648","2251096d55fd3e1d02520d159f61db33b00cc0000000000000ffffffffffffffffffffffff",3.88,,0.14,13,21.62,20.19,100202.00,204.00,0,0,0,0,,,-1.00,-1.00,-1.00,-1.00,-1.00,-1.00
2023-02-04T19:04:26Z,"0002cc0100000648","2251096ebafd3e19025f0d159d61d533ce0bd0000000000000ffffffffffffffffffffffff",3.88,,0.15,13,21.61,20.24,100179.00,189.00,0,0,0,0,,,-1.00,-1.00,-1.00,-1.00,-1.00,-1.00
2023-02-04T19:10:22Z,"0002cc0100000648","225109701efd3e19025f0d159d61d433dd0b70000000000000ffffffffffffffffffffffff",3.88,,0.15,13,21.61,20.26,100174.00,183.00,0,0,0,0,,,-1.00,-1.00,-1.00,-1.00,-1.00,-1.00
2023-02-04T19:16:18Z,"0002cc0100000648","2251097182fd3e2102520d159f61d134180c90000000000000ffffffffffffffffffffffff",3.88,,0.14,13,21.62,20.35,100163.00,201.00,0,0,0,0,,,-1.00,-1.00,-1.00,-1.00,-1.00,-1.00
2023-02-04T19:22:14Z,"0002cc0100000648","22510972e6fd3e21025f0d159f61cd34100a70000000000000ffffffffffffffffffffffff",3.88,,0.15,13,21.62,20.34,100144.00,167.00,0,0,0,0,,,-1.00,-1.00,-1.00,-1.00,-1.00,-1.00
2023-02-04T19:28:10Z,"0002cc0100000648","225109744afd3e19025f0d15a261cc342f0bf0000000000000ffffffffffffffffffffffff",3.88,,0.15,13,21.63,20.38,100140.00,191.00,0,0,0,0,,,-1.00,-1.00,-1.00,-1.00,-1.00,-1.00
2023-02-04T19:34:06Z,"0002cc0100000648","22510975aefd3e19025f0d159f61ca344c0ce0000000000000ffffffffffffffffffffffff",3.88,,0.15,13,21.62,20.43,100133.00,206.00,0,0,0,0,,,-1.00,-1.00,-1.00,-1.00,-1.00,-1.00
2023-02-04T19:40:02Z,"0002cc0100000648","2251097712fd3e19025f0d15a261c6344c0ce0000000000000ffffffffffffffffffffffff",3.88,,0.15,13,21.63,20.43,100119.00,206.00,0,0,0,0,,,-1.00,-1.00,-1.00,-1.00,-1.00,-1.00
2023-02-04T19:45:58Z,"0002cc0100000648","2251097876fd3e19025f0d159f61c434710ab0000000000000ffffffffffffffffffffffff",3.88,,0.15,13,21.62,20.49,100108.00,171.00,0,0,0,0,,,-1.00,-1.00,-1.00,-1.00,-1.00,-1.00
2023-02-04T19:51:55Z,"0002cc0100000648","22510979dbfd3e25025f0d159f61c034870bb0000000000000ffffffffffffffffffffffff",3.88,,0.15,13,21.62,20.52,100094.00,187.00,0,0,0,0,,,-1.00,-1.00,-1.00,-1.00,-1.00,-1.00
2023-02-04T19:57:51Z,"0002cc0100000648","2251097b3ffd3e19025f0d15a261bd34b30cf0000000000000ffffffffffffffffffffffff",3.88,,0.15,13,21.63,20.59,100083.00,207.00,0,0,0,0,,,-1.00,-1.00,-1.00,-1.00,-1.00,-1.00
2023-02-04T20:03:47Z,"0002cc0100000648","2251097ca3fd3e21025f0d159f61bb350c0c20000000000000ffffffffffffffffffffffff",3.88,,0.15,13,21.62,20.72,100075.00,194.00,0,0,0,0,,,-1.00,-1.00,-1.00,-1.00,-1.00,-1.00
2023-02-04T20:09:43Z,"0002cc0100000648","2251097e07fd3e19025f0d15a261ba35040b00000000000000ffffffffffffffffffffffff",3.88,,0.15,13,21.63,20.71,100068.00,176.00,0,0,0,0,,,-1.00,-1.00,-1.00,-1.00,-1.00,-1.00
2023-02-04T20:15:39Z,"0002cc0100000648","2251097f6bfd3e21025f0d159f61b535300b40000000000000ffffffffffffffffffffffff",3.88,,0.15,13,21.62,20.78,100051.00,180.00,0,0,0,0,,,-1.00,-1.00,-1.00,-1.00,-1.00,-1.00
2023-02-04T20:21:35Z,"0002cc0100000648","22510980cffd3e19025f0d15a261b2358a0c20000000000000ffffffffffffffffffffffff",3.88,,0.15,13,21.63,20.91,100036.00,194.00,0,0,0,0,,,-1.00,-1.00,-1.00,-1.00,-1.00,-1.00
2023-02-04T20:27:31Z,"0002cc0100000648","2251098233fd3e19025f0d15a261af35740b60000000000000ffffffffffffffffffffffff",3.88,,0.15,13,21.63,20.88,100027.00,182.00,0,0,0,0,,,-1.00,-1.00,-1.00,-1.00,-1.00,-1.00
2023-02-04T20:33:27Z,"0002cc0100000648","2251098397fd3e19025f0d15a261af354f0bd0000000000000ffffffffffffffffffffffff",3.88,,0.15,13,21.63,20.82,100026.00,189.00,0,0,0,0,,,-1.00,-1.00,-1.00,-1.00,-1.00,-1.00
2023-02-04T20:39:23Z,"0002cc0100000648","22510984fbfd3e19025f0d15a261ad35400b90000000000000ffffffffffffffffffffffff",3.88,,0.15,13,21.63,20.80,100018.00,185.00,0,0,0,0,,,-1.00,-1.00,-1.00,-1.00,-1.00,-1.00
2023-02-04T20:45:20Z,"0002cc0100000648","2251098660fd3e19025f0d15a461ac35470cc0000000000000ffffffffffffffffffffffff",3.88,,0.15,13,21.64,20.81,100013.00,204.00,0,0,0,0,,,-1.00,-1.00,-1.00,-1.00,-1.00,-1.00
2023-02-04T20:51:16Z,"0002cc0100000648","22510987c4fd3e19025f0d15a761ab35a80c40000000000000ffffffffffffffffffffffff",3.88,,0.15,13,21.65,20.96,100009.00,196.00,0,0,0,0,,,-1.00,-1.00,-1.00,-1.00,-1.00,-1.00
2023-02-04T20:57:12Z,"0002cc0100000648","2251098928fd3e1902520d15ac61a935500ce0000000000000ffffffffffffffffffffffff",3.88,,0.14,13,21.67,20.83,100003.00,206.00,0,0,0,0,,,-1.00,-1.00,-1.00,-1.00,-1.00,-1.00
2023-02-04T21:03:08Z,"0002cc0100000648","2251098a8cfd3e11025f0d15b161a6353a0ca0000000000000ffffffffffffffffffffffff",3.88,,0.15,13,21.69,20.79,99988.00,202.00,0,0,0,0,,,-1.00,-1.00,-1.00,-1.00,-1.00,-1.00
2023-02-04T21:09:04Z,"0002cc0100000648","2251098bf0fd3e21025f0d15b161a4351d0be0000000000000ffffffffffffffffffffffff",3.88,,0.15,13,21.69,20.75,99981.00,190.00,0,0,0,0,,,-1.00,-1.00,-1.00,-1.00,-1.00,-1.00
2023-02-04T21:15:00Z,"0002cc0100000648","2251098d54fd3e1902520d15b461a134f80cb0000000000000ffffffffffffffffffffffff",3.88,,0.14,13,21.70,20.69,99970.00,203.00,0,0,0,0,,,-1.00,-1.00,-1.00,-1.00,-1.00,-1.00
2023-02-04T21:20:56Z,"0002cc0100000648","2251098eb8fd3e15025f0d15b1619e34cb0b60000000000000ffffffffffffffffffffffff",3.88,,0.15,13,21.69,20.62,99959.00,182.00,0,0,0,0,,,-1.00,-1.00,-1.00,-1.00,-1.00,-1.00
2023-02-04T21:26:52Z,"0002cc0100000648","225109901cfd3e19025f0d15af619b347a0b50000000000000ffffffffffffffffffffffff",3.88,,0.15,13,21.68,20.50,99946.00,181.00,0,0,0,0,,,-1.00,-1.00,-1.00,-1.00,-1.00,-1.00
2023-02-04T21:32:48Z,"0002cc0100000648","2251099180fd3e1902670d15a9619a34b40ca0000000000000ffffffffffffffffffffffff",3.88,,0.15,13,21.66,20.59,99941.00,202.00,0,0,0,0,,,-1.00,-1.00,-1.00,-1.00,-1.00,-1.00
2023-02-04T21:38:45Z,"0002cc0100000648","22510992e5fd3e19025f0d15a7619734ca0b80000000000000ffffffffffffffffffffffff",3.88,,0.15,13,21.65,20.62,99930.00,184.00,0,0,0,0,,,-1.00,-1.00,-1.00,-1.00,-1.00,-1.00
2023-02-04T21:44:41Z,"0002cc0100000648","2251099449fd3e19025f0d159f619334800ca0000000000000ffffffffffffffffffffffff",3.88,,0.15,13,21.62,20.51,99913.00,202.00,0,0,0,0,,,-1.00,-1.00,-1.00,-1.00,-1.00,-1.00
2023-02-04T21:50:37Z,"0002cc0100000648","22510995adfd3e11025f0d159a619334010cb0000000000000ffffffffffffffffffffffff",3.88,,0.15,13,21.60,20.31,99913.00,203.00,0,0,0,0,,,-1.00,-1.00,-1.00,-1.00,-1.00,-1.00
2023-02-04T21:56:33Z,"0002cc0100000648","2251099711fd3e19025f0d1592619433920b40000000000000ffffffffffffffffffffffff",3.88,,0.15,13,21.57,20.14,99917.00,180.00,0,0,0,0,,,-1.00,-1.00,-1.00,-1.00,-1.00,-1.00
2023-02-04T22:02:29Z,"0002cc0100000648","2251099875fd3e15025f0d158b619433560cf0000000000000ffffffffffffffffffffffff",3.88,,0.15,13,21.54,20.05,99919.00,207.00,0,0,0,0,,,-1.00,-1.00,-1.00,-1.00,-1.00,-1.00
2023-02-04T22:08:25Z,"0002cc0100000648","22510999d9fd3e15025f0d1586619633370b90000000000000ffffffffffffffffffffffff",3.88,,0.15,13,21.52,20.01,99925.00,185.00,0,0,0,0,,,-1.00,-1.00,-1.00,-1.00,-1.00,-1.00
2023-02-04T22:14:21Z,"0002cc0100000648","2251099b3dfd3e19025f0d15816194335b0b60000000000000ffffffffffffffffffffffff",3.88,,0.15,13,21.50,20.06,99918.00,182.00,0,0,0,0,,,-1.00,-1.00,-1.00,-1.00,-1.00,-1.00
2023-02-04T22:20:17Z,"0002cc0100000648","2251099ca1fd3e19025f0d157b619333870c30000000000000ffffffffffffffffffffffff",3.88,,0.15,13,21.48,20.13,99915.00,195.00,0,0,0,0,,,-1.00,-1.00,-1.00,-1.00,-1.00,-1.00
2023-02-04T22:26:14Z,"0002cc0100000648","2251099e06fd3e11025f0d15796193338f0c10000000000000ffffffffffffffffffffffff",3.88,,0.15,13,21.47,20.14,99913.00,193.00,0,0,0,0,,,-1.00,-1.00,-1.00,-1.00,-1.00,-1.00
2023-02-04T22:32:10Z,"0002cc0100000648","2251099f6afd3e19025f0d1576619433690b00000000000000ffffffffffffffffffffffff",3.88,,0.15,13,21.46,20.08,99917.00,176.00,0,0,0,0,,,-1.00,-1.00,-1.00,-1.00,-1.00,-1.00
2023-02-04T22:38:06Z,"0002cc0100000648","225109a0cefd3e19025f0d1574619433690cb0000000000000ffffffffffffffffffffffff",3.88,,0.15,13,21.45,20.08,99916.00,203.00,0,0,0,0,,,-1.00,-1.00,-1.00,-1.00,-1.00,-1.00
2023-02-04T22:44:02Z,"0002cc0100000648","225109a232fd3e1902670d1574619433690b50000000000000ffffffffffffffffffffffff",3.88,,0.15,13,21.45,20.08,99917.00,181.00,0,0,0,0,,,-1.00,-1.00,-1.00,-1.00,-1.00,-1.00
2023-02-04T22:49:58Z,"0002cc0100000648","225109a396fd3e11025f0d15746195338e0bb0000000000000ffffffffffffffffffffffff",3.88,,0.15,13,21.45,20.14,99923.00,187.00,0,0,0,0,,,-1.00,-1.00,-1.00,-1.00,-1.00,-1.00
2023-02-04T22:55:54Z,"0002cc0100000648","225109a4fafd3e11025f0d15716197338e0c30000000000000ffffffffffffffffffffffff",3.88,,0.15,13,21.44,20.14,99929.00,195.00,0,0,0,0,,,-1.00,-1.00,-1.00,-1.00,-1.00,-1.00
2023-02-04T23:01:50Z,"0002cc0100000648","225109a65efd3e1902670d1571619533d70b70000000000000ffffffffffffffffffffffff",3.88,,0.15,13,21.44,20.25,99922.00,183.00,0,0,0,0,,,-1.00,-1.00,-1.00,-1.00,-1.00,-1.00
2023-02-04T23:07:46Z,"0002cc0100000648","225109a7c2fd3e1902670d156f619133ee0c00000000000000ffffffffffffffffffffffff",3.88,,0.15,13,21.43,20.29,99907.00,192.00,0,0,0,0,,,-1.00,-1.00,-1.00,-1.00,-1.00,-1.00
2023-02-04T23:13:42Z,"0002cc0100000648","225109a926fd3e19025f0d156f619233b20d50000000000000ffffffffffffffffffffffff",3.88,,0.15,13,21.43,20.19,99911.00,213.00,0,0,0,0,,,-1.00,-1.00,-1.00,-1.00,-1.00,-1.00
2023-02-04T23:19:39Z,"0002cc0100000648","225109aa8bfd3e19025f0d156f6191339c0cc0000000000000ffffffffffffffffffffffff",3.88,,0.15,13,21.43,20.16,99904.00,204.00,0,0,0,0,,,-1.00,-1.00,-1.00,-1.00,-1.00,-1.00
2023-02-04T23:25:35Z,"0002cc0100000648","225109abeffd3e19025f0d156c618e338d0ba0000000000000ffffffffffffffffffffffff",3.88,,0.15,13,21.42,20.14,99893.00,186.00,0,0,0,0,,,-1.00,-1.00,-1.00,-1.00,-1.00,-1.00
2023-02-04T23:31:31Z,"0002cc0100000648","225109ad53fd3e11025f0d156c618b33860a70000000000000ffffffffffffffffffffffff",3.88,,0.15,13,21.42,20.13,99880.00,167.00,0,0,0,0,,,-1.00,-1.00,-1.00,-1.00,-1.00,-1.00
2023-02-04T23:37:27Z,"0002cc0100000648","225109aeb7fd3e19025f0d1569618933a30ba0000000000000ffffffffffffffffffffffff",3.88,,0.15,13,21.41,20.17,99872.00,186.00,0,0,0,0,,,-1.00,-1.00,-1.00,-1.00,-1.00,-1.00
2023-02-04T23:43:23Z,"0002cc0100000648","225109b01bfd3e09025f0d156f618a33b20af0000000000000ffffffffffffffffffffffff",3.88,,0.15,13,21.43,20.19,99877.00,175.00,0,0,0,0,,,-1.00,-1.00,-1.00,-1.00,-1.00,-1.00
2023-02-04T23:49:19Z,"0002cc0100000648","225109b17ffd3e1502520d156f618b33d00cc0000000000000ffffffffffffffffffffffff",3.88,,0.14,13,21.43,20.24,99882.00,204.00,0,0,0,0,,,-1.00,-1.00,-1.00,-1.00,-1.00,-1.00
2023-02-04T23:55:15Z,"0002cc0100000648","225109b2e3fd3e11025f0d156f618a33b90cd0000000000000ffffffffffffffffffffffff",3.88,,0.15,13,21.43,20.21,99879.00,205.00,0,0,0,0,,,-1.00,-1.00,-1.00,-1.00,-1.00,-1.00
