Time,DevEUI,Raw,Vbat,Vsystem,Vbus,BootCount,T,RH,P,Light,P[0].delta,P[0].total,P[1].delta,P[1].total,Act[7],Act[6],Act[5],Act[4],Act[3],Act[2],Act[1],Act[0]
2023-02-01T00:04:09Z,"0002cc0100000648","2251046ef9fd3e98025f0d15c3627e2fde0b30000000000000ffffffffffffffffffffffff",3.91,,0.15,13,21.76,18.70,100854.00,179.00,0,0,0,0,,,-1.00,-1.00,-1.00,-1.00,-1.00,-1.00
2023-02-01T00:10:05Z,"0002cc0100000648","225104705dfd3e9c02670d15c3628b2f852b74000000000000ffffffffffffffffffffffff",3.91,,0.15,13,21.76,18.56,100906.00,1466.00,0,0,0,0,,,-1.00,-1.00,-1.00,-1.00,-1.00,-1.00
2023-02-01T00:16:01Z,"0002cc0100000648","22510471c1fd3e9c025f0d15c662812f0009b0000000000000ffffffffffffffffffffffff",3.91,,0.15,13,21.77,18.36,100865.00,155.00,0,0,0,0,,,-1.00,-1.00,-1.00,-1.00,-1.00,-1.00
2023-02-01T00:21:58Z,"0002cc0100000648","2251047326fd3e9c025f0d15c862842f5909e0000000000000ffffffffffffffffffffffff",3.91,,0.15,13,21.78,18.50,100876.00,158.00,0,0,0,0,,,-1.00,-1.00,-1.00,-1.00,-1.00,-1.00
2023-02-01T00:27:53Z,"0002cc0100000648","2251047489fd3e9c025f0d15c862832f670a30000000000000ffffffffffffffffffffffff",3.91,,0.15,13,21.78,18.52,100874.00,163.00,0,0,0,0,,,-1.00,-1.00,-1.00,-1.00,-1.00,-1.00
2023-02-01T00:33:50Z,"0002cc0100000648","22510475eefd3ea4025f0d15c662862f600a40000000000000ffffffffffffffffffffffff",3.91,,0.15,13,21.77,18.51,100885.00,164.00,0,0,0,0,,,-1.00,-1.00,-1.00,-1.00,-1.00,-1.00
2023-02-01T00:39:46Z,"0002cc0100000648","2251047752fd3e9c02670d15c362832f4a29d2000000000000ffffffffffffffffffffffff",3.91,,0.15,13,21.76,18.47,100872.00,1257.00,0,0,0,0,,,-1.00,-1.00,-1.00,-1.00,-1.00,-1.00
2023-02-01T00:45:42Z,"0002cc0100000648","22510478b6fd3ea4025f0d15c662812ea00980000000000000ffffffffffffffffffffffff",3.91,,0.15,13,21.77,18.21,100864.00,152.00,0,0,0,0,,,-1.00,-1.00,-1.00,-1.00,-1.00,-1.00
2023-02-01T00:51:38Z,"0002cc0100000648","2251047a1afd3e9c025f0d15c862822f0809e0000000000000ffffffffffffffffffffffff",3.91,,0.15,13,21.78,18.37,100871.00,158.00,0,0,0,0,,,-1.00,-1.00,-1.00,-1.00,-1.00,-1.00
2023-02-01T00:57:34Z,"0002cc0100000648","2251047b7efd3e9c02670d15c8627c2f250980000000000000ffffffffffffffffffffffff",3.91,,0.15,13,21.78,18.42,100845.00,152.00,0,0,0,0,,,-1.00,-1.00,-1.00,-1.00,-1.00,-1.00
2023-02-01T01:03:30Z,"0002cc0100000648","2251047ce2fd3e9802670d15c6627e2f2d08c0000000000000ffffffffffffffffffffffff",3.91,,0.15,13,21.77,18.43,100855.00,140.00,0,0,0,0,,,-1.00,-1.00,-1.00,-1.00,-1.00,-1.00
2023-02-01T01:09:26Z,"0002cc0100000648","2251047e46fd3ea402670d15c362802fc708c0000000000000ffffffffffffffffffffffff",3.91,,0.15,13,21.76,18.66,100860.00,140.00,0,0,0,0,,,-1.00,-1.00,-1.00,-1.00,-1.00,-1.00
2023-02-01T01:15:22Z,"0002cc0100000648","2251047faafd3e9c025f0d15be627b2f760b10000000000000ffffffffffffffffffffffff",3.91,,0.15,13,21.74,18.54,100843.00,177.00,0,0,0,0,,,-1.00,-1.00,-1.00,-1.00,-1.00,-1.00
2023-02-01T01:21:19Z,"0002cc0100000648","225104810ffd3e9c02670d15bb62762f490940000000000000ffffffffffffffffffffffff",3.91,,0.15,13,21.73,18.47,100822.00,148.00,0,0,0,0,,,-1.00,-1.00,-1.00,-1.00,-1.00,-1.00
2023-02-01T01:27:15Z,"0002cc0100000648","2251048273fd3e9c025f0d15b6627b2f3a08c0000000000000ffffffffffffffffffffffff",3.91,,0.15,13,21.71,18.45,100842.00,140.00,0,0,0,0,,,-1.00,-1.00,-1.00,-1.00,-1.00,-1.00
2023-02-01T01:33:11Z,"0002cc0100000648","22510483d7fd3ea8025f0d15b6627a2f320950000000000000ffffffffffffffffffffffff",3.92,,0.15,13,21.71,18.44,100836.00,149.00,0,0,0,0,,,-1.00,-1.00,-1.00,-1.00,-1.00,-1.00
2023-02-01T01:39:07Z,"0002cc0100000648","225104853bfd3ea002670d15b4627c2f140b10000000000000ffffffffffffffffffffffff",3.91,,0.15,13,21.70,18.39,100844.00,177.00,0,0,0,0,,,-1.00,-1.00,-1.00,-1.00,-1.00,-1.00
2023-02-01T01:45:03Z,"0002cc0100000648","225104869ffd3e9c02670d15b1627d2f0d08d0000000000000ffffffffffffffffffffffff",3.91,,0.15,13,21.69,18.38,100850.00,141.00,0,0,0,0,,,-1.00,-1.00,-1.00,-1.00,-1.00,-1.00
2023-02-01T01:50:59Z,"0002cc0100000648","2251048803fd3e98025f0d15b1627f2fd4f000000000000000ffffffffffffffffffffffff",3.91,,0.15,13,21.69,18.68,100858.00,0.00,0,0,0,0,,,-1.00,-1.00,-1.00,-1.00,-1.00,-1.00
2023-02-01T01:56:55Z,"0002cc0100000648","2251048967fd3e9c02670d15b1627e30fcf000000000000000ffffffffffffffffffffffff",3.91,,0.15,13,21.69,19.13,100852.00,0.00,0,0,0,0,,,-1.00,-1.00,-1.00,-1.00,-1.00,-1.00
2023-02-01T02:02:51Z,"0002cc0100000648","2251048acbfd3e9802670d15b9627930c9f000000000000000ffffffffffffffffffffffff",3.91,,0.15,13,21.72,19.06,100833.00,0.00,0,0,0,0,,,-1.00,-1.00,-1.00,-1.00,-1.00,-1.00
2023-02-01T02:08:47Z,"0002cc0100000648","2251048c2ffd3e98026f0d15bb62763009f000000000000000ffffffffffffffffffffffff",3.91,,0.15,13,21.73,18.76,100821.00,0.00,0,0,0,0,,,-1.00,-1.00,-1.00,-1.00,-1.00,-1.00
2023-02-01T02:14:43Z,"0002cc0100000648","2251048d93fd3ea8025f0d15c362762f94f000000000000000ffffffffffffffffffffffff",3.92,,0.15,13,21.76,18.58,100822.00,0.00,0,0,0,0,,,-1.00,-1.00,-1.00,-1.00,-1.00,-1.00
2023-02-01T02:20:39Z,"0002cc0100000648","2251048ef7fd3e9802670d15c862753072f000000000000000ffffffffffffffffffffffff",3.91,,0.15,13,21.78,18.92,100817.00,0.00,0,0,0,0,,,-1.00,-1.00,-1.00,-1.00,-1.00,-1.00
2023-02-01T02:26:35Z,"0002cc0100000648","225104905bfd3e9c02670d15cd62733030f000000000000000ffffffffffffffffffffffff",3.91,,0.15,13,21.80,18.82,100809.00,0.00,0,0,0,0,,,-1.00,-1.00,-1.00,-1.00,-1.00,-1.00
2023-02-01T02:32:32Z,"0002cc0100000648","22510491c0fd3e9c02670d15d562712fac0900000000000000ffffffffffffffffffffffff",3.91,,0.15,13,21.83,18.62,100801.00,9.00,0,0,0,0,,,-1.00,-1.00,-1.00,-1.00,-1.00,-1.00
2023-02-01T02:38:28Z,"0002cc0100000648","2251049324fd3e9402670d15da62742f45f000000000000000ffffffffffffffffffffffff",3.91,,0.15,13,21.85,18.46,100812.00,0.00,0,0,0,0,,,-1.00,-1.00,-1.00,-1.00,-1.00,-1.00
2023-02-01T02:44:24Z,"0002cc0100000648","2251049488fd3e9c025f0d15df62752f6af000000000000000ffffffffffffffffffffffff",3.91,,0.15,13,21.87,18.52,100819.00,0.00,0,0,0,0,,,-1.00,-1.00,-1.00,-1.00,-1.00,-1.00
2023-02-01T02:50:20Z,"0002cc0100000648","22510495ecfd3e9402670d15e2627b2f0bf000000000000000ffffffffffffffffffffffff",3.91,,0.15,13,21.88,18.38,100840.00,0.00,0,0,0,0,,,-1.00,-1.00,-1.00,-1.00,-1.00,-1.00
2023-02-01T02:56:16Z,"0002cc0100000648","2251049750fd3e9c025f0d15e7627b2e9cf000000000000000ffffffffffffffffffffffff",3.91,,0.15,13,21.90,18.21,100841.00,0.00,0,0,0,0,,,-1.00,-1.00,-1.00,-1.00,-1.00,-1.00
2023-02-01T03:02:12Z,"0002cc0100000648","22510498b4fd3ea402670d15e9627b2e2df000000000000000ffffffffffffffffffffffff",3.91,,0.15,13,21.91,18.04,100843.00,0.00,0,0,0,0,,,-1.00,-1.00,-1.00,-1.00,-1.00,-1.00
2023-02-01T03:08:08Z,"0002cc0100000648","2251049a18fd3e9c02670d15ec62802dcdf000000000000000ffffffffffffffffffffffff",3.91,,0.15,13,21.92,17.89,100861.00,0.00,0,0,0,0,,,-1.00,-1.00,-1.00,-1.00,-1.00,-1.00
2023-02-01T03:14:04Z,"0002cc0100000648","2251049b7cfd3e9c025f0d15f1627f2d7df000000000000000ffffffffffffffffffffffff",3.91,,0.15,13,21.94,17.77,100858.00,0.00,0,0,0,0,,,-1.00,-1.00,-1.00,-1.00,-1.00,-1.00
2023-02-01T03:20:01Z,"0002cc0100000648","2251049ce1fd3e9c025f0d15f4627a2d42f000000000000000ffffffffffffffffffffffff",3.91,,0.15,13,21.95,17.68,100837.00,0.00,0,0,0,0,,,-1.00,-1.00,-1.00,-1.00,-1.00,-1.00
2023-02-01T03:25:57Z,"0002cc0100000648","2251049e45fd3e9c02670d15f9627e2d0ff000000000000000ffffffffffffffffffffffff",3.91,,0.15,13,21.97,17.60,100854.00,0.00,0,0,0,0,,,-1.00,-1.00,-1.00,-1.00,-1.00,-1.00
2023-02-01T03:31:53Z,"0002cc0100000648","2251049fa9fd3e98025f0d160162802cbef000000000000000ffffffffffffffffffffffff",3.91,,0.15,13,22.00,17.48,100860.00,0.00,0,0,0,0,,,-1.00,-1.00,-1.00,-1.00,-1.00,-1.00
2023-02-01T03:37:49Z,"0002cc0100000648","225104a10dfd3e98025f0d160b627e2c84f000000000000000ffffffffffffffffffffffff",3.91,,0.15,13,22.04,17.39,100854.00,0.00,0,0,0,0,,,-1.00,-1.00,-1.00,-1.00,-1.00,-1.00
2023-02-01T03:43:45Z,"0002cc0100000648","225104a271fd3e9402670d1612627f2c2bf000000000000000ffffffffffffffffffffffff",3.91,,0.15,13,22.07,17.25,100856.00,0.00,0,0,0,0,,,-1.00,-1.00,-1.00,-1.00,-1.00,-1.00
2023-02-01T03:49:41Z,"0002cc0100000648","225104a3d5fd3e9c025f0d161d62822be2f000000000000000ffffffffffffffffffffffff",3.91,,0.15,13,22.11,17.14,100871.00,0.00,0,0,0,0,,,-1.00,-1.00,-1.00,-1.00,-1.00,-1.00
2023-02-01T03:55:37Z,"0002cc0100000648","225104a539fd3e9c025f0d162262812ba8f000000000000000ffffffffffffffffffffffff",3.91,,0.15,13,22.13,17.05,100865.00,0.00,0,0,0,0,,,-1.00,-1.00,-1.00,-1.00,-1.00,-1.00
2023-02-01T04:01:33Z,"0002cc0100000648","225104a69dfd3e9c02670d162c62802cc2f000000000000000ffffffffffffffffffffffff",3.91,,0.15,13,22.17,17.48,100861.00,0.00,0,0,0,0,,,-1.00,-1.00,-1.00,-1.00,-1.00,-1.00
2023-02-01T04:07:29Z,"0002cc0100000648","225104a801fd3e9c025f0d163662822cc3f000000000000000ffffffffffffffffffffffff",3.91,,0.15,13,22.21,17.49,100871.00,0.00,0,0,0,0,,,-1.00,-1.00,-1.00,-1.00,-1.00,-1.00
2023-02-01T04:13:25Z,"0002cc0100000648","225104a965fd3e9802670d163e62832b86f000000000000000ffffffffffffffffffffffff",3.91,,0.15,13,22.24,17.00,100875.00,0.00,0,0,0,0,,,-1.00,-1.00,-1.00,-1.00,-1.00,-1.00
2023-02-01T04:19:22Z,"0002cc0100000648","225104aacafd3e9802670d164662802b2df000000000000000ffffffffffffffffffffffff",3.91,,0.15,13,22.27,16.87,100861.00,0.00,0,0,0,0,,,-1.00,-1.00,-1.00,-1.00,-1.00,-1.00
2023-02-01T04:25:18Z,"0002cc0100000648","225104ac2efd3e9802670d164b62812bacf000000000000000ffffffffffffffffffffffff",3.91,,0.15,13,22.29,17.06,100866.00,0.00,0,0,0,0,,,-1.00,-1.00,-1.00,-1.00,-1.00,-1.00
2023-02-01T04:31:14Z,"0002cc0100000648","225104ad92fd3e9802670d164d62852b02f000000000000000ffffffffffffffffffffffff",3.91,,0.15,13,22.30,16.80,100883.00,0.00,0,0,0,0,,,-1.00,-1.00,-1.00,-1.00,-1.00,-1.00
2023-02-01T04:37:10Z,"0002cc0100000648","225104aef6fd3e94025f0d165262892aa2f000000000000000ffffffffffffffffffffffff",3.91,,0.15,13,22.32,16.65,100897.00,0.00,0,0,0,0,,,-1.00,-1.00,-1.00,-1.00,-1.00,-1.00
2023-02-01T04:43:06Z,"0002cc0100000648","225104b05afd3e9802670d165262902a49f000000000000000ffffffffffffffffffffffff",3.91,,0.15,13,22.32,16.52,100925.00,0.00,0,0,0,0,,,-1.00,-1.00,-1.00,-1.00,-1.00,-1.00
2023-02-01T04:49:02Z,"0002cc0100000648","225104b1befd3e98025f0d1655628c29bdf000000000000000ffffffffffffffffffffffff",3.91,,0.15,13,22.33,16.30,100909.00,0.00,0,0,0,0,,,-1.00,-1.00,-1.00,-1.00,-1.00,-1.00
2023-02-01T04:54:58Z,"0002cc0100000648","225104b322fd3e98025f0d1655628a297af000000000000000ffffffffffffffffffffffff",3.91,,0.15,13,22.33,16.20,100900.00,0.00,0,0,0,0,,,-1.00,-1.00,-1.00,-1.00,-1.00,-1.00
2023-02-01T05:00:54Z,"0002cc0100000648","225104b486fd3e98025f0d1655628f29b5f000000000000000ffffffffffffffffffffffff",3.91,,0.15,13,22.33,16.29,100923.00,0.00,0,0,0,0,,,-1.00,-1.00,-1.00,-1.00,-1.00,-1.00
2023-02-01T05:06:50Z,"0002cc0100000648","225104b5eafd3e9802670d1655628c296bf000000000000000ffffffffffffffffffffffff",3.91,,0.15,13,22.33,16.18,100910.00,0.00,0,0,0,0,,,-1.00,-1.00,-1.00,-1.00,-1.00,-1.00
2023-02-01T05:12:46Z,"0002cc0100000648","225104b74efd3e98025f0d165562902955f000000000000000ffffffffffffffffffffffff",3.91,,0.15,13,22.33,16.15,100927.00,0.00,0,0,0,0,,,-1.00,-1.00,-1.00,-1.00,-1.00,-1.00
2023-02-01T05:18:42Z,"0002cc0100000648","225104b8b2fd3e9c025f0d165562892a60f000000000000000ffffffffffffffffffffffff",3.91,,0.15,13,22.33,16.55,100898.00,0.00,0,0,0,0,,,-1.00,-1.00,-1.00,-1.00,-1.00,-1.00
2023-02-01T05:24:39Z,"0002cc0100000648","225104ba17fd3e98025f0d165862912955f000000000000000ffffffffffffffffffffffff",3.91,,0.15,13,22.34,16.15,100931.00,0.00,0,0,0,0,,,-1.00,-1.00,-1.00,-1.00,-1.00,-1.00
2023-02-01T05:30:35Z,"0002cc0100000648","225104bb7bfd3e9802670d165a628e2973f000000000000000ffffffffffffffffffffffff",3.91,,0.15,13,22.35,16.19,100916.00,0.00,0,0,0,0,,,-1.00,-1.00,-1.00,-1.00,-1.00,-1.00
2023-02-01T05:36:31Z,"0002cc0100000648","225104bcdffd3e94025f0d165d628c2973f000000000000000ffffffffffffffffffffffff",3.91,,0.15,13,22.36,16.19,100910.00,0.00,0,0,0,0,,,-1.00,-1.00,-1.00,-1.00,-1.00,-1.00
2023-02-01T05:42:27Z,"0002cc0100000648","225104be43fd3e94025f0d165d628b28eef000000000000000ffffffffffffffffffffffff",3.91,,0.15,13,22.36,15.99,100906.00,0.00,0,0,0,0,,,-1.00,-1.00,-1.00,-1.00,-1.00,-1.00
2023-02-01T05:48:23Z,"0002cc0100000648","225104bfa7fd3e98025f0d165d628b291af000000000000000ffffffffffffffffffffffff",3.91,,0.15,13,22.36,16.06,100907.00,0.00,0,0,0,0,,,-1.00,-1.00,-1.00,-1.00,-1.00,-1.00
2023-02-01T05:54:19Z,"0002cc0100000648","225104c10bfd3e98025f0d165d628a28d0f000000000000000ffffffffffffffffffffffff",3.91,,0.15,13,22.36,15.94,100903.00,0.00,0,0,0,0,,,-1.00,-1.00,-1.00,-1.00,-1.00,-1.00
2023-02-01T06:00:15Z,"0002cc0100000648","225104c26ffd3e9802670d165d628d2895f000000000000000ffffffffffffffffffffffff",3.91,,0.15,13,22.36,15.85,100913.00,0.00,0,0,0,0,,,-1.00,-1.00,-1.00,-1.00,-1.00,-1.00
2023-02-01T06:06:11Z,"0002cc0100000648","225104c3d3fd3e98025f0d165d62892852f000000000000000ffffffffffffffffffffffff",3.91,,0.15,13,22.36,15.75,100899.00,0.00,0,0,0,0,,,-1.00,-1.00,-1.00,-1.00,-1.00,-1.00
2023-02-01T06:12:07Z,"0002cc0100000648","225104c537fd3e94025f0d165d62862843f000000000000000ffffffffffffffffffffffff",3.91,,0.15,13,22.36,15.73,100887.00,0.00,0,0,0,0,,,-1.00,-1.00,-1.00,-1.00,-1.00,-1.00
2023-02-01T06:18:03Z,"0002cc0100000648","225104c69bfd3e9802670d165a6284283cf000000000000000ffffffffffffffffffffffff",3.91,,0.15,13,22.35,15.72,100877.00,0.00,0,0,0,0,,,-1.00,-1.00,-1.00,-1.00,-1.00,-1.00
2023-02-01T06:24:00Z,"0002cc0100000648","225104c800fd3e98025f0d165a62872852f000000000000000ffffffffffffffffffffffff",3.91,,0.15,13,22.35,15.75,100890.00,0.00,0,0,0,0,,,-1.00,-1.00,-1.00,-1.00,-1.00,-1.00
2023-02-01T06:29:56Z,"0002cc0100000648","225104c964fd3e98025f0d165a628a2973f000000000000000ffffffffffffffffffffffff",3.91,,0.15,13,22.35,16.19,100901.00,0.00,0,0,0,0,,,-1.00,-1.00,-1.00,-1.00,-1.00,-1.00
2023-02-01T06:35:52Z,"0002cc0100000648","225104cac8fd3e94025f0d165d628d2938f000000000000000ffffffffffffffffffffffff",3.91,,0.15,13,22.36,16.10,100914.00,0.00,0,0,0,0,,,-1.00,-1.00,-1.00,-1.00,-1.00,-1.00
2023-02-01T06:41:48Z,"0002cc0100000648","225104cc2cfd3e98025f0d165d62922938f000000000000000ffffffffffffffffffffffff",3.91,,0.15,13,22.36,16.10,100935.00,0.00,0,0,0,0,,,-1.00,-1.00,-1.00,-1.00,-1.00,-1.00
2023-02-01T06:47:44Z,"0002cc0100000648","225104cd90fd3e98025f0d165f629028d8f000000000000000ffffffffffffffffffffffff",3.91,,0.15,13,22.37,15.96,100927.00,0.00,0,0,0,0,,,-1.00,-1.00,-1.00,-1.00,-1.00,-1.00
2023-02-01T06:53:40Z,"0002cc0100000648","225104cef4fd3e9802670d165f628929cdf000000000000000ffffffffffffffffffffffff",3.91,,0.15,13,22.37,16.33,100898.00,0.00,0,0,0,0,,,-1.00,-1.00,-1.00,-1.00,-1.00,-1.00
2023-02-01T06:59:36Z,"0002cc0100000648","225104d058fd3e9802670d165f628b290cf000000000000000ffffffffffffffffffffffff",3.91,,0.15,13,22.37,16.03,100904.00,0.00,0,0,0,0,,,-1.00,-1.00,-1.00,-1.00,-1.00,-1.00
2023-02-01T07:05:32Z,"0002cc0100000648","225104d1bcfd3e98025f0d165f628428a4f000000000000000ffffffffffffffffffffffff",3.91,,0.15,13,22.37,15.88,100879.00,0.00,0,0,0,0,,,-1.00,-1.00,-1.00,-1.00,-1.00,-1.00
2023-02-01T07:11:28Z,"0002cc0100000648","225104d320fd3e98025f0d166262882862f000000000000000ffffffffffffffffffffffff",3.91,,0.15,13,22.38,15.77,100893.00,0.00,0,0,0,0,,,-1.00,-1.00,-1.00,-1.00,-1.00,-1.00
2023-02-01T07:17:24Z,"0002cc0100000648","225104d484fd3ea002670d165f62882826f000000000000000ffffffffffffffffffffffff",3.91,,0.15,13,22.37,15.68,100892.00,0.00,0,0,0,0,,,-1.00,-1.00,-1.00,-1.00,-1.00,-1.00
2023-02-01T07:23:21Z,"0002cc0100000648","225104d5e9fd3e98025f0d1662628a2818f000000000000000ffffffffffffffffffffffff",3.91,,0.15,13,22.38,15.66,100902.00,0.00,0,0,0,0,,,-1.00,-1.00,-1.00,-1.00,-1.00,-1.00
2023-02-01T07:29:17Z,"0002cc0100000648","225104d74dfd3e98025f0d16626288283df000000000000000ffffffffffffffffffffffff",3.91,,0.15,13,22.38,15.72,100894.00,0.00,0,0,0,0,,,-1.00,-1.00,-1.00,-1.00,-1.00,-1.00
2023-02-01T07:35:13Z,"0002cc0100000648","225104d8b1fd3e98025f0d165f6282282df000000000000000ffffffffffffffffffffffff",3.91,,0.15,13,22.37,15.69,100871.00,0.00,0,0,0,0,,,-1.00,-1.00,-1.00,-1.00,-1.00,-1.00
2023-02-01T07:41:09Z,"0002cc0100000648","225104da15fd3e8c025f0d165f627e2869f000000000000000ffffffffffffffffffffffff",3.91,,0.15,13,22.37,15.79,100853.00,0.00,0,0,0,0,,,-1.00,-1.00,-1.00,-1.00,-1.00,-1.00
2023-02-01T07:47:05Z,"0002cc0100000648","225104db79fd3e9802670d165f6280289df000000000000000ffffffffffffffffffffffff",3.91,,0.15,13,22.37,15.86,100861.00,0.00,0,0,0,0,,,-1.00,-1.00,-1.00,-1.00,-1.00,-1.00
2023-02-01T07:53:01Z,"0002cc0100000648","225104dcddfd3e98025f0d166262842818f000000000000000ffffffffffffffffffffffff",3.91,,0.15,13,22.38,15.66,100876.00,0.00,0,0,0,0,,,-1.00,-1.00,-1.00,-1.00,-1.00,-1.00
2023-02-01T07:58:57Z,"0002cc0100000648","225104de41fd3e94025f0d165f628528b3f000000000000000ffffffffffffffffffffffff",3.91,,0.15,13,22.37,15.90,100881.00,0.00,0,0,0,0,,,-1.00,-1.00,-1.00,-1.00,-1.00,-1.00
2023-02-01T08:04:53Z,"0002cc0100000648","225104dfa5fd3e98025f0d165f628428abf000000000000000ffffffffffffffffffffffff",3.91,,0.15,13,22.37,15.89,100878.00,0.00,0,0,0,0,,,-1.00,-1.00,-1.00,-1.00,-1.00,-1.00
2023-02-01T08:10:49Z,"0002cc0100000648","225104e109fd3e94025f0d165f627f282df000000000000000ffffffffffffffffffffffff",3.91,,0.15,13,22.37,15.69,100859.00,0.00,0,0,0,0,,,-1.00,-1.00,-1.00,-1.00,-1.00,-1.00
2023-02-01T08:16:45Z,"0002cc0100000648","225104e26dfd3e98025f0d16626281282ef000000000000000ffffffffffffffffffffffff",3.91,,0.15,13,22.38,15.70,100865.00,0.00,0,0,0,0,,,-1.00,-1.00,-1.00,-1.00,-1.00,-1.00
2023-02-01T08:22:41Z,"0002cc0100000648","225104e3d1fd3e98025f0d165f627e2861f000000000000000ffffffffffffffffffffffff",3.91,,0.15,13,22.37,15.77,100853.00,0.00,0,0,0,0,,,-1.00,-1.00,-1.00,-1.00,-1.00,-1.00
2023-02-01T08:28:38Z,"0002cc0100000648","225104e536fd3e9002670d165f628128e6f000000000000000ffffffffffffffffffffffff",3.91,,0.15,13,22.37,15.98,100866.00,0.00,0,0,0,0,,,-1.00,-1.00,-1.00,-1.00,-1.00,-1.00
2023-02-01T08:34:34Z,"0002cc0100000648","225104e69afd3e90025f0d165f628429eaf000000000000000ffffffffffffffffffffffff",3.91,,0.15,13,22.37,16.37,100876.00,0.00,0,0,0,0,,,-1.00,-1.00,-1.00,-1.00,-1.00,-1.00
2023-02-01T08:40:30Z,"0002cc0100000648","225104e7fefd3e9802670d166262862a9cf000000000000000ffffffffffffffffffffffff",3.91,,0.15,13,22.38,16.64,100886.00,0.00,0,0,0,0,,,-1.00,-1.00,-1.00,-1.00,-1.00,-1.00
2023-02-01T08:46:26Z,"0002cc0100000648","225104e962fd3e90025f0d1667628b2adff000000000000000ffffffffffffffffffffffff",3.91,,0.15,13,22.40,16.75,100907.00,0.00,0,0,0,0,,,-1.00,-1.00,-1.00,-1.00,-1.00,-1.00
2023-02-01T08:52:22Z,"0002cc0100000648","225104eac6fd3e98025f0d166c628a2ac2f000000000000000ffffffffffffffffffffffff",3.91,,0.15,13,22.42,16.70,100903.00,0.00,0,0,0,0,,,-1.00,-1.00,-1.00,-1.00,-1.00,-1.00
2023-02-01T08:58:18Z,"0002cc0100000648","225104ec2afd3e9002670d1674628c2a45f000000000000000ffffffffffffffffffffffff",3.91,,0.15,13,22.45,16.51,100908.00,0.00,0,0,0,0,,,-1.00,-1.00,-1.00,-1.00,-1.00,-1.00
2023-02-01T09:04:14Z,"0002cc0100000648","225104ed8efd3e90025f0d1674628a2a5bf000000000000000ffffffffffffffffffffffff",3.91,,0.15,13,22.45,16.55,100902.00,0.00,0,0,0,0,,,-1.00,-1.00,-1.00,-1.00,-1.00,-1.00
2023-02-01T09:10:10Z,"0002cc0100000648","225104eef2fd3e8c025f0d1676628b2ad2f000000000000000ffffffffffffffffffffffff",3.91,,0.15,13,22.46,16.73,100906.00,0.00,0,0,0,0,,,-1.00,-1.00,-1.00,-1.00,-1.00,-1.00
2023-02-01T09:16:06Z,"0002cc0100000648","225104f056fd3e90025f0d1679628a2b66f000000000000000ffffffffffffffffffffffff",3.91,,0.15,13,22.47,16.95,100902.00,0.00,0,0,0,0,,,-1.00,-1.00,-1.00,-1.00,-1.00,-1.00
2023-02-01T09:22:02Z,"0002cc0100000648","225104f1bafd3e9802670d1676628f2af7f000000000000000ffffffffffffffffffffffff",3.91,,0.15,13,22.46,16.78,100921.00,0.00,0,0,0,0,,,-1.00,-1.00,-1.00,-1.00,-1.00,-1.00
2023-02-01T09:27:59Z,"0002cc0100000648","225104f31ffd3e90025f0d1676628f2a9ef000000000000000ffffffffffffffffffffffff",3.91,,0.15,13,22.46,16.65,100921.00,0.00,0,0,0,0,,,-1.00,-1.00,-1.00,-1.00,-1.00,-1.00
2023-02-01T09:33:55Z,"0002cc0100000648","225104f483fd3e90025f0d1676628d2aeff000000000000000ffffffffffffffffffffffff",3.91,,0.15,13,22.46,16.77,100915.00,0.00,0,0,0,0,,,-1.00,-1.00,-1.00,-1.00,-1.00,-1.00
2023-02-01T09:39:51Z,"0002cc0100000648","225104f5e7fd3e9802670d1676628e2a9ef000000000000000ffffffffffffffffffffffff",3.91,,0.15,13,22.46,16.65,100916.00,0.00,0,0,0,0,,,-1.00,-1.00,-1.00,-1.00,-1.00,-1.00
2023-02-01T09:45:47Z,"0002cc0100000648","225104f74bfd3e90025f0d1679628a2aadf000000000000000ffffffffffffffffffffffff",3.91,,0.15,13,22.47,16.67,100901.00,0.00,0,0,0,0,,,-1.00,-1.00,-1.00,-1.00,-1.00,-1.00
2023-02-01T09:51:43Z,"0002cc0100000648","225104f8affd3e90025f0d167662892a6af000000000000000ffffffffffffffffffffffff",3.91,,0.15,13,22.46,16.57,100898.00,0.00,0,0,0,0,,,-1.00,-1.00,-1.00,-1.00,-1.00,-1.00
2023-02-01T09:57:39Z,"0002cc0100000648","225104fa13fd3e90025f0d167662852a28f000000000000000ffffffffffffffffffffffff",3.91,,0.15,13,22.46,16.47,100882.00,0.00,0,0,0,0,,,-1.00,-1.00,-1.00,-1.00,-1.00,-1.00
2023-02-01T10:03:35Z,"0002cc0100000648","225104fb77fd3e90025f0d1679628329f4f000000000000000ffffffffffffffffffffffff",3.91,,0.15,13,22.47,16.39,100875.00,0.00,0,0,0,0,,,-1.00,-1.00,-1.00,-1.00,-1.00,-1.00
2023-02-01T10:09:31Z,"0002cc0100000648","225104fcdbfd3e90025f0d167962812a0af000000000000000ffffffffffffffffffffffff",3.91,,0.15,13,22.47,16.42,100866.00,0.00,0,0,0,0,,,-1.00,-1.00,-1.00,-1.00,-1.00,-1.00
2023-02-01T10:15:27Z,"0002cc0100000648","225104fe3ffd3e90025f0d167b62872a0af000000000000000ffffffffffffffffffffffff",3.91,,0.15,13,22.48,16.42,100891.00,0.00,0,0,0,0,,,-1.00,-1.00,-1.00,-1.00,-1.00,-1.00
2023-02-01T10:21:24Z,"0002cc0100000648","225104ffa4fd3e8c025f0d167b628829c0f000000000000000ffffffffffffffffffffffff",3.91,,0.15,13,22.48,16.31,100894.00,0.00,0,0,0,0,,,-1.00,-1.00,-1.00,-1.00,-1.00,-1.00
2023-02-01T10:27:19Z,"0002cc0100000648","2251050107fd3e9002670d167e6282294af000000000000000ffffffffffffffffffffffff",3.91,,0.15,13,22.49,16.13,100869.00,0.00,0,0,0,0,,,-1.00,-1.00,-1.00,-1.00,-1.00,-1.00
2023-02-01T10:33:16Z,"0002cc0100000648","225105026cfd3e8c025f0d167e628628f1f000000000000000ffffffffffffffffffffffff",3.91,,0.15,13,22.49,15.99,100885.00,0.00,0,0,0,0,,,-1.00,-1.00,-1.00,-1.00,-1.00,-1.00
2023-02-01T10:39:12Z,"0002cc0100000648","22510503d0fd3e98025f0d167e62872890f000000000000000ffffffffffffffffffffffff",3.91,,0.15,13,22.49,15.85,100888.00,0.00,0,0,0,0,,,-1.00,-1.00,-1.00,-1.00,-1.00,-1.00
2023-02-01T10:45:08Z,"0002cc0100000648","2251050534fd3e90025f0d167e62862829f000000000000000ffffffffffffffffffffffff",3.91,,0.15,13,22.49,15.69,100887.00,0.00,0,0,0,0,,,-1.00,-1.00,-1.00,-1.00,-1.00,-1.00
2023-02-01T10:51:04Z,"0002cc0100000648","2251050698fd3e90025f0d167e628b27edf000000000000000ffffffffffffffffffffffff",3.91,,0.15,13,22.49,15.60,100905.00,0.00,0,0,0,0,,,-1.00,-1.00,-1.00,-1.00,-1.00,-1.00
2023-02-01T10:57:00Z,"0002cc0100000648","22510507fcfd3e8c025f0d167e628927abf000000000000000ffffffffffffffffffffffff",3.91,,0.15,13,22.49,15.50,100898.00,0.00,0,0,0,0,,,-1.00,-1.00,-1.00,-1.00,-1.00,-1.00
2023-02-01T11:02:56Z,"0002cc0100000648","2251050960fd3e8c02670d167b628827abf000000000000000ffffffffffffffffffffffff",3.91,,0.15,13,22.48,15.50,100894.00,0.00,0,0,0,0,,,-1.00,-1.00,-1.00,-1.00,-1.00,-1.00
2023-02-01T11:08:52Z,"0002cc0100000648","2251050ac4fd3e90025f0d167b628c280bf000000000000000ffffffffffffffffffffffff",3.91,,0.15,13,22.48,15.64,100911.00,0.00,0,0,0,0,,,-1.00,-1.00,-1.00,-1.00,-1.00,-1.00
2023-02-01T11:14:48Z,"0002cc0100000648","2251050c28fd3e8c025f0d167b628b2846f000000000000000ffffffffffffffffffffffff",3.91,,0.15,13,22.48,15.73,100906.00,0.00,0,0,0,0,,,-1.00,-1.00,-1.00,-1.00,-1.00,-1.00
2023-02-01T11:20:44Z,"0002cc0100000648","2251050d8cfd3e90025f0d167b6291293bf000000000000000ffffffffffffffffffffffff",3.91,,0.15,13,22.48,16.11,100931.00,0.00,0,0,0,0,,,-1.00,-1.00,-1.00,-1.00,-1.00,-1.00
2023-02-01T11:26:40Z,"0002cc0100000648","2251050ef0fd3e90025f0d1679629428e2f000000000000000ffffffffffffffffffffffff",3.91,,0.15,13,22.47,15.97,100943.00,0.00,0,0,0,0,,,-1.00,-1.00,-1.00,-1.00,-1.00,-1.00
2023-02-01T11:32:37Z,"0002cc0100000648","2251051055fd3e90025f0d167b629228f0f000000000000000ffffffffffffffffffffffff",3.91,,0.15,13,22.48,15.99,100935.00,0.00,0,0,0,0,,,-1.00,-1.00,-1.00,-1.00,-1.00,-1.00
2023-02-01T11:38:33Z,"0002cc0100000648","22510511b9fd3e9002670d167b629028aef000000000000000ffffffffffffffffffffffff",3.91,,0.15,13,22.48,15.89,100927.00,0.00,0,0,0,0,,,-1.00,-1.00,-1.00,-1.00,-1.00,-1.00
2023-02-01T11:44:29Z,"0002cc0100000648","225105131dfd3e8c025f0d167b628e28d3f000000000000000ffffffffffffffffffffffff",3.91,,0.15,13,22.48,15.95,100918.00,0.00,0,0,0,0,,,-1.00,-1.00,-1.00,-1.00,-1.00,-1.00
2023-02-01T11:50:25Z,"0002cc0100000648","2251051481fd3e90025f0d167e62912a63f000000000000000ffffffffffffffffffffffff",3.91,,0.15,13,22.49,16.56,100928.00,0.00,0,0,0,0,,,-1.00,-1.00,-1.00,-1.00,-1.00,-1.00
2023-02-01T11:56:21Z,"0002cc0100000648","22510515e5fd3e8c025f0d168162952adaf000000000000000ffffffffffffffffffffffff",3.91,,0.15,13,22.50,16.74,100945.00,0.00,0,0,0,0,,,-1.00,-1.00,-1.00,-1.00,-1.00,-1.00
2023-02-01T12:02:17Z,"0002cc0100000648","2251051749fd3e88025f0d168162992b76f000000000000000ffffffffffffffffffffffff",3.91,,0.15,13,22.50,16.98,100960.00,0.00,0,0,0,0,,,-1.00,-1.00,-1.00,-1.00,-1.00,-1.00
2023-02-01T12:08:13Z,"0002cc0100000648","22510518adfd3e90025f0d1686629b2bcff000000000000000ffffffffffffffffffffffff",3.91,,0.15,13,22.52,17.11,100970.00,0.00,0,0,0,0,,,-1.00,-1.00,-1.00,-1.00,-1.00,-1.00
2023-02-01T12:14:09Z,"0002cc0100000648","2251051a11fd3e8c025f0d168662982b60f000000000000000ffffffffffffffffffffffff",3.91,,0.15,13,22.52,16.94,100957.00,0.00,0,0,0,0,,,-1.00,-1.00,-1.00,-1.00,-1.00,-1.00
2023-02-01T12:20:05Z,"0002cc0100000648","2251051b75fd3e90025f0d168b62952b59f000000000000000ffffffffffffffffffffffff",3.91,,0.15,13,22.54,16.93,100945.00,0.00,0,0,0,0,,,-1.00,-1.00,-1.00,-1.00,-1.00,-1.00
2023-02-01T12:26:01Z,"0002cc0100000648","2251051cd9fd3e90025f0d168d62952b08f000000000000000ffffffffffffffffffffffff",3.91,,0.15,13,22.55,16.81,100944.00,0.00,0,0,0,0,,,-1.00,-1.00,-1.00,-1.00,-1.00,-1.00
2023-02-01T12:31:58Z,"0002cc0100000648","2251051e3efd3e8c02670d1690628f2a83f000000000000000ffffffffffffffffffffffff",3.91,,0.15,13,22.56,16.61,100921.00,0.00,0,0,0,0,,,-1.00,-1.00,-1.00,-1.00,-1.00,-1.00
2023-02-01T12:37:54Z,"0002cc0100000648","2251051fa2fd3e8c025f0d169262962a1bf000000000000000ffffffffffffffffffffffff",3.91,,0.15,13,22.57,16.45,100948.00,0.00,0,0,0,0,,,-1.00,-1.00,-1.00,-1.00,-1.00,-1.00
2023-02-01T12:43:50Z,"0002cc0100000648","2251052106fd3e8c025f0d1692629329c9f000000000000000ffffffffffffffffffffffff",3.91,,0.15,13,22.57,16.32,100937.00,0.00,0,0,0,0,,,-1.00,-1.00,-1.00,-1.00,-1.00,-1.00
2023-02-01T12:49:46Z,"0002cc0100000648","225105226afd3e88025f0d1692629329b4f000000000000000ffffffffffffffffffffffff",3.91,,0.15,13,22.57,16.29,100938.00,0.00,0,0,0,0,,,-1.00,-1.00,-1.00,-1.00,-1.00,-1.00
2023-02-01T12:55:42Z,"0002cc0100000648","22510523cefd3e9002670d169562962a23f000000000000000ffffffffffffffffffffffff",3.91,,0.15,13,22.58,16.46,100950.00,0.00,0,0,0,0,,,-1.00,-1.00,-1.00,-1.00,-1.00,-1.00
2023-02-01T13:01:38Z,"0002cc0100000648","2251052532fd3e90025f0d1695629329acf000000000000000ffffffffffffffffffffffff",3.91,,0.15,13,22.58,16.28,100939.00,0.00,0,0,0,0,,,-1.00,-1.00,-1.00,-1.00,-1.00,-1.00
2023-02-01T13:07:34Z,"0002cc0100000648","2251052696fd3e8c025f0d169562982a05f000000000000000ffffffffffffffffffffffff",3.91,,0.15,13,22.58,16.41,100959.00,0.00,0,0,0,0,,,-1.00,-1.00,-1.00,-1.00,-1.00,-1.00
2023-02-01T13:13:30Z,"0002cc0100000648","22510527fafd3e8c02670d1695629e2a14f000000000000000ffffffffffffffffffffffff",3.91,,0.15,13,22.58,16.44,100981.00,0.00,0,0,0,0,,,-1.00,-1.00,-1.00,-1.00,-1.00,-1.00
2023-02-01T13:19:26Z,"0002cc0100000648","225105295efd3e8c025f0d1698629f2a06f000000000000000ffffffffffffffffffffffff",3.91,,0.15,13,22.59,16.42,100985.00,0.00,0,0,0,0,,,-1.00,-1.00,-1.00,-1.00,-1.00,-1.00
2023-02-01T13:25:22Z,"0002cc0100000648","2251052ac2fd3e7b025f0d1698629c2a2bf000000000000000ffffffffffffffffffffffff",3.90,,0.15,13,22.59,16.47,100972.00,0.00,0,0,0,0,,,-1.00,-1.00,-1.00,-1.00,-1.00,-1.00
2023-02-01T13:31:18Z,"0002cc0100000648","2251052c26fd3e7f025f0d169a62972b69f000000000000000ffffffffffffffffffffffff",3.91,,0.15,13,22.60,16.96,100953.00,0.00,0,0,0,0,,,-1.00,-1.00,-1.00,-1.00,-1.00,-1.00
2023-02-01T13:37:15Z,"0002cc0100000648","2251052d8bfd3e90025f0d169a62932b88f000000000000000ffffffffffffffffffffffff",3.91,,0.15,13,22.60,17.00,100936.00,0.00,0,0,0,0,,,-1.00,-1.00,-1.00,-1.00,-1.00,-1.00
2023-02-01T13:43:11Z,"0002cc0100000648","2251052eeffd3e90025f0d169a62922b36f000000000000000ffffffffffffffffffffffff",3.91,,0.15,13,22.60,16.88,100933.00,0.00,0,0,0,0,,,-1.00,-1.00,-1.00,-1.00,-1.00,-1.00
2023-02-01T13:49:07Z,"0002cc0100000648","2251053053fd3e8c025f0d169862892ae4f000000000000000ffffffffffffffffffffffff",3.91,,0.15,13,22.59,16.75,100897.00,0.00,0,0,0,0,,,-1.00,-1.00,-1.00,-1.00,-1.00,-1.00
2023-02-01T13:55:03Z,"0002cc0100000648","22510531b7fd3e8c025f0d169562922a2b0ac0000000000000ffffffffffffffffffffffff",3.91,,0.15,13,22.58,16.47,100933.00,172.00,0,0,0,0,,,-1.00,-1.00,-1.00,-1.00,-1.00,-1.00
2023-02-01T14:00:59Z,"0002cc0100000648","225105331bfd3e8c025f0d169562952a1b0a80000000000000ffffffffffffffffffffffff",3.91,,0.15,13,22.58,16.45,100944.00,168.00,0,0,0,0,,,-1.00,-1.00,-1.00,-1.00,-1.00,-1.00
2023-02-01T14:06:55Z,"0002cc0100000648","225105347ffd3e90025f0d1692629029c20aa0000000000000ffffffffffffffffffffffff",3.91,,0.15,13,22.57,16.31,100927.00,170.00,0,0,0,0,,,-1.00,-1.00,-1.00,-1.00,-1.00,-1.00
2023-02-01T14:12:51Z,"0002cc0100000648","22510535e3fd3e8c025f0d168d62922a140990000000000000ffffffffffffffffffffffff",3.91,,0.15,13,22.55,16.44,100933.00,153.00,0,0,0,0,,,-1.00,-1.00,-1.00,-1.00,-1.00,-1.00
2023-02-01T14:18:47Z,"0002cc0100000648","2251053747fd3e8c025f0d1688629229d80a70000000000000ffffffffffffffffffffffff",3.91,,0.15,13,22.53,16.34,100933.00,167.00,0,0,0,0,,,-1.00,-1.00,-1.00,-1.00,-1.00,-1.00
2023-02-01T14:24:43Z,"0002cc0100000648","22510538abfd3e8c025f0d1681629129e60900000000000000ffffffffffffffffffffffff",3.91,,0.15,13,22.50,16.37,100928.00,144.00,0,0,0,0,,,-1.00,-1.00,-1.00,-1.00,-1.00,-1.00
2023-02-01T14:30:39Z,"0002cc0100000648","2251053a0ffd3e8c025f0d16796293296008b0000000000000ffffffffffffffffffffffff",3.91,,0.15,13,22.47,16.16,100936.00,139.00,0,0,0,0,,,-1.00,-1.00,-1.00,-1.00,-1.00,-1.00
2023-02-01T14:36:35Z,"0002cc0100000648","2251053b73fd3e8c025f0d1671629a293a0b30000000000000ffffffffffffffffffffffff",3.91,,0.15,13,22.44,16.10,100965.00,179.00,0,0,0,0,,,-1.00,-1.00,-1.00,-1.00,-1.00,-1.00
2023-02-01T14:42:32Z,"0002cc0100000648","2251053cd8fd3e90025f0d1667629f291b0a20000000000000ffffffffffffffffffffffff",3.91,,0.15,13,22.40,16.06,100986.00,162.00,0,0,0,0,,,-1.00,-1.00,-1.00,-1.00,-1.00,-1.00
2023-02-01T14:48:28Z,"0002cc0100000648","2251053e3cfd3e88025f0d165f62a228c90b50000000000000ffffffffffffffffffffffff",3.91,,0.15,13,22.37,15.93,100998.00,181.00,0,0,0,0,,,-1.00,-1.00,-1.00,-1.00,-1.00,-1.00
2023-02-01T14:54:24Z,"0002cc0100000648","2251053fa0fd3e8c02670d165a62a428d00a40000000000000ffffffffffffffffffffffff",3.91,,0.15,13,22.35,15.94,101006.00,164.00,0,0,0,0,,,-1.00,-1.00,-1.00,-1.00,-1.00,-1.00
2023-02-01T15:00:20Z,"0002cc0100000648","2251054104fd3e94025f0d165562a628fc0ac0000000000000ffffffffffffffffffffffff",3.91,,0.15,13,22.33,16.01,101012.00,172.00,0,0,0,0,,,-1.00,-1.00,-1.00,-1.00,-1.00,-1.00
2023-02-01T15:06:16Z,"0002cc0100000648","2251054268fd3e8c025f0d165062a5294608c0000000000000ffffffffffffffffffffffff",3.91,,0.15,13,22.31,16.12,101011.00,140.00,0,0,0,0,,,-1.00,-1.00,-1.00,-1.00,-1.00,-1.00
2023-02-01T15:12:12Z,"0002cc0100000648","22510543ccfd3e8c025f0d164862a028dd0a80000000000000ffffffffffffffffffffffff",3.91,,0.15,13,22.28,15.96,100990.00,168.00,0,0,0,0,,,-1.00,-1.00,-1.00,-1.00,-1.00,-1.00
2023-02-01T15:18:08Z,"0002cc0100000648","2251054530fd3e8c025f0d164362a3289209e0000000000000ffffffffffffffffffffffff",3.91,,0.15,13,22.26,15.85,101001.00,158.00,0,0,0,0,,,-1.00,-1.00,-1.00,-1.00,-1.00,-1.00
2023-02-01T15:24:04Z,"0002cc0100000648","2251054694fd3e7f025f0d163e62a0285f0a30000000000000ffffffffffffffffffffffff",3.91,,0.15,13,22.24,15.77,100988.00,163.00,0,0,0,0,,,-1.00,-1.00,-1.00,-1.00,-1.00,-1.00
2023-02-01T15:30:00Z,"0002cc0100000648","22510547f8fd3e8c025f0d1639629c28400970000000000000ffffffffffffffffffffffff",3.91,,0.15,13,22.22,15.72,100972.00,151.00,0,0,0,0,,,-1.00,-1.00,-1.00,-1.00,-1.00,-1.00
2023-02-01T15:35:56Z,"0002cc0100000648","225105495cfd3e8c025f0d1636629f28140a00000000000000ffffffffffffffffffffffff",3.91,,0.15,13,22.21,15.66,100985.00,160.00,0,0,0,0,,,-1.00,-1.00,-1.00,-1.00,-1.00,-1.00
2023-02-01T15:41:52Z,"0002cc0100000648","2251054ac0fd3e8c02670d163162a727f60a10000000000000ffffffffffffffffffffffff",3.91,,0.15,13,22.19,15.61,101018.00,161.00,0,0,0,0,,,-1.00,-1.00,-1.00,-1.00,-1.00,-1.00
2023-02-01T15:47:49Z,"0002cc0100000648","2251054c25fd3e8c025f0d163162a728982bc4000000000000ffffffffffffffffffffffff",3.91,,0.15,13,22.19,15.86,101017.00,1506.00,0,0,0,0,,,-1.00,-1.00,-1.00,-1.00,-1.00,-1.00
2023-02-01T15:53:45Z,"0002cc0100000648","2251054d89fd3e7f025f0d163b62aa29780b40000000000000ffffffffffffffffffffffff",3.91,,0.15,13,22.23,16.20,101028.00,180.00,0,0,0,0,,,-1.00,-1.00,-1.00,-1.00,-1.00,-1.00
2023-02-01T15:59:41Z,"0002cc0100000648","2251054eedfd3e8c025f0d164162a62ce90c30000000000000ffffffffffffffffffffffff",3.91,,0.15,13,22.25,17.54,101014.00,195.00,0,0,0,0,,,-1.00,-1.00,-1.00,-1.00,-1.00,-1.00
2023-02-01T16:05:37Z,"0002cc0100000648","2251055051fd3e8c025f0d163b62a32f7b0c10000000000000ffffffffffffffffffffffff",3.91,,0.15,13,22.23,18.55,101002.00,193.00,0,0,0,0,,,-1.00,-1.00,-1.00,-1.00,-1.00,-1.00
2023-02-01T16:11:33Z,"0002cc0100000648","22510551b5fd3e8c025f0d162c629f31450b40000000000000ffffffffffffffffffffffff",3.91,,0.15,13,22.17,19.25,100984.00,180.00,0,0,0,0,,,-1.00,-1.00,-1.00,-1.00,-1.00,-1.00
2023-02-01T16:17:29Z,"0002cc0100000648","2251055319fd3e8c025f0d161a62a131070b60000000000000ffffffffffffffffffffffff",3.91,,0.15,13,22.10,19.15,100992.00,182.00,0,0,0,0,,,-1.00,-1.00,-1.00,-1.00,-1.00,-1.00
2023-02-01T16:23:25Z,"0002cc0100000648","225105547dfd3e8c025f0d160662a730bb0bb0000000000000ffffffffffffffffffffffff",3.91,,0.15,13,22.02,19.04,101016.00,187.00,0,0,0,0,,,-1.00,-1.00,-1.00,-1.00,-1.00,-1.00
2023-02-01T16:29:21Z,"0002cc0100000648","22510555e1fd3e8c025f0d15f162b0309b0c10000000000000ffffffffffffffffffffffff",3.91,,0.15,13,21.94,18.99,101054.00,193.00,0,0,0,0,,,-1.00,-1.00,-1.00,-1.00,-1.00,-1.00
2023-02-01T16:35:17Z,"0002cc0100000648","2251055745fd3e8c025f0d15da62b430f90cb0000000000000ffffffffffffffffffffffff",3.91,,0.15,13,21.85,19.13,101068.00,203.00,0,0,0,0,,,-1.00,-1.00,-1.00,-1.00,-1.00,-1.00
2023-02-01T16:41:14Z,"0002cc0100000648","22510558aafd3e8c02670d15c662b030e80cd0000000000000ffffffffffffffffffffffff",3.91,,0.15,13,21.77,19.10,101053.00,205.00,0,0,0,0,,,-1.00,-1.00,-1.00,-1.00,-1.00,-1.00
2023-02-01T16:47:10Z,"0002cc0100000648","2251055a0efd3e8c025f0d15b162ab30e60c80000000000000ffffffffffffffffffffffff",3.91,,0.15,13,21.69,19.10,101035.00,200.00,0,0,0,0,,,-1.00,-1.00,-1.00,-1.00,-1.00,-1.00
2023-02-01T16:53:06Z,"0002cc0100000648","2251055b72fd3e8c02670d159f62b030eb0b20000000000000ffffffffffffffffffffffff",3.91,,0.15,13,21.62,19.11,101054.00,178.00,0,0,0,0,,,-1.00,-1.00,-1.00,-1.00,-1.00,-1.00
2023-02-01T16:59:02Z,"0002cc0100000648","2251055cd6fd3e7b02670d159062b130e20c70000000000000ffffffffffffffffffffffff",3.90,,0.15,13,21.56,19.10,101058.00,199.00,0,0,0,0,,,-1.00,-1.00,-1.00,-1.00,-1.00,-1.00
2023-02-01T17:04:58Z,"0002cc0100000648","2251055e3afd3e7f025f0d158662ab30cb2dd0000000000000ffffffffffffffffffffffff",3.91,,0.15,13,21.52,19.06,101034.00,1768.00,0,0,0,0,,,-1.00,-1.00,-1.00,-1.00,-1.00,-1.00
2023-02-01T17:10:54Z,"0002cc0100000648","2251055f9efd3e8c02670d158362ac2fb90c60000000000000ffffffffffffffffffffffff",3.91,,0.15,13,21.51,18.64,101038.00,198.00,0,0,0,0,,,-1.00,-1.00,-1.00,-1.00,-1.00,-1.00
2023-02-01T17:16:50Z,"0002cc0100000648","2251056102fd3e7f025f0d158b62ad300b0c70000000000000ffffffffffffffffffffffff",3.91,,0.15,13,21.54,18.77,101042.00,199.00,0,0,0,0,,,-1.00,-1.00,-1.00,-1.00,-1.00,-1.00
2023-02-01T17:22:46Z,"0002cc0100000648","2251056266fd3e8c02670d159062ac2ffd0bc0000000000000ffffffffffffffffffffffff",3.91,,0.15,13,21.56,18.75,101039.00,188.00,0,0,0,0,,,-1.00,-1.00,-1.00,-1.00,-1.00,-1.00
2023-02-01T17:28:42Z,"0002cc0100000648","22510563cafd3e7f02670d159062a330220bf0000000000000ffffffffffffffffffffffff",3.91,,0.15,13,21.56,18.80,101000.00,191.00,0,0,0,0,,,-1.00,-1.00,-1.00,-1.00,-1.00,-1.00
2023-02-01T17:34:38Z,"0002cc0100000648","225105652efd3e8c025f0d158b62a22ffd2f3c000000000000ffffffffffffffffffffffff",3.91,,0.15,13,21.54,18.75,100996.00,1950.00,0,0,0,0,,,-1.00,-1.00,-1.00,-1.00,-1.00,-1.00
2023-02-01T17:40:35Z,"0002cc0100000648","2251056693fd3e8c02670d158b62a02f700c30000000000000ffffffffffffffffffffffff",3.91,,0.15,13,21.54,18.53,100990.00,195.00,0,0,0,0,,,-1.00,-1.00,-1.00,-1.00,-1.00,-1.00
2023-02-01T17:46:31Z,"0002cc0100000648","22510567f7fd3e8c025f0d1588629f2fd00ae0000000000000ffffffffffffffffffffffff",3.91,,0.15,13,21.53,18.68,100986.00,174.00,0,0,0,0,,,-1.00,-1.00,-1.00,-1.00,-1.00,-1.00
2023-02-01T17:52:27Z,"0002cc0100000648","225105695bfd3e7f025f0d1586629c2fc80b10000000000000ffffffffffffffffffffffff",3.91,,0.15,13,21.52,18.67,100973.00,177.00,0,0,0,0,,,-1.00,-1.00,-1.00,-1.00,-1.00,-1.00
2023-02-01T17:58:23Z,"0002cc0100000648","2251056abffd3e8c02670d1586629b2fe60bd0000000000000ffffffffffffffffffffffff",3.91,,0.15,13,21.52,18.71,100971.00,189.00,0,0,0,0,,,-1.00,-1.00,-1.00,-1.00,-1.00,-1.00
2023-02-01T18:04:19Z,"0002cc0100000648","2251056c23fd3e8c02670d1583629b2f7e0c40000000000000ffffffffffffffffffffffff",3.91,,0.15,13,21.51,18.55,100969.00,196.00,0,0,0,0,,,-1.00,-1.00,-1.00,-1.00,-1.00,-1.00
2023-02-01T18:10:15Z,"0002cc0100000648","2251056d87fd3e8c02670d1581629930360bc0000000000000ffffffffffffffffffffffff",3.91,,0.15,13,21.50,18.83,100960.00,188.00,0,0,0,0,,,-1.00,-1.00,-1.00,-1.00,-1.00,-1.00
2023-02-01T18:16:11Z,"0002cc0100000648","2251056eebfd3e8c025f0d157b628f309d0b30000000000000ffffffffffffffffffffffff",3.91,,0.15,13,21.48,18.99,100920.00,179.00,0,0,0,0,,,-1.00,-1.00,-1.00,-1.00,-1.00,-1.00
2023-02-01T18:22:07Z,"0002cc0100000648","225105704ffd3e8c025f0d157e628f30fe0a60000000000000ffffffffffffffffffffffff",3.91,,0.15,13,21.49,19.14,100921.00,166.00,0,0,0,0,,,-1.00,-1.00,-1.00,-1.00,-1.00,-1.00
2023-02-01T18:28:04Z,"0002cc0100000648","22510571b4fd3e8c025f0d157e6293304d0bb0000000000000ffffffffffffffffffffffff",3.91,,0.15,13,21.49,18.87,100936.00,187.00,0,0,0,0,,,-1.00,-1.00,-1.00,-1.00,-1.00,-1.00
2023-02-01T18:34:00Z,"0002cc0100000648","2251057318fd3e84025f0d1581629130200b50000000000000ffffffffffffffffffffffff",3.91,,0.15,13,21.50,18.80,100930.00,181.00,0,0,0,0,,,-1.00,-1.00,-1.00,-1.00,-1.00,-1.00
2023-02-01T18:39:56Z,"0002cc0100000648","225105747cfd3e8c025f0d1581628f30370b20000000000000ffffffffffffffffffffffff",3.91,,0.15,13,21.50,18.83,100921.00,178.00,0,0,0,0,,,-1.00,-1.00,-1.00,-1.00,-1.00,-1.00
2023-02-01T18:45:52Z,"0002cc0100000648","22510575e0fd3e8c025f0d1581628a303e0d50000000000000ffffffffffffffffffffffff",3.91,,0.15,13,21.50,18.84,100902.00,213.00,0,0,0,0,,,-1.00,-1.00,-1.00,-1.00,-1.00,-1.00
2023-02-01T18:51:48Z,"0002cc0100000648","2251057744fd3e8402670d157e628730540c10000000000000ffffffffffffffffffffffff",3.91,,0.15,13,21.49,18.88,100890.00,193.00,0,0,0,0,,,-1.00,-1.00,-1.00,-1.00,-1.00,-1.00
2023-02-01T18:57:44Z,"0002cc0100000648","22510578a8fd3e8c025f0d157b628630020c50000000000000ffffffffffffffffffffffff",3.91,,0.15,13,21.48,18.75,100884.00,197.00,0,0,0,0,,,-1.00,-1.00,-1.00,-1.00,-1.00,-1.00
2023-02-01T19:03:40Z,"0002cc0100000648","2251057a0cfd3e8c02670d157b6285303d0bb0000000000000ffffffffffffffffffffffff",3.91,,0.15,13,21.48,18.84,100883.00,187.00,0,0,0,0,,,-1.00,-1.00,-1.00,-1.00,-1.00,-1.00
2023-02-01T19:09:36Z,"0002cc0100000648","2251057b70fd3e7702670d1579628030ac0b90000000000000ffffffffffffffffffffffff",3.90,,0.15,13,21.47,19.01,100863.00,185.00,0,0,0,0,,,-1.00,-1.00,-1.00,-1.00,-1.00,-1.00
2023-02-01T19:15:32Z,"0002cc0100000648","2251057cd4fd3e84025f0d157b628230e00b20000000000000ffffffffffffffffffffffff",3.91,,0.15,13,21.48,19.09,100868.00,178.00,0,0,0,0,,,-1.00,-1.00,-1.00,-1.00,-1.00,-1.00
2023-02-01T19:21:29Z,"0002cc0100000648","2251057e39fd3e7f025f0d157b628030710b70000000000000ffffffffffffffffffffffff",3.91,,0.15,13,21.48,18.92,100861.00,183.00,0,0,0,0,,,-1.00,-1.00,-1.00,-1.00,-1.00,-1.00
2023-02-01T19:27:25Z,"0002cc0100000648","2251057f9dfd3e8c02670d157e627f30630bf0000000000000ffffffffffffffffffffffff",3.91,,0.15,13,21.49,18.90,100856.00,191.00,0,0,0,0,,,-1.00,-1.00,-1.00,-1.00,-1.00,-1.00
2023-02-01T19:33:21Z,"0002cc0100000648","2251058101fd3e84025f0d157e6279305b0a70000000000000ffffffffffffffffffffffff",3.91,,0.15,13,21.49,18.89,100832.00,167.00,0,0,0,0,,,-1.00,-1.00,-1.00,-1.00,-1.00,-1.00
2023-02-01T19:39:17Z,"0002cc0100000648","2251058265fd3e8c02670d157e626f30540ae0000000000000ffffffffffffffffffffffff",3.91,,0.15,13,21.49,18.88,100792.00,174.00,0,0,0,0,,,-1.00,-1.00,-1.00,-1.00,-1.00,-1.00
2023-02-01T19:45:13Z,"0002cc0100000648","22510583c9fd3e84025f0d157b626b304c0b70000000000000ffffffffffffffffffffffff",3.91,,0.15,13,21.48,18.87,100778.00,183.00,0,0,0,0,,,-1.00,-1.00,-1.00,-1.00,-1.00,-1.00
2023-02-01T19:51:09Z,"0002cc0100000648","225105852dfd3e77025f0d157b626630450be0000000000000ffffffffffffffffffffffff",3.90,,0.15,13,21.48,18.86,100757.00,190.00,0,0,0,0,,,-1.00,-1.00,-1.00,-1.00,-1.00,-1.00
2023-02-01T19:57:05Z,"0002cc0100000648","2251058691fd3e8c025f0d157b626830710c50000000000000ffffffffffffffffffffffff",3.91,,0.15,13,21.48,18.92,100764.00,197.00,0,0,0,0,,,-1.00,-1.00,-1.00,-1.00,-1.00,-1.00
2023-02-01T20:03:01Z,"0002cc0100000648","22510587f5fd3e84025f0d157b626430450a50000000000000ffffffffffffffffffffffff",3.91,,0.15,13,21.48,18.86,100748.00,165.00,0,0,0,0,,,-1.00,-1.00,-1.00,-1.00,-1.00,-1.00
2023-02-01T20:08:57Z,"0002cc0100000648","2251058959fd3e8402670d1579626130450b90000000000000ffffffffffffffffffffffff",3.91,,0.15,13,21.47,18.86,100739.00,185.00,0,0,0,0,,,-1.00,-1.00,-1.00,-1.00,-1.00,-1.00
2023-02-01T20:14:53Z,"0002cc0100000648","2251058abdfd3e8402670d1579625f30530bf0000000000000ffffffffffffffffffffffff",3.91,,0.15,13,21.47,18.88,100729.00,191.00,0,0,0,0,,,-1.00,-1.00,-1.00,-1.00,-1.00,-1.00
2023-02-01T20:20:49Z,"0002cc0100000648","2251058c21fd3e84025f0d1576625830620ab0000000000000ffffffffffffffffffffffff",3.91,,0.15,13,21.46,18.90,100700.00,171.00,0,0,0,0,,,-1.00,-1.00,-1.00,-1.00,-1.00,-1.00
2023-02-01T20:26:46Z,"0002cc0100000648","2251058d86fd3e84025f0d1576625130690b60000000000000ffffffffffffffffffffffff",3.91,,0.15,13,21.46,18.91,100674.00,182.00,0,0,0,0,,,-1.00,-1.00,-1.00,-1.00,-1.00,-1.00
2023-02-01T20:32:42Z,"0002cc0100000648","2251058eeafd3e84025f0d1571625230700b50000000000000ffffffffffffffffffffffff",3.91,,0.15,13,21.44,18.92,100677.00,181.00,0,0,0,0,,,-1.00,-1.00,-1.00,-1.00,-1.00,-1.00
2023-02-01T20:38:38Z,"0002cc0100000648","225105904efd3e8402670d156f624930700b30000000000000ffffffffffffffffffffffff",3.91,,0.15,13,21.43,18.92,100643.00,179.00,0,0,0,0,,,-1.00,-1.00,-1.00,-1.00,-1.00,-1.00
2023-02-01T20:44:34Z,"0002cc0100000648","22510591b2fd3e7f025f0d1571624c30860b50000000000000ffffffffffffffffffffffff",3.91,,0.15,13,21.44,18.96,100653.00,181.00,0,0,0,0,,,-1.00,-1.00,-1.00,-1.00,-1.00,-1.00
2023-02-01T20:50:30Z,"0002cc0100000648","2251059316fd3e84025f0d1571624d307f0c70000000000000ffffffffffffffffffffffff",3.91,,0.15,13,21.44,18.94,100657.00,199.00,0,0,0,0,,,-1.00,-1.00,-1.00,-1.00,-1.00,-1.00
2023-02-01T20:56:26Z,"0002cc0100000648","225105947afd3e8402670d156f624d309c0a30000000000000ffffffffffffffffffffffff",3.91,,0.15,13,21.43,18.99,100658.00,163.00,0,0,0,0,,,-1.00,-1.00,-1.00,-1.00,-1.00,-1.00
2023-02-01T21:02:22Z,"0002cc0100000648","22510595defd3e84025f0d156c624b30940c50000000000000ffffffffffffffffffffffff",3.91,,0.15,13,21.42,18.98,100649.00,197.00,0,0,0,0,,,-1.00,-1.00,-1.00,-1.00,-1.00,-1.00
2023-02-01T21:08:18Z,"0002cc0100000648","2251059742fd3e84025f0d156c624f30940bc0000000000000ffffffffffffffffffffffff",3.91,,0.15,13,21.42,18.98,100666.00,188.00,0,0,0,0,,,-1.00,-1.00,-1.00,-1.00,-1.00,-1.00
2023-02-01T21:14:14Z,"0002cc0100000648","22510598a6fd3e84025f0d1569624c30c00c40000000000000ffffffffffffffffffffffff",3.91,,0.15,13,21.41,19.04,100653.00,196.00,0,0,0,0,,,-1.00,-1.00,-1.00,-1.00,-1.00,-1.00
2023-02-01T21:20:10Z,"0002cc0100000648","2251059a0afd3e7702670d1569624d310a0a60000000000000ffffffffffffffffffffffff",3.90,,0.15,13,21.41,19.16,100658.00,166.00,0,0,0,0,,,-1.00,-1.00,-1.00,-1.00,-1.00,-1.00
2023-02-01T21:26:07Z,"0002cc0100000648","2251059b6ffd3e84025f0d1567624f32220c20000000000000ffffffffffffffffffffffff",3.91,,0.15,13,21.40,19.58,100666.00,194.00,0,0,0,0,,,-1.00,-1.00,-1.00,-1.00,-1.00,-1.00
2023-02-01T21:32:03Z,"0002cc0100000648","2251059cd3fd3e7f025f0d1569624d33080ac0000000000000ffffffffffffffffffffffff",3.91,,0.15,13,21.41,19.93,100657.00,172.00,0,0,0,0,,,-1.00,-1.00,-1.00,-1.00,-1.00,-1.00
2023-02-01T21:37:59Z,"0002cc0100000648","2251059e37fd3e84025f0d156f624b32f20a10000000000000ffffffffffffffffffffffff",3.91,,0.15,13,21.43,19.90,100648.00,161.00,0,0,0,0,,,-1.00,-1.00,-1.00,-1.00,-1.00,-1.00
2023-02-01T21:43:55Z,"0002cc0100000648","2251059f9bfd3e84025f0d1571624f32d60b60000000000000ffffffffffffffffffffffff",3.91,,0.15,13,21.44,19.86,100665.00,182.00,0,0,0,0,,,-1.00,-1.00,-1.00,-1.00,-1.00,-1.00
2023-02-01T21:49:51Z,"0002cc0100000648","225105a0fffd3e77025f0d1574624f328b0cf0000000000000ffffffffffffffffffffffff",3.90,,0.15,13,21.45,19.74,100665.00,207.00,0,0,0,0,,,-1.00,-1.00,-1.00,-1.00,-1.00,-1.00
2023-02-01T21:55:47Z,"0002cc0100000648","225105a263fd3e8402670d1571625332b00b50000000000000ffffffffffffffffffffffff",3.91,,0.15,13,21.44,19.80,100682.00,181.00,0,0,0,0,,,-1.00,-1.00,-1.00,-1.00,-1.00,-1.00
2023-02-01T22:01:43Z,"0002cc0100000648","225105a3c7fd3e7b025f0d156c625232990b40000000000000ffffffffffffffffffffffff",3.90,,0.15,13,21.42,19.77,100676.00,180.00,0,0,0,0,,,-1.00,-1.00,-1.00,-1.00,-1.00,-1.00
2023-02-01T22:07:39Z,"0002cc0100000648","225105a52bfd3e8402670d1569624a322a0a90000000000000ffffffffffffffffffffffff",3.91,,0.15,13,21.41,19.60,100645.00,169.00,0,0,0,0,,,-1.00,-1.00,-1.00,-1.00,-1.00,-1.00
2023-02-01T22:13:36Z,"0002cc0100000648","225105a690fd3e84025f0d1567624a31f60b40000000000000ffffffffffffffffffffffff",3.91,,0.15,13,21.40,19.52,100646.00,180.00,0,0,0,0,,,-1.00,-1.00,-1.00,-1.00,-1.00,-1.00
2023-02-01T22:19:32Z,"0002cc0100000648","225105a7f4fd3e7f025f0d1564623e31e00b10000000000000ffffffffffffffffffffffff",3.91,,0.15,13,21.39,19.48,100598.00,177.00,0,0,0,0,,,-1.00,-1.00,-1.00,-1.00,-1.00,-1.00
2023-02-01T22:25:28Z,"0002cc0100000648","225105a958fd3e84025f0d1562623f31e70bd0000000000000ffffffffffffffffffffffff",3.91,,0.15,13,21.38,19.49,100601.00,189.00,0,0,0,0,,,-1.00,-1.00,-1.00,-1.00,-1.00,-1.00
2023-02-01T22:31:24Z,"0002cc0100000648","225105aabcfd3e7b025f0d155f623e31d80c00000000000000ffffffffffffffffffffffff",3.90,,0.15,13,21.37,19.47,100596.00,192.00,0,0,0,0,,,-1.00,-1.00,-1.00,-1.00,-1.00,-1.00
2023-02-01T22:37:20Z,"0002cc0100000648","225105ac20fd3e84026f0d155d623e31c90be0000000000000ffffffffffffffffffffffff",3.91,,0.15,13,21.36,19.45,100599.00,190.00,0,0,0,0,,,-1.00,-1.00,-1.00,-1.00,-1.00,-1.00
2023-02-01T22:43:16Z,"0002cc0100000648","225105ad84fd3e8402670d155a623f31df0bb0000000000000ffffffffffffffffffffffff",3.91,,0.15,13,21.35,19.48,100600.00,187.00,0,0,0,0,,,-1.00,-1.00,-1.00,-1.00,-1.00,-1.00
2023-02-01T22:49:12Z,"0002cc0100000648","225105aee8fd3e8402670d155a623e31ee0b50000000000000ffffffffffffffffffffffff",3.91,,0.15,13,21.35,19.50,100598.00,181.00,0,0,0,0,,,-1.00,-1.00,-1.00,-1.00,-1.00,-1.00
2023-02-01T22:55:08Z,"0002cc0100000648","225105b04cfd3e84025f0d1558623731f40b40000000000000ffffffffffffffffffffffff",3.91,,0.15,13,21.34,19.51,100568.00,180.00,0,0,0,0,,,-1.00,-1.00,-1.00,-1.00,-1.00,-1.00
2023-02-01T23:01:04Z,"0002cc0100000648","225105b1b0fd3e84025f0d1555624031f40c20000000000000ffffffffffffffffffffffff",3.91,,0.15,13,21.33,19.51,100604.00,194.00,0,0,0,0,,,-1.00,-1.00,-1.00,-1.00,-1.00,-1.00
2023-02-01T23:07:01Z,"0002cc0100000648","225105b315fd3e7b025f0d1552624431f40bf0000000000000ffffffffffffffffffffffff",3.90,,0.15,13,21.32,19.51,100621.00,191.00,0,0,0,0,,,-1.00,-1.00,-1.00,-1.00,-1.00,-1.00
2023-02-01T23:12:57Z,"0002cc0100000648","225105b479fd3e7b025f0d1550624b32200a60000000000000ffffffffffffffffffffffff",3.90,,0.15,13,21.31,19.58,100651.00,166.00,0,0,0,0,,,-1.00,-1.00,-1.00,-1.00,-1.00,-1.00
2023-02-01T23:18:53Z,"0002cc0100000648","225105b5ddfd3e7b025f0d154d624732b40a50000000000000ffffffffffffffffffffffff",3.90,,0.15,13,21.30,19.81,100635.00,165.00,0,0,0,0,,,-1.00,-1.00,-1.00,-1.00,-1.00,-1.00
2023-02-01T23:24:49Z,"0002cc0100000648","225105b741fd3e7b026f0d154d624632bb0c20000000000000ffffffffffffffffffffffff",3.90,,0.15,13,21.30,19.82,100631.00,194.00,0,0,0,0,,,-1.00,-1.00,-1.00,-1.00,-1.00,-1.00
2023-02-01T23:30:45Z,"0002cc0100000648","225105b8a5fd3e8402670d154b624a32a40b70000000000000ffffffffffffffffffffffff",3.91,,0.15,13,21.29,19.78,100645.00,183.00,0,0,0,0,,,-1.00,-1.00,-1.00,-1.00,-1.00,-1.00
2023-02-01T23:36:41Z,"0002cc0100000648","225105ba09fd3e6f025f0d154b624532c20ca0000000000000ffffffffffffffffffffffff",3.90,,0.15,13,21.29,19.83,100627.00,202.00,0,0,0,0,,,-1.00,-1.00,-1.00,-1.00,-1.00,-1.00
2023-02-01T23:42:37Z,"0002cc0100000648","225105bb6dfd3e8402670d154b624232b30ae0000000000000ffffffffffffffffffffffff",3.91,,0.15,13,21.29,19.80,100612.00,174.00,0,0,0,0,,,-1.00,-1.00,-1.00,-1.00,-1.00,-1.00
2023-02-01T23:48:33Z,"0002cc0100000648","225105bcd1fd3e8402670d154b6245329d0b80000000000000ffffffffffffffffffffffff",3.91,,0.15,13,21.29,19.77,100627.00,184.00,0,0,0,0,,,-1.00,-1.00,-1.00,-1.00,-1.00,-1.00
2023-02-01T23:54:29Z,"0002cc0100000648","225105be35fd3e7f026f0d154d624a329d0b90000000000000ffffffffffffffffffffffff",3.91,,0.15,13,21.30,19.77,100645.00,185.00,0,0,0,0,,,-1.00,-1.00,-1.00,-1.00,-1.00,-1.00
