Time,DevEUI,Raw,Vbat,Vsystem,Vbus,BootCount,T,RH,P,Light,P[0].delta,P[0].total,P[1].delta,P[1].total,Act[7],Act[6],Act[5],Act[4],Act[3],Act[2],Act[1],Act[0]
2023-02-06T00:03:26Z,"0002cc0100000648","22510b064efd3de802520d155261753bba0cb0000000000000ffffffffffffffffffffffff",3.87,,0.14,13,21.32,23.33,99793.00,203.00,0,0,0,0,,,-1.00,-1.00,-1.00,-1.00,-1.00,-1.00
2023-02-06T00:09:22Z,"0002cc0100000648","22510b07b2fd3df0025f0d155261763bb30c50000000000000ffffffffffffffffffffffff",3.87,,0.15,13,21.32,23.32,99797.00,197.00,0,0,0,0,,,-1.00,-1.00,-1.00,-1.00,-1.00,-1.00
2023-02-06T00:15:18Z,"0002cc0100000648","22510b0916fd3dec025f0d155261783bb30c20000000000000ffffffffffffffffffffffff",3.87,,0.15,13,21.32,23.32,99805.00,194.00,0,0,0,0,,,-1.00,-1.00,-1.00,-1.00,-1.00,-1.00
2023-02-06T00:21:14Z,"0002cc0100000648","22510b0a7afd3df002520d1552617c3bab0ce0000000000000ffffffffffffffffffffffff",3.87,,0.14,13,21.32,23.31,99823.00,206.00,0,0,0,0,,,-1.00,-1.00,-1.00,-1.00,-1.00,-1.00
2023-02-06T00:27:10Z,"0002cc0100000648","22510b0bdefd3dec02520d155261803bba0ba0000000000000ffffffffffffffffffffffff",3.87,,0.14,13,21.32,23.33,99837.00,186.00,0,0,0,0,,,-1.00,-1.00,-1.00,-1.00,-1.00,-1.00
2023-02-06T00:33:06Z,"0002cc0100000648","22510b0d42fd3df0025f0d155561823c640c90000000000000ffffffffffffffffffffffff",3.87,,0.15,13,21.33,23.59,99844.00,201.00,0,0,0,0,,,-1.00,-1.00,-1.00,-1.00,-1.00,-1.00
2023-02-06T00:39:02Z,"0002cc0100000648","22510b0ea6fd3df0025f0d155561833c0b0af0000000000000ffffffffffffffffffffffff",3.87,,0.15,13,21.33,23.46,99849.00,175.00,0,0,0,0,,,-1.00,-1.00,-1.00,-1.00,-1.00,-1.00
2023-02-06T00:44:59Z,"0002cc0100000648","22510b100bfd3dec025f0d155861843c0b0c80000000000000ffffffffffffffffffffffff",3.87,,0.15,13,21.34,23.46,99854.00,200.00,0,0,0,0,,,-1.00,-1.00,-1.00,-1.00,-1.00,-1.00
2023-02-06T00:50:55Z,"0002cc0100000648","22510b116ffd3df0025f0d155861853cff0b60000000000000ffffffffffffffffffffffff",3.87,,0.15,13,21.34,23.83,99858.00,182.00,0,0,0,0,,,-1.00,-1.00,-1.00,-1.00,-1.00,-1.00
2023-02-06T00:56:51Z,"0002cc0100000648","22510b12d3fd3de8025f0d155d61873d670bd0000000000000ffffffffffffffffffffffff",3.87,,0.15,13,21.36,23.99,99867.00,189.00,0,0,0,0,,,-1.00,-1.00,-1.00,-1.00,-1.00,-1.00
2023-02-06T01:02:47Z,"0002cc0100000648","22510b1437fd3df0025f0d155f61893cd40c70000000000000ffffffffffffffffffffffff",3.87,,0.15,13,21.37,23.76,99873.00,199.00,0,0,0,0,,,-1.00,-1.00,-1.00,-1.00,-1.00,-1.00
2023-02-06T01:08:43Z,"0002cc0100000648","22510b159bfd3de0025f0d155f618a3d070c30000000000000ffffffffffffffffffffffff",3.87,,0.15,13,21.37,23.84,99878.00,195.00,0,0,0,0,,,-1.00,-1.00,-1.00,-1.00,-1.00,-1.00
2023-02-06T01:14:39Z,"0002cc0100000648","22510b16fffd3de8025f0d1562618d3d250c50000000000000ffffffffffffffffffffffff",3.87,,0.15,13,21.38,23.88,99891.00,197.00,0,0,0,0,,,-1.00,-1.00,-1.00,-1.00,-1.00,-1.00
2023-02-06T01:20:35Z,"0002cc0100000648","22510b1863fd3dec025f0d156261903cd40c10000000000000ffffffffffffffffffffffff",3.87,,0.15,13,21.38,23.76,99900.00,193.00,0,0,0,0,,,-1.00,-1.00,-1.00,-1.00,-1.00,-1.00
2023-02-06T01:26:32Z,"0002cc0100000648","22510b19c8fd3dec025f0d155f61913caf0c10000000000000ffffffffffffffffffffffff",3.87,,0.15,13,21.37,23.71,99904.00,193.00,0,0,0,0,,,-1.00,-1.00,-1.00,-1.00,-1.00,-1.00
2023-02-06T01:32:27Z,"0002cc0100000648","22510b1b2bfd3dec025f0d155d61913c820b50000000000000ffffffffffffffffffffffff",3.87,,0.15,13,21.36,23.64,99905.00,181.00,0,0,0,0,,,-1.00,-1.00,-1.00,-1.00,-1.00,-1.00
2023-02-06T01:38:24Z,"0002cc0100000648","22510b1c90fd3dec025f0d155d61933c740c10000000000000ffffffffffffffffffffffff",3.87,,0.15,13,21.36,23.61,99912.00,193.00,0,0,0,0,,,-1.00,-1.00,-1.00,-1.00,-1.00,-1.00
2023-02-06T01:44:20Z,"0002cc0100000648","22510b1df4fd3df0025f0d155d61943c560bf0000000000000ffffffffffffffffffffffff",3.87,,0.15,13,21.36,23.57,99916.00,191.00,0,0,0,0,,,-1.00,-1.00,-1.00,-1.00,-1.00,-1.00
2023-02-06T01:50:16Z,"0002cc0100000648","22510b1f58fd3dec02520d155d61973c740c40000000000000ffffffffffffffffffffffff",3.87,,0.14,13,21.36,23.61,99930.00,196.00,0,0,0,0,,,-1.00,-1.00,-1.00,-1.00,-1.00,-1.00
2023-02-06T01:56:12Z,"0002cc0100000648","22510b20bcfd3dec02670d155a61973c652f44000000000000ffffffffffffffffffffffff",3.87,,0.15,13,21.35,23.59,99929.00,1954.00,0,0,0,0,,,-1.00,-1.00,-1.00,-1.00,-1.00,-1.00
2023-02-06T02:02:08Z,"0002cc0100000648","22510b2220fd3dec02670d155f61993c8a3831000000000000ffffffffffffffffffffffff",3.87,,0.15,13,21.37,23.65,99937.00,2097.00,0,0,0,0,,,-1.00,-1.00,-1.00,-1.00,-1.00,-1.00
2023-02-06T02:08:04Z,"0002cc0100000648","22510b2384fd3de802520d155f61983c99f000000000000000ffffffffffffffffffffffff",3.87,,0.14,13,21.37,23.67,99934.00,0.00,0,0,0,0,,,-1.00,-1.00,-1.00,-1.00,-1.00,-1.00
2023-02-06T02:14:00Z,"0002cc0100000648","22510b24e8fd3dec025f0d156461993d0ff000000000000000ffffffffffffffffffffffff",3.87,,0.15,13,21.39,23.85,99937.00,0.00,0,0,0,0,,,-1.00,-1.00,-1.00,-1.00,-1.00,-1.00
2023-02-06T02:19:56Z,"0002cc0100000648","22510b264cfd3dec025f0d156461993e5cf000000000000000ffffffffffffffffffffffff",3.87,,0.15,13,21.39,24.36,99936.00,0.00,0,0,0,0,,,-1.00,-1.00,-1.00,-1.00,-1.00,-1.00
2023-02-06T02:25:53Z,"0002cc0100000648","22510b27b1fd3dec025f0d156961993e3ef000000000000000ffffffffffffffffffffffff",3.87,,0.15,13,21.41,24.31,99938.00,0.00,0,0,0,0,,,-1.00,-1.00,-1.00,-1.00,-1.00,-1.00
2023-02-06T02:31:49Z,"0002cc0100000648","22510b2915fd3de8025f0d156f61993e29f000000000000000ffffffffffffffffffffffff",3.87,,0.15,13,21.43,24.28,99937.00,0.00,0,0,0,0,,,-1.00,-1.00,-1.00,-1.00,-1.00,-1.00
2023-02-06T02:37:45Z,"0002cc0100000648","22510b2a79fd3dec025f0d1576619c3f1ef000000000000000ffffffffffffffffffffffff",3.87,,0.15,13,21.46,24.66,99951.00,0.00,0,0,0,0,,,-1.00,-1.00,-1.00,-1.00,-1.00,-1.00
2023-02-06T02:43:41Z,"0002cc0100000648","22510b2bddfd3dec02670d157e619d3f9df000000000000000ffffffffffffffffffffffff",3.87,,0.15,13,21.49,24.85,99954.00,0.00,0,0,0,0,,,-1.00,-1.00,-1.00,-1.00,-1.00,-1.00
2023-02-06T02:49:37Z,"0002cc0100000648","22510b2d41fd3dec025f0d1586619d3ffdf000000000000000ffffffffffffffffffffffff",3.87,,0.15,13,21.52,25.00,99955.00,0.00,0,0,0,0,,,-1.00,-1.00,-1.00,-1.00,-1.00,-1.00
2023-02-06T02:55:33Z,"0002cc0100000648","22510b2ea5fd3de0025f0d158d619f3fadf000000000000000ffffffffffffffffffffffff",3.87,,0.15,13,21.55,24.87,99962.00,0.00,0,0,0,0,,,-1.00,-1.00,-1.00,-1.00,-1.00,-1.00
2023-02-06T03:01:29Z,"0002cc0100000648","22510b3009fd3dec025f0d1592619d3f89f000000000000000ffffffffffffffffffffffff",3.87,,0.15,13,21.57,24.82,99955.00,0.00,0,0,0,0,,,-1.00,-1.00,-1.00,-1.00,-1.00,-1.00
2023-02-06T03:07:25Z,"0002cc0100000648","22510b316dfd3dec02520d159a619e3f83f000000000000000ffffffffffffffffffffffff",3.87,,0.14,13,21.60,24.81,99959.00,0.00,0,0,0,0,,,-1.00,-1.00,-1.00,-1.00,-1.00,-1.00
2023-02-06T03:13:21Z,"0002cc0100000648","22510b32d1fd3de002520d15a2619f3f9af000000000000000ffffffffffffffffffffffff",3.87,,0.14,13,21.63,24.84,99963.00,0.00,0,0,0,0,,,-1.00,-1.00,-1.00,-1.00,-1.00,-1.00
2023-02-06T03:19:17Z,"0002cc0100000648","22510b3435fd3dec025f0d15a961a23f25f000000000000000ffffffffffffffffffffffff",3.87,,0.15,13,21.66,24.67,99975.00,0.00,0,0,0,0,,,-1.00,-1.00,-1.00,-1.00,-1.00,-1.00
2023-02-06T03:25:14Z,"0002cc0100000648","22510b359afd3dec02520d15af61a33e92f000000000000000ffffffffffffffffffffffff",3.87,,0.14,13,21.68,24.44,99979.00,0.00,0,0,0,0,,,-1.00,-1.00,-1.00,-1.00,-1.00,-1.00
2023-02-06T03:31:10Z,"0002cc0100000648","22510b36fefd3dec02520d15b161a33e75f000000000000000ffffffffffffffffffffffff",3.87,,0.14,13,21.69,24.40,99977.00,0.00,0,0,0,0,,,-1.00,-1.00,-1.00,-1.00,-1.00,-1.00
2023-02-06T03:37:06Z,"0002cc0100000648","22510b3862fd3de4025f0d15b461a33de2f000000000000000ffffffffffffffffffffffff",3.87,,0.15,13,21.70,24.17,99977.00,0.00,0,0,0,0,,,-1.00,-1.00,-1.00,-1.00,-1.00,-1.00
2023-02-06T03:43:02Z,"0002cc0100000648","22510b39c6fd3dec025f0d15b461a43daef000000000000000ffffffffffffffffffffffff",3.87,,0.15,13,21.70,24.09,99982.00,0.00,0,0,0,0,,,-1.00,-1.00,-1.00,-1.00,-1.00,-1.00
2023-02-06T03:48:58Z,"0002cc0100000648","22510b3b2afd3de402520d15b461a53df8f000000000000000ffffffffffffffffffffffff",3.87,,0.14,13,21.70,24.21,99986.00,0.00,0,0,0,0,,,-1.00,-1.00,-1.00,-1.00,-1.00,-1.00
2023-02-06T03:54:54Z,"0002cc0100000648","22510b3c8efd3de002520d15b661a63e0ef000000000000000ffffffffffffffffffffffff",3.87,,0.14,13,21.71,24.24,99991.00,0.00,0,0,0,0,,,-1.00,-1.00,-1.00,-1.00,-1.00,-1.00
2023-02-06T04:00:50Z,"0002cc0100000648","22510b3df2fd3de0025f0d15b961a63df9f000000000000000ffffffffffffffffffffffff",3.87,,0.15,13,21.72,24.21,99989.00,0.00,0,0,0,0,,,-1.00,-1.00,-1.00,-1.00,-1.00,-1.00
2023-02-06T04:06:46Z,"0002cc0100000648","22510b3f56fd3dec025f0d15bb61a53e2df000000000000000ffffffffffffffffffffffff",3.87,,0.15,13,21.73,24.29,99987.00,0.00,0,0,0,0,,,-1.00,-1.00,-1.00,-1.00,-1.00,-1.00
2023-02-06T04:12:42Z,"0002cc0100000648","22510b40bafd3de4025f0d15be61a63e26f000000000000000ffffffffffffffffffffffff",3.87,,0.15,13,21.74,24.28,99991.00,0.00,0,0,0,0,,,-1.00,-1.00,-1.00,-1.00,-1.00,-1.00
2023-02-06T04:18:39Z,"0002cc0100000648","22510b421ffd3de402670d15c661aa3da2f000000000000000ffffffffffffffffffffffff",3.87,,0.15,13,21.77,24.08,100006.00,0.00,0,0,0,0,,,-1.00,-1.00,-1.00,-1.00,-1.00,-1.00
2023-02-06T04:24:35Z,"0002cc0100000648","22510b4383fd3de4025f0d15c661ad3d1df000000000000000ffffffffffffffffffffffff",3.87,,0.15,13,21.77,23.87,100018.00,0.00,0,0,0,0,,,-1.00,-1.00,-1.00,-1.00,-1.00,-1.00
2023-02-06T04:30:31Z,"0002cc0100000648","22510b44e7fd3de402520d15c661ae3ce9f000000000000000ffffffffffffffffffffffff",3.87,,0.14,13,21.77,23.79,100020.00,0.00,0,0,0,0,,,-1.00,-1.00,-1.00,-1.00,-1.00,-1.00
2023-02-06T04:36:27Z,"0002cc0100000648","22510b464bfd3de4025f0d15bb61af3cd2f000000000000000ffffffffffffffffffffffff",3.87,,0.15,13,21.73,23.76,100027.00,0.00,0,0,0,0,,,-1.00,-1.00,-1.00,-1.00,-1.00,-1.00
2023-02-06T04:42:23Z,"0002cc0100000648","22510b47affd3ddc025f0d15af61b03cc1f000000000000000ffffffffffffffffffffffff",3.87,,0.15,13,21.68,23.73,100028.00,0.00,0,0,0,0,,,-1.00,-1.00,-1.00,-1.00,-1.00,-1.00
2023-02-06T04:48:19Z,"0002cc0100000648","22510b4913fd3dec02670d15a461b03ccef000000000000000ffffffffffffffffffffffff",3.87,,0.15,13,21.64,23.75,100030.00,0.00,0,0,0,0,,,-1.00,-1.00,-1.00,-1.00,-1.00,-1.00
2023-02-06T04:54:15Z,"0002cc0100000648","22510b4a77fd3de402520d159861b13d6ff000000000000000ffffffffffffffffffffffff",3.87,,0.14,13,21.59,24.00,100034.00,0.00,0,0,0,0,,,-1.00,-1.00,-1.00,-1.00,-1.00,-1.00
2023-02-06T05:00:11Z,"0002cc0100000648","22510b4bdbfd3de4025f0d158d61b23d7df000000000000000ffffffffffffffffffffffff",3.87,,0.15,13,21.55,24.02,100036.00,0.00,0,0,0,0,,,-1.00,-1.00,-1.00,-1.00,-1.00,-1.00
2023-02-06T05:06:08Z,"0002cc0100000648","22510b4d40fd3de402520d158361b33dd4f000000000000000ffffffffffffffffffffffff",3.87,,0.14,13,21.51,24.15,100041.00,0.00,0,0,0,0,,,-1.00,-1.00,-1.00,-1.00,-1.00,-1.00
2023-02-06T05:12:04Z,"0002cc0100000648","22510b4ea4fd3de402520d157961b33dadf000000000000000ffffffffffffffffffffffff",3.87,,0.14,13,21.47,24.09,100043.00,0.00,0,0,0,0,,,-1.00,-1.00,-1.00,-1.00,-1.00,-1.00
2023-02-06T05:18:00Z,"0002cc0100000648","22510b5008fd3de002520d157161b53e4ef000000000000000ffffffffffffffffffffffff",3.87,,0.14,13,21.44,24.34,100051.00,0.00,0,0,0,0,,,-1.00,-1.00,-1.00,-1.00,-1.00,-1.00
2023-02-06T05:23:56Z,"0002cc0100000648","22510b516cfd3de402520d156961b73ef7f000000000000000ffffffffffffffffffffffff",3.87,,0.14,13,21.41,24.60,100059.00,0.00,0,0,0,0,,,-1.00,-1.00,-1.00,-1.00,-1.00,-1.00
2023-02-06T05:29:52Z,"0002cc0100000648","22510b52d0fd3de4025f0d156461b93e72f000000000000000ffffffffffffffffffffffff",3.87,,0.15,13,21.39,24.39,100066.00,0.00,0,0,0,0,,,-1.00,-1.00,-1.00,-1.00,-1.00,-1.00
2023-02-06T05:35:48Z,"0002cc0100000648","22510b5434fd3de402520d156261bb3e2ff000000000000000ffffffffffffffffffffffff",3.87,,0.14,13,21.38,24.29,100073.00,0.00,0,0,0,0,,,-1.00,-1.00,-1.00,-1.00,-1.00,-1.00
2023-02-06T05:41:44Z,"0002cc0100000648","22510b5598fd3de4025f0d156261bd3e27f000000000000000ffffffffffffffffffffffff",3.87,,0.15,13,21.38,24.28,100080.00,0.00,0,0,0,0,,,-1.00,-1.00,-1.00,-1.00,-1.00,-1.00
2023-02-06T05:47:40Z,"0002cc0100000648","22510b56fcfd3de402520d156461bd3e54f000000000000000ffffffffffffffffffffffff",3.87,,0.14,13,21.39,24.35,100081.00,0.00,0,0,0,0,,,-1.00,-1.00,-1.00,-1.00,-1.00,-1.00
2023-02-06T05:53:36Z,"0002cc0100000648","22510b5860fd3de402520d156961bf3eadf000000000000000ffffffffffffffffffffffff",3.87,,0.14,13,21.41,24.48,100089.00,0.00,0,0,0,0,,,-1.00,-1.00,-1.00,-1.00,-1.00,-1.00
2023-02-06T05:59:33Z,"0002cc0100000648","22510b59c5fd3ddc02670d157161c03f07f000000000000000ffffffffffffffffffffffff",3.87,,0.15,13,21.44,24.62,100095.00,0.00,0,0,0,0,,,-1.00,-1.00,-1.00,-1.00,-1.00,-1.00
2023-02-06T06:05:29Z,"0002cc0100000648","22510b5b29fd3ddc02520d157961c03f86f000000000000000ffffffffffffffffffffffff",3.87,,0.14,13,21.47,24.81,100094.00,0.00,0,0,0,0,,,-1.00,-1.00,-1.00,-1.00,-1.00,-1.00
2023-02-06T06:11:25Z,"0002cc0100000648","22510b5c8dfd3de4025f0d158661c03f87f000000000000000ffffffffffffffffffffffff",3.87,,0.15,13,21.52,24.82,100094.00,0.00,0,0,0,0,,,-1.00,-1.00,-1.00,-1.00,-1.00,-1.00
2023-02-06T06:17:21Z,"0002cc0100000648","22510b5df1fd3de4025f0d158d61c23f37f000000000000000ffffffffffffffffffffffff",3.87,,0.15,13,21.55,24.69,100100.00,0.00,0,0,0,0,,,-1.00,-1.00,-1.00,-1.00,-1.00,-1.00
2023-02-06T06:23:17Z,"0002cc0100000648","22510b5f55fd3de002520d159561c13f38f000000000000000ffffffffffffffffffffffff",3.87,,0.14,13,21.58,24.70,100097.00,0.00,0,0,0,0,,,-1.00,-1.00,-1.00,-1.00,-1.00,-1.00
2023-02-06T06:29:13Z,"0002cc0100000648","22510b60b9fd3ddc02520d159a61c03f1cf000000000000000ffffffffffffffffffffffff",3.87,,0.14,13,21.60,24.65,100095.00,0.00,0,0,0,0,,,-1.00,-1.00,-1.00,-1.00,-1.00,-1.00
2023-02-06T06:35:09Z,"0002cc0100000648","22510b621dfd3de402520d159f61c03f41f000000000000000ffffffffffffffffffffffff",3.87,,0.14,13,21.62,24.71,100092.00,0.00,0,0,0,0,,,-1.00,-1.00,-1.00,-1.00,-1.00,-1.00
2023-02-06T06:41:05Z,"0002cc0100000648","22510b6381fd3de402520d15a461c03f1df000000000000000ffffffffffffffffffffffff",3.87,,0.14,13,21.64,24.65,100094.00,0.00,0,0,0,0,,,-1.00,-1.00,-1.00,-1.00,-1.00,-1.00
2023-02-06T06:47:01Z,"0002cc0100000648","22510b64e5fd3de402520d15a761c13f6ef000000000000000ffffffffffffffffffffffff",3.87,,0.14,13,21.65,24.78,100099.00,0.00,0,0,0,0,,,-1.00,-1.00,-1.00,-1.00,-1.00,-1.00
2023-02-06T06:52:58Z,"0002cc0100000648","22510b664afd3de4025f0d15ac61bf3f7ef000000000000000ffffffffffffffffffffffff",3.87,,0.15,13,21.67,24.80,100089.00,0.00,0,0,0,0,,,-1.00,-1.00,-1.00,-1.00,-1.00,-1.00
2023-02-06T06:58:54Z,"0002cc0100000648","22510b67aefd3ddc02520d15a961bf3f59f000000000000000ffffffffffffffffffffffff",3.87,,0.14,13,21.66,24.75,100089.00,0.00,0,0,0,0,,,-1.00,-1.00,-1.00,-1.00,-1.00,-1.00
2023-02-06T07:04:50Z,"0002cc0100000648","22510b6912fd3de4025f0d15a961bd3f25f000000000000000ffffffffffffffffffffffff",3.87,,0.15,13,21.66,24.67,100083.00,0.00,0,0,0,0,,,-1.00,-1.00,-1.00,-1.00,-1.00,-1.00
2023-02-06T07:10:46Z,"0002cc0100000648","22510b6a76fd3de4025f0d15a761bf3f25f000000000000000ffffffffffffffffffffffff",3.87,,0.15,13,21.65,24.67,100090.00,0.00,0,0,0,0,,,-1.00,-1.00,-1.00,-1.00,-1.00,-1.00
2023-02-06T07:16:42Z,"0002cc0100000648","22510b6bdafd3ddc02520d15a461c03f93f000000000000000ffffffffffffffffffffffff",3.87,,0.14,13,21.64,24.83,100092.00,0.00,0,0,0,0,,,-1.00,-1.00,-1.00,-1.00,-1.00,-1.00
2023-02-06T07:22:38Z,"0002cc0100000648","22510b6d3efd3de402520d15a261c0404bf000000000000000ffffffffffffffffffffffff",3.87,,0.14,13,21.63,25.12,100092.00,0.00,0,0,0,0,,,-1.00,-1.00,-1.00,-1.00,-1.00,-1.00
2023-02-06T07:28:34Z,"0002cc0100000648","22510b6ea2fd3ddc02520d15a261c240baf000000000000000ffffffffffffffffffffffff",3.87,,0.14,13,21.63,25.28,100100.00,0.00,0,0,0,0,,,-1.00,-1.00,-1.00,-1.00,-1.00,-1.00
2023-02-06T07:34:30Z,"0002cc0100000648","22510b7006fd3de4025f0d159f61c340a4f000000000000000ffffffffffffffffffffffff",3.87,,0.15,13,21.62,25.25,100104.00,0.00,0,0,0,0,,,-1.00,-1.00,-1.00,-1.00,-1.00,-1.00
2023-02-06T07:40:26Z,"0002cc0100000648","22510b716afd3de402520d159d61c340c7f000000000000000ffffffffffffffffffffffff",3.87,,0.14,13,21.61,25.30,100105.00,0.00,0,0,0,0,,,-1.00,-1.00,-1.00,-1.00,-1.00,-1.00
2023-02-06T07:46:22Z,"0002cc0100000648","22510b72cefd3de4025f0d159a61c1418ef000000000000000ffffffffffffffffffffffff",3.87,,0.15,13,21.60,25.61,100098.00,0.00,0,0,0,0,,,-1.00,-1.00,-1.00,-1.00,-1.00,-1.00
2023-02-06T07:52:19Z,"0002cc0100000648","22510b7433fd3de402520d159861c1426bf000000000000000ffffffffffffffffffffffff",3.87,,0.14,13,21.59,25.95,100099.00,0.00,0,0,0,0,,,-1.00,-1.00,-1.00,-1.00,-1.00,-1.00
2023-02-06T07:58:15Z,"0002cc0100000648","22510b7597fd3de002520d159861c442bdf000000000000000ffffffffffffffffffffffff",3.87,,0.14,13,21.59,26.07,100110.00,0.00,0,0,0,0,,,-1.00,-1.00,-1.00,-1.00,-1.00,-1.00
2023-02-06T08:04:11Z,"0002cc0100000648","22510b76fbfd3de402520d159861c44512f000000000000000ffffffffffffffffffffffff",3.87,,0.14,13,21.59,26.98,100108.00,0.00,0,0,0,0,,,-1.00,-1.00,-1.00,-1.00,-1.00,-1.00
2023-02-06T08:10:07Z,"0002cc0100000648","22510b785ffd3de002520d159861c4453ef000000000000000ffffffffffffffffffffffff",3.87,,0.14,13,21.59,27.05,100111.00,0.00,0,0,0,0,,,-1.00,-1.00,-1.00,-1.00,-1.00,-1.00
2023-02-06T08:16:03Z,"0002cc0100000648","22510b79c3fd3de002520d159a61c54597f000000000000000ffffffffffffffffffffffff",3.87,,0.14,13,21.60,27.18,100115.00,0.00,0,0,0,0,,,-1.00,-1.00,-1.00,-1.00,-1.00,-1.00
2023-02-06T08:21:59Z,"0002cc0100000648","22510b7b27fd3de002520d159f61c84564f000000000000000ffffffffffffffffffffffff",3.87,,0.14,13,21.62,27.11,100125.00,0.00,0,0,0,0,,,-1.00,-1.00,-1.00,-1.00,-1.00,-1.00
2023-02-06T08:27:55Z,"0002cc0100000648","22510b7c8bfd3de002520d15a461ca4565f000000000000000ffffffffffffffffffffffff",3.87,,0.14,13,21.64,27.11,100133.00,0.00,0,0,0,0,,,-1.00,-1.00,-1.00,-1.00,-1.00,-1.00
2023-02-06T08:33:51Z,"0002cc0100000648","22510b7deffd3ddc02520d15a961cc44c3f000000000000000ffffffffffffffffffffffff",3.87,,0.14,13,21.66,26.86,100140.00,0.00,0,0,0,0,,,-1.00,-1.00,-1.00,-1.00,-1.00,-1.00
2023-02-06T08:39:47Z,"0002cc0100000648","22510b7f53fd3de0025f0d15ac61cc443f0a00000000000000ffffffffffffffffffffffff",3.87,,0.15,13,21.67,26.66,100141.00,5.00,0,0,0,0,,,-1.00,-1.00,-1.00,-1.00,-1.00,-1.00
2023-02-06T08:45:44Z,"0002cc0100000648","22510b80b8fd3de002520d15ac61cd445df000000000000000ffffffffffffffffffffffff",3.87,,0.14,13,21.67,26.70,100144.00,0.00,0,0,0,0,,,-1.00,-1.00,-1.00,-1.00,-1.00,-1.00
2023-02-06T08:51:40Z,"0002cc0100000648","22510b821cfd3de0025f0d15af61cd4422f000000000000000ffffffffffffffffffffffff",3.87,,0.15,13,21.68,26.62,100147.00,0.00,0,0,0,0,,,-1.00,-1.00,-1.00,-1.00,-1.00,-1.00
2023-02-06T08:57:36Z,"0002cc0100000648","22510b8380fd3de0025f0d15af61ce4422f000000000000000ffffffffffffffffffffffff",3.87,,0.15,13,21.68,26.62,100150.00,0.00,0,0,0,0,,,-1.00,-1.00,-1.00,-1.00,-1.00,-1.00
2023-02-06T09:03:32Z,"0002cc0100000648","22510b84e4fd3de402520d15b161ce4372f000000000000000ffffffffffffffffffffffff",3.87,,0.14,13,21.69,26.35,100148.00,0.00,0,0,0,0,,,-1.00,-1.00,-1.00,-1.00,-1.00,-1.00
2023-02-06T09:09:28Z,"0002cc0100000648","22510b8648fd3dd3025f0d15af61cd432ef000000000000000ffffffffffffffffffffffff",3.86,,0.15,13,21.68,26.24,100146.00,0.00,0,0,0,0,,,-1.00,-1.00,-1.00,-1.00,-1.00,-1.00
2023-02-06T09:15:24Z,"0002cc0100000648","22510b87acfd3de002520d15ac61cd4309f000000000000000ffffffffffffffffffffffff",3.87,,0.14,13,21.67,26.19,100145.00,0.00,0,0,0,0,,,-1.00,-1.00,-1.00,-1.00,-1.00,-1.00
2023-02-06T09:21:20Z,"0002cc0100000648","22510b8910fd3de002520d15a761cd42f2f000000000000000ffffffffffffffffffffffff",3.87,,0.14,13,21.65,26.15,100146.00,0.00,0,0,0,0,,,-1.00,-1.00,-1.00,-1.00,-1.00,-1.00
2023-02-06T09:27:16Z,"0002cc0100000648","22510b8a74fd3de002520d15a761ca4369f000000000000000ffffffffffffffffffffffff",3.87,,0.14,13,21.65,26.33,100134.00,0.00,0,0,0,0,,,-1.00,-1.00,-1.00,-1.00,-1.00,-1.00
2023-02-06T09:33:12Z,"0002cc0100000648","22510b8bd8fd3dd302520d15a761ca42cdf000000000000000ffffffffffffffffffffffff",3.86,,0.14,13,21.65,26.09,100135.00,0.00,0,0,0,0,,,-1.00,-1.00,-1.00,-1.00,-1.00,-1.00
2023-02-06T09:39:09Z,"0002cc0100000648","22510b8d3dfd3de002520d15a461c94368f000000000000000ffffffffffffffffffffffff",3.87,,0.14,13,21.64,26.33,100129.00,0.00,0,0,0,0,,,-1.00,-1.00,-1.00,-1.00,-1.00,-1.00
2023-02-06T09:45:05Z,"0002cc0100000648","22510b8ea1fd3dd3025f0d15a461c742d4f000000000000000ffffffffffffffffffffffff",3.86,,0.15,13,21.64,26.11,100123.00,0.00,0,0,0,0,,,-1.00,-1.00,-1.00,-1.00,-1.00,-1.00
2023-02-06T09:51:01Z,"0002cc0100000648","22510b9005fd3de0025f0d15a461c84317f000000000000000ffffffffffffffffffffffff",3.87,,0.15,13,21.64,26.21,100127.00,0.00,0,0,0,0,,,-1.00,-1.00,-1.00,-1.00,-1.00,-1.00
2023-02-06T09:56:57Z,"0002cc0100000648","22510b9169fd3de0025f0d15a461c74352f000000000000000ffffffffffffffffffffffff",3.87,,0.15,13,21.64,26.30,100122.00,0.00,0,0,0,0,,,-1.00,-1.00,-1.00,-1.00,-1.00,-1.00
2023-02-06T10:02:53Z,"0002cc0100000648","22510b92cdfd3de002520d15a961c94386f000000000000000ffffffffffffffffffffffff",3.87,,0.14,13,21.66,26.38,100129.00,0.00,0,0,0,0,,,-1.00,-1.00,-1.00,-1.00,-1.00,-1.00
2023-02-06T10:08:49Z,"0002cc0100000648","22510b9431fd3de0025f0d15ac61c54309f000000000000000ffffffffffffffffffffffff",3.87,,0.15,13,21.67,26.19,100113.00,0.00,0,0,0,0,,,-1.00,-1.00,-1.00,-1.00,-1.00,-1.00
2023-02-06T10:14:45Z,"0002cc0100000648","22510b9595fd3de002520d15af61c542e5f000000000000000ffffffffffffffffffffffff",3.87,,0.14,13,21.68,26.13,100112.00,0.00,0,0,0,0,,,-1.00,-1.00,-1.00,-1.00,-1.00,-1.00
2023-02-06T10:20:41Z,"0002cc0100000648","22510b96f9fd3de002520d15b161c34336f000000000000000ffffffffffffffffffffffff",3.87,,0.14,13,21.69,26.25,100105.00,0.00,0,0,0,0,,,-1.00,-1.00,-1.00,-1.00,-1.00,-1.00
2023-02-06T10:26:37Z,"0002cc0100000648","22510b985dfd3de002670d15b461c34319f000000000000000ffffffffffffffffffffffff",3.87,,0.15,13,21.70,26.21,100107.00,0.00,0,0,0,0,,,-1.00,-1.00,-1.00,-1.00,-1.00,-1.00
2023-02-06T10:32:34Z,"0002cc0100000648","22510b99c2fd3de002520d15b461c34337f000000000000000ffffffffffffffffffffffff",3.87,,0.14,13,21.70,26.26,100105.00,0.00,0,0,0,0,,,-1.00,-1.00,-1.00,-1.00,-1.00,-1.00
2023-02-06T10:38:30Z,"0002cc0100000648","22510b9b26fd3ddc025f0d15b461c24354f000000000000000ffffffffffffffffffffffff",3.87,,0.15,13,21.70,26.30,100101.00,0.00,0,0,0,0,,,-1.00,-1.00,-1.00,-1.00,-1.00,-1.00
2023-02-06T10:44:26Z,"0002cc0100000648","22510b9c8afd3dd802520d15b161bd435bf000000000000000ffffffffffffffffffffffff",3.87,,0.14,13,21.69,26.31,100080.00,0.00,0,0,0,0,,,-1.00,-1.00,-1.00,-1.00,-1.00,-1.00
2023-02-06T10:50:22Z,"0002cc0100000648","22510b9deefd3de0025f0d15b461be435cf000000000000000ffffffffffffffffffffffff",3.87,,0.15,13,21.70,26.31,100084.00,0.00,0,0,0,0,,,-1.00,-1.00,-1.00,-1.00,-1.00,-1.00
2023-02-06T10:56:18Z,"0002cc0100000648","22510b9f52fd3de002670d15b461c24372f000000000000000ffffffffffffffffffffffff",3.87,,0.15,13,21.70,26.35,100101.00,0.00,0,0,0,0,,,-1.00,-1.00,-1.00,-1.00,-1.00,-1.00
2023-02-06T11:02:14Z,"0002cc0100000648","22510ba0b6fd3de0025f0d15b461c0432ff000000000000000ffffffffffffffffffffffff",3.87,,0.15,13,21.70,26.24,100092.00,0.00,0,0,0,0,,,-1.00,-1.00,-1.00,-1.00,-1.00,-1.00
2023-02-06T11:08:10Z,"0002cc0100000648","22510ba21afd3de0025f0d15b461c142edf000000000000000ffffffffffffffffffffffff",3.87,,0.15,13,21.70,26.14,100097.00,0.00,0,0,0,0,,,-1.00,-1.00,-1.00,-1.00,-1.00,-1.00
2023-02-06T11:14:06Z,"0002cc0100000648","22510ba37efd3de002520d15af61c34302f000000000000000ffffffffffffffffffffffff",3.87,,0.14,13,21.68,26.18,100106.00,0.00,0,0,0,0,,,-1.00,-1.00,-1.00,-1.00,-1.00,-1.00
2023-02-06T11:20:02Z,"0002cc0100000648","22510ba4e2fd3dd3025f0d15af61c6434cf000000000000000ffffffffffffffffffffffff",3.86,,0.15,13,21.68,26.29,100118.00,0.00,0,0,0,0,,,-1.00,-1.00,-1.00,-1.00,-1.00,-1.00
2023-02-06T11:25:59Z,"0002cc0100000648","22510ba647fd3de002520d15af61c943a5f000000000000000ffffffffffffffffffffffff",3.87,,0.14,13,21.68,26.42,100129.00,0.00,0,0,0,0,,,-1.00,-1.00,-1.00,-1.00,-1.00,-1.00
2023-02-06T11:31:55Z,"0002cc0100000648","22510ba7abfd3de002520d15ac61ca43e7f000000000000000ffffffffffffffffffffffff",3.87,,0.14,13,21.67,26.52,100134.00,0.00,0,0,0,0,,,-1.00,-1.00,-1.00,-1.00,-1.00,-1.00
2023-02-06T11:37:51Z,"0002cc0100000648","22510ba90ffd3de002520d15ac61cb4455f000000000000000ffffffffffffffffffffffff",3.87,,0.14,13,21.67,26.69,100137.00,0.00,0,0,0,0,,,-1.00,-1.00,-1.00,-1.00,-1.00,-1.00
2023-02-06T11:43:47Z,"0002cc0100000648","22510baa73fd3de002520d15af61cc4414f000000000000000ffffffffffffffffffffffff",3.87,,0.14,13,21.68,26.59,100141.00,0.00,0,0,0,0,,,-1.00,-1.00,-1.00,-1.00,-1.00,-1.00
2023-02-06T11:49:43Z,"0002cc0100000648","22510babd7fd3ddc025f0d15af61ca4482f000000000000000ffffffffffffffffffffffff",3.87,,0.15,13,21.68,26.76,100133.00,0.00,0,0,0,0,,,-1.00,-1.00,-1.00,-1.00,-1.00,-1.00
2023-02-06T11:55:39Z,"0002cc0100000648","22510bad3bfd3dd302520d15b161c844a0f000000000000000ffffffffffffffffffffffff",3.86,,0.14,13,21.69,26.81,100127.00,0.00,0,0,0,0,,,-1.00,-1.00,-1.00,-1.00,-1.00,-1.00
2023-02-06T12:01:35Z,"0002cc0100000648","22510bae9ffd3dd302520d15b161c843e7f000000000000000ffffffffffffffffffffffff",3.86,,0.14,13,21.69,26.53,100127.00,0.00,0,0,0,0,,,-1.00,-1.00,-1.00,-1.00,-1.00,-1.00
2023-02-06T12:07:31Z,"0002cc0100000648","22510bb003fd3de0025f0d15af61c9444ef000000000000000ffffffffffffffffffffffff",3.87,,0.15,13,21.68,26.68,100130.00,0.00,0,0,0,0,,,-1.00,-1.00,-1.00,-1.00,-1.00,-1.00
2023-02-06T12:13:27Z,"0002cc0100000648","22510bb167fd3de0025f0d15b161cb43e7f000000000000000ffffffffffffffffffffffff",3.87,,0.15,13,21.69,26.53,100136.00,0.00,0,0,0,0,,,-1.00,-1.00,-1.00,-1.00,-1.00,-1.00
2023-02-06T12:19:23Z,"0002cc0100000648","22510bb2cbfd3dd8025f0d15ac61c9439df000000000000000ffffffffffffffffffffffff",3.87,,0.15,13,21.67,26.41,100129.00,0.00,0,0,0,0,,,-1.00,-1.00,-1.00,-1.00,-1.00,-1.00
2023-02-06T12:25:20Z,"0002cc0100000648","22510bb430fd3dd802520d15a761c644190800000000000000ffffffffffffffffffffffff",3.87,,0.14,13,21.65,26.60,100118.00,1.00,0,0,0,0,,,-1.00,-1.00,-1.00,-1.00,-1.00,-1.00
2023-02-06T12:31:16Z,"0002cc0100000648","22510bb594fd3de002670d15a761c644b40800000000000000ffffffffffffffffffffffff",3.87,,0.15,13,21.65,26.84,100118.00,1.00,0,0,0,0,,,-1.00,-1.00,-1.00,-1.00,-1.00,-1.00
2023-02-06T12:37:12Z,"0002cc0100000648","22510bb6f8fd3dd802520d15a761c54464f000000000000000ffffffffffffffffffffffff",3.87,,0.14,13,21.65,26.71,100114.00,0.00,0,0,0,0,,,-1.00,-1.00,-1.00,-1.00,-1.00,-1.00
2023-02-06T12:43:08Z,"0002cc0100000648","22510bb85cfd3dd8025f0d15a761c544a5f000000000000000ffffffffffffffffffffffff",3.87,,0.15,13,21.65,26.82,100113.00,0.00,0,0,0,0,,,-1.00,-1.00,-1.00,-1.00,-1.00,-1.00
2023-02-06T12:49:04Z,"0002cc0100000648","22510bb9c0fd3de002520d15a461c844adf000000000000000ffffffffffffffffffffffff",3.87,,0.14,13,21.64,26.83,100125.00,0.00,0,0,0,0,,,-1.00,-1.00,-1.00,-1.00,-1.00,-1.00
2023-02-06T12:55:00Z,"0002cc0100000648","22510bbb24fd3dd802520d15a461c744eff000000000000000ffffffffffffffffffffffff",3.87,,0.14,13,21.64,26.93,100121.00,0.00,0,0,0,0,,,-1.00,-1.00,-1.00,-1.00,-1.00,-1.00
2023-02-06T13:00:56Z,"0002cc0100000648","22510bbc88fd3de4025f0d15a461c944e0f000000000000000ffffffffffffffffffffffff",3.87,,0.15,13,21.64,26.91,100128.00,0.00,0,0,0,0,,,-1.00,-1.00,-1.00,-1.00,-1.00,-1.00
2023-02-06T13:06:52Z,"0002cc0100000648","22510bbdecfd3ddc025f0d15a261cc4650f000000000000000ffffffffffffffffffffffff",3.87,,0.15,13,21.63,27.47,100140.00,0.00,0,0,0,0,,,-1.00,-1.00,-1.00,-1.00,-1.00,-1.00
2023-02-06T13:12:48Z,"0002cc0100000648","22510bbf50fd3dcb025f0d15a461d0474cf000000000000000ffffffffffffffffffffffff",3.86,,0.15,13,21.64,27.85,100158.00,0.00,0,0,0,0,,,-1.00,-1.00,-1.00,-1.00,-1.00,-1.00
2023-02-06T13:18:45Z,"0002cc0100000648","22510bc0b5fd3de002520d15a761d447e7f000000000000000ffffffffffffffffffffffff",3.87,,0.14,13,21.65,28.09,100173.00,0.00,0,0,0,0,,,-1.00,-1.00,-1.00,-1.00,-1.00,-1.00
2023-02-06T13:24:41Z,"0002cc0100000648","22510bc219fd3dd8025f0d15a461d347f5f000000000000000ffffffffffffffffffffffff",3.87,,0.15,13,21.64,28.11,100168.00,0.00,0,0,0,0,,,-1.00,-1.00,-1.00,-1.00,-1.00,-1.00
2023-02-06T13:30:37Z,"0002cc0100000648","22510bc37dfd3dd8025f0d15a261d247b2f000000000000000ffffffffffffffffffffffff",3.87,,0.15,13,21.63,28.01,100165.00,0.00,0,0,0,0,,,-1.00,-1.00,-1.00,-1.00,-1.00,-1.00
2023-02-06T13:36:33Z,"0002cc0100000648","22510bc4e1fd3dd302520d159f61d44785f000000000000000ffffffffffffffffffffffff",3.86,,0.14,13,21.62,27.94,100175.00,0.00,0,0,0,0,,,-1.00,-1.00,-1.00,-1.00,-1.00,-1.00
2023-02-06T13:42:29Z,"0002cc0100000648","22510bc645fd3dd8025f0d159d61d24794f000000000000000ffffffffffffffffffffffff",3.87,,0.15,13,21.61,27.96,100167.00,0.00,0,0,0,0,,,-1.00,-1.00,-1.00,-1.00,-1.00,-1.00
2023-02-06T13:48:25Z,"0002cc0100000648","22510bc7a9fd3dcb02520d159861d54742f000000000000000ffffffffffffffffffffffff",3.86,,0.14,13,21.59,27.84,100178.00,0.00,0,0,0,0,,,-1.00,-1.00,-1.00,-1.00,-1.00,-1.00
2023-02-06T13:54:21Z,"0002cc0100000648","22510bc90dfd3dcb025f0d159861d6479b0ab0000000000000ffffffffffffffffffffffff",3.86,,0.15,13,21.59,27.97,100180.00,171.00,0,0,0,0,,,-1.00,-1.00,-1.00,-1.00,-1.00,-1.00
2023-02-06T14:00:17Z,"0002cc0100000648","22510bca71fd3dd8025f0d159561d546cc0be0000000000000ffffffffffffffffffffffff",3.87,,0.15,13,21.58,27.66,100178.00,190.00,0,0,0,0,,,-1.00,-1.00,-1.00,-1.00,-1.00,-1.00
2023-02-06T14:06:13Z,"0002cc0100000648","22510bcbd5fd3dd802520d159261d5465d0be0000000000000ffffffffffffffffffffffff",3.87,,0.14,13,21.57,27.49,100176.00,190.00,0,0,0,0,,,-1.00,-1.00,-1.00,-1.00,-1.00,-1.00
2023-02-06T14:12:09Z,"0002cc0100000648","22510bcd39fd3dd802520d159561d546143844000000000000ffffffffffffffffffffffff",3.87,,0.14,13,21.58,27.37,100179.00,2116.00,0,0,0,0,,,-1.00,-1.00,-1.00,-1.00,-1.00,-1.00
2023-02-06T14:18:06Z,"0002cc0100000648","22510bce9efd3dd8025f0d159f61d8467c2e06000000000000ffffffffffffffffffffffff",3.87,,0.15,13,21.62,27.53,100191.00,1795.00,0,0,0,0,,,-1.00,-1.00,-1.00,-1.00,-1.00,-1.00
2023-02-06T14:24:02Z,"0002cc0100000648","22510bd002fd3dd802520d15b161d947900c00000000000000ffffffffffffffffffffffff",3.87,,0.14,13,21.69,27.95,100193.00,192.00,0,0,0,0,,,-1.00,-1.00,-1.00,-1.00,-1.00,-1.00
2023-02-06T14:29:58Z,"0002cc0100000648","22510bd166fd3dd8025f0d15b661d848840be0000000000000ffffffffffffffffffffffff",3.87,,0.15,13,21.71,28.33,100189.00,190.00,0,0,0,0,,,-1.00,-1.00,-1.00,-1.00,-1.00,-1.00
2023-02-06T14:35:54Z,"0002cc0100000648","22510bd2cafd3de402520d15af61d649250bd0000000000000ffffffffffffffffffffffff",3.87,,0.14,13,21.68,28.57,100180.00,189.00,0,0,0,0,,,-1.00,-1.00,-1.00,-1.00,-1.00,-1.00
2023-02-06T14:41:50Z,"0002cc0100000648","22510bd42efd3dd8025f0d15a461d649740af0000000000000ffffffffffffffffffffffff",3.87,,0.15,13,21.64,28.69,100181.00,175.00,0,0,0,0,,,-1.00,-1.00,-1.00,-1.00,-1.00,-1.00
2023-02-06T14:47:46Z,"0002cc0100000648","22510bd592fd3dd802520d159f61d449bd0be0000000000000ffffffffffffffffffffffff",3.87,,0.14,13,21.62,28.80,100175.00,190.00,0,0,0,0,,,-1.00,-1.00,-1.00,-1.00,-1.00,-1.00
2023-02-06T14:53:42Z,"0002cc0100000648","22510bd6f6fd3dcf02670d159f61cf4a070c80000000000000ffffffffffffffffffffffff",3.86,,0.15,13,21.62,28.92,100154.00,200.00,0,0,0,0,,,-1.00,-1.00,-1.00,-1.00,-1.00,-1.00
2023-02-06T14:59:38Z,"0002cc0100000648","22510bd85afd3dd802520d15a461ce4a340a90000000000000ffffffffffffffffffffffff",3.87,,0.14,13,21.64,28.99,100148.00,169.00,0,0,0,0,,,-1.00,-1.00,-1.00,-1.00,-1.00,-1.00
2023-02-06T15:05:35Z,"0002cc0100000648","22510bd9bffd3dd8025f0d15a761cf4b190ac0000000000000ffffffffffffffffffffffff",3.87,,0.15,13,21.65,29.33,100155.00,172.00,0,0,0,0,,,-1.00,-1.00,-1.00,-1.00,-1.00,-1.00
2023-02-06T15:11:31Z,"0002cc0100000648","22510bdb23fd3dd802520d15ac61d04ac10b80000000000000ffffffffffffffffffffffff",3.87,,0.14,13,21.67,29.20,100158.00,184.00,0,0,0,0,,,-1.00,-1.00,-1.00,-1.00,-1.00,-1.00
2023-02-06T15:17:27Z,"0002cc0100000648","22510bdc87fd3dd802520d15a461cb4ab10ba0000000000000ffffffffffffffffffffffff",3.87,,0.14,13,21.64,29.18,100137.00,186.00,0,0,0,0,,,-1.00,-1.00,-1.00,-1.00,-1.00,-1.00
2023-02-06T15:23:23Z,"0002cc0100000648","22510bddebfd3dd8025f0d159f61cb4ab00ac0000000000000ffffffffffffffffffffffff",3.87,,0.15,13,21.62,29.18,100136.00,172.00,0,0,0,0,,,-1.00,-1.00,-1.00,-1.00,-1.00,-1.00
2023-02-06T15:29:19Z,"0002cc0100000648","22510bdf4ffd3dcb025f0d159561c94ac50a30000000000000ffffffffffffffffffffffff",3.86,,0.15,13,21.58,29.21,100128.00,163.00,0,0,0,0,,,-1.00,-1.00,-1.00,-1.00,-1.00,-1.00
2023-02-06T15:35:15Z,"0002cc0100000648","22510be0b3fd3dd802520d158b61c74b230c00000000000000ffffffffffffffffffffffff",3.87,,0.14,13,21.54,29.35,100121.00,192.00,0,0,0,0,,,-1.00,-1.00,-1.00,-1.00,-1.00,-1.00
2023-02-06T15:41:11Z,"0002cc0100000648","22510be217fd3dc702520d158361c34b640b60000000000000ffffffffffffffffffffffff",3.86,,0.14,13,21.51,29.45,100106.00,182.00,0,0,0,0,,,-1.00,-1.00,-1.00,-1.00,-1.00,-1.00
2023-02-06T15:47:07Z,"0002cc0100000648","22510be37bfd3dd802670d157961c44b8e0ba0000000000000ffffffffffffffffffffffff",3.87,,0.15,13,21.47,29.51,100108.00,186.00,0,0,0,0,,,-1.00,-1.00,-1.00,-1.00,-1.00,-1.00
2023-02-06T15:53:03Z,"0002cc0100000648","22510be4dffd3dd302520d157461c34be50c70000000000000ffffffffffffffffffffffff",3.86,,0.14,13,21.45,29.65,100105.00,199.00,0,0,0,0,,,-1.00,-1.00,-1.00,-1.00,-1.00,-1.00
2023-02-06T15:59:00Z,"0002cc0100000648","22510be644fd3dc702670d156c61c24c090b20000000000000ffffffffffffffffffffffff",3.86,,0.15,13,21.42,29.70,100103.00,178.00,0,0,0,0,,,-1.00,-1.00,-1.00,-1.00,-1.00,-1.00
2023-02-06T16:04:56Z,"0002cc0100000648","22510be7a8fd3dcb025f0d156761bf4be40c70000000000000ffffffffffffffffffffffff",3.86,,0.15,13,21.40,29.64,100089.00,199.00,0,0,0,0,,,-1.00,-1.00,-1.00,-1.00,-1.00,-1.00
2023-02-06T16:10:52Z,"0002cc0100000648","22510be90cfd3dd802670d155f61c14c750b70000000000000ffffffffffffffffffffffff",3.87,,0.15,13,21.37,29.87,100096.00,183.00,0,0,0,0,,,-1.00,-1.00,-1.00,-1.00,-1.00,-1.00
2023-02-06T16:16:48Z,"0002cc0100000648","22510bea70fd3dd8025f0d155861c14cb70ad0000000000000ffffffffffffffffffffffff",3.87,,0.15,13,21.34,29.97,100098.00,173.00,0,0,0,0,,,-1.00,-1.00,-1.00,-1.00,-1.00,-1.00
2023-02-06T16:22:44Z,"0002cc0100000648","22510bebd4fd3dd302520d155261bf4dd50b50000000000000ffffffffffffffffffffffff",3.86,,0.14,13,21.32,30.40,100089.00,181.00,0,0,0,0,,,-1.00,-1.00,-1.00,-1.00,-1.00,-1.00
2023-02-06T16:28:40Z,"0002cc0100000648","22510bed38fd3dcf025f0d155061bc4d650b10000000000000ffffffffffffffffffffffff",3.86,,0.15,13,21.31,30.23,100076.00,177.00,0,0,0,0,,,-1.00,-1.00,-1.00,-1.00,-1.00,-1.00
2023-02-06T16:34:36Z,"0002cc0100000648","22510bee9cfd3dd8025f0d155061bb4d410bd0000000000000ffffffffffffffffffffffff",3.87,,0.15,13,21.31,30.18,100074.00,189.00,0,0,0,0,,,-1.00,-1.00,-1.00,-1.00,-1.00,-1.00
2023-02-06T16:40:32Z,"0002cc0100000648","22510bf000fd3dd802520d155061b94d480a60000000000000ffffffffffffffffffffffff",3.87,,0.14,13,21.31,30.19,100065.00,166.00,0,0,0,0,,,-1.00,-1.00,-1.00,-1.00,-1.00,-1.00
2023-02-06T16:46:28Z,"0002cc0100000648","22510bf164fd3dd8025f0d155261ba4d2b09e0000000000000ffffffffffffffffffffffff",3.87,,0.15,13,21.32,30.14,100069.00,158.00,0,0,0,0,,,-1.00,-1.00,-1.00,-1.00,-1.00,-1.00
2023-02-06T16:52:25Z,"0002cc0100000648","22510bf2c9fd3dd8025f0d155261bb4da90c80000000000000ffffffffffffffffffffffff",3.87,,0.15,13,21.32,30.34,100075.00,200.00,0,0,0,0,,,-1.00,-1.00,-1.00,-1.00,-1.00,-1.00
2023-02-06T16:58:21Z,"0002cc0100000648","22510bf42dfd3dcf025f0d155561c04d930b90000000000000ffffffffffffffffffffffff",3.86,,0.15,13,21.33,30.30,100094.00,185.00,0,0,0,0,,,-1.00,-1.00,-1.00,-1.00,-1.00,-1.00
2023-02-06T17:04:17Z,"0002cc0100000648","22510bf591fd3dc702520d155561c04d3b0c30000000000000ffffffffffffffffffffffff",3.86,,0.14,13,21.33,30.17,100093.00,195.00,0,0,0,0,,,-1.00,-1.00,-1.00,-1.00,-1.00,-1.00
2023-02-06T17:10:13Z,"0002cc0100000648","22510bf6f5fd3dcb02520d155261bb4da10b80000000000000ffffffffffffffffffffffff",3.86,,0.14,13,21.32,30.32,100073.00,184.00,0,0,0,0,,,-1.00,-1.00,-1.00,-1.00,-1.00,-1.00
2023-02-06T17:16:09Z,"0002cc0100000648","22510bf859fd3dd802520d155261b64da80c40000000000000ffffffffffffffffffffffff",3.87,,0.14,13,21.32,30.33,100052.00,196.00,0,0,0,0,,,-1.00,-1.00,-1.00,-1.00,-1.00,-1.00
2023-02-06T17:22:05Z,"0002cc0100000648","22510bf9bdfd3dcf02520d155061b04dbe0b20000000000000ffffffffffffffffffffffff",3.86,,0.14,13,21.31,30.37,100030.00,178.00,0,0,0,0,,,-1.00,-1.00,-1.00,-1.00,-1.00,-1.00
2023-02-06T17:28:01Z,"0002cc0100000648","22510bfb21fd3dcf02520d155261ab4ddc0c90000000000000ffffffffffffffffffffffff",3.86,,0.14,13,21.32,30.41,100010.00,201.00,0,0,0,0,,,-1.00,-1.00,-1.00,-1.00,-1.00,-1.00
2023-02-06T17:33:57Z,"0002cc0100000648","22510bfc85fd3dcf025f0d155261ab4e3c0c70000000000000ffffffffffffffffffffffff",3.86,,0.15,13,21.32,30.56,100008.00,199.00,0,0,0,0,,,-1.00,-1.00,-1.00,-1.00,-1.00,-1.00
2023-02-06T17:39:53Z,"0002cc0100000648","22510bfde9fd3dcf02520d155561a94ea30b70000000000000ffffffffffffffffffffffff",3.86,,0.14,13,21.33,30.72,100003.00,183.00,0,0,0,0,,,-1.00,-1.00,-1.00,-1.00,-1.00,-1.00
2023-02-06T17:45:50Z,"0002cc0100000648","22510bff4efd3dcf025f0d155561a84e9c0c40000000000000ffffffffffffffffffffffff",3.86,,0.15,13,21.33,30.71,99997.00,196.00,0,0,0,0,,,-1.00,-1.00,-1.00,-1.00,-1.00,-1.00
2023-02-06T17:51:46Z,"0002cc0100000648","22510c00b2fd3dcf02520d155261a24e940b70000000000000ffffffffffffffffffffffff",3.86,,0.14,13,21.32,30.70,99974.00,183.00,0,0,0,0,,,-1.00,-1.00,-1.00,-1.00,-1.00,-1.00
2023-02-06T17:57:42Z,"0002cc0100000648","22510c0216fd3dd8025f0d155261a14edd0c10000000000000ffffffffffffffffffffffff",3.87,,0.15,13,21.32,30.81,99970.00,193.00,0,0,0,0,,,-1.00,-1.00,-1.00,-1.00,-1.00,-1.00
2023-02-06T18:03:38Z,"0002cc0100000648","22510c037afd3dc7025f0d155261a14f020ab0000000000000ffffffffffffffffffffffff",3.86,,0.15,13,21.32,30.86,99969.00,171.00,0,0,0,0,,,-1.00,-1.00,-1.00,-1.00,-1.00,-1.00
2023-02-06T18:09:34Z,"0002cc0100000648","22510c04defd3dcf025f0d1552619a4f270bb0000000000000ffffffffffffffffffffffff",3.86,,0.15,13,21.32,30.92,99940.00,187.00,0,0,0,0,,,-1.00,-1.00,-1.00,-1.00,-1.00,-1.00
2023-02-06T18:15:30Z,"0002cc0100000648","22510c0642fd3dcf02520d155261974f4c0bc0000000000000ffffffffffffffffffffffff",3.86,,0.14,13,21.32,30.98,99931.00,188.00,0,0,0,0,,,-1.00,-1.00,-1.00,-1.00,-1.00,-1.00
2023-02-06T18:21:26Z,"0002cc0100000648","22510c07a6fd3dcf02520d1555618f4fc90b50000000000000ffffffffffffffffffffffff",3.86,,0.14,13,21.33,31.17,99897.00,181.00,0,0,0,0,,,-1.00,-1.00,-1.00,-1.00,-1.00,-1.00
2023-02-06T18:27:22Z,"0002cc0100000648","22510c090afd3dcb025f0d1555618b4fee0ba0000000000000ffffffffffffffffffffffff",3.86,,0.15,13,21.33,31.22,99880.00,186.00,0,0,0,0,,,-1.00,-1.00,-1.00,-1.00,-1.00,-1.00
2023-02-06T18:33:19Z,"0002cc0100000648","22510c0a6ffd3dcf025f0d155861884ff60b10000000000000ffffffffffffffffffffffff",3.86,,0.15,13,21.34,31.24,99868.00,177.00,0,0,0,0,,,-1.00,-1.00,-1.00,-1.00,-1.00,-1.00
2023-02-06T18:39:15Z,"0002cc0100000648","22510c0bd3fd3dc7025f0d15556182504e0b40000000000000ffffffffffffffffffffffff",3.86,,0.15,13,21.33,31.37,99847.00,180.00,0,0,0,0,,,-1.00,-1.00,-1.00,-1.00,-1.00,-1.00
2023-02-06T18:45:11Z,"0002cc0100000648","22510c0d37fd3dcf025f0d1558617c51660c30000000000000ffffffffffffffffffffffff",3.86,,0.15,13,21.34,31.80,99820.00,195.00,0,0,0,0,,,-1.00,-1.00,-1.00,-1.00,-1.00,-1.00
2023-02-06T18:51:07Z,"0002cc0100000648","22510c0e9bfd3dcf02670d155a617851000a70000000000000ffffffffffffffffffffffff",3.86,,0.15,13,21.35,31.64,99807.00,167.00,0,0,0,0,,,-1.00,-1.00,-1.00,-1.00,-1.00,-1.00
2023-02-06T18:57:03Z,"0002cc0100000648","22510c0ffffd3dcf02520d155a616f513b0c40000000000000ffffffffffffffffffffffff",3.86,,0.14,13,21.35,31.73,99770.00,196.00,0,0,0,0,,,-1.00,-1.00,-1.00,-1.00,-1.00,-1.00
2023-02-06T19:02:59Z,"0002cc0100000648","22510c1163fd3dcf025f0d155d616b51930ac0000000000000ffffffffffffffffffffffff",3.86,,0.15,13,21.36,31.87,99754.00,172.00,0,0,0,0,,,-1.00,-1.00,-1.00,-1.00,-1.00,-1.00
2023-02-06T19:08:55Z,"0002cc0100000648","22510c12c7fd3dcb02670d155d616652350970000000000000ffffffffffffffffffffffff",3.86,,0.15,13,21.36,32.11,99735.00,151.00,0,0,0,0,,,-1.00,-1.00,-1.00,-1.00,-1.00,-1.00
2023-02-06T19:14:51Z,"0002cc0100000648","22510c142bfd3dcf02520d155f6162524b0b90000000000000ffffffffffffffffffffffff",3.86,,0.14,13,21.37,32.15,99719.00,185.00,0,0,0,0,,,-1.00,-1.00,-1.00,-1.00,-1.00,-1.00
2023-02-06T19:20:47Z,"0002cc0100000648","22510c158ffd3dc7025f0d155f615d52780ab0000000000000ffffffffffffffffffffffff",3.86,,0.15,13,21.37,32.21,99696.00,171.00,0,0,0,0,,,-1.00,-1.00,-1.00,-1.00,-1.00,-1.00
2023-02-06T19:26:44Z,"0002cc0100000648","22510c16f4fd3dcf02520d155f615752d70b50000000000000ffffffffffffffffffffffff",3.86,,0.14,13,21.37,32.36,99674.00,181.00,0,0,0,0,,,-1.00,-1.00,-1.00,-1.00,-1.00,-1.00
2023-02-06T19:32:40Z,"0002cc0100000648","22510c1858fd3dcf02670d15626153530b0b50000000000000ffffffffffffffffffffffff",3.86,,0.15,13,21.38,32.44,99656.00,181.00,0,0,0,0,,,-1.00,-1.00,-1.00,-1.00,-1.00,-1.00
2023-02-06T19:38:36Z,"0002cc0100000648","22510c19bcfd3dcf025f0d1562614a53300b60000000000000ffffffffffffffffffffffff",3.86,,0.15,13,21.38,32.50,99623.00,364.00,0,0,0,0,,,-1.00,-1.00,-1.00,-1.00,-1.00,-1.00
2023-02-06T19:44:32Z,"0002cc0100000648","22510c1b20fd3dcf025f0d15626146539e0c40000000000000ffffffffffffffffffffffff",3.86,,0.15,13,21.38,32.66,99606.00,196.00,0,0,0,0,,,-1.00,-1.00,-1.00,-1.00,-1.00,-1.00
2023-02-06T19:50:28Z,"0002cc0100000648","22510c1c84fd3dcb025f0d1562614154b50c40000000000000ffffffffffffffffffffffff",3.86,,0.15,13,21.38,33.09,99584.00,196.00,0,0,0,0,,,-1.00,-1.00,-1.00,-1.00,-1.00,-1.00
2023-02-06T19:56:24Z,"0002cc0100000648","22510c1de8fd3dcf025f0d155d613b546c0bf0000000000000ffffffffffffffffffffffff",3.86,,0.15,13,21.36,32.98,99562.00,191.00,0,0,0,0,,,-1.00,-1.00,-1.00,-1.00,-1.00,-1.00
2023-02-06T20:02:20Z,"0002cc0100000648","22510c1f4cfd3dcf02520d1558613754800c00000000000000ffffffffffffffffffffffff",3.86,,0.14,13,21.34,33.01,99544.00,192.00,0,0,0,0,,,-1.00,-1.00,-1.00,-1.00,-1.00,-1.00
2023-02-06T20:08:16Z,"0002cc0100000648","22510c20b0fd3dc7025f0d1552613354d80af0000000000000ffffffffffffffffffffffff",3.86,,0.15,13,21.32,33.14,99528.00,175.00,0,0,0,0,,,-1.00,-1.00,-1.00,-1.00,-1.00,-1.00
2023-02-06T20:14:12Z,"0002cc0100000648","22510c2214fd3dcf025f0d1552612d554e0c60000000000000ffffffffffffffffffffffff",3.86,,0.15,13,21.32,33.32,99504.00,198.00,0,0,0,0,,,-1.00,-1.00,-1.00,-1.00,-1.00,-1.00
2023-02-06T20:20:09Z,"0002cc0100000648","22510c2379fd3dcf025f0d1558612b558a0be0000000000000ffffffffffffffffffffffff",3.86,,0.15,13,21.34,33.41,99499.00,190.00,0,0,0,0,,,-1.00,-1.00,-1.00,-1.00,-1.00,-1.00
2023-02-06T20:26:05Z,"0002cc0100000648","22510c24ddfd3dcf025f0d155d612855320a20000000000000ffffffffffffffffffffffff",3.86,,0.15,13,21.36,33.28,99484.00,162.00,0,0,0,0,,,-1.00,-1.00,-1.00,-1.00,-1.00,-1.00
2023-02-06T20:32:01Z,"0002cc0100000648","22510c2641fd3dcf025f0d155f612455920bd0000000000000ffffffffffffffffffffffff",3.86,,0.15,13,21.37,33.43,99471.00,189.00,0,0,0,0,,,-1.00,-1.00,-1.00,-1.00,-1.00,-1.00
2023-02-06T20:37:57Z,"0002cc0100000648","22510c27a5fd3dcf02520d155f612255660bc0000000000000ffffffffffffffffffffffff",3.86,,0.14,13,21.37,33.36,99462.00,188.00,0,0,0,0,,,-1.00,-1.00,-1.00,-1.00,-1.00,-1.00
2023-02-06T20:43:53Z,"0002cc0100000648","22510c2909fd3dcb025f0d1562612255600c00000000000000ffffffffffffffffffffffff",3.86,,0.15,13,21.38,33.35,99463.00,192.00,0,0,0,0,,,-1.00,-1.00,-1.00,-1.00,-1.00,-1.00
2023-02-06T20:49:49Z,"0002cc0100000648","22510c2a6dfd3dcf025f0d1562612055750be0000000000000ffffffffffffffffffffffff",3.86,,0.15,13,21.38,33.38,99452.00,190.00,0,0,0,0,,,-1.00,-1.00,-1.00,-1.00,-1.00,-1.00
2023-02-06T20:55:45Z,"0002cc0100000648","22510c2bd1fd3dcf025f0d1562611e55750b30000000000000ffffffffffffffffffffffff",3.86,,0.15,13,21.38,33.38,99447.00,179.00,0,0,0,0,,,-1.00,-1.00,-1.00,-1.00,-1.00,-1.00
2023-02-06T21:01:42Z,"0002cc0100000648","22510c2d36fd3dcb02520d1562611855570b60000000000000ffffffffffffffffffffffff",3.86,,0.14,13,21.38,33.34,99423.00,182.00,0,0,0,0,,,-1.00,-1.00,-1.00,-1.00,-1.00,-1.00
2023-02-06T21:07:38Z,"0002cc0100000648","22510c2e9afd3dcb02520d155f611756010b50000000000000ffffffffffffffffffffffff",3.86,,0.14,13,21.37,33.60,99419.00,181.00,0,0,0,0,,,-1.00,-1.00,-1.00,-1.00,-1.00,-1.00
2023-02-06T21:13:34Z,"0002cc0100000648","22510c2ffefd3dcb02520d155f611355e40c20000000000000ffffffffffffffffffffffff",3.86,,0.14,13,21.37,33.55,99401.00,194.00,0,0,0,0,,,-1.00,-1.00,-1.00,-1.00,-1.00,-1.00
2023-02-06T21:19:30Z,"0002cc0100000648","22510c3162fd3dcf025f0d155f611055840c70000000000000ffffffffffffffffffffffff",3.86,,0.15,13,21.37,33.40,99391.00,199.00,0,0,0,0,,,-1.00,-1.00,-1.00,-1.00,-1.00,-1.00
2023-02-06T21:25:26Z,"0002cc0100000648","22510c32c6fd3dbf025f0d155f6110557c0c30000000000000ffffffffffffffffffffffff",3.86,,0.15,13,21.37,33.39,99391.00,195.00,0,0,0,0,,,-1.00,-1.00,-1.00,-1.00,-1.00,-1.00
2023-02-06T21:31:22Z,"0002cc0100000648","22510c342afd3dcb02520d155d610f55490aa0000000000000ffffffffffffffffffffffff",3.86,,0.14,13,21.36,33.31,99384.00,170.00,0,0,0,0,,,-1.00,-1.00,-1.00,-1.00,-1.00,-1.00
2023-02-06T21:37:18Z,"0002cc0100000648","22510c358efd3dcb025f0d155f610c55240b60000000000000ffffffffffffffffffffffff",3.86,,0.15,13,21.37,33.26,99372.00,182.00,0,0,0,0,,,-1.00,-1.00,-1.00,-1.00,-1.00,-1.00
2023-02-06T21:43:14Z,"0002cc0100000648","22510c36f2fd3dcb025f0d155d610954f70ab0000000000000ffffffffffffffffffffffff",3.86,,0.15,13,21.36,33.19,99363.00,171.00,0,0,0,0,,,-1.00,-1.00,-1.00,-1.00,-1.00,-1.00
2023-02-06T21:49:10Z,"0002cc0100000648","22510c3856fd3dcb025f0d155a610754900b00000000000000ffffffffffffffffffffffff",3.86,,0.15,13,21.35,33.03,99354.00,176.00,0,0,0,0,,,-1.00,-1.00,-1.00,-1.00,-1.00,-1.00
2023-02-06T21:55:07Z,"0002cc0100000648","22510c39bbfd3dcf02670d1558610754540c80000000000000ffffffffffffffffffffffff",3.86,,0.15,13,21.34,32.94,99352.00,200.00,0,0,0,0,,,-1.00,-1.00,-1.00,-1.00,-1.00,-1.00
2023-02-06T22:01:03Z,"0002cc0100000648","22510c3b1ffd3dcb025f0d1552610554710c20000000000000ffffffffffffffffffffffff",3.86,,0.15,13,21.32,32.99,99347.00,194.00,0,0,0,0,,,-1.00,-1.00,-1.00,-1.00,-1.00,-1.00
2023-02-06T22:06:59Z,"0002cc0100000648","22510c3c83fd3dcb025f0d1550610454540be0000000000000ffffffffffffffffffffffff",3.86,,0.15,13,21.31,32.94,99340.00,190.00,0,0,0,0,,,-1.00,-1.00,-1.00,-1.00,-1.00,-1.00
2023-02-06T22:12:55Z,"0002cc0100000648","22510c3de7fd3dcb02520d155060fc54200ba0000000000000ffffffffffffffffffffffff",3.86,,0.14,13,21.31,32.86,99311.00,186.00,0,0,0,0,,,-1.00,-1.00,-1.00,-1.00,-1.00,-1.00
2023-02-06T22:18:51Z,"0002cc0100000648","22510c3f4bfd3dcb02520d154d610054692e5a000000000000ffffffffffffffffffffffff",3.86,,0.14,13,21.30,32.97,99324.00,1837.00,0,0,0,0,,,-1.00,-1.00,-1.00,-1.00,-1.00,-1.00
2023-02-06T22:24:47Z,"0002cc0100000648","22510c40affd3dcb02520d155560fb507a38e5000000000000ffffffffffffffffffffffff",3.86,,0.14,13,21.33,31.44,99305.00,2277.00,0,0,0,0,,,-1.00,-1.00,-1.00,-1.00,-1.00,-1.00
2023-02-06T22:30:43Z,"0002cc0100000648","22510c4213fd3dcb02520d156c60f952da0a40000000000000ffffffffffffffffffffffff",3.86,,0.14,13,21.42,32.36,99296.00,164.00,0,0,0,0,,,-1.00,-1.00,-1.00,-1.00,-1.00,-1.00
2023-02-06T22:36:39Z,"0002cc0100000648","22510c4377fd3dcb025f0d157460f752ea0ad0000000000000ffffffffffffffffffffffff",3.86,,0.15,13,21.45,32.39,99291.00,173.00,0,0,0,0,,,-1.00,-1.00,-1.00,-1.00,-1.00,-1.00
2023-02-06T22:42:35Z,"0002cc0100000648","22510c44dbfd3dcb02520d156460f652ca0a90000000000000ffffffffffffffffffffffff",3.86,,0.14,13,21.39,32.34,99284.00,169.00,0,0,0,0,,,-1.00,-1.00,-1.00,-1.00,-1.00,-1.00
2023-02-06T22:48:31Z,"0002cc0100000648","22510c463ffd3dcb02520d155560f352b00ac0000000000000ffffffffffffffffffffffff",3.86,,0.14,13,21.33,32.30,99274.00,172.00,0,0,0,0,,,-1.00,-1.00,-1.00,-1.00,-1.00,-1.00
2023-02-06T22:54:28Z,"0002cc0100000648","22510c47a4fd3dcb02520d154860f052bd0bb0000000000000ffffffffffffffffffffffff",3.86,,0.14,13,21.28,32.32,99260.00,187.00,0,0,0,0,,,-1.00,-1.00,-1.00,-1.00,-1.00,-1.00
2023-02-06T23:00:24Z,"0002cc0100000648","22510c4908fd3dbf025f0d154660f252e20c00000000000000ffffffffffffffffffffffff",3.86,,0.15,13,21.27,32.38,99271.00,192.00,0,0,0,0,,,-1.00,-1.00,-1.00,-1.00,-1.00,-1.00
2023-02-06T23:06:20Z,"0002cc0100000648","22510c4a6cfd3dc702520d154860ed52db0c90000000000000ffffffffffffffffffffffff",3.86,,0.14,13,21.28,32.37,99251.00,201.00,0,0,0,0,,,-1.00,-1.00,-1.00,-1.00,-1.00,-1.00
2023-02-06T23:12:16Z,"0002cc0100000648","22510c4bd0fd3dc702670d154860ed52cc0ac0000000000000ffffffffffffffffffffffff",3.86,,0.15,13,21.28,32.34,99250.00,172.00,0,0,0,0,,,-1.00,-1.00,-1.00,-1.00,-1.00,-1.00
2023-02-06T23:18:12Z,"0002cc0100000648","22510c4d34fd3dbf02520d154b60ee52990c10000000000000ffffffffffffffffffffffff",3.86,,0.14,13,21.29,32.26,99255.00,193.00,0,0,0,0,,,-1.00,-1.00,-1.00,-1.00,-1.00,-1.00
2023-02-06T23:24:08Z,"0002cc0100000648","22510c4e98fd3dc702520d154b60f352990ac0000000000000ffffffffffffffffffffffff",3.86,,0.14,13,21.29,32.26,99273.00,172.00,0,0,0,0,,,-1.00,-1.00,-1.00,-1.00,-1.00,-1.00
2023-02-06T23:30:04Z,"0002cc0100000648","22510c4ffcfd3dcb025f0d154860f152b50bf0000000000000ffffffffffffffffffffffff",3.86,,0.15,13,21.28,32.31,99267.00,191.00,0,0,0,0,,,-1.00,-1.00,-1.00,-1.00,-1.00,-1.00
2023-02-06T23:36:01Z,"0002cc0100000648","22510c5161fd3dc702520d154860ef536e0c10000000000000ffffffffffffffffffffffff",3.86,,0.14,13,21.28,32.59,99257.00,193.00,0,0,0,0,,,-1.00,-1.00,-1.00,-1.00,-1.00,-1.00
2023-02-06T23:41:57Z,"0002cc0100000648","22510c52c5fd3dcb025f0d154860eb533a0b00000000000000ffffffffffffffffffffffff",3.86,,0.15,13,21.28,32.51,99240.00,176.00,0,0,0,0,,,-1.00,-1.00,-1.00,-1.00,-1.00,-1.00
2023-02-06T23:47:53Z,"0002cc0100000648","22510c5429fd3dcb02520d154360ea53390a20000000000000ffffffffffffffffffffffff",3.86,,0.14,13,21.26,32.51,99237.00,162.00,0,0,0,0,,,-1.00,-1.00,-1.00,-1.00,-1.00,-1.00
2023-02-06T23:53:49Z,"0002cc0100000648","22510c558dfd3dcb02520d154160ea532a0b20000000000000ffffffffffffffffffffffff",3.86,,0.14,13,21.25,32.49,99237.00,178.00,0,0,0,0,,,-1.00,-1.00,-1.00,-1.00,-1.00,-1.00
2023-02-06T23:59:45Z,"0002cc0100000648","22510c56f1fd3dcb025f0d153b60ea53470b30000000000000ffffffffffffffffffffffff",3.86,,0.15,13,21.23,32.53,99236.00,179.00,0,0,0,0,,,-1.00,-1.00,-1.00,-1.00,-1.00,-1.00
