Time,DevEUI,Raw,Vbat,Vsystem,Vbus,BootCount,T,RH,P,Light,P[0].delta,P[0].total,P[1].delta,P[1].total,Act[7],Act[6],Act[5],Act[4],Act[3],Act[2],Act[1],Act[0]
2023-02-07T00:05:41Z,"0002cc0100000648","22510c5855fd3dbf025f0d153960e653970ac0000000000000ffffffffffffffffffffffff",3.86,,0.15,13,21.22,32.65,99221.00,172.00,0,0,0,0,,,-1.00,-1.00,-1.00,-1.00,-1.00,-1.00
2023-02-07T00:11:37Z,"0002cc0100000648","22510c59b9fd3dc7025f0d153660e553ca0c20000000000000ffffffffffffffffffffffff",3.86,,0.15,13,21.21,32.73,99217.00,194.00,0,0,0,0,,,-1.00,-1.00,-1.00,-1.00,-1.00,-1.00
2023-02-07T00:17:33Z,"0002cc0100000648","22510c5b1dfd3dcb02520d153660e653f60b70000000000000ffffffffffffffffffffffff",3.86,,0.14,13,21.21,32.80,99220.00,183.00,0,0,0,0,,,-1.00,-1.00,-1.00,-1.00,-1.00,-1.00
2023-02-07T00:23:29Z,"0002cc0100000648","22510c5c81fd3dcb02520d153660e754560b20000000000000ffffffffffffffffffffffff",3.86,,0.14,13,21.21,32.94,99224.00,178.00,0,0,0,0,,,-1.00,-1.00,-1.00,-1.00,-1.00,-1.00
2023-02-07T00:29:25Z,"0002cc0100000648","22510c5de5fd3dc3025f0d153960e4549f0cb0000000000000ffffffffffffffffffffffff",3.86,,0.15,13,21.22,33.06,99213.00,203.00,0,0,0,0,,,-1.00,-1.00,-1.00,-1.00,-1.00,-1.00
2023-02-07T00:35:22Z,"0002cc0100000648","22510c5f4afd3dc3025f0d153660dd54b50c60000000000000ffffffffffffffffffffffff",3.86,,0.15,13,21.21,33.09,99185.00,198.00,0,0,0,0,,,-1.00,-1.00,-1.00,-1.00,-1.00,-1.00
2023-02-07T00:41:18Z,"0002cc0100000648","22510c60aefd3dcb025f0d153460de551b0a60000000000000ffffffffffffffffffffffff",3.86,,0.15,13,21.20,33.25,99188.00,166.00,0,0,0,0,,,-1.00,-1.00,-1.00,-1.00,-1.00,-1.00
2023-02-07T00:47:14Z,"0002cc0100000648","22510c6212fd3dbf025f0d153160dd55c40b80000000000000ffffffffffffffffffffffff",3.86,,0.15,13,21.19,33.50,99186.00,184.00,0,0,0,0,,,-1.00,-1.00,-1.00,-1.00,-1.00,-1.00
2023-02-07T00:53:10Z,"0002cc0100000648","22510c6376fd3dcb02670d153160e1568b0c20000000000000ffffffffffffffffffffffff",3.86,,0.15,13,21.19,33.81,99202.00,194.00,0,0,0,0,,,-1.00,-1.00,-1.00,-1.00,-1.00,-1.00
2023-02-07T00:59:06Z,"0002cc0100000648","22510c64dafd3dc302520d153160e157340bc0000000000000ffffffffffffffffffffffff",3.86,,0.14,13,21.19,34.06,99203.00,188.00,0,0,0,0,,,-1.00,-1.00,-1.00,-1.00,-1.00,-1.00
2023-02-07T01:05:02Z,"0002cc0100000648","22510c663efd3dcb02670d153160dd581f0b70000000000000ffffffffffffffffffffffff",3.86,,0.15,13,21.19,34.42,99186.00,183.00,0,0,0,0,,,-1.00,-1.00,-1.00,-1.00,-1.00,-1.00
2023-02-07T01:10:58Z,"0002cc0100000648","22510c67a2fd3dbb02520d153160db59c20b60000000000000ffffffffffffffffffffffff",3.86,,0.14,13,21.19,35.06,99178.00,182.00,0,0,0,0,,,-1.00,-1.00,-1.00,-1.00,-1.00,-1.00
2023-02-07T01:16:54Z,"0002cc0100000648","22510c6906fd3dbf025f0d153160d55a550b30000000000000ffffffffffffffffffffffff",3.86,,0.15,13,21.19,35.29,99155.00,179.00,0,0,0,0,,,-1.00,-1.00,-1.00,-1.00,-1.00,-1.00
2023-02-07T01:22:51Z,"0002cc0100000648","22510c6a6bfd3dc3025f0d153160d25ae80b40000000000000ffffffffffffffffffffffff",3.86,,0.15,13,21.19,35.51,99141.00,180.00,0,0,0,0,,,-1.00,-1.00,-1.00,-1.00,-1.00,-1.00
2023-02-07T01:28:47Z,"0002cc0100000648","22510c6bcffd3dc3025f0d152f60d65bbc0b40000000000000ffffffffffffffffffffffff",3.86,,0.15,13,21.18,35.83,99158.00,180.00,0,0,0,0,,,-1.00,-1.00,-1.00,-1.00,-1.00,-1.00
2023-02-07T01:34:43Z,"0002cc0100000648","22510c6d33fd3dc3025f0d153160d75bff0c10000000000000ffffffffffffffffffffffff",3.86,,0.15,13,21.19,35.94,99161.00,193.00,0,0,0,0,,,-1.00,-1.00,-1.00,-1.00,-1.00,-1.00
2023-02-07T01:40:39Z,"0002cc0100000648","22510c6e97fd3dc3025f0d153160d95c490bf0000000000000ffffffffffffffffffffffff",3.86,,0.15,13,21.19,36.05,99169.00,191.00,0,0,0,0,,,-1.00,-1.00,-1.00,-1.00,-1.00,-1.00
2023-02-07T01:46:35Z,"0002cc0100000648","22510c6ffbfd3dc302520d153160d55c8b0b00000000000000ffffffffffffffffffffffff",3.86,,0.14,13,21.19,36.15,99152.00,176.00,0,0,0,0,,,-1.00,-1.00,-1.00,-1.00,-1.00,-1.00
2023-02-07T01:52:31Z,"0002cc0100000648","22510c715ffd3dc302520d153160d95ce3f000000000000000ffffffffffffffffffffffff",3.86,,0.14,13,21.19,36.28,99168.00,0.00,0,0,0,0,,,-1.00,-1.00,-1.00,-1.00,-1.00,-1.00
2023-02-07T01:58:27Z,"0002cc0100000648","22510c72c3fd3dc3025f0d153160d75d6ef000000000000000ffffffffffffffffffffffff",3.86,,0.15,13,21.19,36.50,99162.00,0.00,0,0,0,0,,,-1.00,-1.00,-1.00,-1.00,-1.00,-1.00
2023-02-07T02:04:23Z,"0002cc0100000648","22510c7427fd3dbf02670d153160d55e3cf000000000000000ffffffffffffffffffffffff",3.86,,0.15,13,21.19,36.81,99155.00,0.00,0,0,0,0,,,-1.00,-1.00,-1.00,-1.00,-1.00,-1.00
2023-02-07T02:10:19Z,"0002cc0100000648","22510c758bfd3dbb02520d153160cf5e86f000000000000000ffffffffffffffffffffffff",3.86,,0.14,13,21.19,36.92,99130.00,0.00,0,0,0,0,,,-1.00,-1.00,-1.00,-1.00,-1.00,-1.00
2023-02-07T02:16:16Z,"0002cc0100000648","22510c76f0fd3dbf02520d153960cc5f6bf000000000000000ffffffffffffffffffffffff",3.86,,0.14,13,21.22,37.27,99118.00,0.00,0,0,0,0,,,-1.00,-1.00,-1.00,-1.00,-1.00,-1.00
2023-02-07T02:22:12Z,"0002cc0100000648","22510c7854fd3dc302520d154160cd5fb6f000000000000000ffffffffffffffffffffffff",3.86,,0.14,13,21.25,37.39,99120.00,0.00,0,0,0,0,,,-1.00,-1.00,-1.00,-1.00,-1.00,-1.00
2023-02-07T02:28:08Z,"0002cc0100000648","22510c79b8fd3dc3025f0d154860cd5f8bf000000000000000ffffffffffffffffffffffff",3.86,,0.15,13,21.28,37.32,99121.00,0.00,0,0,0,0,,,-1.00,-1.00,-1.00,-1.00,-1.00,-1.00
2023-02-07T02:34:04Z,"0002cc0100000648","22510c7b1cfd3dbf02520d155060cd6027f000000000000000ffffffffffffffffffffffff",3.86,,0.14,13,21.31,37.56,99123.00,0.00,0,0,0,0,,,-1.00,-1.00,-1.00,-1.00,-1.00,-1.00
2023-02-07T02:40:00Z,"0002cc0100000648","22510c7c80fd3dc302520d155260cf611bf000000000000000ffffffffffffffffffffffff",3.86,,0.14,13,21.32,37.93,99131.00,0.00,0,0,0,0,,,-1.00,-1.00,-1.00,-1.00,-1.00,-1.00
2023-02-07T02:45:56Z,"0002cc0100000648","22510c7de4fd3dc302520d155a60d06260f000000000000000ffffffffffffffffffffffff",3.86,,0.14,13,21.35,38.43,99133.00,0.00,0,0,0,0,,,-1.00,-1.00,-1.00,-1.00,-1.00,-1.00
2023-02-07T02:51:52Z,"0002cc0100000648","22510c7f48fd3dc3025f0d155f60d162a3f000000000000000ffffffffffffffffffffffff",3.86,,0.15,13,21.37,38.53,99139.00,0.00,0,0,0,0,,,-1.00,-1.00,-1.00,-1.00,-1.00,-1.00
2023-02-07T02:57:48Z,"0002cc0100000648","22510c80acfd3dc3025f0d156460d6636af000000000000000ffffffffffffffffffffffff",3.86,,0.15,13,21.39,38.83,99156.00,0.00,0,0,0,0,,,-1.00,-1.00,-1.00,-1.00,-1.00,-1.00
2023-02-07T03:03:45Z,"0002cc0100000648","22510c8211fd3dc3025f0d156c60d6637af000000000000000ffffffffffffffffffffffff",3.86,,0.15,13,21.42,38.86,99157.00,0.00,0,0,0,0,,,-1.00,-1.00,-1.00,-1.00,-1.00,-1.00
2023-02-07T03:09:41Z,"0002cc0100000648","22510c8375fd3dc3025f0d157460db6399f000000000000000ffffffffffffffffffffffff",3.86,,0.15,13,21.45,38.91,99176.00,0.00,0,0,0,0,,,-1.00,-1.00,-1.00,-1.00,-1.00,-1.00
2023-02-07T03:15:37Z,"0002cc0100000648","22510c84d9fd3dc302520d157b60dd648df000000000000000ffffffffffffffffffffffff",3.86,,0.14,13,21.48,39.28,99186.00,0.00,0,0,0,0,,,-1.00,-1.00,-1.00,-1.00,-1.00,-1.00
2023-02-07T03:21:33Z,"0002cc0100000648","22510c863dfd3dc302520d158360e36488f000000000000000ffffffffffffffffffffffff",3.86,,0.14,13,21.51,39.27,99209.00,0.00,0,0,0,0,,,-1.00,-1.00,-1.00,-1.00,-1.00,-1.00
2023-02-07T03:27:29Z,"0002cc0100000648","22510c87a1fd3dc3025f0d158860e66413f000000000000000ffffffffffffffffffffffff",3.86,,0.15,13,21.53,39.09,99223.00,0.00,0,0,0,0,,,-1.00,-1.00,-1.00,-1.00,-1.00,-1.00
2023-02-07T03:33:25Z,"0002cc0100000648","22510c8905fd3dc3025f0d158d60e76457f000000000000000ffffffffffffffffffffffff",3.86,,0.15,13,21.55,39.20,99225.00,0.00,0,0,0,0,,,-1.00,-1.00,-1.00,-1.00,-1.00,-1.00
2023-02-07T03:39:21Z,"0002cc0100000648","22510c8a69fd3db7025f0d159260e86543f000000000000000ffffffffffffffffffffffff",3.86,,0.15,13,21.57,39.56,99230.00,0.00,0,0,0,0,,,-1.00,-1.00,-1.00,-1.00,-1.00,-1.00
2023-02-07T03:45:17Z,"0002cc0100000648","22510c8bcdfd3dc3025f0d159860ea65e5f000000000000000ffffffffffffffffffffffff",3.86,,0.15,13,21.59,39.80,99238.00,0.00,0,0,0,0,,,-1.00,-1.00,-1.00,-1.00,-1.00,-1.00
2023-02-07T03:51:13Z,"0002cc0100000648","22510c8d31fd3dbf02520d159f60eb6697f000000000000000ffffffffffffffffffffffff",3.86,,0.14,13,21.62,40.08,99241.00,0.00,0,0,0,0,,,-1.00,-1.00,-1.00,-1.00,-1.00,-1.00
2023-02-07T03:57:10Z,"0002cc0100000648","22510c8e96fd3dc3025f0d15a460ef676ef000000000000000ffffffffffffffffffffffff",3.86,,0.15,13,21.64,40.40,99259.00,0.00,0,0,0,0,,,-1.00,-1.00,-1.00,-1.00,-1.00,-1.00
2023-02-07T04:03:06Z,"0002cc0100000648","22510c8ffafd3dbf02520d15ac60f1680af000000000000000ffffffffffffffffffffffff",3.86,,0.14,13,21.67,40.64,99266.00,0.00,0,0,0,0,,,-1.00,-1.00,-1.00,-1.00,-1.00,-1.00
2023-02-07T04:09:02Z,"0002cc0100000648","22510c915efd3dbf025f0d15b160ec6888f000000000000000ffffffffffffffffffffffff",3.86,,0.15,13,21.69,40.83,99247.00,0.00,0,0,0,0,,,-1.00,-1.00,-1.00,-1.00,-1.00,-1.00
2023-02-07T04:14:58Z,"0002cc0100000648","22510c92c2fd3dc302520d15b660ea6957f000000000000000ffffffffffffffffffffffff",3.86,,0.14,13,21.71,41.15,99237.00,0.00,0,0,0,0,,,-1.00,-1.00,-1.00,-1.00,-1.00,-1.00
2023-02-07T04:20:54Z,"0002cc0100000648","22510c9426fd3dbf02520d15b960ea69bff000000000000000ffffffffffffffffffffffff",3.86,,0.14,13,21.72,41.31,99238.00,0.00,0,0,0,0,,,-1.00,-1.00,-1.00,-1.00,-1.00,-1.00
2023-02-07T04:26:50Z,"0002cc0100000648","22510c958afd3dc302520d15bb60e96a59f000000000000000ffffffffffffffffffffffff",3.86,,0.14,13,21.73,41.54,99235.00,0.00,0,0,0,0,,,-1.00,-1.00,-1.00,-1.00,-1.00,-1.00
2023-02-07T04:32:46Z,"0002cc0100000648","22510c96eefd3dc3025f0d15be60ea6adef000000000000000ffffffffffffffffffffffff",3.86,,0.15,13,21.74,41.75,99239.00,0.00,0,0,0,0,,,-1.00,-1.00,-1.00,-1.00,-1.00,-1.00
2023-02-07T04:38:42Z,"0002cc0100000648","22510c9852fd3dc302520d15c360eb6b72f000000000000000ffffffffffffffffffffffff",3.86,,0.14,13,21.76,41.97,99242.00,0.00,0,0,0,0,,,-1.00,-1.00,-1.00,-1.00,-1.00,-1.00
2023-02-07T04:44:38Z,"0002cc0100000648","22510c99b6fd3dc3025f0d15c360e76bf7f000000000000000ffffffffffffffffffffffff",3.86,,0.15,13,21.76,42.17,99225.00,0.00,0,0,0,0,,,-1.00,-1.00,-1.00,-1.00,-1.00,-1.00
2023-02-07T04:50:34Z,"0002cc0100000648","22510c9b1afd3dbb025f0d15c360e76d06f000000000000000ffffffffffffffffffffffff",3.86,,0.15,13,21.76,42.59,99227.00,0.00,0,0,0,0,,,-1.00,-1.00,-1.00,-1.00,-1.00,-1.00
2023-02-07T04:56:30Z,"0002cc0100000648","22510c9c7efd3db3025f0d15c360ea6d91f000000000000000ffffffffffffffffffffffff",3.86,,0.15,13,21.76,42.80,99236.00,0.00,0,0,0,0,,,-1.00,-1.00,-1.00,-1.00,-1.00,-1.00
2023-02-07T05:02:27Z,"0002cc0100000648","22510c9de3fd3dc3025f0d15c360e76dfff000000000000000ffffffffffffffffffffffff",3.86,,0.15,13,21.76,42.97,99227.00,0.00,0,0,0,0,,,-1.00,-1.00,-1.00,-1.00,-1.00,-1.00
2023-02-07T05:08:23Z,"0002cc0100000648","22510c9f47fd3dbb02520d15c660e86e1ef000000000000000ffffffffffffffffffffffff",3.86,,0.14,13,21.77,43.01,99228.00,0.00,0,0,0,0,,,-1.00,-1.00,-1.00,-1.00,-1.00,-1.00
2023-02-07T05:14:19Z,"0002cc0100000648","22510ca0abfd3dbf02520d15c660e76dd4f000000000000000ffffffffffffffffffffffff",3.86,,0.14,13,21.77,42.90,99226.00,0.00,0,0,0,0,,,-1.00,-1.00,-1.00,-1.00,-1.00,-1.00
2023-02-07T05:20:15Z,"0002cc0100000648","22510ca20ffd3db302520d15c660e76e00f000000000000000ffffffffffffffffffffffff",3.86,,0.14,13,21.77,42.97,99227.00,0.00,0,0,0,0,,,-1.00,-1.00,-1.00,-1.00,-1.00,-1.00
2023-02-07T05:26:11Z,"0002cc0100000648","22510ca373fd3dbb02520d15c660e86e8cf000000000000000ffffffffffffffffffffffff",3.86,,0.14,13,21.77,43.18,99230.00,0.00,0,0,0,0,,,-1.00,-1.00,-1.00,-1.00,-1.00,-1.00
2023-02-07T05:32:07Z,"0002cc0100000648","22510ca4d7fd3dbf02520d15c860e96ecef000000000000000ffffffffffffffffffffffff",3.86,,0.14,13,21.78,43.28,99233.00,0.00,0,0,0,0,,,-1.00,-1.00,-1.00,-1.00,-1.00,-1.00
2023-02-07T05:38:03Z,"0002cc0100000648","22510ca63bfd3dbf02520d15c860e96ebff000000000000000ffffffffffffffffffffffff",3.86,,0.14,13,21.78,43.26,99232.00,0.00,0,0,0,0,,,-1.00,-1.00,-1.00,-1.00,-1.00,-1.00
2023-02-07T05:43:59Z,"0002cc0100000648","22510ca79ffd3dbf02520d15c860e96eddf000000000000000ffffffffffffffffffffffff",3.86,,0.14,13,21.78,43.31,99233.00,0.00,0,0,0,0,,,-1.00,-1.00,-1.00,-1.00,-1.00,-1.00
2023-02-07T05:49:56Z,"0002cc0100000648","22510ca904fd3db3025f0d15c860e96efaf000000000000000ffffffffffffffffffffffff",3.86,,0.15,13,21.78,43.35,99233.00,0.00,0,0,0,0,,,-1.00,-1.00,-1.00,-1.00,-1.00,-1.00
2023-02-07T05:55:52Z,"0002cc0100000648","22510caa68fd3dbf025f0d15c860ea6ecef000000000000000ffffffffffffffffffffffff",3.86,,0.15,13,21.78,43.28,99237.00,0.00,0,0,0,0,,,-1.00,-1.00,-1.00,-1.00,-1.00,-1.00
2023-02-07T06:01:48Z,"0002cc0100000648","22510cabccfd3dbf025f0d15c860ec6ec0f000000000000000ffffffffffffffffffffffff",3.86,,0.15,13,21.78,43.26,99247.00,0.00,0,0,0,0,,,-1.00,-1.00,-1.00,-1.00,-1.00,-1.00
2023-02-07T06:07:44Z,"0002cc0100000648","22510cad30fd3dbf02520d15c660ea6ed5f000000000000000ffffffffffffffffffffffff",3.86,,0.14,13,21.77,43.29,99238.00,0.00,0,0,0,0,,,-1.00,-1.00,-1.00,-1.00,-1.00,-1.00
2023-02-07T06:13:40Z,"0002cc0100000648","22510cae94fd3dbf02520d15c160ea6ed3f000000000000000ffffffffffffffffffffffff",3.86,,0.14,13,21.75,43.29,99236.00,0.00,0,0,0,0,,,-1.00,-1.00,-1.00,-1.00,-1.00,-1.00
2023-02-07T06:19:36Z,"0002cc0100000648","22510caff8fd3dbf025f0d15be60e86ef8f000000000000000ffffffffffffffffffffffff",3.86,,0.15,13,21.74,43.35,99230.00,0.00,0,0,0,0,,,-1.00,-1.00,-1.00,-1.00,-1.00,-1.00
2023-02-07T06:25:32Z,"0002cc0100000648","22510cb15cfd3dbf02520d15be60e96f32f000000000000000ffffffffffffffffffffffff",3.86,,0.14,13,21.74,43.44,99233.00,0.00,0,0,0,0,,,-1.00,-1.00,-1.00,-1.00,-1.00,-1.00
2023-02-07T06:31:28Z,"0002cc0100000648","22510cb2c0fd3dbf02520d15c360e8703cf000000000000000ffffffffffffffffffffffff",3.86,,0.14,13,21.76,43.84,99231.00,0.00,0,0,0,0,,,-1.00,-1.00,-1.00,-1.00,-1.00,-1.00
2023-02-07T06:37:24Z,"0002cc0100000648","22510cb424fd3db302520d15c860e96ffbf000000000000000ffffffffffffffffffffffff",3.86,,0.14,13,21.78,43.74,99234.00,0.00,0,0,0,0,,,-1.00,-1.00,-1.00,-1.00,-1.00,-1.00
2023-02-07T06:43:20Z,"0002cc0100000648","22510cb588fd3dbf02520d15cb60e97080f000000000000000ffffffffffffffffffffffff",3.86,,0.14,13,21.79,43.95,99234.00,0.00,0,0,0,0,,,-1.00,-1.00,-1.00,-1.00,-1.00,-1.00
2023-02-07T06:49:17Z,"0002cc0100000648","22510cb6edfd3dbf025f0d15d060e7709ef000000000000000ffffffffffffffffffffffff",3.86,,0.15,13,21.81,43.99,99226.00,0.00,0,0,0,0,,,-1.00,-1.00,-1.00,-1.00,-1.00,-1.00
2023-02-07T06:55:13Z,"0002cc0100000648","22510cb851fd3db702520d15d260e770f0f000000000000000ffffffffffffffffffffffff",3.86,,0.14,13,21.82,44.12,99224.00,0.00,0,0,0,0,,,-1.00,-1.00,-1.00,-1.00,-1.00,-1.00
2023-02-07T07:01:09Z,"0002cc0100000648","22510cb9b5fd3dbf02520d15d260e770f7f000000000000000ffffffffffffffffffffffff",3.86,,0.14,13,21.82,44.13,99226.00,0.00,0,0,0,0,,,-1.00,-1.00,-1.00,-1.00,-1.00,-1.00
2023-02-07T07:07:05Z,"0002cc0100000648","22510cbb19fd3dbf02520d15d060e87147f000000000000000ffffffffffffffffffffffff",3.86,,0.14,13,21.81,44.25,99229.00,0.00,0,0,0,0,,,-1.00,-1.00,-1.00,-1.00,-1.00,-1.00
2023-02-07T07:13:01Z,"0002cc0100000648","22510cbc7dfd3dbf025f0d15cd60e87155f000000000000000ffffffffffffffffffffffff",3.86,,0.15,13,21.80,44.27,99230.00,0.00,0,0,0,0,,,-1.00,-1.00,-1.00,-1.00,-1.00,-1.00
2023-02-07T07:18:57Z,"0002cc0100000648","22510cbde1fd3db302520d15cd60ea7155f000000000000000ffffffffffffffffffffffff",3.86,,0.14,13,21.80,44.27,99236.00,0.00,0,0,0,0,,,-1.00,-1.00,-1.00,-1.00,-1.00,-1.00
2023-02-07T07:24:53Z,"0002cc0100000648","22510cbf45fd3db702520d15c860e6714cf000000000000000ffffffffffffffffffffffff",3.86,,0.14,13,21.78,44.26,99221.00,0.00,0,0,0,0,,,-1.00,-1.00,-1.00,-1.00,-1.00,-1.00
2023-02-07T07:30:49Z,"0002cc0100000648","22510cc0a9fd3db702520d15c660e6716af000000000000000ffffffffffffffffffffffff",3.86,,0.14,13,21.77,44.30,99220.00,0.00,0,0,0,0,,,-1.00,-1.00,-1.00,-1.00,-1.00,-1.00
2023-02-07T07:36:45Z,"0002cc0100000648","22510cc20dfd3db702520d15c360e771f5f000000000000000ffffffffffffffffffffffff",3.86,,0.14,13,21.76,44.51,99224.00,0.00,0,0,0,0,,,-1.00,-1.00,-1.00,-1.00,-1.00,-1.00
2023-02-07T07:42:41Z,"0002cc0100000648","22510cc371fd3dbf02520d15c860e47279f000000000000000ffffffffffffffffffffffff",3.86,,0.14,13,21.78,44.72,99214.00,0.00,0,0,0,0,,,-1.00,-1.00,-1.00,-1.00,-1.00,-1.00
2023-02-07T07:48:38Z,"0002cc0100000648","22510cc4d6fd3dbf02520d15cd60e57289f000000000000000ffffffffffffffffffffffff",3.86,,0.14,13,21.80,44.74,99218.00,0.00,0,0,0,0,,,-1.00,-1.00,-1.00,-1.00,-1.00,-1.00
2023-02-07T07:54:34Z,"0002cc0100000648","22510cc63afd3dbb02520d15d260e6727cf000000000000000ffffffffffffffffffffffff",3.86,,0.14,13,21.82,44.72,99222.00,0.00,0,0,0,0,,,-1.00,-1.00,-1.00,-1.00,-1.00,-1.00
2023-02-07T08:00:30Z,"0002cc0100000648","22510cc79efd3db302520d15d860e57259f000000000000000ffffffffffffffffffffffff",3.86,,0.14,13,21.84,44.67,99219.00,0.00,0,0,0,0,,,-1.00,-1.00,-1.00,-1.00,-1.00,-1.00
2023-02-07T08:06:26Z,"0002cc0100000648","22510cc902fd3db702520d15d860e572a2f000000000000000ffffffffffffffffffffffff",3.86,,0.14,13,21.84,44.78,99217.00,0.00,0,0,0,0,,,-1.00,-1.00,-1.00,-1.00,-1.00,-1.00
2023-02-07T08:12:22Z,"0002cc0100000648","22510cca66fd3dbf02520d15d860e472aaf000000000000000ffffffffffffffffffffffff",3.86,,0.14,13,21.84,44.79,99213.00,0.00,0,0,0,0,,,-1.00,-1.00,-1.00,-1.00,-1.00,-1.00
2023-02-07T08:18:18Z,"0002cc0100000648","22510ccbcafd3dbf02520d15da60e572e4f000000000000000ffffffffffffffffffffffff",3.86,,0.14,13,21.85,44.88,99217.00,0.00,0,0,0,0,,,-1.00,-1.00,-1.00,-1.00,-1.00,-1.00
2023-02-07T08:24:14Z,"0002cc0100000648","22510ccd2efd3dbf02520d15da60e3734cf000000000000000ffffffffffffffffffffffff",3.86,,0.14,13,21.85,45.04,99211.00,0.00,0,0,0,0,,,-1.00,-1.00,-1.00,-1.00,-1.00,-1.00
2023-02-07T08:30:10Z,"0002cc0100000648","22510cce92fd3dbf02520d15da60e3738ef000000000000000ffffffffffffffffffffffff",3.86,,0.14,13,21.85,45.14,99211.00,0.00,0,0,0,0,,,-1.00,-1.00,-1.00,-1.00,-1.00,-1.00
2023-02-07T08:36:06Z,"0002cc0100000648","22510ccff6fd3dbf02520d15da60e473eef000000000000000ffffffffffffffffffffffff",3.86,,0.14,13,21.85,45.29,99212.00,0.00,0,0,0,0,,,-1.00,-1.00,-1.00,-1.00,-1.00,-1.00
2023-02-07T08:42:02Z,"0002cc0100000648","22510cd15afd3db7025f0d15dd60e57430f000000000000000ffffffffffffffffffffffff",3.86,,0.15,13,21.86,45.39,99219.00,0.00,0,0,0,0,,,-1.00,-1.00,-1.00,-1.00,-1.00,-1.00
2023-02-07T08:47:59Z,"0002cc0100000648","22510cd2bffd3db702520d15dd60e574adf000000000000000ffffffffffffffffffffffff",3.86,,0.14,13,21.86,45.58,99219.00,0.00,0,0,0,0,,,-1.00,-1.00,-1.00,-1.00,-1.00,-1.00
2023-02-07T08:53:55Z,"0002cc0100000648","22510cd423fd3dbf02520d15df60ea752af000000000000000ffffffffffffffffffffffff",3.86,,0.14,13,21.87,45.77,99236.00,0.00,0,0,0,0,,,-1.00,-1.00,-1.00,-1.00,-1.00,-1.00
2023-02-07T08:59:51Z,"0002cc0100000648","22510cd587fd3db702520d15df60ec7582f000000000000000ffffffffffffffffffffffff",3.86,,0.14,13,21.87,45.90,99246.00,0.00,0,0,0,0,,,-1.00,-1.00,-1.00,-1.00,-1.00,-1.00
2023-02-07T09:05:47Z,"0002cc0100000648","22510cd6ebfd3db702520d15dd60ed75c4f000000000000000ffffffffffffffffffffffff",3.86,,0.14,13,21.86,46.00,99248.00,0.00,0,0,0,0,,,-1.00,-1.00,-1.00,-1.00,-1.00,-1.00
2023-02-07T09:11:43Z,"0002cc0100000648","22510cd84ffd3db702520d15dd60ed7623f000000000000000ffffffffffffffffffffffff",3.86,,0.14,13,21.86,46.15,99251.00,0.00,0,0,0,0,,,-1.00,-1.00,-1.00,-1.00,-1.00,-1.00
2023-02-07T09:17:39Z,"0002cc0100000648","22510cd9b3fd3db7025f0d15d860ed75acf000000000000000ffffffffffffffffffffffff",3.86,,0.15,13,21.84,45.97,99250.00,0.00,0,0,0,0,,,-1.00,-1.00,-1.00,-1.00,-1.00,-1.00
2023-02-07T09:23:35Z,"0002cc0100000648","22510cdb17fd3db7025f0d15d260ee75aaf000000000000000ffffffffffffffffffffffff",3.86,,0.15,13,21.82,45.96,99253.00,0.00,0,0,0,0,,,-1.00,-1.00,-1.00,-1.00,-1.00,-1.00
2023-02-07T09:29:31Z,"0002cc0100000648","22510cdc7bfd3dbf02520d15cd60ec758cf000000000000000ffffffffffffffffffffffff",3.86,,0.14,13,21.80,45.92,99247.00,0.00,0,0,0,0,,,-1.00,-1.00,-1.00,-1.00,-1.00,-1.00
2023-02-07T09:35:27Z,"0002cc0100000648","22510cdddffd3db702520d15c660ef75a7f000000000000000ffffffffffffffffffffffff",3.86,,0.14,13,21.77,45.96,99259.00,0.00,0,0,0,0,,,-1.00,-1.00,-1.00,-1.00,-1.00,-1.00
2023-02-07T09:41:24Z,"0002cc0100000648","22510cdf44fd3db702520d15c660f275b6f000000000000000ffffffffffffffffffffffff",3.86,,0.14,13,21.77,45.98,99268.00,0.00,0,0,0,0,,,-1.00,-1.00,-1.00,-1.00,-1.00,-1.00
2023-02-07T09:47:20Z,"0002cc0100000648","22510ce0a8fd3db7025f0d15c360f275bdf000000000000000ffffffffffffffffffffffff",3.86,,0.15,13,21.76,45.99,99269.00,0.00,0,0,0,0,,,-1.00,-1.00,-1.00,-1.00,-1.00,-1.00
2023-02-07T09:53:16Z,"0002cc0100000648","22510ce20cfd3db702520d15c660f175c5f000000000000000ffffffffffffffffffffffff",3.86,,0.14,13,21.77,46.00,99265.00,0.00,0,0,0,0,,,-1.00,-1.00,-1.00,-1.00,-1.00,-1.00
2023-02-07T09:59:12Z,"0002cc0100000648","22510ce370fd3db702520d15c360f075d3f000000000000000ffffffffffffffffffffffff",3.86,,0.14,13,21.76,46.03,99261.00,0.00,0,0,0,0,,,-1.00,-1.00,-1.00,-1.00,-1.00,-1.00
2023-02-07T10:05:08Z,"0002cc0100000648","22510ce4d4fd3db702520d15c160f47623f000000000000000ffffffffffffffffffffffff",3.86,,0.14,13,21.75,46.15,99276.00,0.00,0,0,0,0,,,-1.00,-1.00,-1.00,-1.00,-1.00,-1.00
2023-02-07T10:11:04Z,"0002cc0100000648","22510ce638fd3db702520d15c360f676a0f000000000000000ffffffffffffffffffffffff",3.86,,0.14,13,21.76,46.34,99286.00,0.00,0,0,0,0,,,-1.00,-1.00,-1.00,-1.00,-1.00,-1.00
2023-02-07T10:17:00Z,"0002cc0100000648","22510ce79cfd3db702520d15c660f7769af000000000000000ffffffffffffffffffffffff",3.86,,0.14,13,21.77,46.33,99290.00,0.00,0,0,0,0,,,-1.00,-1.00,-1.00,-1.00,-1.00,-1.00
2023-02-07T10:22:56Z,"0002cc0100000648","22510ce900fd3db702520d15cb60fb761ef000000000000000ffffffffffffffffffffffff",3.86,,0.14,13,21.79,46.14,99304.00,0.00,0,0,0,0,,,-1.00,-1.00,-1.00,-1.00,-1.00,-1.00
2023-02-07T10:28:52Z,"0002cc0100000648","22510cea64fd3db702520d15d060f975c0f000000000000000ffffffffffffffffffffffff",3.86,,0.14,13,21.81,46.00,99297.00,0.00,0,0,0,0,,,-1.00,-1.00,-1.00,-1.00,-1.00,-1.00
2023-02-07T10:34:48Z,"0002cc0100000648","22510cebc8fd3db702520d15d560f9758ef000000000000000ffffffffffffffffffffffff",3.86,,0.14,13,21.83,45.92,99297.00,0.00,0,0,0,0,,,-1.00,-1.00,-1.00,-1.00,-1.00,-1.00
2023-02-07T10:40:45Z,"0002cc0100000648","22510ced2dfd3db7025f0d15dd60fc75b5f000000000000000ffffffffffffffffffffffff",3.86,,0.15,13,21.86,45.98,99308.00,0.00,0,0,0,0,,,-1.00,-1.00,-1.00,-1.00,-1.00,-1.00
2023-02-07T10:46:41Z,"0002cc0100000648","22510cee91fd3db702520d15e260fe757bf000000000000000ffffffffffffffffffffffff",3.86,,0.14,13,21.88,45.89,99317.00,0.00,0,0,0,0,,,-1.00,-1.00,-1.00,-1.00,-1.00,-1.00
2023-02-07T10:52:37Z,"0002cc0100000648","22510ceff5fd3dbf025f0d15e4610174ccf000000000000000ffffffffffffffffffffffff",3.86,,0.15,13,21.89,45.63,99328.00,0.00,0,0,0,0,,,-1.00,-1.00,-1.00,-1.00,-1.00,-1.00
2023-02-07T10:58:33Z,"0002cc0100000648","22510cf159fd3db702520d15e7610074bef000000000000000ffffffffffffffffffffffff",3.86,,0.14,13,21.90,45.60,99325.00,0.00,0,0,0,0,,,-1.00,-1.00,-1.00,-1.00,-1.00,-1.00
2023-02-07T11:04:29Z,"0002cc0100000648","22510cf2bdfd3db702520d15e961057467f000000000000000ffffffffffffffffffffffff",3.86,,0.14,13,21.91,45.47,99345.00,0.00,0,0,0,0,,,-1.00,-1.00,-1.00,-1.00,-1.00,-1.00
2023-02-07T11:10:25Z,"0002cc0100000648","22510cf421fd3db702520d15ec6106742cf000000000000000ffffffffffffffffffffffff",3.86,,0.14,13,21.92,45.38,99349.00,0.00,0,0,0,0,,,-1.00,-1.00,-1.00,-1.00,-1.00,-1.00
2023-02-07T11:16:21Z,"0002cc0100000648","22510cf585fd3daa02520d15ec61097442f000000000000000ffffffffffffffffffffffff",3.85,,0.14,13,21.92,45.41,99361.00,0.00,0,0,0,0,,,-1.00,-1.00,-1.00,-1.00,-1.00,-1.00
2023-02-07T11:22:17Z,"0002cc0100000648","22510cf6e9fd3db3025f0d15ec610a73f1f000000000000000ffffffffffffffffffffffff",3.86,,0.15,13,21.92,45.29,99366.00,0.00,0,0,0,0,,,-1.00,-1.00,-1.00,-1.00,-1.00,-1.00
2023-02-07T11:28:13Z,"0002cc0100000648","22510cf84dfd3db702520d15ec610b749bf000000000000000ffffffffffffffffffffffff",3.86,,0.14,13,21.92,45.55,99369.00,0.00,0,0,0,0,,,-1.00,-1.00,-1.00,-1.00,-1.00,-1.00
2023-02-07T11:34:10Z,"0002cc0100000648","22510cf9b2fd3db302520d15ec610d7459f000000000000000ffffffffffffffffffffffff",3.86,,0.14,13,21.92,45.45,99379.00,0.00,0,0,0,0,,,-1.00,-1.00,-1.00,-1.00,-1.00,-1.00
2023-02-07T11:40:05Z,"0002cc0100000648","22510cfb15fd3db302520d15ef61117468f000000000000000ffffffffffffffffffffffff",3.86,,0.14,13,21.93,45.47,99394.00,0.00,0,0,0,0,,,-1.00,-1.00,-1.00,-1.00,-1.00,-1.00
2023-02-07T11:46:02Z,"0002cc0100000648","22510cfc7afd3da202520d15ec6114740ff000000000000000ffffffffffffffffffffffff",3.85,,0.14,13,21.92,45.34,99405.00,0.00,0,0,0,0,,,-1.00,-1.00,-1.00,-1.00,-1.00,-1.00
2023-02-07T11:51:58Z,"0002cc0100000648","22510cfddefd3daa02520d15ec61177484f000000000000000ffffffffffffffffffffffff",3.85,,0.14,13,21.92,45.51,99418.00,0.00,0,0,0,0,,,-1.00,-1.00,-1.00,-1.00,-1.00,-1.00
2023-02-07T11:57:54Z,"0002cc0100000648","22510cff42fd3da602520d15e9611b74b7f000000000000000ffffffffffffffffffffffff",3.85,,0.14,13,21.91,45.59,99433.00,0.00,0,0,0,0,,,-1.00,-1.00,-1.00,-1.00,-1.00,-1.00
2023-02-07T12:03:50Z,"0002cc0100000648","22510d00a6fd3daf025f0d15e7611e7492f000000000000000ffffffffffffffffffffffff",3.86,,0.15,13,21.90,45.54,99447.00,0.00,0,0,0,0,,,-1.00,-1.00,-1.00,-1.00,-1.00,-1.00
2023-02-07T12:09:46Z,"0002cc0100000648","22510d020afd3db702520d15e4611c747bf000000000000000ffffffffffffffffffffffff",3.86,,0.14,13,21.89,45.50,99438.00,0.00,0,0,0,0,,,-1.00,-1.00,-1.00,-1.00,-1.00,-1.00
2023-02-07T12:15:42Z,"0002cc0100000648","22510d036efd3daf025f0d15df611e740cf000000000000000ffffffffffffffffffffffff",3.86,,0.15,13,21.87,45.33,99444.00,0.00,0,0,0,0,,,-1.00,-1.00,-1.00,-1.00,-1.00,-1.00
2023-02-07T12:21:38Z,"0002cc0100000648","22510d04d2fd3daf02520d15d861257495f000000000000000ffffffffffffffffffffffff",3.86,,0.14,13,21.84,45.54,99472.00,0.00,0,0,0,0,,,-1.00,-1.00,-1.00,-1.00,-1.00,-1.00
2023-02-07T12:27:34Z,"0002cc0100000648","22510d0636fd3daf02520d15d2612a749bf000000000000000ffffffffffffffffffffffff",3.86,,0.14,13,21.82,45.55,99495.00,0.00,0,0,0,0,,,-1.00,-1.00,-1.00,-1.00,-1.00,-1.00
2023-02-07T12:33:30Z,"0002cc0100000648","22510d079afd3da602520d15cb61327348f000000000000000ffffffffffffffffffffffff",3.85,,0.14,13,21.79,45.03,99527.00,0.00,0,0,0,0,,,-1.00,-1.00,-1.00,-1.00,-1.00,-1.00
2023-02-07T12:39:27Z,"0002cc0100000648","22510d08fffd3daf02520d15c1613571c00d00000000000000ffffffffffffffffffffffff",3.86,,0.14,13,21.75,44.43,99536.00,13.00,0,0,0,0,,,-1.00,-1.00,-1.00,-1.00,-1.00,-1.00
2023-02-07T12:45:23Z,"0002cc0100000648","22510d0a63fd3da602520d15b9613c6f81f000000000000000ffffffffffffffffffffffff",3.85,,0.14,13,21.72,43.56,99564.00,0.00,0,0,0,0,,,-1.00,-1.00,-1.00,-1.00,-1.00,-1.00
2023-02-07T12:51:19Z,"0002cc0100000648","22510d0bc7fd3db702520d15b461436e45f000000000000000ffffffffffffffffffffffff",3.86,,0.14,13,21.70,43.07,99594.00,0.00,0,0,0,0,,,-1.00,-1.00,-1.00,-1.00,-1.00,-1.00
2023-02-07T12:57:15Z,"0002cc0100000648","22510d0d2bfd3daf02520d15af61466cbff000000000000000ffffffffffffffffffffffff",3.86,,0.14,13,21.68,42.48,99606.00,0.00,0,0,0,0,,,-1.00,-1.00,-1.00,-1.00,-1.00,-1.00
2023-02-07T13:03:11Z,"0002cc0100000648","22510d0e8ffd3daf02520d15af614c6bccf000000000000000ffffffffffffffffffffffff",3.86,,0.14,13,21.68,42.11,99629.00,0.00,0,0,0,0,,,-1.00,-1.00,-1.00,-1.00,-1.00,-1.00
2023-02-07T13:09:07Z,"0002cc0100000648","22510d0ff3fd3daf02520d15af614f6ae2f000000000000000ffffffffffffffffffffffff",3.86,,0.14,13,21.68,41.75,99641.00,0.00,0,0,0,0,,,-1.00,-1.00,-1.00,-1.00,-1.00,-1.00
2023-02-07T13:15:03Z,"0002cc0100000648","22510d1157fd3db702520d15b961516984f000000000000000ffffffffffffffffffffffff",3.86,,0.14,13,21.72,41.22,99648.00,0.00,0,0,0,0,,,-1.00,-1.00,-1.00,-1.00,-1.00,-1.00
2023-02-07T13:20:59Z,"0002cc0100000648","22510d12bbfd3daf02520d15c3615468d6f000000000000000ffffffffffffffffffffffff",3.86,,0.14,13,21.76,40.95,99661.00,0.00,0,0,0,0,,,-1.00,-1.00,-1.00,-1.00,-1.00,-1.00
2023-02-07T13:26:55Z,"0002cc0100000648","22510d141ffd3daf02520d15cd615a67b2f000000000000000ffffffffffffffffffffffff",3.86,,0.14,13,21.80,40.51,99686.00,0.00,0,0,0,0,,,-1.00,-1.00,-1.00,-1.00,-1.00,-1.00
2023-02-07T13:32:51Z,"0002cc0100000648","22510d1583fd3daa025f0d15da615f6637f000000000000000ffffffffffffffffffffffff",3.85,,0.15,13,21.85,39.93,99704.00,0.00,0,0,0,0,,,-1.00,-1.00,-1.00,-1.00,-1.00,-1.00
2023-02-07T13:38:47Z,"0002cc0100000648","22510d16e7fd3daf02520d15e2616664caf000000000000000ffffffffffffffffffffffff",3.86,,0.14,13,21.88,39.37,99735.00,0.00,0,0,0,0,,,-1.00,-1.00,-1.00,-1.00,-1.00,-1.00
2023-02-07T13:44:44Z,"0002cc0100000648","22510d184cfd3daf02520d15e7616c655ef000000000000000ffffffffffffffffffffffff",3.86,,0.14,13,21.90,39.60,99758.00,0.00,0,0,0,0,,,-1.00,-1.00,-1.00,-1.00,-1.00,-1.00
2023-02-07T13:50:40Z,"0002cc0100000648","22510d19b0fd3da602520d15e96172649ff000000000000000ffffffffffffffffffffffff",3.85,,0.14,13,21.91,39.31,99782.00,0.00,0,0,0,0,,,-1.00,-1.00,-1.00,-1.00,-1.00,-1.00
2023-02-07T13:56:36Z,"0002cc0100000648","22510d1b14fd3daf02520d15e96170650d0a70000000000000ffffffffffffffffffffffff",3.86,,0.14,13,21.91,39.47,99775.00,167.00,0,0,0,0,,,-1.00,-1.00,-1.00,-1.00,-1.00,-1.00
2023-02-07T14:02:32Z,"0002cc0100000648","22510d1c78fd3daf02520d15e9616f64cb0cb0000000000000ffffffffffffffffffffffff",3.86,,0.14,13,21.91,39.37,99771.00,203.00,0,0,0,0,,,-1.00,-1.00,-1.00,-1.00,-1.00,-1.00
2023-02-07T14:08:28Z,"0002cc0100000648","22510d1ddcfd3daf02520d15ec616763d90ce0000000000000ffffffffffffffffffffffff",3.86,,0.14,13,21.92,39.00,99739.00,206.00,0,0,0,0,,,-1.00,-1.00,-1.00,-1.00,-1.00,-1.00
2023-02-07T14:14:24Z,"0002cc0100000648","22510d1f40fd3daf02520d15e961606270397f000000000000ffffffffffffffffffffffff",3.86,,0.14,13,21.91,38.45,99709.00,2431.00,0,0,0,0,,,-1.00,-1.00,-1.00,-1.00,-1.00,-1.00
2023-02-07T14:20:20Z,"0002cc0100000648","22510d20a4fd3daf02520d15e9615e62020c40000000000000ffffffffffffffffffffffff",3.86,,0.14,13,21.91,38.29,99703.00,196.00,0,0,0,0,,,-1.00,-1.00,-1.00,-1.00,-1.00,-1.00
2023-02-07T14:26:16Z,"0002cc0100000648","22510d2208fd3daa02520d15ec615e629c0b00000000000000ffffffffffffffffffffffff",3.85,,0.14,13,21.92,38.52,99700.00,176.00,0,0,0,0,,,-1.00,-1.00,-1.00,-1.00,-1.00,-1.00
2023-02-07T14:32:12Z,"0002cc0100000648","22510d236cfd3daf02520d15e7615f62700c10000000000000ffffffffffffffffffffffff",3.86,,0.14,13,21.90,38.45,99707.00,193.00,0,0,0,0,,,-1.00,-1.00,-1.00,-1.00,-1.00,-1.00
2023-02-07T14:38:08Z,"0002cc0100000648","22510d24d0fd3daf02520d15df616061990b00000000000000ffffffffffffffffffffffff",3.86,,0.14,13,21.87,38.12,99711.00,176.00,0,0,0,0,,,-1.00,-1.00,-1.00,-1.00,-1.00,-1.00
2023-02-07T14:44:05Z,"0002cc0100000648","22510d2635fd3daf02520d15d2617261710b30000000000000ffffffffffffffffffffffff",3.86,,0.14,13,21.82,38.06,99781.00,179.00,0,0,0,0,,,-1.00,-1.00,-1.00,-1.00,-1.00,-1.00
2023-02-07T14:50:01Z,"0002cc0100000648","22510d2799fd3daf02520d15c8617c60830aa0000000000000ffffffffffffffffffffffff",3.86,,0.14,13,21.78,37.70,99820.00,170.00,0,0,0,0,,,-1.00,-1.00,-1.00,-1.00,-1.00,-1.00
2023-02-07T14:55:57Z,"0002cc0100000648","22510d28fdfd3da602520d15be61855fa50bf0000000000000ffffffffffffffffffffffff",3.85,,0.14,13,21.74,37.36,99856.00,191.00,0,0,0,0,,,-1.00,-1.00,-1.00,-1.00,-1.00,-1.00
2023-02-07T15:01:53Z,"0002cc0100000648","22510d2a61fd3daf02520d15b161855f100bb0000000000000ffffffffffffffffffffffff",3.86,,0.14,13,21.69,37.13,99856.00,187.00,0,0,0,0,,,-1.00,-1.00,-1.00,-1.00,-1.00,-1.00
2023-02-07T15:07:49Z,"0002cc0100000648","22510d2bc5fd3daa02520d15a961855dd80cf0000000000000ffffffffffffffffffffffff",3.85,,0.14,13,21.66,36.66,99858.00,207.00,0,0,0,0,,,-1.00,-1.00,-1.00,-1.00,-1.00,-1.00
2023-02-07T15:13:45Z,"0002cc0100000648","22510d2d29fd3daf02520d159f61865cfa0b00000000000000ffffffffffffffffffffffff",3.86,,0.14,13,21.62,36.32,99861.00,176.00,0,0,0,0,,,-1.00,-1.00,-1.00,-1.00,-1.00,-1.00
2023-02-07T15:19:41Z,"0002cc0100000648","22510d2e8dfd3daa02520d159861885c4f0c70000000000000ffffffffffffffffffffffff",3.85,,0.14,13,21.59,36.06,99868.00,199.00,0,0,0,0,,,-1.00,-1.00,-1.00,-1.00,-1.00,-1.00
2023-02-07T15:25:37Z,"0002cc0100000648","22510d2ff1fd3daf025f0d159061895bd80be0000000000000ffffffffffffffffffffffff",3.86,,0.15,13,21.56,35.88,99875.00,190.00,0,0,0,0,,,-1.00,-1.00,-1.00,-1.00,-1.00,-1.00
2023-02-07T15:31:33Z,"0002cc0100000648","22510d3155fd3daf02520d1588618b5b700a90000000000000ffffffffffffffffffffffff",3.86,,0.14,13,21.53,35.72,99882.00,169.00,0,0,0,0,,,-1.00,-1.00,-1.00,-1.00,-1.00,-1.00
2023-02-07T15:37:29Z,"0002cc0100000648","22510d32b9fd3daf02520d1583618b5ae20bf0000000000000ffffffffffffffffffffffff",3.86,,0.14,13,21.51,35.50,99882.00,191.00,0,0,0,0,,,-1.00,-1.00,-1.00,-1.00,-1.00,-1.00
2023-02-07T15:43:26Z,"0002cc0100000648","22510d341efd3da602520d157b618c5a810c00000000000000ffffffffffffffffffffffff",3.85,,0.14,13,21.48,35.35,99887.00,192.00,0,0,0,0,,,-1.00,-1.00,-1.00,-1.00,-1.00,-1.00
2023-02-07T15:49:22Z,"0002cc0100000648","22510d3582fd3daf02520d1576618d5a200c20000000000000ffffffffffffffffffffffff",3.86,,0.14,13,21.46,35.21,99890.00,194.00,0,0,0,0,,,-1.00,-1.00,-1.00,-1.00,-1.00,-1.00
2023-02-07T15:55:18Z,"0002cc0100000648","22510d36e6fd3daa02520d1571619359c00ca0000000000000ffffffffffffffffffffffff",3.85,,0.14,13,21.44,35.06,99912.00,202.00,0,0,0,0,,,-1.00,-1.00,-1.00,-1.00,-1.00,-1.00
2023-02-07T16:01:14Z,"0002cc0100000648","22510d384afd3daa02520d156c6199596e0b80000000000000ffffffffffffffffffffffff",3.85,,0.14,13,21.42,34.93,99937.00,184.00,0,0,0,0,,,-1.00,-1.00,-1.00,-1.00,-1.00,-1.00
2023-02-07T16:07:10Z,"0002cc0100000648","22510d39aefd3daa02520d1569619659060b00000000000000ffffffffffffffffffffffff",3.85,,0.14,13,21.41,34.78,99926.00,176.00,0,0,0,0,,,-1.00,-1.00,-1.00,-1.00,-1.00,-1.00
2023-02-07T16:13:06Z,"0002cc0100000648","22510d3b12fd3da602520d1567619c59e30ba0000000000000ffffffffffffffffffffffff",3.85,,0.14,13,21.40,35.11,99948.00,186.00,0,0,0,0,,,-1.00,-1.00,-1.00,-1.00,-1.00,-1.00
2023-02-07T16:19:02Z,"0002cc0100000648","22510d3c76fd3daf025f0d156761a058f00c50000000000000ffffffffffffffffffffffff",3.86,,0.15,13,21.40,34.74,99965.00,197.00,0,0,0,0,,,-1.00,-1.00,-1.00,-1.00,-1.00,-1.00
2023-02-07T16:24:58Z,"0002cc0100000648","22510d3ddafd3daf02520d156461a158820bd0000000000000ffffffffffffffffffffffff",3.86,,0.14,13,21.39,34.57,99969.00,189.00,0,0,0,0,,,-1.00,-1.00,-1.00,-1.00,-1.00,-1.00
2023-02-07T16:30:54Z,"0002cc0100000648","22510d3f3efd3da6025f0d156261a0583e0b40000000000000ffffffffffffffffffffffff",3.85,,0.15,13,21.38,34.47,99965.00,180.00,0,0,0,0,,,-1.00,-1.00,-1.00,-1.00,-1.00,-1.00
2023-02-07T16:36:51Z,"0002cc0100000648","22510d40a3fd3daf02520d155f61a057f50af0000000000000ffffffffffffffffffffffff",3.86,,0.14,13,21.37,34.36,99966.00,175.00,0,0,0,0,,,-1.00,-1.00,-1.00,-1.00,-1.00,-1.00
2023-02-07T16:42:47Z,"0002cc0100000648","22510d4207fd3daf025f0d155d61a157b20be0000000000000ffffffffffffffffffffffff",3.86,,0.15,13,21.36,34.26,99970.00,190.00,0,0,0,0,,,-1.00,-1.00,-1.00,-1.00,-1.00,-1.00
2023-02-07T16:48:43Z,"0002cc0100000648","22510d436bfd3da602520d155d61a5574b0bf0000000000000ffffffffffffffffffffffff",3.85,,0.14,13,21.36,34.10,99987.00,191.00,0,0,0,0,,,-1.00,-1.00,-1.00,-1.00,-1.00,-1.00
2023-02-07T16:54:39Z,"0002cc0100000648","22510d44cffd3daf02520d155a61a657090c00000000000000ffffffffffffffffffffffff",3.86,,0.14,13,21.35,34.00,99988.00,192.00,0,0,0,0,,,-1.00,-1.00,-1.00,-1.00,-1.00,-1.00
2023-02-07T17:00:35Z,"0002cc0100000648","22510d4633fd3daf02520d155861a456c60bb0000000000000ffffffffffffffffffffffff",3.86,,0.14,13,21.34,33.90,99983.00,187.00,0,0,0,0,,,-1.00,-1.00,-1.00,-1.00,-1.00,-1.00
2023-02-07T17:06:31Z,"0002cc0100000648","22510d4797fd3daf025f0d155861aa56dc0c30000000000000ffffffffffffffffffffffff",3.86,,0.15,13,21.34,33.93,100007.00,195.00,0,0,0,0,,,-1.00,-1.00,-1.00,-1.00,-1.00,-1.00
2023-02-07T17:12:27Z,"0002cc0100000648","22510d48fbfd3daa02520d155861ac57010bc0000000000000ffffffffffffffffffffffff",3.85,,0.14,13,21.34,33.99,100012.00,188.00,0,0,0,0,,,-1.00,-1.00,-1.00,-1.00,-1.00,-1.00
2023-02-07T17:18:23Z,"0002cc0100000648","22510d4a5ffd3da6025f0d155a61a957e50ad0000000000000ffffffffffffffffffffffff",3.85,,0.15,13,21.35,34.33,100000.00,173.00,0,0,0,0,,,-1.00,-1.00,-1.00,-1.00,-1.00,-1.00
2023-02-07T17:24:19Z,"0002cc0100000648","22510d4bc3fd3daf02520d155d61ac57100a30000000000000ffffffffffffffffffffffff",3.86,,0.14,13,21.36,34.01,100013.00,163.00,0,0,0,0,,,-1.00,-1.00,-1.00,-1.00,-1.00,-1.00
2023-02-07T17:30:15Z,"0002cc0100000648","22510d4d27fd3daa025f0d155d61ad56ce0c20000000000000ffffffffffffffffffffffff",3.85,,0.15,13,21.36,33.91,100017.00,194.00,0,0,0,0,,,-1.00,-1.00,-1.00,-1.00,-1.00,-1.00
2023-02-07T17:36:12Z,"0002cc0100000648","22510d4e8cfd3daa02520d155861ad567509f0000000000000ffffffffffffffffffffffff",3.85,,0.14,13,21.34,33.77,100017.00,159.00,0,0,0,0,,,-1.00,-1.00,-1.00,-1.00,-1.00,-1.00
2023-02-07T17:42:08Z,"0002cc0100000648","22510d4ff0fd3daf02520d155a61af560e0c00000000000000ffffffffffffffffffffffff",3.86,,0.14,13,21.35,33.62,100026.00,192.00,0,0,0,0,,,-1.00,-1.00,-1.00,-1.00,-1.00,-1.00
2023-02-07T17:48:04Z,"0002cc0100000648","22510d5154fd3daa02520d155561ae55cb0b10000000000000ffffffffffffffffffffffff",3.85,,0.14,13,21.33,33.51,100022.00,177.00,0,0,0,0,,,-1.00,-1.00,-1.00,-1.00,-1.00,-1.00
2023-02-07T17:54:00Z,"0002cc0100000648","22510d52b8fd3daf025f0d155561ae55a60ad0000000000000ffffffffffffffffffffffff",3.86,,0.15,13,21.33,33.46,100023.00,173.00,0,0,0,0,,,-1.00,-1.00,-1.00,-1.00,-1.00,-1.00
2023-02-07T17:59:56Z,"0002cc0100000648","22510d541cfd3d9e025f0d155561b0556b0d40000000000000ffffffffffffffffffffffff",3.85,,0.15,13,21.33,33.37,100028.00,212.00,0,0,0,0,,,-1.00,-1.00,-1.00,-1.00,-1.00,-1.00
2023-02-07T18:05:52Z,"0002cc0100000648","22510d5580fd3daa025f0d155261b155550b70000000000000ffffffffffffffffffffffff",3.85,,0.15,13,21.32,33.33,100035.00,183.00,0,0,0,0,,,-1.00,-1.00,-1.00,-1.00,-1.00,-1.00
2023-02-07T18:11:48Z,"0002cc0100000648","22510d56e4fd3da6025f0d155261b555f00c80000000000000ffffffffffffffffffffffff",3.85,,0.15,13,21.32,33.57,100048.00,200.00,0,0,0,0,,,-1.00,-1.00,-1.00,-1.00,-1.00,-1.00
2023-02-07T18:17:44Z,"0002cc0100000648","22510d5848fd3daa025f0d155261b5556b0b80000000000000ffffffffffffffffffffffff",3.85,,0.15,13,21.32,33.37,100050.00,184.00,0,0,0,0,,,-1.00,-1.00,-1.00,-1.00,-1.00,-1.00
2023-02-07T18:23:41Z,"0002cc0100000648","22510d59adfd3daa025f0d155261b655220ba0000000000000ffffffffffffffffffffffff",3.85,,0.15,13,21.32,33.25,100052.00,186.00,0,0,0,0,,,-1.00,-1.00,-1.00,-1.00,-1.00,-1.00
2023-02-07T18:29:36Z,"0002cc0100000648","22510d5b10fd3daa02520d155061b555120bb0000000000000ffffffffffffffffffffffff",3.85,,0.14,13,21.31,33.23,100051.00,187.00,0,0,0,0,,,-1.00,-1.00,-1.00,-1.00,-1.00,-1.00
2023-02-07T18:35:33Z,"0002cc0100000648","22510d5c75fd3daa025f0d154d61b455190c30000000000000ffffffffffffffffffffffff",3.85,,0.15,13,21.30,33.24,100045.00,195.00,0,0,0,0,,,-1.00,-1.00,-1.00,-1.00,-1.00,-1.00
2023-02-07T18:41:29Z,"0002cc0100000648","22510d5dd9fd3daa02520d154d61b554ed0c00000000000000ffffffffffffffffffffffff",3.85,,0.14,13,21.30,33.17,100048.00,192.00,0,0,0,0,,,-1.00,-1.00,-1.00,-1.00,-1.00,-1.00
2023-02-07T18:47:25Z,"0002cc0100000648","22510d5f3dfd3daa02520d154b61b254e50c30000000000000ffffffffffffffffffffffff",3.85,,0.14,13,21.29,33.16,100039.00,195.00,0,0,0,0,,,-1.00,-1.00,-1.00,-1.00,-1.00,-1.00
2023-02-07T18:53:21Z,"0002cc0100000648","22510d60a1fd3daa02520d154b61b454ab0b40000000000000ffffffffffffffffffffffff",3.85,,0.14,13,21.29,33.07,100046.00,180.00,0,0,0,0,,,-1.00,-1.00,-1.00,-1.00,-1.00,-1.00
2023-02-07T18:59:17Z,"0002cc0100000648","22510d6205fd3da602520d154b61b354940bf0000000000000ffffffffffffffffffffffff",3.85,,0.14,13,21.29,33.04,100043.00,191.00,0,0,0,0,,,-1.00,-1.00,-1.00,-1.00,-1.00,-1.00
2023-02-07T19:05:13Z,"0002cc0100000648","22510d6369fd3daa02520d154d61b5548d0c10000000000000ffffffffffffffffffffffff",3.85,,0.14,13,21.30,33.03,100048.00,193.00,0,0,0,0,,,-1.00,-1.00,-1.00,-1.00,-1.00,-1.00
2023-02-07T19:11:09Z,"0002cc0100000648","22510d64cdfd3daa02520d154d61b4548e0c00000000000000ffffffffffffffffffffffff",3.85,,0.14,13,21.30,33.03,100044.00,192.00,0,0,0,0,,,-1.00,-1.00,-1.00,-1.00,-1.00,-1.00
2023-02-07T19:17:05Z,"0002cc0100000648","22510d6631fd3daa02520d154d61b554ba0bd0000000000000ffffffffffffffffffffffff",3.85,,0.14,13,21.30,33.10,100049.00,189.00,0,0,0,0,,,-1.00,-1.00,-1.00,-1.00,-1.00,-1.00
2023-02-07T19:23:01Z,"0002cc0100000648","22510d6795fd3daa025f0d154d61b5547e0ba0000000000000ffffffffffffffffffffffff",3.85,,0.15,13,21.30,33.01,100050.00,186.00,0,0,0,0,,,-1.00,-1.00,-1.00,-1.00,-1.00,-1.00
2023-02-07T19:28:58Z,"0002cc0100000648","22510d68fafd3daa02520d154b61b4542d0c70000000000000ffffffffffffffffffffffff",3.85,,0.14,13,21.29,32.88,100047.00,199.00,0,0,0,0,,,-1.00,-1.00,-1.00,-1.00,-1.00,-1.00
2023-02-07T19:34:54Z,"0002cc0100000648","22510d6a5efd3da602520d154861b4541e0c20000000000000ffffffffffffffffffffffff",3.85,,0.14,13,21.28,32.86,100045.00,194.00,0,0,0,0,,,-1.00,-1.00,-1.00,-1.00,-1.00,-1.00
2023-02-07T19:40:50Z,"0002cc0100000648","22510d6bc2fd3daa02520d154661b453f90b40000000000000ffffffffffffffffffffffff",3.85,,0.14,13,21.27,32.80,100044.00,180.00,0,0,0,0,,,-1.00,-1.00,-1.00,-1.00,-1.00,-1.00
2023-02-07T19:46:46Z,"0002cc0100000648","22510d6d26fd3daa025f0d154661b553f20b20000000000000ffffffffffffffffffffffff",3.85,,0.15,13,21.27,32.79,100049.00,178.00,0,0,0,0,,,-1.00,-1.00,-1.00,-1.00,-1.00,-1.00
2023-02-07T19:52:42Z,"0002cc0100000648","22510d6e8afd3daa02520d154661b254490c40000000000000ffffffffffffffffffffffff",3.85,,0.14,13,21.27,32.92,100039.00,196.00,0,0,0,0,,,-1.00,-1.00,-1.00,-1.00,-1.00,-1.00
2023-02-07T19:58:38Z,"0002cc0100000648","22510d6feefd3da2025f0d154661b054250bc0000000000000ffffffffffffffffffffffff",3.85,,0.15,13,21.27,32.87,100030.00,188.00,0,0,0,0,,,-1.00,-1.00,-1.00,-1.00,-1.00,-1.00
2023-02-07T20:04:34Z,"0002cc0100000648","22510d7152fd3daa02520d154661b2542c0cc0000000000000ffffffffffffffffffffffff",3.85,,0.14,13,21.27,32.88,100036.00,204.00,0,0,0,0,,,-1.00,-1.00,-1.00,-1.00,-1.00,-1.00
2023-02-07T20:10:31Z,"0002cc0100000648","22510d72b7fd3daa025f0d154661b253f20c30000000000000ffffffffffffffffffffffff",3.85,,0.15,13,21.27,32.79,100037.00,195.00,0,0,0,0,,,-1.00,-1.00,-1.00,-1.00,-1.00,-1.00
2023-02-07T20:16:26Z,"0002cc0100000648","22510d741afd3d9e02520d154661b053d40c00000000000000ffffffffffffffffffffffff",3.85,,0.14,13,21.27,32.75,100031.00,192.00,0,0,0,0,,,-1.00,-1.00,-1.00,-1.00,-1.00,-1.00
2023-02-07T20:22:23Z,"0002cc0100000648","22510d757ffd3da202520d154861b253c60c20000000000000ffffffffffffffffffffffff",3.85,,0.14,13,21.28,32.72,100038.00,194.00,0,0,0,0,,,-1.00,-1.00,-1.00,-1.00,-1.00,-1.00
2023-02-07T20:28:19Z,"0002cc0100000648","22510d76e3fd3da6025f0d154661b253b70a90000000000000ffffffffffffffffffffffff",3.85,,0.15,13,21.27,32.70,100037.00,169.00,0,0,0,0,,,-1.00,-1.00,-1.00,-1.00,-1.00,-1.00
2023-02-07T20:34:15Z,"0002cc0100000648","22510d7847fd3da202520d154861b153eb0a30000000000000ffffffffffffffffffffffff",3.85,,0.14,13,21.28,32.78,100034.00,163.00,0,0,0,0,,,-1.00,-1.00,-1.00,-1.00,-1.00,-1.00
2023-02-07T20:40:11Z,"0002cc0100000648","22510d79abfd3daa02520d154861b253e40b90000000000000ffffffffffffffffffffffff",3.85,,0.14,13,21.28,32.77,100036.00,185.00,0,0,0,0,,,-1.00,-1.00,-1.00,-1.00,-1.00,-1.00
2023-02-07T20:46:07Z,"0002cc0100000648","22510d7b0ffd3daa025f0d154861b253d50bf0000000000000ffffffffffffffffffffffff",3.85,,0.15,13,21.28,32.75,100037.00,191.00,0,0,0,0,,,-1.00,-1.00,-1.00,-1.00,-1.00,-1.00
2023-02-07T20:52:03Z,"0002cc0100000648","22510d7c73fd3da602520d154861b453c60ca0000000000000ffffffffffffffffffffffff",3.85,,0.14,13,21.28,32.72,100047.00,202.00,0,0,0,0,,,-1.00,-1.00,-1.00,-1.00,-1.00,-1.00
2023-02-07T20:57:59Z,"0002cc0100000648","22510d7dd7fd3daa02520d154661b954420af0000000000000ffffffffffffffffffffffff",3.85,,0.14,13,21.27,32.91,100065.00,175.00,0,0,0,0,,,-1.00,-1.00,-1.00,-1.00,-1.00,-1.00
2023-02-07T21:03:55Z,"0002cc0100000648","22510d7f3bfd3d9a02520d154661ba53db0cd0000000000000ffffffffffffffffffffffff",3.85,,0.14,13,21.27,32.76,100068.00,205.00,0,0,0,0,,,-1.00,-1.00,-1.00,-1.00,-1.00,-1.00
2023-02-07T21:09:52Z,"0002cc0100000648","22510d80a0fd3da202520d154661bc53be0b30000000000000ffffffffffffffffffffffff",3.85,,0.14,13,21.27,32.71,100076.00,179.00,0,0,0,0,,,-1.00,-1.00,-1.00,-1.00,-1.00,-1.00
2023-02-07T21:15:48Z,"0002cc0100000648","22510d8204fd3da202520d154661c053cc0a50000000000000ffffffffffffffffffffffff",3.85,,0.14,13,21.27,32.73,100094.00,165.00,0,0,0,0,,,-1.00,-1.00,-1.00,-1.00,-1.00,-1.00
2023-02-07T21:21:44Z,"0002cc0100000648","22510d8368fd3da602520d154661c1541e0b90000000000000ffffffffffffffffffffffff",3.85,,0.14,13,21.27,32.86,100099.00,185.00,0,0,0,0,,,-1.00,-1.00,-1.00,-1.00,-1.00,-1.00
2023-02-07T21:27:40Z,"0002cc0100000648","22510d84ccfd3d9e02520d154861c053d50c00000000000000ffffffffffffffffffffffff",3.85,,0.14,13,21.28,32.75,100092.00,192.00,0,0,0,0,,,-1.00,-1.00,-1.00,-1.00,-1.00,-1.00
2023-02-07T21:33:36Z,"0002cc0100000648","22510d8630fd3daa02520d154861bf539a0c00000000000000ffffffffffffffffffffffff",3.85,,0.14,13,21.28,32.66,100089.00,192.00,0,0,0,0,,,-1.00,-1.00,-1.00,-1.00,-1.00,-1.00
2023-02-07T21:39:32Z,"0002cc0100000648","22510d8794fd3daa02520d154661bf53840b90000000000000ffffffffffffffffffffffff",3.85,,0.14,13,21.27,32.62,100088.00,185.00,0,0,0,0,,,-1.00,-1.00,-1.00,-1.00,-1.00,-1.00
2023-02-07T21:45:28Z,"0002cc0100000648","22510d88f8fd3da202520d154661c1536e0b20000000000000ffffffffffffffffffffffff",3.85,,0.14,13,21.27,32.59,100097.00,178.00,0,0,0,0,,,-1.00,-1.00,-1.00,-1.00,-1.00,-1.00
2023-02-07T21:51:24Z,"0002cc0100000648","22510d8a5cfd3da2025f0d154661c353660be0000000000000ffffffffffffffffffffffff",3.85,,0.15,13,21.27,32.58,100106.00,190.00,0,0,0,0,,,-1.00,-1.00,-1.00,-1.00,-1.00,-1.00
2023-02-07T21:57:20Z,"0002cc0100000648","22510d8bc0fd3da2025f0d154661c853660bc0000000000000ffffffffffffffffffffffff",3.85,,0.15,13,21.27,32.58,100124.00,188.00,0,0,0,0,,,-1.00,-1.00,-1.00,-1.00,-1.00,-1.00
2023-02-07T22:03:17Z,"0002cc0100000648","22510d8d25fd3d9602520d154861c853f90c80000000000000ffffffffffffffffffffffff",3.85,,0.14,13,21.28,32.80,100124.00,200.00,0,0,0,0,,,-1.00,-1.00,-1.00,-1.00,-1.00,-1.00
2023-02-07T22:09:13Z,"0002cc0100000648","22510d8e89fd3da202520d154b61c653f20b60000000000000ffffffffffffffffffffffff",3.85,,0.14,13,21.29,32.79,100119.00,182.00,0,0,0,0,,,-1.00,-1.00,-1.00,-1.00,-1.00,-1.00
2023-02-07T22:15:09Z,"0002cc0100000648","22510d8fedfd3da2025f0d154b61c653b00cd0000000000000ffffffffffffffffffffffff",3.85,,0.15,13,21.29,32.69,100116.00,205.00,0,0,0,0,,,-1.00,-1.00,-1.00,-1.00,-1.00,-1.00
2023-02-07T22:21:05Z,"0002cc0100000648","22510d9151fd3da2025f0d154b61c853500d60000000000000ffffffffffffffffffffffff",3.85,,0.15,13,21.29,32.54,100124.00,214.00,0,0,0,0,,,-1.00,-1.00,-1.00,-1.00,-1.00,-1.00
2023-02-07T22:27:01Z,"0002cc0100000648","22510d92b5fd3da2025f0d154b61c852d30ce0000000000000ffffffffffffffffffffffff",3.85,,0.15,13,21.29,32.35,100126.00,206.00,0,0,0,0,,,-1.00,-1.00,-1.00,-1.00,-1.00,-1.00
2023-02-07T22:32:57Z,"0002cc0100000648","22510d9419fd3daf02520d154861ce52cc0c00000000000000ffffffffffffffffffffffff",3.86,,0.14,13,21.28,32.34,100151.00,192.00,0,0,0,0,,,-1.00,-1.00,-1.00,-1.00,-1.00,-1.00
2023-02-07T22:38:53Z,"0002cc0100000648","22510d957dfd3da202520d154b61ce52390a40000000000000ffffffffffffffffffffffff",3.85,,0.14,13,21.29,32.12,100149.00,164.00,0,0,0,0,,,-1.00,-1.00,-1.00,-1.00,-1.00,-1.00
2023-02-07T22:44:49Z,"0002cc0100000648","22510d96e1fd3da202520d154861cf51a50c90000000000000ffffffffffffffffffffffff",3.85,,0.14,13,21.28,31.89,100152.00,201.00,0,0,0,0,,,-1.00,-1.00,-1.00,-1.00,-1.00,-1.00
2023-02-07T22:50:45Z,"0002cc0100000648","22510d9845fd3d9a025f0d154861d1516b0ad0000000000000ffffffffffffffffffffffff",3.85,,0.15,13,21.28,31.80,100160.00,173.00,0,0,0,0,,,-1.00,-1.00,-1.00,-1.00,-1.00,-1.00
2023-02-07T22:56:41Z,"0002cc0100000648","22510d99a9fd3da2025f0d154861d4515c0bf0000000000000ffffffffffffffffffffffff",3.85,,0.15,13,21.28,31.78,100172.00,191.00,0,0,0,0,,,-1.00,-1.00,-1.00,-1.00,-1.00,-1.00
2023-02-07T23:02:37Z,"0002cc0100000648","22510d9b0dfd3da202520d154b61da517a0b80000000000000ffffffffffffffffffffffff",3.85,,0.14,13,21.29,31.83,100198.00,184.00,0,0,0,0,,,-1.00,-1.00,-1.00,-1.00,-1.00,-1.00
2023-02-07T23:08:34Z,"0002cc0100000648","22510d9c72fd3da2025f0d154b61dd51220cc0000000000000ffffffffffffffffffffffff",3.85,,0.15,13,21.29,31.69,100210.00,204.00,0,0,0,0,,,-1.00,-1.00,-1.00,-1.00,-1.00,-1.00
2023-02-07T23:14:30Z,"0002cc0100000648","22510d9dd6fd3da202520d154d61df50963878000000000000ffffffffffffffffffffffff",3.85,,0.14,13,21.30,31.48,100218.00,2168.00,0,0,0,0,,,-1.00,-1.00,-1.00,-1.00,-1.00,-1.00
2023-02-07T23:20:26Z,"0002cc0100000648","22510d9f3afd3d9202520d155061e0503e0bd0000000000000ffffffffffffffffffffffff",3.85,,0.14,13,21.31,31.35,100221.00,189.00,0,0,0,0,,,-1.00,-1.00,-1.00,-1.00,-1.00,-1.00
2023-02-07T23:26:22Z,"0002cc0100000648","22510da09efd3d9e02520d155561e04ffd0b90000000000000ffffffffffffffffffffffff",3.85,,0.14,13,21.33,31.25,100222.00,185.00,0,0,0,0,,,-1.00,-1.00,-1.00,-1.00,-1.00,-1.00
2023-02-07T23:32:18Z,"0002cc0100000648","22510da202fd3d9e02520d155261e24fd10ca0000000000000ffffffffffffffffffffffff",3.85,,0.14,13,21.32,31.18,100230.00,202.00,0,0,0,0,,,-1.00,-1.00,-1.00,-1.00,-1.00,-1.00
2023-02-07T23:38:14Z,"0002cc0100000648","22510da366fd3da202520d155261e24fc938f7000000000000ffffffffffffffffffffffff",3.85,,0.14,13,21.32,31.17,100229.00,2295.00,0,0,0,0,,,-1.00,-1.00,-1.00,-1.00,-1.00,-1.00
2023-02-07T23:44:10Z,"0002cc0100000648","22510da4cafd3d9a02520d155261e04fbb38fc000000000000ffffffffffffffffffffffff",3.85,,0.14,13,21.32,31.14,100222.00,2300.00,0,0,0,0,,,-1.00,-1.00,-1.00,-1.00,-1.00,-1.00
2023-02-07T23:50:06Z,"0002cc0100000648","22510da62efd3da2025f0d155d61dc4f7a0bb0000000000000ffffffffffffffffffffffff",3.85,,0.15,13,21.36,31.05,100205.00,187.00,0,0,0,0,,,-1.00,-1.00,-1.00,-1.00,-1.00,-1.00
2023-02-07T23:56:03Z,"0002cc0100000648","22510da793fd3da202520d155f61d94f7b0c10000000000000ffffffffffffffffffffffff",3.85,,0.14,13,21.37,31.05,100193.00,193.00,0,0,0,0,,,-1.00,-1.00,-1.00,-1.00,-1.00,-1.00
