Time,DevEUI,Raw,Port,Vbat,Version,BootCount,T,RH,P,Light,CO2,P[0].delta,P[0].total,P[1].delta,P[1].total,Act[7],Act[6],Act[5],Act[4],Act[3],Act[2],Act[1],Act[0]
2024-10-21T00:01:54Z,"0002cc0100000eb0","3654405c72f93575131553c1e800000000800000000076c6fd22fe26fffffdfd",2,3.34,,19,21.32,75.75,,0.00,,0,128,0,0,,,,-0.75,-1.00,-0.77,-0.64,0.42
2024-10-21T00:07:50Z,"0002cc0100000eb0","3654405dd6f93561131545c1fa000000008000000000ff4cffffffffffffffffffff",2,3.34,,19,21.27,75.77,,0.00,,0,128,0,0,,,-1.00,-1.00,-1.00,-1.00,-1.00,-0.91
2024-10-21T00:13:46Z,"0002cc0100000eb0","3654405f3af9356d13153ec578000000008000000000fffffffffffffc21f61d",2,3.34,,19,21.24,77.14,,0.00,,0,128,0,0,,,,-0.38,-0.52,-1.00,-1.00,-1.00
2024-10-21T00:19:42Z,"0002cc0100000eb0","365440609ef9356d13153ec3e9000000008000000000fffffffffffffff6ffff",2,3.34,,19,21.24,76.53,,0.00,,0,128,0,0,,,,-1.00,-0.99,-1.00,-1.00,-1.00
2024-10-21T00:25:38Z,"0002cc0100000eb0","3654406202f9356d131536c320000000008000000000ffffffffffffffffffffffff",2,3.34,,19,21.21,76.22,,0.00,,0,128,0,0,,,-1.00,-1.00,-1.00,-1.00,-1.00,-1.00
2024-10-21T00:31:34Z,"0002cc0100000eb0","3654406366f9356d131530c3ed000000008000000000fffff6abf6ccff4affff",2,3.34,,19,21.18,76.53,,0.00,,0,128,0,0,,,,-1.00,-0.91,-0.42,-0.42,-1.00
2024-10-21T00:37:30Z,"0002cc0100000eb0","36544064caf9356d131530c314000000008000000000ffffffffff8dff6fffceffff",2,3.34,,19,21.18,76.20,,0.00,,0,128,0,0,,,-1.00,-0.98,-0.93,-0.94,-1.00,-1.00
2024-10-21T00:43:26Z,"0002cc0100000eb0","365440662ef93561131524c273000000008000000000fffffffffe22fd90fe4a",2,3.34,,19,21.14,75.96,,0.00,,0,128,0,0,,,,-0.79,-0.70,-0.77,-1.00,-1.00
2024-10-21T00:49:22Z,"0002cc0100000eb0","3654406792f9357513152bc40e000000008202000000fd85ff00fd5e77717cad",2,3.34,,19,21.17,76.59,,0.00,,2,130,0,0,,,,0.58,0.47,-0.67,-0.87,-0.69
2024-10-21T00:55:18Z,"0002cc0100000eb0","36544068f6f9356d131536c4cb0000000084020000006e89775e7619773875966dc5",2,3.34,,19,21.21,76.87,,0.00,,2,132,0,0,,,0.18,0.35,0.45,0.38,0.46,0.20
2024-10-21T01:01:14Z,"0002cc0100000eb0","3654406a5af9356d13154cc53c000000008602000000f5f267df6fc377e66ea0",2,3.34,,19,21.30,77.05,,0.00,,2,134,0,0,,,,0.21,0.49,0.24,0.12,-0.37
2024-10-21T01:07:09Z,"0002cc0100000eb0","3654406bbdf93575131553c4a0000000008600000000fc95fd8877047c9d6ec0",2,3.34,,19,21.32,76.81,,0.00,,0,134,0,0,,,,0.21,0.58,0.44,-0.69,-0.57
2024-10-21T01:13:05Z,"0002cc0100000eb0","3654406d21f9357913154cc35f0000000087010000004e1e6df2eedafd25fc1d",2,3.34,,19,21.30,76.32,,0.00,,1,135,0,0,,,,-0.51,-0.64,-0.21,0.19,0.01
2024-10-21T01:19:01Z,"0002cc0100000eb0","3654406e85f93565131550c54c0000000088010000006eee6ed5eff06ed7fd0af6f6",2,3.34,,19,21.31,77.07,,0.00,,1,136,0,0,,,-0.44,-0.63,0.21,-0.25,0.21,0.22
2024-10-21T01:24:57Z,"0002cc0100000eb0","3654406fe9f93579131541c365000000008800000000fe04ff4bff8efe7dffff",2,3.34,,19,21.25,76.33,,0.00,,0,136,0,0,,,,-1.00,-0.81,-0.94,-0.91,-0.75
2024-10-21T01:30:53Z,"0002cc0100000eb0","365440714df93561131533c2ed000000008800000000ffffff21ffeeffe4ffffffff",2,3.34,,19,21.20,76.14,,0.00,,0,136,0,0,,,-1.00,-1.00,-0.99,-0.99,-0.89,-1.00
2024-10-21T01:36:49Z,"0002cc0100000eb0","36544072b1f93579131527c2d8000000008800000000ffffffffffffffd4ffff",2,3.34,,19,21.15,76.11,,0.00,,0,136,0,0,,,,-1.00,-0.98,-1.00,-1.00,-1.00
2024-10-21T01:42:45Z,"0002cc0100000eb0","3654407415f93569131524c2ab000000008800000000ffffffffffffffffffff",2,3.34,,19,21.14,76.04,,0.00,,0,136,0,0,,,,-1.00,-1.00,-1.00,-1.00,-1.00
2024-10-21T01:48:41Z,"0002cc0100000eb0","3654407579f9356d131524c41f000000008800000000f56af50dfd36ffffffcaffff",2,3.34,,19,21.14,76.61,,0.00,,0,136,0,0,,,-1.00,-0.97,-1.00,-0.65,-0.32,-0.34
2024-10-21T01:54:37Z,"0002cc0100000eb0","36544076ddf9354c131524c506000000008901000000ffffffa6fc11f661560c",2,3.33,,19,21.14,76.96,,0.00,,1,137,0,0,,,,0.02,-0.40,-0.51,-0.96,-1.00
2024-10-21T02:00:33Z,"0002cc0100000eb0","3654407841f9356d131527c395000000008900000000ffffffffffffffffffffffa3",2,3.34,,19,21.15,76.40,,0.00,,0,137,0,0,,,-0.95,-1.00,-1.00,-1.00,-1.00,-1.00
2024-10-21T02:06:29Z,"0002cc0100000eb0","36544079a5f93569131524c30c000000008900000000fffffda5fd64ffffffff",2,3.34,,19,21.14,76.19,,0.00,,0,137,0,0,,,,-1.00,-1.00,-0.67,-0.71,-1.00
2024-10-21T02:12:25Z,"0002cc0100000eb0","3654407b09f93579131527c3db000000008900000000ffffffffee6dfce2ffff",2,3.34,,19,21.15,76.51,,0.00,,0,137,0,0,,,,-1.00,-0.61,-0.20,-1.00,-1.00
2024-10-21T02:18:21Z,"0002cc0100000eb0","3654407c6df93569131524c2f1000000008900000000ffffff93ffd2f736fd55ff9c",2,3.34,,19,21.14,76.15,,0.00,,0,137,0,0,,,-0.95,-0.67,-0.45,-0.98,-0.95,-1.00
2024-10-21T02:24:17Z,"0002cc0100000eb0","3654407dd1f9356d131524c2ff000000008a01000000ffdaff72ff82ff58feed",2,3.34,,19,21.14,76.17,,0.00,,1,138,0,0,,,,-0.87,-0.92,-0.94,-0.93,-0.98
2024-10-21T02:30:13Z,"0002cc0100000eb0","3654407f35f93569131519c25e000000008a00000000ecd3ffffffffffffffffffff",2,3.34,,19,21.10,75.93,,0.00,,0,138,0,0,,,-1.00,-1.00,-1.00,-1.00,-1.00,-0.15
2024-10-21T02:36:09Z,"0002cc0100000eb0","3654408099f9357113151cc1f1000000008a00000000ffffffffffffffffffff",2,3.34,,19,21.11,75.76,,0.00,,0,138,0,0,,,,-1.00,-1.00,-1.00,-1.00,-1.00
2024-10-21T02:42:05Z,"0002cc0100000eb0","36544081fdf93561131512c1bf000000008a00000000fffffffffe62ffffffff",2,3.34,,19,21.07,75.68,,0.00,,0,138,0,0,,,,-1.00,-1.00,-0.80,-1.00,-1.00
2024-10-21T02:48:01Z,"0002cc0100000eb0","3654408361f93575131519c273000000008a00000000ffd9fffffffff553fd61ff37",2,3.34,,19,21.10,75.96,,0.00,,0,138,0,0,,,-0.90,-0.67,-0.33,-1.00,-1.00,-0.98
2024-10-21T02:53:56Z,"0002cc0100000eb0","36544084c4f9356913150ec3cb000000008a00000000ffd9fe8effd5fffffd99",2,3.34,,19,21.05,76.48,,0.00,,0,138,0,0,,,,-0.70,-1.00,-0.98,-0.82,-0.98
2024-10-21T02:59:53Z,"0002cc0100000eb0","3654408629f9356d131527c341000000008b0100000076ed6d3c767375317c017cd7",2,3.34,,19,21.15,76.27,,0.00,,1,139,0,0,,,0.61,0.50,0.32,0.40,0.16,0.43
2024-10-21T03:05:48Z,"0002cc0100000eb0","365440878cf9356d131541c41c000000008c0100000067fdef9d6e367d41fc0b",2,3.34,,19,21.25,76.61,,0.00,,1,140,0,0,,,,-0.51,0.66,0.19,-0.24,0.12
2024-10-21T03:11:44Z,"0002cc0100000eb0","36544088f0f2020402001549c498000000008c0000000077016d52fce27cb27d8c",2,,2.4.2.0,,21.28,76.80,,0.00,,0,140,0,0,,,,0.69,0.59,-0.61,0.17,0.44
2024-10-21T03:17:40Z,"0002cc0100000eb0","3654408a54f9357113156cc7c1000000008d010000007416ee0e7cfafd0bffffdeb5",2,3.34,,19,21.42,78.03,,0.00,,1,141,0,0,,,-0.05,-1.00,-0.63,0.62,-0.19,0.26
2024-10-21T03:23:36Z,"0002cc0100000eb0","3654408bb8f9356d131577c77c000000008e01000000750cecc26f577cfd7d52",2,3.34,,19,21.46,77.92,,0.00,,1,142,0,0,,,,0.67,0.62,0.23,-0.15,0.32
2024-10-21T03:29:32Z,"0002cc0100000eb0","3654408d1cf93571131582c8be000000008e00000000f5617d127cac7ce17c9e",2,3.34,,19,21.51,78.42,,0.00,,0,142,0,0,,,,0.58,0.61,0.58,0.63,-0.34
2024-10-21T03:35:28Z,"0002cc0100000eb0","3654408e80f9357913157fc813000000008e00000000ffa867837c75fc0effffe4b2",2,3.34,,19,21.49,78.16,,0.00,,0,142,0,0,,,-0.07,-1.00,-0.51,0.56,0.12,-0.96
2024-10-21T03:41:24Z,"0002cc0100000eb0","3654408fe4f9357513157bc89d000000008f010000005de3f7d2fffffde97df7",2,3.34,,19,21.48,78.37,,0.00,,1,143,0,0,,,,0.75,-0.74,-1.00,-0.49,0.05
2024-10-21T03:47:20Z,"0002cc0100000eb0","3654409148f9356d13157fc74100000000900100000077067c75779f7c0b77ad",2,3.34,,19,21.49,77.83,,0.00,,1,144,0,0,,,,0.48,0.51,0.48,0.56,0.44
2024-10-21T03:53:16Z,"0002cc0100000eb0","36544092acf9356d13157fc82100000000900000000075b16d006d1974f4d4657771",2,3.34,,19,21.49,78.18,,0.00,,0,144,0,0,,,0.47,-0.02,0.31,0.16,0.16,0.36
2024-10-21T03:59:12Z,"0002cc0100000eb0","3654409410f9357113157fc6120000000090000000007d5c7c5c7cdf666ad528",2,3.34,,19,21.49,77.37,,0.00,,0,144,0,0,,,,-0.02,0.10,0.61,0.55,0.67
2024-10-21T04:05:08Z,"0002cc0100000eb0","3654409574f9356513157bc65d000000009000000000764c4fa1d58d5c267d627e2d",2,3.34,,19,21.48,77.49,,0.00,,0,144,0,0,,,0.77,0.67,0.03,-0.02,0.01,0.39
2024-10-21T04:11:04Z,"0002cc0100000eb0","36544096d8f9356d13156cc4d10000000090000000007dc276e166926dbf7c99",2,3.34,,19,21.42,76.88,,0.00,,0,144,0,0,,,,0.57,0.18,0.10,0.43,0.72
2024-10-21T04:17:00Z,"0002cc0100000eb0","365440983cf9356913155ec51c0000000090000000007512f4ddf6bafc87fc376485",2,3.34,,19,21.37,77.00,,0.00,,0,144,0,0,,,0.07,-0.53,-0.57,-0.42,-0.30,0.32
2024-10-21T04:22:55Z,"0002cc0100000eb0","365440999ff93569131566c4ef000000009202000000fdd8e7f7ddd9744f75f9",2,3.34,,19,21.40,76.93,,0.00,,2,146,0,0,,,,0.37,0.27,-0.05,-0.12,-0.73
2024-10-21T04:28:51Z,"0002cc0100000eb0","3654409b03f9356d13156cc61d0000000093010000007df27e5576c0e7457f0956d2",2,3.34,,19,21.42,77.39,,0.00,,1,147,0,0,,,0.03,0.88,-0.11,0.42,0.79,0.74
2024-10-21T04:34:47Z,"0002cc0100000eb0","3654409c67f9356d131569c46d0000000093000000007d41ecd7753c7c9e6d11",2,3.34,,19,21.41,76.73,,0.00,,0,147,0,0,,,,0.16,0.58,0.33,-0.15,0.66
2024-10-21T04:40:43Z,"0002cc0100000eb0","3654409dcbf93569131571c6f80000000093000000007c39ee1a6e45ee93fe1aff53",2,3.34,,19,21.44,77.72,,0.00,,0,147,0,0,,,-0.92,-0.76,-0.21,0.20,-0.19,0.53
2024-10-21T04:46:39Z,"0002cc0100000eb0","3654409f2ff9357913155bc54b000000009300000000fde5ffcbfea3fe6fff15",2,3.34,,19,21.35,77.07,,0.00,,0,147,0,0,,,,-0.89,-0.80,-0.83,-0.97,-0.74
2024-10-21T04:52:35Z,"0002cc0100000eb0","365440a093f93569131549c524000000009300000000fec0ffffffffffffff96ffff",2,3.34,,19,21.28,77.01,,0.00,,0,147,0,0,,,-1.00,-0.95,-1.00,-1.00,-1.00,-0.84
2024-10-21T04:58:31Z,"0002cc0100000eb0","365440a1f7f9356d131541c503000000009300000000ff34ffffffffffffffdc",2,3.34,,19,21.25,76.96,,0.00,,0,147,0,0,,,,-0.98,-1.00,-1.00,-1.00,-0.90
2024-10-21T05:04:27Z,"0002cc0100000eb0","365440a35bf9356d13153ac4bf000000009300000000fffffffffffffffffef7",2,3.34,,19,21.22,76.86,,0.00,,0,147,0,0,,,,-0.87,-1.00,-1.00,-1.00,-1.00
2024-10-21T05:10:23Z,"0002cc0100000eb0","365440a4bff93575131533c4d7000000009300000000ffffffffffffffe4ffbc",2,3.34,,19,21.20,76.89,,0.00,,0,147,0,0,,,,-0.97,-0.99,-1.00,-1.00,-1.00
2024-10-21T05:16:19Z,"0002cc0100000eb0","365440a623f9357513152bc49a000000009300000000fffffe0affffffafff07",2,3.34,,19,21.17,76.80,,0.00,,0,147,0,0,,,,-0.88,-0.96,-1.00,-0.76,-1.00
2024-10-21T05:22:15Z,"0002cc0100000eb0","365440a787f93569131524c47a000000009300000000ff99fffffffffc62fdb3",2,3.34,,19,21.14,76.75,,0.00,,0,147,0,0,,,,-0.71,-0.55,-1.00,-1.00,-0.95
2024-10-21T05:28:11Z,"0002cc0100000eb0","365440a8ebf9356d13152bc468000000009300000000ffffff43fffffffffffffd61",2,3.34,,19,21.17,76.72,,0.00,,0,147,0,0,,,-0.67,-1.00,-1.00,-1.00,-0.91,-1.00
2024-10-21T05:34:07Z,"0002cc0100000eb0","365440aa4ff9356913152bc551000000009401000000f722fd88f7f4f4d45ee4",2,3.34,,19,21.17,77.08,,0.00,,1,148,0,0,,,,0.05,-0.30,-0.50,-0.69,-0.45
2024-10-21T05:40:03Z,"0002cc0100000eb0","365440abb3f9356d131545c74c0000000095010000007d7ffca1647f77956c9dff1a",2,3.34,,19,21.27,77.85,,0.00,,1,149,0,0,,,-0.89,0.14,0.47,0.07,-0.58,0.69
2024-10-21T05:45:59Z,"0002cc0100000eb0","365440ad17f9356d131541c558000000009500000000e42dfe2cffffffffffff",2,3.34,,19,21.25,77.09,,0.00,,0,149,0,0,,,,-1.00,-1.00,-1.00,-0.77,-0.07
2024-10-21T05:51:54Z,"0002cc0100000eb0","365440ae7af9357913153ec533000000009500000000ff2cfffffffffffff6b3",2,3.34,,19,21.24,77.03,,0.00,,0,149,0,0,,,,-0.42,-1.00,-1.00,-1.00,-0.90
2024-10-21T05:57:50Z,"0002cc0100000eb0","365440afdef93579131536c4d1000000009500000000ffffffffffa5ffefffffff86",2,3.34,,19,21.21,76.88,,0.00,,0,149,0,0,,,-0.94,-1.00,-0.99,-0.96,-1.00,-1.00
2024-10-21T06:03:46Z,"0002cc0100000eb0","365440b142f93579131536c4a1000000009500000000ffffffffffffffe9ffff",2,3.34,,19,21.21,76.81,,0.00,,0,149,0,0,,,,-1.00,-0.99,-1.00,-1.00,-1.00
2024-10-21T06:09:42Z,"0002cc0100000eb0","365440b2a6f9356d131530c46b000000009500000000fffffffffffffc27fe84",2,3.34,,19,21.18,76.73,,0.00,,0,149,0,0,,,,-0.81,-0.52,-1.00,-1.00,-1.00
2024-10-21T06:15:38Z,"0002cc0100000eb0","365440b40af9356d131533c5f7000000009500000000ee6fef6eefcbf4defc77e6f4",2,3.34,,19,21.20,77.33,,0.00,,0,149,0,0,,,-0.11,-0.56,-0.30,-0.24,-0.23,-0.20
2024-10-21T06:21:34Z,"0002cc0100000eb0","365440b56ef9356913153ec708000000009702000000ef4d7428677ffccf6e94",2,3.34,,19,21.24,77.75,,0.00,,2,151,0,0,,,,0.21,-0.60,0.12,0.26,-0.23
2024-10-21T06:27:30Z,"0002cc0100000eb0","365440b6d2f93548131550c7680000000097000000007d7e357277017d77ccda",2,3.33,,19,21.31,77.89,,0.00,,0,151,0,0,,,,-0.01,0.68,0.44,0.00,0.69
2024-10-21T06:33:26Z,"0002cc0100000eb0","365440b836f93575131553c7f7000000009801000000e746ed5577d97c485452",2,3.34,,19,21.32,78.11,,0.00,,1,152,0,0,,,,0.02,0.54,0.49,-0.17,-0.11
2024-10-21T06:39:22Z,"0002cc0100000eb0","365440b99af9356d131566c9710000000099010000007d30ed79f6e9ed776ea16cbd",2,3.34,,19,21.40,78.69,,0.00,,1,153,0,0,,,0.15,0.21,-0.17,-0.43,-0.17,0.65
2024-10-21T06:45:18Z,"0002cc0100000eb0","365440bafef93579131582c9bc000000009a010000007e1e7cdc7cb4d4a5f4b6",2,3.34,,19,21.51,78.80,,0.00,,1,154,0,0,,,,-0.29,-0.02,0.59,0.61,0.76
2024-10-21T06:51:14Z,"0002cc0100000eb0","365440bc62f93569131591cbdb000000009b01000000f7b377fa7c625efc7cea",2,3.34,,19,21.56,79.63,,0.00,,1,155,0,0,,,,0.61,0.05,0.55,0.50,-0.48
2024-10-21T06:57:10Z,"0002cc0100000eb0","365440bdc6f9356913158dcb3d000000009d02000000ee8277677d9377c87d26f5d9",2,3.34,,19,21.55,79.39,,0.00,,2,157,0,0,,,-0.37,0.64,0.49,0.70,0.46,-0.20
2024-10-21T07:03:06Z,"0002cc0100000eb0","365440bf2af93571131582c885000000009d00000000df2967aa66bb7c41758a",2,3.34,,19,21.51,78.33,,0.00,,0,157,0,0,,,,0.35,0.53,0.11,0.12,-0.06
2024-10-21T07:09:02Z,"0002cc0100000eb0","365440c08ef93575131582c8a9000000009e0100000075cd776c7c4977336c2ff7b4",2,3.34,,19,21.51,78.38,,0.00,,1,158,0,0,,,-0.48,0.13,0.45,0.54,0.46,0.36
2024-10-21T07:14:58Z,"0002cc0100000eb0","365440c1f2f2020402001582c94a000000009f01000000fcc06c4675a9ec347654",2,,2.4.2.0,,21.51,78.63,,0.00,,1,159,0,0,,,,0.40,-0.13,0.35,0.13,-0.59
2024-10-21T07:20:54Z,"0002cc0100000eb0","365440c356f9356d13157bca1900000000a00100000076fb77d9fcd075a56c08ff1b",2,3.34,,19,21.48,78.95,,0.00,,1,160,0,0,,,-0.89,0.13,0.35,-0.60,0.49,0.44
2024-10-21T07:26:49Z,"0002cc0100000eb0","365440c4b9f9357113157bc9d200000000a303000000ffff4c717d53ffffde22",2,3.34,,19,21.48,78.84,,0.00,,3,163,0,0,,,,-0.05,-1.00,0.67,0.01,-1.00
2024-10-21T07:32:45Z,"0002cc0100000eb0","365440c61df9356513157fc7da00000000a5020000007d8e75c875ab7cee7d6a7c5e",2,3.34,,19,21.49,78.07,,0.00,,2,165,0,0,,,0.55,0.68,0.62,0.35,0.36,0.69
2024-10-21T07:38:41Z,"0002cc0100000eb0","365440c781f9356d131571c6ce00000000a500000000ed635dfce525f7fdfcca",2,3.34,,19,21.44,77.66,,0.00,,0,165,0,0,,,,-0.60,-0.50,-0.08,0.05,-0.17
2024-10-21T07:44:34Z,"0002cc0100000eb0","365440c8e2f93579131569c97a00000000a702000000ff9a7780ffffdd5f7c0f",3,3.34,,19,21.41,78.70,,0.00,,2,167,0,0,,,,0.51,-0.04,-1.00,0.47,-0.95
2024-10-21T07:50:30Z,"0002cc0100000eb0","365440ca46f93569131577c8db00000000a8010000007c086db26ed877747ca6",2,3.34,,19,21.46,78.46,,0.00,,1,168,0,0,,,,0.58,0.47,0.21,0.18,0.50
2024-10-21T07:56:26Z,"0002cc0100000eb0","365440cbaaf9356d131574c6e600000000a9010000007db57d2f7c7b742e77817d44",2,3.34,,19,21.45,77.70,,0.00,,1,169,0,0,,,0.66,0.47,0.26,0.56,0.65,0.71
2024-10-21T08:02:22Z,"0002cc0100000eb0","365440cd0ef9357d13156cc82a00000000ab020000007c4b6f82fcd27625e508",2,3.34,,19,21.42,78.19,,0.00,,2,171,0,0,,,,-0.08,0.38,-0.60,0.23,0.54
2024-10-21T08:08:18Z,"0002cc0100000eb0","365440ce72f93569131571c89600000000ac010000007452ff745e8feeaefdfb",2,3.34,,19,21.44,78.36,,0.00,,1,172,0,0,,,,-0.75,-0.21,0.05,-0.93,0.27
2024-10-21T08:14:14Z,"0002cc0100000eb0","365440cfd6f93571131574c96b00000000ad0100000076f574ebdcc87e507eac7d50",2,3.34,,19,21.45,78.68,,0.00,,1,173,0,0,,,0.66,0.83,0.79,-0.04,0.31,0.43
2024-10-21T08:20:10Z,"0002cc0100000eb0","365440d13af93565131574c79b00000000ad000000007dbdec156e2b75b96c1a",2,3.34,,19,21.45,77.97,,0.00,,0,173,0,0,,,,0.13,0.36,0.19,-0.13,0.72
2024-10-21T08:26:06Z,"0002cc0100000eb0","365440d29ef9357113157bc92900000000ae010000006cac6e286c0864297c107c36",2,3.34,,19,21.48,78.58,,0.00,,1,174,0,0,,,0.53,0.51,0.07,0.13,0.19,0.15
2024-10-21T08:32:02Z,"0002cc0100000eb0","365440d402f93569131586c97e00000000ae0000000077b95ee2e4477492ef5a",2,3.34,,19,21.52,78.71,,0.00,,0,174,0,0,,,,-0.23,0.29,-0.07,0.05,0.48
2024-10-21T08:37:57Z,"0002cc0100000eb0","365440d565f9356d13158ac88400000000ae000000006e61748774957c4e7dad",2,3.34,,19,21.54,78.33,,0.00,,0,174,0,0,,,,0.71,0.54,0.29,0.28,0.20
2024-10-21T08:43:54Z,"0002cc0100000eb0","365440d6caf93569131598c88700000000af0100000057625ecf7dfe7c1c7c4176ee",2,3.34,,19,21.59,78.33,,0.00,,1,175,0,0,,,0.43,0.53,0.51,0.75,0.05,0.03
2024-10-21T08:49:49Z,"0002cc0100000eb0","365440d82df9356d131598c94b00000000b00100000076deecb2657f6f33f483",2,3.34,,19,21.59,78.63,,0.00,,1,176,0,0,,,,-0.28,0.22,0.09,-0.15,0.43
2024-10-21T08:55:45Z,"0002cc0100000eb0","365440d991f9356513158dc84000000000b00000000077c6f469f59e6d427c0d",2,3.34,,19,21.55,78.22,,0.00,,0,176,0,0,,,,0.51,0.16,-0.35,-0.28,0.49
2024-10-21T09:01:41Z,"0002cc0100000eb0","365440daf5f9356d13158ac74700000000b0000000007c067d746f53efcd77f4",2,3.34,,19,21.54,77.84,,0.00,,0,176,0,0,,,,0.50,-0.24,0.23,0.68,0.50
2024-10-21T09:07:37Z,"0002cc0100000eb0","365440dc59f9357513157bc72200000000b000000000748e76ac7cff55996e427476",2,3.34,,19,21.48,77.79,,0.00,,0,176,0,0,,,0.28,0.20,0.02,0.62,0.42,0.28
2024-10-21T09:13:33Z,"0002cc0100000eb0","365440ddbdf935651315aacd2800000000b2020000007df87d577dc57da57cf9",2,3.34,,19,21.66,80.14,,0.00,,2,178,0,0,,,,0.62,0.71,0.72,0.67,0.75
2024-10-21T09:19:29Z,"0002cc0100000eb0","365440df21f9356513159fca1400000000b2000000006ef97dba6deaf415f533",2,3.34,,19,21.62,78.94,,0.00,,0,178,0,0,,,,-0.32,-0.26,0.18,0.72,0.22
2024-10-21T09:25:25Z,"0002cc0100000eb0","365440e085f9356d13157fc7bf00000000b200000000fe08f750f7eff737f5ddf65e",2,3.34,,19,21.49,78.03,,0.00,,0,178,0,0,,,-0.40,-0.37,-0.45,-0.50,-0.46,-0.75
2024-10-21T09:31:21Z,"0002cc0100000eb0","365440e1e9f9356d131571c73e00000000b200000000ff9cfd0ffe3efef4fea5",2,3.34,,19,21.44,77.83,,0.00,,0,178,0,0,,,,-0.83,-0.87,-0.78,-0.63,-0.95
2024-10-21T09:37:17Z,"0002cc0100000eb0","365440e34df9356d13155ec6ec00000000b200000000fdfafc87fe87ffffffffffff",2,3.34,,19,21.37,77.71,,0.00,,0,178,0,0,,,-1.00,-1.00,-1.00,-0.82,-0.57,-0.75
2024-10-21T09:43:13Z,"0002cc0100000eb0","365440e4b1f93579131550c68000000000b200000000ffffffffffffff85ffff",2,3.34,,19,21.31,77.54,,0.00,,0,178,0,0,,,,-1.00,-0.94,-1.00,-1.00,-1.00
2024-10-21T09:49:09Z,"0002cc0100000eb0","365440e615f9356d131545c62600000000b200000000ffffff9fffffff34ffff",2,3.34,,19,21.27,77.40,,0.00,,0,178,0,0,,,,-1.00,-0.90,-1.00,-0.95,-1.00
2024-10-21T09:55:05Z,"0002cc0100000eb0","365440e779f93579131545c61700000000b200000000fffffe05ffffffffffffffff",2,3.34,,19,21.27,77.38,,0.00,,0,178,0,0,,,-1.00,-1.00,-1.00,-1.00,-0.75,-1.00
2024-10-21T10:01:01Z,"0002cc0100000eb0","365440e8ddf9357113153ac5ed00000000b200000000ffffffffffffffffffff",2,3.34,,19,21.22,77.32,,0.00,,0,178,0,0,,,,-1.00,-1.00,-1.00,-1.00,-1.00
2024-10-21T10:06:57Z,"0002cc0100000eb0","365440ea41f93575131536c5f900000000b200000000ffffffffffffffffffff",2,3.34,,19,21.21,77.33,,0.00,,0,178,0,0,,,,-1.00,-1.00,-1.00,-1.00,-1.00
2024-10-21T10:12:53Z,"0002cc0100000eb0","365440eba5f93579131533c62900000000b200000000fdb8ff76ffffffffffffff02",2,3.34,,19,21.20,77.41,,0.00,,0,178,0,0,,,-0.88,-1.00,-1.00,-1.00,-0.93,-0.71
2024-10-21T10:18:48Z,"0002cc0100000eb0","365440ed08f9356d13153ac85e00000000b301000000e4eeeecffc09e40d7d32",2,3.34,,19,21.22,78.27,,0.00,,1,179,0,0,,,,0.65,-0.06,-0.50,-0.21,-0.08
2024-10-21T10:24:45Z,"0002cc0100000eb0","365440ee6df9356d13153ec74f00000000b3000000006c5cfe11fd9eff67ffb2ffd3",2,3.34,,19,21.24,77.86,,0.00,,0,179,0,0,,,-0.98,-0.96,-0.93,-0.70,-0.76,0.14
2024-10-21T10:30:40Z,"0002cc0100000eb0","365440efd0f9356d13153ac73700000000b300000000ff76ffffffffffffff15",2,3.34,,19,21.22,77.82,,0.00,,0,179,0,0,,,,-0.89,-1.00,-1.00,-1.00,-0.93
2024-10-21T10:36:36Z,"0002cc0100000eb0","365440f134f93579131533c81300000000b300000000ffffffffffffffffffff",2,3.34,,19,21.20,78.16,,0.00,,0,179,0,0,,,,-1.00,-1.00,-1.00,-1.00,-1.00
2024-10-21T10:42:32Z,"0002cc0100000eb0","365440f298f9356d131533c7ef00000000b300000000ffffffffffffff44ffffffff",2,3.34,,19,21.20,78.10,,0.00,,0,179,0,0,,,-1.00,-1.00,-0.91,-1.00,-1.00,-1.00
2024-10-21T10:48:28Z,"0002cc0100000eb0","365440f3fcf9356d131527c7dc00000000b300000000ff56fffffe9cffffffffffff",2,3.34,,19,21.15,78.07,,0.00,,0,179,0,0,,,-1.00,-1.00,-1.00,-0.83,-1.00,-0.92
2024-10-21T10:54:24Z,"0002cc0100000eb0","365440f560f9356913152bc8af00000000b401000000ffffff9dfedffffff6fc",2,3.34,,19,21.17,78.39,,0.00,,1,180,0,0,,,,-0.44,-1.00,-0.86,-0.95,-1.00
2024-10-21T11:00:20Z,"0002cc0100000eb0","365440f6c4f9356d131530c79a00000000b4000000006e596c9efe0bfc69f6b9",2,3.34,,19,21.18,77.97,,0.00,,0,180,0,0,,,,-0.42,-0.55,-0.76,0.14,0.20
2024-10-21T11:06:16Z,"0002cc0100000eb0","365440f828f93575131541c8a23da01c00b804000000752b7ca07d697ca26faa7c86",2,3.34,,19,21.25,78.37,,0.41,,4,184,0,0,,,0.57,0.24,0.58,0.68,0.58,0.32
2024-10-21T11:12:12Z,"0002cc0100000eb0","365440f98cf9356913154cca073d8ab900b901000000fd9dfc7175386d82fe7b",2,3.34,,19,21.30,78.92,,0.39,,1,185,0,0,,,,-0.81,0.17,0.33,-0.56,-0.70
2024-10-21T11:18:08Z,"0002cc0100000eb0","365440faf0f2020402001577ce3a3d91da00b9000000006dfc7e91746e7c4b7e27",2,,2.4.2.0,,21.46,80.56,,0.39,,0,185,0,0,,,,0.77,0.54,0.28,0.82,0.19
2024-10-21T11:24:04Z,"0002cc0100000eb0","365440fc54f9357513156ccb453d98fb00b900000000fcd4752f546b675dffffffff",2,3.34,,19,21.42,79.40,,0.40,,0,185,0,0,,,-1.00,-1.00,0.12,0.02,0.32,-0.60
2024-10-21T11:30:00Z,"0002cc0100000eb0","365440fdb8f93569131562cac539cb8900b9000000006f475df4763a76eaf4fa",2,3.34,,19,21.38,79.21,,0.03,,0,185,0,0,,,,-0.31,0.43,0.39,0.05,0.23
2024-10-21T11:35:56Z,"0002cc0100000eb0","365440ff1cf9356d13155bcace3d8ab900b900000000f7a5773c7764ee87fee5",2,3.34,,19,21.35,79.22,,0.39,,0,185,0,0,,,,-0.86,-0.20,0.46,0.45,-0.48
2024-10-21T11:41:52Z,"0002cc0100000eb0","3654410080f93579131549c8f33d8ab900b900000000ffffff56fffffec7ff5f",2,3.34,,19,21.28,78.50,,0.39,,0,185,0,0,,,,-0.92,-0.85,-1.00,-0.92,-1.00
2024-10-21T11:47:48Z,"0002cc0100000eb0","36544101e4f93571131545c8483d8ab900b900000000fffffe1dfe98fef2fe36fe44",2,3.34,,19,21.27,78.24,,0.39,,0,185,0,0,,,-0.78,-0.78,-0.87,-0.82,-0.76,-1.00
2024-10-21T11:53:43Z,"0002cc0100000eb0","3654410347f9356d131536c7d63d8ab900b900000000ffa9ffffffffffffff55",2,3.34,,19,21.21,78.06,,0.39,,0,185,0,0,,,,-0.92,-1.00,-1.00,-1.00,-0.96
2024-10-21T11:59:39Z,"0002cc0100000eb0","36544104abf93561131527c80c3d8ab900b900000000fffffffffffffffffefa",2,3.34,,19,21.15,78.14,,0.39,,0,185,0,0,,,,-0.87,-1.00,-1.00,-1.00,-1.00
2024-10-21T12:05:35Z,"0002cc0100000eb0","365441060ff93579131524c83a3d8ab900b900000000ffffffffff92fffffffffe91",2,3.34,,19,21.14,78.21,,0.39,,0,185,0,0,,,-0.82,-1.00,-1.00,-0.95,-1.00,-1.00
2024-10-21T12:11:31Z,"0002cc0100000eb0","3654410773f93575131521c83f3d8ab900b900000000ffffffffffffffffffff",2,3.34,,19,21.13,78.22,,0.39,,0,185,0,0,,,,-1.00,-1.00,-1.00,-1.00,-1.00
2024-10-21T12:17:27Z,"0002cc0100000eb0","36544108d7f9356d13151cc7ef3d8ab900b900000000ffffffffffe2ffaeffff",2,3.34,,19,21.11,78.10,,0.39,,0,185,0,0,,,,-1.00,-0.96,-0.99,-1.00,-1.00
2024-10-21T12:23:23Z,"0002cc0100000eb0","3654410a3bf9356d131519c8253d8ab900b900000000ffffffffffffffffffffffff",2,3.34,,19,21.10,78.18,,0.39,,0,185,0,0,,,-1.00,-1.00,-1.00,-1.00,-1.00,-1.00
2024-10-21T12:29:19Z,"0002cc0100000eb0","3654410b9ff9356d131512c7c53d8ab900b900000000fffffffffe6bffffffff",2,3.34,,19,21.07,78.04,,0.39,,0,185,0,0,,,,-1.00,-1.00,-0.80,-1.00,-1.00
2024-10-21T12:35:15Z,"0002cc0100000eb0","3654410d03f93579131519c7b53d8ab900b900000000ffffffffffffffffffda",2,3.34,,19,21.10,78.01,,0.39,,0,185,0,0,,,,-0.98,-1.00,-1.00,-1.00,-1.00
2024-10-21T12:41:11Z,"0002cc0100000eb0","3654410e67f93571131512c7b03d8ab900b900000000fffffd4dff73ffffffff",2,3.34,,19,21.07,78.00,,0.39,,0,185,0,0,,,,-1.00,-1.00,-0.93,-0.66,-1.00
2024-10-21T12:47:07Z,"0002cc0100000eb0","3654410fcbf93575131512c79b3d8ab900b900000000ffffff14ffffffffff7a",2,3.34,,19,21.07,77.97,,0.39,,0,185,0,0,,,,-0.93,-1.00,-1.00,-0.88,-1.00
2024-10-21T12:53:03Z,"0002cc0100000eb0","365441112ff93569131512c6ec3a8c9400b900000000ffffffffffe2fe67fff6fe22",2,3.34,,19,21.07,77.71,,0.05,,0,185,0,0,,,-0.77,-1.00,-0.80,-0.99,-1.00,-1.00
2024-10-21T12:58:59Z,"0002cc0100000eb0","3654411293f93575131516c6e13d149500b900000000fca6fe64fc1dfc46fdeefe67",2,3.34,,19,21.08,77.69,,0.27,,0,185,0,0,,,-0.80,-0.74,-0.53,-0.51,-0.80,-0.58
2024-10-21T13:04:55Z,"0002cc0100000eb0","36544113f7f9356913151cc8043d423800ba01000000ffc1f6c1e4bd76ac75ed",2,3.34,,19,21.11,78.13,,0.31,,1,186,0,0,,,,0.37,0.42,-0.07,-0.42,-0.97
2024-10-21T13:10:51Z,"0002cc0100000eb0","365441155bf93579131524c7533d423800ba00000000750fed1afd59ffeaffbb",2,3.34,,19,21.14,77.86,,0.31,,0,186,0,0,,,,-0.97,-0.99,-0.67,-0.16,0.32
2024-10-21T13:16:47Z,"0002cc0100000eb0","36544116bff9356d13151cc6a53d9da600ba00000000fdf0ffeeffd3ffffffffffff",2,3.34,,19,21.11,77.60,,0.40,,0,186,0,0,,,-1.00,-1.00,-1.00,-0.98,-0.99,-0.74
2024-10-21T13:22:43Z,"0002cc0100000eb0","3654411823f93575131516c6933d423800ba00000000ffffff56ffb5ff8bffff",2,3.34,,19,21.08,77.57,,0.31,,0,186,0,0,,,,-1.00,-0.94,-0.96,-0.92,-1.00
2024-10-21T13:28:39Z,"0002cc0100000eb0","3654411987f9356d131512c6f33d9da600ba00000000ffd3ffffffffffd4ffffffff",2,3.34,,19,21.07,77.72,,0.40,,0,186,0,0,,,-1.00,-1.00,-0.98,-1.00,-1.00,-0.98
2024-10-21T13:34:35Z,"0002cc0100000eb0","3654411aebf9357913150bc73b3d423800ba00000000ffffffffffa4ffffff87",2,3.34,,19,21.04,77.83,,0.31,,0,186,0,0,,,,-0.94,-1.00,-0.95,-1.00,-1.00
2024-10-21T13:40:31Z,"0002cc0100000eb0","3654411c4ff9355d13150ec7593d423800ba00000000fffffe92ffebffffffffffff",2,3.34,,19,21.05,77.87,,0.31,,0,186,0,0,,,-1.00,-1.00,-1.00,-0.99,-0.82,-1.00
2024-10-21T13:46:27Z,"0002cc0100000eb0","3654411db3f9356d131507c7803d9da600ba00000000ffffffffffffffffffff",2,3.34,,19,21.03,77.93,,0.40,,0,186,0,0,,,,-1.00,-1.00,-1.00,-1.00,-1.00
2024-10-21T13:52:23Z,"0002cc0100000eb0","3654411f17f9356513150bc6c53d423800ba00000000fffffffffe3cffffffff",2,3.34,,19,21.04,77.65,,0.31,,0,186,0,0,,,,-1.00,-1.00,-0.78,-1.00,-1.00
2024-10-21T13:58:19Z,"0002cc0100000eb0","365441207bf9357913150bc6b63d423800ba00000000f7a0fd5dfcf0ff0efee7",2,3.34,,19,21.04,77.62,,0.31,,0,186,0,0,,,,-0.86,-0.88,-0.62,-0.67,-0.48
2024-10-21T14:04:15Z,"0002cc0100000eb0","36544121dff9357113150ec6113d423800ba00000000ffffffffff96ffe9ffffffad",2,3.34,,19,21.05,77.37,,0.31,,0,186,0,0,,,-0.96,-1.00,-0.99,-0.95,-1.00,-1.00
2024-10-21T14:10:11Z,"0002cc0100000eb0","3654412343f9357913150bc6083d423800ba00000000ffffffffffffffffffff",2,3.34,,19,21.04,77.36,,0.31,,0,186,0,0,,,,-1.00,-1.00,-1.00,-1.00,-1.00
2024-10-21T14:16:07Z,"0002cc0100000eb0","36544124a7f9356913150bc67839cb8900ba00000000fffffffffffffffffc2f",2,3.34,,19,21.04,77.53,,0.03,,0,186,0,0,,,,-0.52,-1.00,-1.00,-1.00,-1.00
2024-10-21T14:22:02Z,"0002cc0100000eb0","365441260af9356d131512c6513d149500ba00000000fe63fff4ffffffffff32",2,3.34,,19,21.07,77.47,,0.27,,0,186,0,0,,,,-0.90,-1.00,-1.00,-0.99,-0.80
2024-10-21T14:27:58Z,"0002cc0100000eb0","365441276ef9356d13150bc60f3d423800ba00000000fffffffffffffd1fffffffff",2,3.34,,19,21.04,77.37,,0.31,,0,186,0,0,,,-1.00,-1.00,-0.64,-1.00,-1.00,-1.00
2024-10-21T14:33:54Z,"0002cc0100000eb0","36544128d2f93569131519c9683d423800bb01000000fe00ff22ecd1fcd2fcf6",2,3.34,,19,21.10,78.68,,0.31,,1,187,0,0,,,,-0.62,-0.60,-0.15,-0.89,-0.75
2024-10-21T14:39:50Z,"0002cc0100000eb0","3654412a36f9356913151cca893c296f00bd02000000fc04ffbefc89fcc66c09",2,3.34,,19,21.11,79.12,,0.15,,2,189,0,0,,,,0.13,-0.60,-0.57,-0.97,-0.50
2024-10-21T14:45:46Z,"0002cc0100000eb0","3654412b9af9356913152bc94a3d423800bd00000000f7f747afd44dfe00fc02fe41",2,3.34,,19,21.17,78.63,,0.31,,0,189,0,0,,,-0.78,-0.50,-0.75,-0.02,0.01,-0.50
2024-10-21T14:51:42Z,"0002cc0100000eb0","3654412cfef93569131521c8ee3d9da600bd00000000fe0fff0bffffffffff89",2,3.34,,19,21.13,78.49,,0.40,,0,189,0,0,,,,-0.94,-1.00,-1.00,-0.88,-0.76
2024-10-21T14:57:38Z,"0002cc0100000eb0","3654412e62f93569131519c8f93d423800bd00000000ffffffffffffffe4ffff",2,3.34,,19,21.10,78.51,,0.31,,0,189,0,0,,,,-1.00,-0.99,-1.00,-1.00,-1.00
2024-10-21T15:03:34Z,"0002cc0100000eb0","3654412fc6f9356d131512c88a3d423800bd00000000ffffff1dfd16ffffffff",2,3.34,,19,21.07,78.34,,0.31,,0,189,0,0,,,,-1.00,-1.00,-0.64,-0.89,-1.00
2024-10-21T15:09:30Z,"0002cc0100000eb0","365441312af93575131516c8af3d423800bd00000000ffffffffff0cff0effff",2,3.34,,19,21.08,78.39,,0.31,,0,189,0,0,,,,-1.00,-0.88,-0.88,-1.00,-1.00
2024-10-21T15:15:26Z,"0002cc0100000eb0","365441328ef9357513150bc87e3d9da600bd00000000fffffffffffffffffe7dffff",2,3.34,,19,21.04,78.32,,0.40,,0,189,0,0,,,-1.00,-0.81,-1.00,-1.00,-1.00,-1.00
2024-10-21T15:21:22Z,"0002cc0100000eb0","36544133f2f202040200150bc7fa3d9da600bd00000000ffffffffffffffffffff",2,,2.4.2.0,,21.04,78.12,,0.40,,0,189,0,0,,,,-1.00,-1.00,-1.00,-1.00,-1.00
2024-10-21T15:27:18Z,"0002cc0100000eb0","3654413556f9356d131503c7b53d9da600bd00000000ffffffffffd3ffffffff",2,3.34,,19,21.01,78.01,,0.40,,0,189,0,0,,,,-1.00,-1.00,-0.98,-1.00,-1.00
2024-10-21T15:33:14Z,"0002cc0100000eb0","36544136baf9357913150ec8ab3d423800bd00000000fe7dfc88ff98fdfdffff",2,3.34,,19,21.05,78.39,,0.31,,0,189,0,0,,,,-1.00,-0.75,-0.95,-0.57,-0.81
2024-10-21T15:39:10Z,"0002cc0100000eb0","365441381ef9356d131512c83c3d423800bd00000000fffffee8ff12ffffffffffd4",2,3.34,,19,21.07,78.22,,0.31,,0,189,0,0,,,-0.98,-1.00,-1.00,-0.88,-0.86,-1.00
2024-10-21T15:45:06Z,"0002cc0100000eb0","3654413982f93571131512c7f53d423800bd00000000ff7eff6ce78cd7fdfe41",2,3.34,,19,21.07,78.11,,0.31,,0,189,0,0,,,,-0.78,-0.03,-0.12,-0.93,-0.94
2024-10-21T15:51:02Z,"0002cc0100000eb0","3654413ae6f9356d131512c80c3d423800bd00000000ffffffffffffffdcffffffff",2,3.34,,19,21.07,78.14,,0.31,,0,189,0,0,,,-1.00,-1.00,-0.98,-1.00,-1.00,-1.00
2024-10-21T15:56:57Z,"0002cc0100000eb0","3654413c49f9356d131516c8d23d423800bd00000000ff4afffffff6ffffff09",2,3.34,,19,21.08,78.45,,0.31,,0,189,0,0,,,,-0.88,-1.00,-0.99,-1.00,-0.91
2024-10-21T16:02:54Z,"0002cc0100000eb0","3654413daef9356d13150ec8733d423800bd00000000ffffffffffffffffffffffff",2,3.34,,19,21.05,78.30,,0.31,,0,189,0,0,,,-1.00,-1.00,-1.00,-1.00,-1.00,-1.00
2024-10-21T16:08:49Z,"0002cc0100000eb0","3654413f11f9356d13150ec7a73d423800bd00000000ffffffffffffffffff21",2,3.34,,19,21.05,77.99,,0.31,,0,189,0,0,,,,-0.89,-1.00,-1.00,-1.00,-1.00
2024-10-21T16:14:45Z,"0002cc0100000eb0","3654414075f9357513150bc7dc3d423800bd00000000ffffffffffffffffffbe",2,3.34,,19,21.04,78.07,,0.31,,0,189,0,0,,,,-0.97,-1.00,-1.00,-1.00,-1.00
2024-10-21T16:20:41Z,"0002cc0100000eb0","36544141d9f9356913150bc6e73d9da600be01000000fedcfee0fcd1f4f1fc3876cb",2,3.34,,19,21.04,77.70,,0.40,,1,190,0,0,,,0.42,-0.53,-0.31,-0.60,-0.86,-0.86
2024-10-21T16:26:37Z,"0002cc0100000eb0","365441433df9357513150bc6933d423800be000000006e836f7efc14ff0cfeb2",2,3.34,,19,21.04,77.57,,0.31,,0,190,0,0,,,,-0.84,-0.88,-0.51,0.23,0.20
2024-10-21T16:32:33Z,"0002cc0100000eb0","36544144a1f9356d13150ec62d3d423800be00000000ff77ffa3fc2efe7ffe24",2,3.34,,19,21.05,77.41,,0.31,,0,190,0,0,,,,-0.77,-0.81,-0.52,-0.95,-0.93
2024-10-21T16:38:29Z,"0002cc0100000eb0","3654414605f9356d13150bc6323d9da600be00000000fe80fffffe79ffffffffffff",2,3.34,,19,21.04,77.42,,0.40,,0,190,0,0,,,-1.00,-1.00,-1.00,-0.81,-1.00,-0.81
2024-10-21T16:44:25Z,"0002cc0100000eb0","3654414769f93579131507c6213d423800be00000000ffffffffff51ffffffff",2,3.34,,19,21.03,77.40,,0.31,,0,190,0,0,,,,-1.00,-1.00,-0.91,-1.00,-1.00
2024-10-21T16:50:21Z,"0002cc0100000eb0","36544148cdf93565131503c61e3d8ab900be00000000fffffe03ffd1ffffffffffff",2,3.34,,19,21.01,77.39,,0.39,,0,190,0,0,,,-1.00,-1.00,-1.00,-0.98,-0.75,-1.00
2024-10-21T16:56:17Z,"0002cc0100000eb0","3654414a31f9356d131500c62a3d571200be00000000ffffffffffffffffffff",2,3.34,,19,21.00,77.41,,0.34,,0,190,0,0,,,,-1.00,-1.00,-1.00,-1.00,-1.00
2024-10-21T17:02:13Z,"0002cc0100000eb0","3654414b95f93571131503c6483d571200be00000000fe3df741fffffca156e95d0b",2,3.34,,19,21.01,77.45,,0.34,,0,190,0,0,,,0.04,0.03,-0.58,-1.00,-0.45,-0.78
2024-10-21T17:08:09Z,"0002cc0100000eb0","3654414cf9f9356d131507c6053d571200be00000000ffc5ffffffcffee0fd8b",2,3.34,,19,21.03,77.35,,0.34,,0,190,0,0,,,,-0.69,-0.86,-0.98,-1.00,-0.97
2024-10-21T17:14:05Z,"0002cc0100000eb0","3654414e5df9356d131503c5d23d9da600be00000000ffddffffffffffffffff",2,3.34,,19,21.01,77.27,,0.40,,0,190,0,0,,,,-1.00,-1.00,-1.00,-1.00,-0.98
2024-10-21T17:19:56Z,"0002cc0100000eb0","3654414fbcf9357d131507c6603d423800be00000000ffffffffffffffaeffff",3,3.34,,19,21.03,77.49,,0.31,,0,190,0,0,,,,-1.00,-0.96,-1.00,-1.00,-1.00
2024-10-21T17:25:52Z,"0002cc0100000eb0","3654415120f93579131503c6b13d149500bf01000000fffffffffffff57f7716fe51",2,3.34,,19,21.01,77.62,,0.27,,1,191,0,0,,,-0.79,0.44,-0.34,-1.00,-1.00,-1.00
2024-10-21T17:31:48Z,"0002cc0100000eb0","3654415284f9356513150bc67e3d571200bf00000000ffffffffffffffffffff",2,3.34,,19,21.04,77.54,,0.34,,0,191,0,0,,,,-1.00,-1.00,-1.00,-1.00,-1.00
2024-10-21T17:37:44Z,"0002cc0100000eb0","36544153e8f9356d131503c6653d149500bf00000000ffffffe6fffffd9bffff",2,3.34,,19,21.01,77.50,,0.27,,0,191,0,0,,,,-1.00,-0.70,-1.00,-0.99,-1.00
2024-10-21T17:43:40Z,"0002cc0100000eb0","365441554cf9356d131503c61e3d571200bf00000000ffffff23ffffffc6fc6afda6",2,3.34,,19,21.01,77.39,,0.34,,0,191,0,0,,,-0.71,-0.55,-0.97,-1.00,-0.89,-1.00
2024-10-21T17:49:36Z,"0002cc0100000eb0","36544156b0f9356d13150bc65c3d8ab900bf00000000fef8ffffffffffffffff",2,3.34,,19,21.04,77.49,,0.39,,0,191,0,0,,,,-1.00,-1.00,-1.00,-1.00,-0.87
2024-10-21T17:55:32Z,"0002cc0100000eb0","3654415814f93579131503c63b3d8ab900bf00000000ffffffffffffffffffffff3e",2,3.34,,19,21.01,77.43,,0.39,,0,191,0,0,,,-0.91,-1.00,-1.00,-1.00,-1.00,-1.00
2024-10-21T18:01:28Z,"0002cc0100000eb0","3654415978f9356d131519c8f03d423800bf00000000e5b0fe8fed93f491fce9",2,3.34,,19,21.10,78.49,,0.31,,0,191,0,0,,,,-0.61,-0.29,-0.17,-0.82,-0.09
2024-10-21T18:07:24Z,"0002cc0100000eb0","3654415adcf93565131512c84b3d571200bf00000000fcfdf4b1fef9ffffff07fe59",2,3.34,,19,21.07,78.24,,0.34,,0,191,0,0,,,-0.79,-0.88,-1.00,-0.87,-0.29,-0.62
2024-10-21T18:13:20Z,"0002cc0100000eb0","3654415c40f93575131512c7553d149500bf00000000fda9ff27fcb6fc77fe92",2,3.34,,19,21.07,77.87,,0.27,,0,191,0,0,,,,-0.82,-0.56,-0.59,-0.89,-0.71
2024-10-21T18:19:15Z,"0002cc0100000eb0","3654415da3f93579131512c71d3d149500bf00000000ff2affffffffffffffff",2,3.34,,19,21.07,77.78,,0.27,,0,191,0,0,,,,-1.00,-1.00,-1.00,-1.00,-0.90
2024-10-21T18:25:11Z,"0002cc0100000eb0","3654415f07f9356d131507c7473d91da00bf00000000ffffffffffffffffffffffb8",2,3.34,,19,21.03,77.84,,0.39,,0,191,0,0,,,-0.96,-1.00,-1.00,-1.00,-1.00,-1.00
2024-10-21T18:31:07Z,"0002cc0100000eb0","365441606bf9356d131503c7053d149500bf00000000fffffffffddeffffffff",2,3.34,,19,21.01,77.74,,0.27,,0,191,0,0,,,,-1.00,-1.00,-0.73,-1.00,-1.00
2024-10-21T18:37:03Z,"0002cc0100000eb0","36544161cff9356d131500c64d3d571200bf00000000fffffffffffffea2ff75",2,3.34,,19,21.00,77.46,,0.34,,0,191,0,0,,,,-0.93,-0.83,-1.00,-1.00,-1.00
2024-10-21T18:42:59Z,"0002cc0100000eb0","3654416333f93579131500c6243d91da00bf00000000ffffff5effffffdfffff",2,3.34,,19,21.00,77.40,,0.39,,0,191,0,0,,,,-1.00,-0.98,-1.00,-0.92,-1.00
2024-10-21T18:48:55Z,"0002cc0100000eb0","3654416497f9356d131500c5eb3d8ab900bf00000000fffffffffffffffffcadffec",2,3.34,,19,21.00,77.31,,0.39,,0,191,0,0,,,-0.99,-0.58,-1.00,-1.00,-1.00,-1.00
2024-10-21T18:54:51Z,"0002cc0100000eb0","36544165fbf935791314f5c5f93d571200bf00000000ffffffffffffffffffff",2,3.34,,19,20.95,77.33,,0.34,,0,191,0,0,,,,-1.00,-1.00,-1.00,-1.00,-1.00
2024-10-21T19:00:47Z,"0002cc0100000eb0","365441675ff935691314fcc71d3d571200bf00000000ffdafffff706f705ffff",2,3.34,,19,20.98,77.78,,0.34,,0,191,0,0,,,,-1.00,-0.44,-0.44,-1.00,-0.98
2024-10-21T19:06:43Z,"0002cc0100000eb0","36544168c3f9356d1314fcc6293d149500bf00000000ffffffffffffffffff96ffff",2,3.34,,19,20.98,77.41,,0.27,,0,191,0,0,,,-1.00,-0.95,-1.00,-1.00,-1.00,-1.00
2024-10-21T19:12:39Z,"0002cc0100000eb0","3654416a27f935611314f5c5513d423800bf00000000fffffffffffff7f2fe99",2,3.34,,19,20.95,77.08,,0.31,,0,191,0,0,,,,-0.82,-0.50,-1.00,-1.00,-1.00
2024-10-21T19:18:35Z,"0002cc0100000eb0","3654416b8bf9356d1314f8c4503d423800bf00000000ffffffffffffffffffb8ffff",2,3.34,,19,20.97,76.69,,0.31,,0,191,0,0,,,-1.00,-0.96,-1.00,-1.00,-1.00,-1.00
2024-10-21T19:24:31Z,"0002cc0100000eb0","3654416ceff2020402001500c2c43d423800bf00000000ffd0fccdfd347d0e7ea9",2,,2.4.2.0,,21.00,76.08,,0.31,,0,191,0,0,,,,0.83,0.63,-0.65,-0.60,-0.98
2024-10-21T19:30:27Z,"0002cc0100000eb0","3654416e53f9356d13150bbe333c5b0200c0010000004e087d037c8576c67cd3",2,3.34,,19,21.04,74.30,,0.17,,1,192,0,0,,,,0.60,0.42,0.56,0.63,0.01
2024-10-21T19:36:23Z,"0002cc0100000eb0","3654416fb7f934fe131533c1cd3d9da600c404000000e4777c8177f1775f7d36",2,3.31,,19,21.20,75.70,,0.40,,4,196,0,0,,,,0.65,0.46,0.50,0.56,-0.07
2024-10-21T19:42:19Z,"0002cc0100000eb0","365441711bf93569131545c5bd38439e00c400000000ece46f497c717d5b77c77da7",2,3.34,,19,21.27,77.24,,0.01,,0,196,0,0,,,0.71,0.49,0.67,0.55,0.23,-0.15
2024-10-21T19:48:15Z,"0002cc0100000eb0","365441727ff9356d131550c5a63d423800c501000000fd1a74ae7603fd75fc28",2,3.34,,19,21.31,77.21,,0.31,,1,197,0,0,,,,-0.52,-0.68,0.38,0.29,-0.64
2024-10-21T19:54:11Z,"0002cc0100000eb0","36544173e3f93565131562c8cc3d8ab900c60100000075f875c07e01776f67ed6565",2,3.34,,19,21.38,78.44,,0.39,,1,198,0,0,,,0.08,0.12,0.46,0.75,0.36,0.37
2024-10-21T20:00:07Z,"0002cc0100000eb0","3654417547f9356d131562c88d3d423800c802000000fca2f7656cba7554ecc6",2,3.34,,19,21.38,78.34,,0.31,,2,200,0,0,,,,-0.15,0.33,0.15,-0.46,-0.58
2024-10-21T20:06:03Z,"0002cc0100000eb0","36544176abf93561131553c6603d423800c800000000fc5cf5edffd4ffffffffff57",2,3.34,,19,21.32,77.49,,0.31,,0,200,0,0,,,-0.92,-1.00,-1.00,-0.98,-0.37,-0.54
2024-10-21T20:11:59Z,"0002cc0100000eb0","365441780ff9356d13153ac4f83d423800c800000000ffffc5dcffffff88ffcb",2,3.34,,19,21.22,76.94,,0.31,,0,200,0,0,,,,-0.97,-0.94,-1.00,-0.01,-1.00
2024-10-21T20:17:54Z,"0002cc0100000eb0","3654417972f93565131524c4bf3d423800c800000000fffffff3ffffffffffcf",2,3.34,,19,21.14,76.86,,0.31,,0,200,0,0,,,,-0.98,-1.00,-1.00,-0.99,-1.00
2024-10-21T20:23:50Z,"0002cc0100000eb0","3654417ad6f9356d131516c5ba3d423800c800000000ffffffffffffffffffffffff",2,3.34,,19,21.08,77.24,,0.31,,0,200,0,0,,,-1.00,-1.00,-1.00,-1.00,-1.00,-1.00
2024-10-21T20:29:47Z,"0002cc0100000eb0","3654417c3bf9356d131507c68a3d423800c800000000ffffffffffffffffffffffff",2,3.34,,19,21.03,77.56,,0.31,,0,200,0,0,,,-1.00,-1.00,-1.00,-1.00,-1.00,-1.00
2024-10-21T20:35:42Z,"0002cc0100000eb0","3654417d9ef9357d1314fcc71d3d423800c800000000ffffffffffffffffffff",2,3.34,,19,20.98,77.78,,0.31,,0,200,0,0,,,,-1.00,-1.00,-1.00,-1.00,-1.00
2024-10-21T20:41:38Z,"0002cc0100000eb0","3654417f02f935501314f8c76e3d9da600c800000000ffffffffffffffffffffffaa",2,3.33,,19,20.97,77.90,,0.40,,0,200,0,0,,,-0.96,-1.00,-1.00,-1.00,-1.00,-1.00
2024-10-21T20:47:34Z,"0002cc0100000eb0","3654418066f935751314f1c5723d8ab900c800000000fffffffffed7fe58fdd7",2,3.34,,19,20.94,77.13,,0.39,,0,200,0,0,,,,-0.73,-0.79,-0.85,-1.00,-1.00
2024-10-21T20:53:30Z,"0002cc0100000eb0","36544181caf9356d1314eac4be3d571200c800000000ffffffffffffffffffffffff",2,3.34,,19,20.91,76.85,,0.34,,0,200,0,0,,,-1.00,-1.00,-1.00,-1.00,-1.00,-1.00
2024-10-21T20:59:27Z,"0002cc0100000eb0","365441832ff9356d1314eac5033d571200c800000000ffffffffffffffffffffffff",2,3.34,,19,20.91,76.96,,0.34,,0,200,0,0,,,-1.00,-1.00,-1.00,-1.00,-1.00,-1.00
2024-10-21T21:05:22Z,"0002cc0100000eb0","3654418492f935751314e6c4223d571200c800000000ffffffffffffffffffff",2,3.34,,19,20.90,76.62,,0.34,,0,200,0,0,,,,-1.00,-1.00,-1.00,-1.00,-1.00
2024-10-21T21:11:18Z,"0002cc0100000eb0","36544185f6f935751314eec4583d571200c800000000fffff711fdf9ffffffff",2,3.34,,19,20.93,76.70,,0.34,,0,200,0,0,,,,-1.00,-1.00,-0.75,-0.44,-1.00
2024-10-21T21:17:14Z,"0002cc0100000eb0","365441875af9356d1314eec3473d423800c800000000ffffffa9ffffff84ffff",2,3.34,,19,20.93,76.28,,0.31,,0,200,0,0,,,,-1.00,-0.94,-1.00,-0.96,-1.00
2024-10-21T21:23:10Z,"0002cc0100000eb0","36544188bef9357d1314e3c29d3d9da600c800000000ffffffffffffffffffff",2,3.34,,19,20.89,76.02,,0.40,,0,200,0,0,,,,-1.00,-1.00,-1.00,-1.00,-1.00
2024-10-21T21:29:06Z,"0002cc0100000eb0","3654418a22f935791314e6c2993d423800c800000000ffffffffffffffffff3a",2,3.34,,19,20.90,76.02,,0.31,,0,200,0,0,,,,-0.90,-1.00,-1.00,-1.00,-1.00
2024-10-21T21:35:02Z,"0002cc0100000eb0","3654418b86f935751314eec1e83d423800c800000000ffffffffffb5fffffe27ffff",2,3.34,,19,20.93,75.75,,0.31,,0,200,0,0,,,-1.00,-0.77,-1.00,-0.96,-1.00,-1.00
2024-10-21T21:40:58Z,"0002cc0100000eb0","3654418ceaf935791314f8c2343d423800c800000000f678feb5f4e0fdb2febb",2,3.34,,19,20.97,75.86,,0.31,,0,200,0,0,,,,-0.84,-0.71,-0.30,-0.84,-0.40
2024-10-21T21:46:54Z,"0002cc0100000eb0","3654418e4ef9356d1314f8c1be3d91da00c800000000ffffff91ffffff32ffff",2,3.34,,19,20.97,75.68,,0.39,,0,200,0,0,,,,-1.00,-0.90,-1.00,-0.95,-1.00
2024-10-21T21:52:50Z,"0002cc0100000eb0","3654418fb2f935711314f1c13b3d423800c800000000ffffffb8ffffffffffff",2,3.34,,19,20.94,75.48,,0.31,,0,200,0,0,,,,-1.00,-1.00,-1.00,-0.96,-1.00
2024-10-21T21:58:46Z,"0002cc0100000eb0","3654419116f9356d1314f5c0d43d9da600c800000000fffffefcfdc6ffffff8aff48",2,3.34,,19,20.95,75.32,,0.40,,0,200,0,0,,,-0.91,-0.94,-1.00,-0.72,-0.87,-1.00
2024-10-21T22:04:42Z,"0002cc0100000eb0","365441927af935751314fcc1b23d423800c800000000ffa3f6e0fcd3fc57fc20fdb9",2,3.34,,19,20.98,75.66,,0.31,,0,200,0,0,,,-0.72,-0.52,-0.54,-0.60,-0.43,-0.95
2024-10-21T22:10:38Z,"0002cc0100000eb0","36544193def9356d131500c1893d9da600c800000000ff81fffffda6fc9efd01",2,3.34,,19,21.00,75.60,,0.40,,0,200,0,0,,,,-0.63,-0.58,-0.71,-1.00,-0.94
2024-10-21T22:16:34Z,"0002cc0100000eb0","3654419542f9356d13150ec4503c947300ca02000000fc3cfeb8f44f74106745",2,3.34,,19,21.05,76.69,,0.20,,2,202,0,0,,,,0.11,0.25,-0.27,-0.84,-0.53
2024-10-21T22:22:30Z,"0002cc0100000eb0","36544196a6f9356d131527c5553d149500ca00000000fcbe750577887c846665",2,3.34,,19,21.15,77.08,,0.27,,0,202,0,0,,,,0.10,0.56,0.47,0.31,-0.59
2024-10-21T22:28:26Z,"0002cc0100000eb0","365441980af9356d131533c4353b8c9400cc020000007520fc81fffffdf0ef24f720",2,3.34,,19,21.20,76.64,,0.10,,2,204,0,0,,,-0.45,-0.22,-0.74,-1.00,-0.56,0.32
2024-10-21T22:34:22Z,"0002cc0100000eb0","365441996ef9356913153ac5843d149500cc00000000ef61e586eed6f690fc58",2,3.34,,19,21.22,77.16,,0.27,,0,204,0,0,,,,-0.54,-0.41,-0.21,-0.09,-0.23
2024-10-21T22:40:17Z,"0002cc0100000eb0","3654419ad1f93569131545c6483da97100cd01000000ddb2c652f50f6fbf653b",2,3.34,,19,21.27,77.45,,0.42,,1,205,0,0,,,,0.08,0.24,-0.32,-0.01,-0.04
2024-10-21T22:46:13Z,"0002cc0100000eb0","3654419c35f93569131553c9f83d571200cd000000006d976cd06d4274e275e8",2,3.34,,19,21.32,78.90,,0.34,,0,205,0,0,,,,0.37,0.31,0.16,0.15,0.17
2024-10-21T22:52:09Z,"0002cc0100000eb0","3654419d99f9357d131569c92c3d423800ce010000007d196d1ff56af6f6f792",2,3.34,,19,21.41,78.58,,0.31,,1,206,0,0,,,,-0.47,-0.44,-0.34,0.16,0.64
2024-10-21T22:58:05Z,"0002cc0100000eb0","3654419efdf93561131553c5f73d571200ce00000000fffffffffd50fed3ff38ff0a",2,3.34,,19,21.32,77.33,,0.34,,0,206,0,0,,,-0.88,-0.90,-0.85,-0.66,-1.00,-1.00
2024-10-21T23:04:01Z,"0002cc0100000eb0","365441a061f9357513153ac4c700000000ce00000000fff2ffb2fffcffffffea",2,3.34,,19,21.22,76.87,,0.00,,0,206,0,0,,,,-0.99,-1.00,-1.00,-0.96,-0.99
2024-10-21T23:09:57Z,"0002cc0100000eb0","365441a1c5f9356913152bc3dd00000000ce00000000ffffffffffffffffffffffff",2,3.34,,19,21.17,76.51,,0.00,,0,206,0,0,,,-1.00,-1.00,-1.00,-1.00,-1.00,-1.00
2024-10-21T23:15:53Z,"0002cc0100000eb0","365441a329f93569131519c36f00000000ce00000000ffffffffffffffffffff",2,3.34,,19,21.10,76.34,,0.00,,0,206,0,0,,,,-1.00,-1.00,-1.00,-1.00,-1.00
2024-10-21T23:21:49Z,"0002cc0100000eb0","365441a48df9356d131519c34500000000ce00000000ffffffffffffff60ffffffff",2,3.34,,19,21.10,76.28,,0.00,,0,206,0,0,,,-1.00,-1.00,-0.92,-1.00,-1.00,-1.00
2024-10-21T23:27:45Z,"0002cc0100000eb0","365441a5f1f202040200150ec30e00000000ce00000000fdecfe67fff3ffffffcf",2,,2.4.2.0,,21.05,76.19,,0.00,,0,206,0,0,,,,-0.98,-1.00,-0.99,-0.80,-0.74
2024-10-21T23:33:41Z,"0002cc0100000eb0","365441a755f9356d131500c26300000000ce00000000ffffffc9ffffffffffff",2,3.34,,19,21.00,75.93,,0.00,,0,206,0,0,,,,-1.00,-1.00,-1.00,-0.97,-1.00
2024-10-21T23:39:37Z,"0002cc0100000eb0","365441a8b9f93561131507c29100000000ce00000000fdabf756feb6ffd1ffff",2,3.34,,19,21.03,76.00,,0.00,,0,206,0,0,,,,-1.00,-0.98,-0.84,-0.46,-0.71
2024-10-21T23:45:33Z,"0002cc0100000eb0","365441aa1df93571131503c1fd00000000ce00000000ffffffb8fffffffffff0ffff",2,3.34,,19,21.01,75.78,,0.00,,0,206,0,0,,,-1.00,-0.99,-1.00,-1.00,-0.96,-1.00
2024-10-21T23:51:29Z,"0002cc0100000eb0","365441ab81f93569131507c33300000000ce000000006720fffbffffffffff9a",2,3.34,,19,21.03,76.25,,0.00,,0,206,0,0,,,,-0.95,-1.00,-1.00,-1.00,0.11
2024-10-21T23:57:25Z,"0002cc0100000eb0","365441ace5f93579131503c1da00000000ce00000000ffffffffffffff4afedc",2,3.34,,19,21.01,75.72,,0.00,,0,206,0,0,,,,-0.86,-0.91,-1.00,-1.00,-1.00
