Time,DevEUI,Raw,Port,Vbat,Version,BootCount,T,RH,P,Light,CO2,P[0].delta,P[0].total,P[1].delta,P[1].total,Act[7],Act[6],Act[5],Act[4],Act[3],Act[2],Act[1],Act[0]
2024-10-16T00:00:33Z,"0002cc0100000eb0","365439c4a1f2020402001503c4f8000000006000000000fc31f682fd9afcfa4c43",2,,2.4.2.0,,21.01,76.94,,0.00,,0,96,0,0,,,,0.01,-0.62,-0.70,-0.41,-0.52
2024-10-16T00:06:29Z,"0002cc0100000eb0","365439c605f9356d0a1512c5db000000006101000000ec847c497c357796e4405f3d",2,3.34,,10,21.07,77.29,,0.00,,1,97,0,0,,,0.06,-0.07,0.47,0.53,0.54,-0.14
2024-10-16T00:12:25Z,"0002cc0100000eb0","365439c769f935690a151cc5cc0000000061000000007c8575707cf17c777491",2,3.34,,10,21.11,77.27,,0.00,,0,97,0,0,,,,0.29,0.56,0.62,0.34,0.57
2024-10-16T00:18:21Z,"0002cc0100000eb0","365439c8cdf935690a1519c64a0000000062010000007d106ce45ce8f7d27c06",2,3.34,,10,21.10,77.46,,0.00,,1,98,0,0,,,,0.50,-0.49,0.04,0.15,0.63
2024-10-16T00:24:17Z,"0002cc0100000eb0","365439ca31f935690a1527c62700000000620000000077e87cb36ed77c4b7c18",2,3.34,,10,21.15,77.40,,0.00,,0,98,0,0,,,,0.51,0.54,0.21,0.59,0.49
2024-10-16T00:30:13Z,"0002cc0100000eb0","365439cb95f9356d0a1530c7530000000063010000007d09754f765d7c4ccf8b7d16",2,3.34,,10,21.18,77.86,,0.00,,1,99,0,0,,,0.64,-0.01,0.54,0.40,0.33,0.63
2024-10-16T00:36:09Z,"0002cc0100000eb0","365439ccf9f935710a1549c83d00000000630000000074ee75057e127c146f86",2,3.34,,10,21.28,78.22,,0.00,,0,99,0,0,,,,0.24,0.51,0.76,0.31,0.31
2024-10-16T00:42:05Z,"0002cc0100000eb0","365439ce5df9356d0a1545c6e30000000064010000007ccf74627609774d561b",2,3.34,,10,21.27,77.69,,0.00,,1,100,0,0,,,,0.02,0.46,0.38,0.27,0.60
2024-10-16T00:48:01Z,"0002cc0100000eb0","365439cfc1f935650a153ac8c0000000006400000000ffffffff75317601e4df7dc3",2,3.34,,10,21.22,78.42,,0.00,,0,100,0,0,,,0.72,-0.08,0.38,0.32,-1.00,-1.00
2024-10-16T00:53:57Z,"0002cc0100000eb0","365439d125f935690a1536c6cb000000006501000000e769e7d776fcdd96f41b",2,3.34,,10,21.21,77.65,,0.00,,1,101,0,0,,,,-0.26,-0.04,0.44,-0.12,-0.12
2024-10-16T00:59:53Z,"0002cc0100000eb0","365439d289f935690a152bc6a2000000006500000000eeca66b1f5f1fc3ff5d7",2,3.34,,10,21.17,77.59,,0.00,,0,101,0,0,,,,-0.36,-0.53,-0.37,0.10,-0.21
2024-10-16T01:05:49Z,"0002cc0100000eb0","365439d3edf9356d0a152bc7430000000065000000005c36dc937cb176e17c1f7515",2,3.34,,10,21.17,77.84,,0.00,,0,101,0,0,,,0.32,0.52,0.43,0.59,-0.04,0.03
2024-10-16T01:11:44Z,"0002cc0100000eb0","365439d550f935690a1533c79400000000650000000064ee74c976236c496c08",2,3.34,,10,21.20,77.96,,0.00,,0,101,0,0,,,,0.13,0.13,0.38,0.30,0.08
2024-10-16T01:17:40Z,"0002cc0100000eb0","365439d6b4f9356d0a153ec7aa00000000650000000077f27cfb7dd87db366a3",2,3.34,,10,21.24,77.99,,0.00,,0,101,0,0,,,,0.10,0.71,0.73,0.62,0.50
2024-10-16T01:23:36Z,"0002cc0100000eb0","365439d818f935690a1545c8c70000000066010000007cf57709ede7ffffffff",2,3.34,,10,21.27,78.43,,0.00,,1,102,0,0,,,,-1.00,-1.00,-0.18,0.44,0.62
2024-10-16T01:29:32Z,"0002cc0100000eb0","365439d97cf935650a1541c9e40000000066000000007535761a6d0b7cb57ce97dc6",2,3.34,,10,21.25,78.86,,0.00,,0,102,0,0,,,0.72,0.61,0.59,0.16,0.38,0.33
2024-10-16T01:35:28Z,"0002cc0100000eb0","365439dae0f935690a1549c755000000006600000000dd51741c6df67d617de0",2,3.34,,10,21.28,77.87,,0.00,,0,102,0,0,,,,0.73,0.67,0.19,0.26,-0.04
2024-10-16T01:41:24Z,"0002cc0100000eb0","365439dc44f935650a1549c78000000000660000000075266e2675db7cd37c9f75df",2,3.34,,10,21.28,77.93,,0.00,,0,102,0,0,,,0.37,0.58,0.60,0.37,0.19,0.32
2024-10-16T01:47:20Z,"0002cc0100000eb0","365439dda8f935710a154cc6f500000000660000000075d275477d517ca576bc",2,3.34,,10,21.30,77.72,,0.00,,0,102,0,0,,,,0.42,0.58,0.66,0.33,0.36
2024-10-16T01:53:16Z,"0002cc0100000eb0","365439df0cf935610a1545c6c80000000066000000007c9d7cf37d1b7d32756b",2,3.34,,10,21.27,77.65,,0.00,,0,102,0,0,,,,0.34,0.65,0.64,0.62,0.58
2024-10-16T01:59:12Z,"0002cc0100000eb0","365439e070f935690a153ac7370000000066000000007c7c6c317d1f7d237c2ae7ed",2,3.34,,10,21.22,77.82,,0.00,,0,102,0,0,,,-0.12,0.52,0.64,0.64,0.13,0.56
2024-10-16T02:05:08Z,"0002cc0100000eb0","365439e1d4f935690a153ec6a5000000006600000000ffff6d5d7cdcf712fe55",2,3.34,,10,21.24,77.60,,0.00,,0,102,0,0,,,,-0.79,-0.44,0.61,0.17,-1.00
2024-10-16T02:11:04Z,"0002cc0100000eb0","365439e338f935710a153ec6750000000066000000007d027c9f7c6f7c957cf67cff",2,3.34,,10,21.24,77.52,,0.00,,0,102,0,0,,,0.62,0.62,0.57,0.55,0.58,0.63
2024-10-16T02:17:00Z,"0002cc0100000eb0","365439e49cf9356d0a1541c6b00000000066000000007d9fed9575d27d73ee85",2,3.34,,10,21.25,77.61,,0.00,,0,102,0,0,,,,-0.20,0.68,0.36,-0.17,0.70
2024-10-16T02:22:55Z,"0002cc0100000eb0","365439e5fff935690a153ac6f2000000006600000000778574ed749276c7f791",2,3.34,,10,21.22,77.71,,0.00,,0,102,0,0,,,,-0.47,0.42,0.29,0.31,0.47
2024-10-16T02:28:51Z,"0002cc0100000eb0","365439e763f935690a1541c8cc000000006600000000fee4fd41fe1fc45a7c9e5f8f",2,3.34,,10,21.25,78.44,,0.00,,0,102,0,0,,,0.06,0.58,-0.00,-0.76,-0.66,-0.86
2024-10-16T02:34:47Z,"0002cc0100000eb0","365439e8c7f935610a154cc7b90000000066000000006eeb7c397cc27d237cbc",2,3.34,,10,21.30,78.02,,0.00,,0,102,0,0,,,,0.59,0.64,0.59,0.53,0.22
2024-10-16T02:40:43Z,"0002cc0100000eb0","365439ea2bf9356d0a1550c7310000000067010000007d767c0177d77d8a7df9",2,3.34,,10,21.31,77.81,,0.00,,1,103,0,0,,,,0.75,0.69,0.49,0.50,0.68
2024-10-16T02:46:39Z,"0002cc0100000eb0","365439eb8ff935690a154cc6bd0000000068010000007de876bb7d94576b36e67dda",2,3.34,,10,21.30,77.63,,0.00,,1,104,0,0,,,0.73,0.00,0.03,0.70,0.42,0.74
2024-10-16T02:52:35Z,"0002cc0100000eb0","365439ecf3f935710a1549c6840000000069010000006ee075d875e857957da3",2,3.34,,10,21.28,77.55,,0.00,,1,105,0,0,,,,0.70,0.03,0.37,0.37,0.21
2024-10-16T02:58:31Z,"0002cc0100000eb0","365439ee57f9356d0a1545c6ea00000000690000000064567dbe7d5d743c76d4",2,3.34,,10,21.27,77.70,,0.00,,0,105,0,0,,,,0.43,0.26,0.67,0.72,0.07
2024-10-16T03:04:27Z,"0002cc0100000eb0","365439efbbf935710a153ac665000000006900000000ffb8fe00ef737dc8ec32ffff",2,3.34,,10,21.22,77.50,,0.00,,0,105,0,0,,,-1.00,-0.13,0.72,-0.23,-0.75,-0.96
2024-10-16T03:10:23Z,"0002cc0100000eb0","365439f11ff935710a1549c8b5000000006900000000fdd07749f7e8665467e5",2,3.34,,10,21.28,78.40,,0.00,,0,105,0,0,,,,0.12,0.10,-0.49,0.46,-0.73
2024-10-16T03:16:19Z,"0002cc0100000eb0","365439f283f9354c0a1566ca20000000006b0200000075886d077cb77c086c7e",2,3.33,,10,21.40,78.96,,0.00,,2,107,0,0,,,,0.14,0.50,0.59,0.16,0.35
2024-10-16T03:22:15Z,"0002cc0100000eb0","365439f3e7f935690a155ec8b4000000006b00000000eedd7d14ed737c0e77ba",2,3.34,,10,21.37,78.40,,0.00,,0,107,0,0,,,,0.48,0.51,-0.17,0.63,-0.21
2024-10-16T03:28:11Z,"0002cc0100000eb0","365439f54bf935690a1577cd44000000006b000000007e997ea17e2a77c67d797c6f",2,3.34,,10,21.46,80.18,,0.00,,0,107,0,0,,,0.55,0.68,0.49,0.77,0.83,0.82
2024-10-16T03:34:07Z,"0002cc0100000eb0","365439f6aff935690a1577c9d7000000006b000000007e447ce47c557ce67d43",2,3.34,,10,21.46,78.84,,0.00,,0,107,0,0,,,,0.66,0.61,0.54,0.61,0.78
2024-10-16T03:40:03Z,"0002cc0100000eb0","365439f813f935610a1569c9fe000000006b00000000751a7ccdfffcfffffc69",2,3.34,,10,21.41,78.90,,0.00,,0,107,0,0,,,,-0.55,-1.00,-1.00,0.60,0.32
2024-10-16T03:45:58Z,"0002cc0100000eb0","365439f976f935710a1566c8ea000000006c0100000076287700f5fe7e487d32",2,3.34,,10,21.40,78.48,,0.00,,1,108,0,0,,,,0.65,0.78,-0.37,0.44,0.38
2024-10-16T03:51:55Z,"0002cc0100000eb0","365439fadbf935690a155bc7b6000000006c00000000f42afd5df74b77767d2f7d7e",2,3.34,,10,21.35,78.01,,0.00,,0,108,0,0,,,0.69,0.65,0.47,-0.46,-0.67,-0.26
2024-10-16T03:57:50Z,"0002cc0100000eb0","365439fc3ef935690a1553c804392ed0006c0000000077f9ec4d76376d366575",2,3.34,,10,21.32,78.13,,0.02,,0,108,0,0,,,,0.09,0.16,0.39,-0.13,0.50
2024-10-16T04:03:46Z,"0002cc0100000eb0","365439fda2f2020402001550c753000000006c000000007cac740075237c99fef0ffff",2,,2.4.2.0,,21.31,77.86,,0.00,,0,108,0,0,,,-1.00,-0.87,0.57,0.32,0.25,0.58
2024-10-16T04:09:42Z,"0002cc0100000eb0","365439ff06f935710a1549c95d000000006c00000000fffffc0976977c18dcde",2,3.34,,10,21.28,78.66,,0.00,,0,108,0,0,,,,-0.04,0.51,0.41,-0.50,-1.00
2024-10-16T04:15:38Z,"0002cc0100000eb0","36543a006af935710a155ecc30000000006d01000000ee597cb77d877c3f7d9be55a",2,3.34,,10,21.37,79.76,,0.00,,1,109,0,0,,,-0.08,0.70,0.53,0.69,0.59,-0.20
2024-10-16T04:21:30Z,"0002cc0100000eb0","36543a01caf9356d0a155ec861000000006e01000000f4547c607de27d747e31",3,3.34,,10,21.37,78.27,,0.00,,1,110,0,0,,,,0.77,0.68,0.74,0.55,-0.27
2024-10-16T04:27:26Z,"0002cc0100000eb0","36543a032ef9356d0a155bc8e4000000006e00000000fc76ef7b75d67c7af61fff2a",2,3.34,,10,21.35,78.47,,0.00,,0,110,0,0,,,-0.90,-0.38,0.56,0.36,-0.23,-0.56
2024-10-16T04:33:22Z,"0002cc0100000eb0","36543a0492f9356d0a1557ca6a000000006e00000000e61bf420f4e7f62c7ccb",2,3.34,,10,21.34,79.07,,0.00,,0,110,0,0,,,,0.60,-0.39,-0.31,-0.26,-0.10
2024-10-16T04:39:18Z,"0002cc0100000eb0","36543a05f6f935710a155eca2f000000006e0000000076157ed976dc748b748d",2,3.34,,10,21.37,78.98,,0.00,,0,110,0,0,,,,0.28,0.28,0.43,0.86,0.38
2024-10-16T04:45:14Z,"0002cc0100000eb0","36543a075af935690a155bc896000000006e0000000075b87cd7740e7dc46f2c759f",2,3.34,,10,21.35,78.36,,0.00,,0,110,0,0,,,0.35,0.22,0.72,0.25,0.61,0.36
2024-10-16T04:51:10Z,"0002cc0100000eb0","36543a08bef935690a1553c88a000000006e000000007cc37df27dda7d0f74db",2,3.34,,10,21.32,78.34,,0.00,,0,110,0,0,,,,0.30,0.63,0.73,0.74,0.60
2024-10-16T04:57:06Z,"0002cc0100000eb0","36543a0a22f9356d0a1549c852000000006e000000006cfa6e64f491f7d3f4d5",2,3.34,,10,21.28,78.25,,0.00,,0,110,0,0,,,,-0.30,-0.49,-0.29,0.20,0.16
2024-10-16T05:03:02Z,"0002cc0100000eb0","36543a0b86f935690a1541c8bd000000006e000000006d7c77d27d60776c7c0afc74",2,3.34,,10,21.25,78.41,,0.00,,0,110,0,0,,,-0.56,0.51,0.46,0.67,0.49,0.17
2024-10-16T05:08:57Z,"0002cc0100000eb0","36543a0ce9f935690a154cc8af000000006e00000000fd3674166c06e6f0765c",2,3.34,,10,21.30,78.39,,0.00,,0,110,0,0,,,,0.40,-0.11,0.13,0.26,-0.65
2024-10-16T05:14:53Z,"0002cc0100000eb0","36543a0e4df935650a153ec875000000006e000000007cbb6c626718ed237c2f",2,3.34,,10,21.24,78.30,,0.00,,0,110,0,0,,,,0.52,-0.16,0.11,0.14,0.59
2024-10-16T05:20:49Z,"0002cc0100000eb0","36543a0fb1f935690a153ac7ca000000006e00000000f710f5b9fe5ffe51f7adff34",2,3.34,,10,21.22,78.04,,0.00,,0,110,0,0,,,-0.90,-0.48,-0.79,-0.80,-0.36,-0.44
2024-10-16T05:26:45Z,"0002cc0100000eb0","36543a1115f9356d0a1536c774000000006e00000000fdb8ffffff13fe52ffff",2,3.34,,10,21.21,77.91,,0.00,,0,110,0,0,,,,-1.00,-0.79,-0.88,-1.00,-0.71
2024-10-16T05:32:41Z,"0002cc0100000eb0","36543a1279f935690a1521c735000000006e00000000ffffffffffffffffffe9",2,3.34,,10,21.13,77.82,,0.00,,0,110,0,0,,,,-0.99,-1.00,-1.00,-1.00,-1.00
2024-10-16T05:38:37Z,"0002cc0100000eb0","36543a13ddf9356d0a1521c6e1000000006e00000000fffffffffd5effffffffffff",2,3.34,,10,21.13,77.69,,0.00,,0,110,0,0,,,-1.00,-1.00,-1.00,-0.67,-1.00,-1.00
2024-10-16T05:44:33Z,"0002cc0100000eb0","36543a1541f935690a1519c66c000000006e00000000ffffff2effffffffffff",2,3.34,,10,21.10,77.51,,0.00,,0,110,0,0,,,,-1.00,-1.00,-1.00,-0.90,-1.00
2024-10-16T05:50:29Z,"0002cc0100000eb0","36543a16a5f935710a1519c672000000006e00000000ff8afe3effffffe2ffffffff",2,3.34,,10,21.10,77.52,,0.00,,0,110,0,0,,,-1.00,-1.00,-0.99,-1.00,-0.78,-0.94
2024-10-16T05:56:25Z,"0002cc0100000eb0","36543a1809f935710a150ec618000000006e00000000ff00ffffffffffffffff",2,3.34,,10,21.05,77.38,,0.00,,0,110,0,0,,,,-1.00,-1.00,-1.00,-1.00,-0.88
2024-10-16T06:02:21Z,"0002cc0100000eb0","36543a196df9356d0a1516c61d000000006e00000000fffffc6cfe1cffffffff",2,3.34,,10,21.08,77.39,,0.00,,0,110,0,0,,,,-1.00,-1.00,-0.76,-0.55,-1.00
2024-10-16T06:08:17Z,"0002cc0100000eb0","36543a1ad1f9356d0a1516c6a1000000006e00000000fffffffffffffe2fe448",2,3.34,,10,21.08,77.59,,0.00,,0,110,0,0,,,,-0.07,-0.77,-1.00,-1.00,-1.00
2024-10-16T06:14:13Z,"0002cc0100000eb0","36543a1c35f9356d0a1512c636000000006e00000000ffc2ffaeffffffffffff",2,3.34,,10,21.07,77.43,,0.00,,0,110,0,0,,,,-1.00,-1.00,-1.00,-0.96,-0.97
2024-10-16T06:20:09Z,"0002cc0100000eb0","36543a1d99f935690a1512c5ff000000006e00000000ffffffffffffffd4ffffffc8",2,3.34,,10,21.07,77.34,,0.00,,0,110,0,0,,,-0.97,-1.00,-0.98,-1.00,-1.00,-1.00
2024-10-16T06:26:05Z,"0002cc0100000eb0","36543a1efdf9356d0a1512c5ff000000006e00000000ffffffffffffffffffff",2,3.34,,10,21.07,77.34,,0.00,,0,110,0,0,,,,-1.00,-1.00,-1.00,-1.00,-1.00
2024-10-16T06:32:01Z,"0002cc0100000eb0","36543a2061f935790a150bc608000000006e00000000ffffffffffa4ffffffffffff",2,3.34,,10,21.04,77.36,,0.00,,0,110,0,0,,,-1.00,-1.00,-1.00,-0.95,-1.00,-1.00
2024-10-16T06:37:57Z,"0002cc0100000eb0","36543a21c5f935690a150bc59f000000006e00000000fffffdb4f610fcb3f78b",2,3.34,,10,21.04,77.20,,0.00,,0,110,0,0,,,,-0.47,-0.59,-0.38,-0.71,-1.00
2024-10-16T06:43:53Z,"0002cc0100000eb0","36543a2329f9356d0a1512c516000000006e00000000fffffffffeffff68fcbbfdeb",2,3.34,,10,21.07,76.99,,0.00,,0,110,0,0,,,-0.74,-0.59,-0.93,-0.87,-1.00,-1.00
2024-10-16T06:49:49Z,"0002cc0100000eb0","36543a248df935690a150ec554000000006e0000000067fff7aafdb1f5b3fef1",2,3.34,,10,21.05,77.08,,0.00,,0,110,0,0,,,,-0.87,-0.36,-0.71,-0.48,0.12
2024-10-16T06:55:45Z,"0002cc0100000eb0","36543a25f1f9356d0a1519c776000000006e00000000fc57fc8077fb7c25777577e6",2,3.34,,10,21.10,77.92,,0.00,,0,110,0,0,,,0.49,0.47,0.52,0.50,-0.56,-0.54
2024-10-16T07:01:41Z,"0002cc0100000eb0","36543a2755f935610a1533c8f4000000006f01000000753a7c5b76c37ce5fe3b",2,3.34,,10,21.20,78.50,,0.00,,1,111,0,0,,,,-0.78,0.61,0.42,0.54,0.33
2024-10-16T07:07:36Z,"0002cc0100000eb0","36543a28b8f935690a1549c9fe000000006f0000000077e2770bfff524e564dc",2,3.34,,10,21.28,78.90,,0.00,,0,111,0,0,,,,0.08,0.00,-0.99,0.44,0.49
2024-10-16T07:13:32Z,"0002cc0100000eb0","36543a2a1cf935690a155bca9d000000006f000000007dbe7d85f6b5e7c3ef857cab",2,3.34,,10,21.35,79.15,,0.00,,0,111,0,0,,,0.58,-0.23,-0.12,-0.42,0.69,0.72
2024-10-16T07:19:28Z,"0002cc0100000eb0","36543a2b80f935690a1562c9ec000000006f000000006f1874027c957cd47daa",2,3.34,,10,21.38,78.88,,0.00,,0,111,0,0,,,,0.71,0.60,0.57,0.25,0.22
2024-10-16T07:25:24Z,"0002cc0100000eb0","36543a2ce4f935610a1557c9c2000000006f000000007cef766cedab7479ed1d",2,3.34,,10,21.34,78.81,,0.00,,0,111,0,0,,,,-0.16,0.28,-0.18,0.40,0.62
2024-10-16T07:31:20Z,"0002cc0100000eb0","36543a2e48f9356d0a1550c89d000000006f000000007d257e517c0375fb7d53ffff",2,3.34,,10,21.31,78.37,,0.00,,0,111,0,0,,,-1.00,0.67,0.37,0.50,0.79,0.64
2024-10-16T07:37:16Z,"0002cc0100000eb0","36543a2facf935650a1549ca8b000000006f000000006eebdd19fc226e56debf",2,3.34,,10,21.28,79.12,,0.00,,0,111,0,0,,,,-0.05,0.20,-0.52,-0.04,0.22
2024-10-16T07:43:12Z,"0002cc0100000eb0","36543a3110f9356d0a1550cb54000000006f00000000f48fff57fe467422f5117c1e",2,3.34,,10,21.31,79.43,,0.00,,0,111,0,0,,,0.51,-0.32,0.26,-0.78,-0.92,-0.28
2024-10-16T07:49:08Z,"0002cc0100000eb0","36543a3274f935690a1541c8bd000000006f0000000076f4754175617d126db5",2,3.34,,10,21.25,78.41,,0.00,,0,111,0,0,,,,0.18,0.63,0.34,0.33,0.43
2024-10-16T07:55:04Z,"0002cc0100000eb0","36543a33d8f935710a153ac7f4000000006f00000000ec31edf6ff16fed3ffff",2,3.34,,10,21.22,78.11,,0.00,,0,111,0,0,,,,-1.00,-0.85,-0.89,-0.19,-0.13
2024-10-16T08:01:00Z,"0002cc0100000eb0","36543a353cf935690a1527c73a000000006f00000000ffffffffffffff20ff66ffff",2,3.34,,10,21.15,77.82,,0.00,,0,111,0,0,,,-1.00,-0.92,-0.89,-1.00,-1.00,-1.00
2024-10-16T08:06:56Z,"0002cc0100000eb0","36543a36a0f2020402001521c6f5000000006f00000000ffffffffffffffffffff",2,,2.4.2.0,,21.13,77.72,,0.00,,0,111,0,0,,,,-1.00,-1.00,-1.00,-1.00,-1.00
2024-10-16T08:12:52Z,"0002cc0100000eb0","36543a3804f935690a1519c6b9000000006f00000000ffffffffffffffffffff",2,3.34,,10,21.10,77.63,,0.00,,0,111,0,0,,,,-1.00,-1.00,-1.00,-1.00,-1.00
2024-10-16T08:18:48Z,"0002cc0100000eb0","36543a3968f935710a1512c698000000006f00000000ff94ffeeffffffffffa5ffff",2,3.34,,10,21.07,77.58,,0.00,,0,111,0,0,,,-1.00,-0.96,-1.00,-1.00,-0.99,-0.95
2024-10-16T08:24:44Z,"0002cc0100000eb0","36543a3accf935710a1507c62f000000006f00000000ffffffffffffffffffff",2,3.34,,10,21.03,77.42,,0.00,,0,111,0,0,,,,-1.00,-1.00,-1.00,-1.00,-1.00
2024-10-16T08:30:40Z,"0002cc0100000eb0","36543a3c30f935710a1507c5e8000000006f00000000fffffee7ffffffffffff",2,3.34,,10,21.03,77.31,,0.00,,0,111,0,0,,,,-1.00,-1.00,-1.00,-0.86,-1.00
2024-10-16T08:36:36Z,"0002cc0100000eb0","36543a3d94f9356d0a1503c5fc000000006f00000000ffffffffff56ffffffff",2,3.34,,10,21.01,77.34,,0.00,,0,111,0,0,,,,-1.00,-1.00,-0.92,-1.00,-1.00
2024-10-16T08:42:31Z,"0002cc0100000eb0","36543a3ef7f935690a150ec776000000006f00000000fecefeb3fe3574bd7d9c",2,3.34,,10,21.05,77.92,,0.00,,0,111,0,0,,,,0.70,0.30,-0.78,-0.84,-0.85
2024-10-16T08:48:28Z,"0002cc0100000eb0","36543a405cf935690a1521c7650000000070010000007e017cf675f67d88746cfffd",2,3.34,,10,21.13,77.89,,0.00,,1,112,0,0,,,-1.00,0.28,0.69,0.37,0.62,0.75
2024-10-16T08:54:23Z,"0002cc0100000eb0","36543a41bff935650a152bc9ff000000007000000000ffff67ab6feb5d48fc49",2,3.34,,10,21.17,78.91,,0.00,,0,112,0,0,,,,-0.54,0.04,0.25,0.12,-1.00
2024-10-16T09:00:19Z,"0002cc0100000eb0","36543a4323f9356d0a154cca4d0000000070000000006d8276e97cfa7d037d40",2,3.34,,10,21.30,79.02,,0.00,,0,112,0,0,,,,0.66,0.63,0.62,0.43,0.17
2024-10-16T09:06:15Z,"0002cc0100000eb0","36543a4487f9356d0a1541c84e0000000070000000007c106fbc6c106ce7e6f4",2,3.34,,10,21.25,78.25,,0.00,,0,112,0,0,,,,-0.11,0.15,0.13,0.24,0.51
2024-10-16T09:12:11Z,"0002cc0100000eb0","36543a45ebf935710a1530c77d000000007000000000f7f7fce9fc1ff6e0fe44",2,3.34,,10,21.18,77.93,,0.00,,0,112,0,0,,,,-0.78,-0.43,-0.51,-0.61,-0.50
2024-10-16T09:18:07Z,"0002cc0100000eb0","36543a474ff9356d0a152bc765000000007000000000ffffffffff4dffffffff",2,3.34,,10,21.17,77.89,,0.00,,0,112,0,0,,,,-1.00,-1.00,-0.91,-1.00,-1.00
2024-10-16T09:24:03Z,"0002cc0100000eb0","36543a48b3f935690a1519c6ff000000007000000000ffffff3affffffffffcfffff",2,3.34,,10,21.10,77.73,,0.00,,0,112,0,0,,,-1.00,-0.98,-1.00,-1.00,-0.90,-1.00
2024-10-16T09:29:59Z,"0002cc0100000eb0","36543a4a17f9357d0a1516c6ef000000007000000000fe74ff95fffffe9bffff",2,3.34,,10,21.08,77.71,,0.00,,0,112,0,0,,,,-1.00,-0.83,-1.00,-0.95,-0.81
2024-10-16T09:35:55Z,"0002cc0100000eb0","36543a4b7bf935710a150bc750000000007000000000fffffffffffffffffdfd",2,3.34,,10,21.04,77.86,,0.00,,0,112,0,0,,,,-0.75,-1.00,-1.00,-1.00,-1.00
2024-10-16T09:41:51Z,"0002cc0100000eb0","36543a4cdff9356d0a1527c92a0000000070000000006cd47dca75ee7d2d7c25768c",2,3.34,,10,21.15,78.58,,0.00,,0,112,0,0,,,0.41,0.52,0.65,0.37,0.72,0.15
2024-10-16T09:47:47Z,"0002cc0100000eb0","36543a4e43f935610a1530ca80000000007000000000ed4bf72177c9ffa7fdf43cd9",2,3.34,,10,21.18,79.10,,0.00,,0,112,0,0,,,0.00,-0.74,-0.96,0.49,-0.45,-0.17
2024-10-16T09:53:43Z,"0002cc0100000eb0","36543a4fa7f935650a1533cb81000000007202000000fd35fc2bff3ecd81fcba",2,3.34,,10,21.20,79.49,,0.00,,2,114,0,0,,,,-0.59,-0.01,-0.91,-0.52,-0.65
2024-10-16T09:59:39Z,"0002cc0100000eb0","36543a510bf935650a1550ccba0000000072000000007594772976b27c457e0cee08",2,3.34,,10,21.31,79.97,,0.00,,0,114,0,0,,,-0.19,0.76,0.53,0.42,0.45,0.35
2024-10-16T10:05:35Z,"0002cc0100000eb0","36543a526ff935690a154ccb0400000000720000000064cc777d7df976d8fde3",2,3.34,,10,21.30,79.30,,0.00,,0,114,0,0,,,,-0.74,0.43,0.75,0.47,0.07
2024-10-16T10:11:31Z,"0002cc0100000eb0","36543a53d3f935690a1545c99f000000007200000000ffff6c9a77fd7d7e6e3a",2,3.34,,10,21.27,78.76,,0.00,,0,114,0,0,,,,0.19,0.69,0.50,0.14,-1.00
2024-10-16T10:17:27Z,"0002cc0100000eb0","36543a5537f9356d0a1541ca5b0000000072000000006d10f574cd8f740b75e26de0",2,3.34,,10,21.25,79.05,,0.00,,0,114,0,0,,,0.18,0.37,0.25,-0.01,-0.34,0.16
2024-10-16T10:23:22Z,"0002cc0100000eb0","36543a569af935710a1545cb2a0000000072000000006ceb64f7758076037d59",2,3.34,,10,21.27,79.36,,0.00,,0,114,0,0,,,,0.67,0.38,0.34,0.08,0.15
2024-10-16T10:29:18Z,"0002cc0100000eb0","36543a57fef935710a1541cc00000000007200000000ffff76077c4afc5c7c72",2,3.34,,10,21.25,79.69,,0.00,,0,114,0,0,,,,0.56,-0.54,0.54,0.38,-1.00
2024-10-16T10:35:14Z,"0002cc0100000eb0","36543a5962f9357d0a153ec99b000000007200000000774364c3673f7753ee8477ac",2,3.34,,10,21.24,78.75,,0.00,,0,114,0,0,,,0.48,-0.20,0.46,0.11,0.07,0.45
2024-10-16T10:41:10Z,"0002cc0100000eb0","36543a5ac6f935710a1533c8e500000000720000000077c0f563e7ccf60ef4dc",2,3.34,,10,21.20,78.48,,0.00,,0,114,0,0,,,,-0.30,-0.38,-0.12,-0.34,0.48
2024-10-16T10:47:06Z,"0002cc0100000eb0","36543a5c2af935790a1527c8e5000000007200000000fe58fe42fc86ff6bfffe",2,3.34,,10,21.15,78.48,,0.00,,0,114,0,0,,,,-1.00,-0.93,-0.57,-0.78,-0.79
2024-10-16T10:53:02Z,"0002cc0100000eb0","36543a5d8ef935690a1519c85d000000007200000000ffffffffffffffffffffffff",2,3.34,,10,21.10,78.27,,0.00,,0,114,0,0,,,-1.00,-1.00,-1.00,-1.00,-1.00,-1.00
2024-10-16T10:58:58Z,"0002cc0100000eb0","36543a5ef2f9356d0a1516c816000000007200000000fffffffffffffffffdb4",2,3.34,,10,21.08,78.16,,0.00,,0,114,0,0,,,,-0.71,-1.00,-1.00,-1.00,-1.00
2024-10-16T11:04:54Z,"0002cc0100000eb0","36543a6056f935710a1512c83c3eb83f007200000000feb3ffffffffefdb7488",2,3.34,,10,21.07,78.22,,0.86,,0,114,0,0,,,,0.28,-0.25,-1.00,-1.00,-0.84
2024-10-16T11:10:50Z,"0002cc0100000eb0","36543a61baf935650a1519c83a3e71d30072000000006e255e3bfd70fefaffffffff",2,3.34,,10,21.10,78.21,,0.72,,0,114,0,0,,,-1.00,-1.00,-0.87,-0.68,0.05,0.19
2024-10-16T11:16:46Z,"0002cc0100000eb0","36543a631ef935690a1516c79e3e71d3007200000000ffffffffffffffffffff",2,3.34,,10,21.08,77.98,,0.72,,0,114,0,0,,,,-1.00,-1.00,-1.00,-1.00,-1.00
2024-10-16T11:22:42Z,"0002cc0100000eb0","36543a6482f9356d0a150bc7493e71d3007200000000fffffffffffffffffed5",2,3.34,,10,21.04,77.85,,0.72,,0,114,0,0,,,,-0.85,-1.00,-1.00,-1.00,-1.00
2024-10-16T11:28:38Z,"0002cc0100000eb0","36543a65e6f935790a150ec7fb3e71d3007200000000ffff6daefff3ffffffe7",2,3.34,,10,21.05,78.12,,0.72,,0,114,0,0,,,,-0.99,-1.00,-0.99,0.18,-1.00
2024-10-16T11:34:34Z,"0002cc0100000eb0","36543a674af9356d0a150ec6e33e71d3007200000000ffffff26ffffffa9ffff",2,3.34,,10,21.05,77.69,,0.72,,0,114,0,0,,,,-1.00,-0.96,-1.00,-0.89,-1.00
2024-10-16T11:40:30Z,"0002cc0100000eb0","36543a68aef935650a150bc6bd3eb450007200000000ee63fe3effffffffffffffff",2,3.34,,10,21.04,77.63,,0.85,,0,114,0,0,,,-1.00,-1.00,-1.00,-1.00,-0.78,-0.20
2024-10-16T11:46:26Z,"0002cc0100000eb0","36543a6a12f935710a1507c6c23e71d3007200000000ffffffffff84ffffffff",2,3.34,,10,21.03,77.64,,0.72,,0,114,0,0,,,,-1.00,-1.00,-0.94,-1.00,-1.00
2024-10-16T11:52:22Z,"0002cc0100000eb0","36543a6b76f935690a150bc6c53e9312007200000000ffffffdffd20e41674dafe54",2,3.34,,10,21.04,77.65,,0.79,,0,114,0,0,,,-0.79,0.30,-0.06,-0.64,-0.98,-1.00
2024-10-16T11:58:18Z,"0002cc0100000eb0","36543a6cdaf935690a1507c6b43e71d3007200000000ffffff92ffffffffffff",2,3.34,,10,21.03,77.62,,0.72,,0,114,0,0,,,,-1.00,-1.00,-1.00,-0.95,-1.00
2024-10-16T12:04:14Z,"0002cc0100000eb0","36543a6e3ef9356d0a14fcc6903e71d3007200000000ffffffffffffffffffff",2,3.34,,10,20.98,77.56,,0.72,,0,114,0,0,,,,-1.00,-1.00,-1.00,-1.00,-1.00
2024-10-16T12:10:10Z,"0002cc0100000eb0","36543a6fa2f2020402001500c6d23e71d3007200000000fffffffffe81fffaffffffff",2,,2.4.2.0,,21.00,77.67,,0.72,,0,114,0,0,,,-1.00,-1.00,-1.00,-0.81,-1.00,-1.00
2024-10-16T12:16:06Z,"0002cc0100000eb0","36543a7106f935710a1507c7553e7c40007200000000f5aaffffffffffffffff",2,3.34,,10,21.03,77.87,,0.74,,0,114,0,0,,,,-1.00,-1.00,-1.00,-1.00,-0.35
2024-10-16T12:22:01Z,"0002cc0100000eb0","36543a7269f935690a1500c6e03e71d3007200000000ffffffffffc7ffffffff",2,3.34,,10,21.00,77.69,,0.72,,0,114,0,0,,,,-1.00,-1.00,-0.97,-1.00,-1.00
2024-10-16T12:27:57Z,"0002cc0100000eb0","36543a73cdf9356d0a14fcc6e63e71d3007200000000fd70f44cf429fc6cfd80f6ec",2,3.34,,10,20.98,77.70,,0.72,,0,114,0,0,,,-0.43,-0.69,-0.55,-0.26,-0.27,-0.68
2024-10-16T12:33:53Z,"0002cc0100000eb0","36543a7531f9356d0a1519c9683b392c0074020000007c66e79174047cf8fc29",2,3.34,,10,21.10,78.68,,0.08,,2,116,0,0,,,,-0.52,0.62,0.25,-0.12,0.55
2024-10-16T12:39:49Z,"0002cc0100000eb0","36543a7695f9355d0a1530cc7a3eabdb0074000000007df074ae7c1076e6fc06e5fa",2,3.34,,10,21.18,79.87,,0.84,,0,116,0,0,,,-0.09,-0.50,0.43,0.51,0.29,0.74
2024-10-16T12:45:45Z,"0002cc0100000eb0","36543a77f9f935690a1530cc333e25800075010000004d10fecdee937c437783",2,3.34,,10,21.18,79.77,,0.57,,1,117,0,0,,,,0.47,0.53,-0.21,-0.85,0.01
2024-10-16T12:51:41Z,"0002cc0100000eb0","36543a795df935690a1536c9743dba370075000000007caa7794777776a3673efe16",2,3.34,,10,21.21,78.69,,0.43,,0,117,0,0,,,-0.76,0.11,0.41,0.47,0.47,0.58
2024-10-16T12:57:37Z,"0002cc0100000eb0","36543a7ac1f935690a1530c9d13d98fb007500000000d778f5edff04fee0e506",2,3.34,,10,21.18,78.84,,0.40,,0,117,0,0,,,,-0.08,-0.86,-0.88,-0.37,-0.03
2024-10-16T13:03:33Z,"0002cc0100000eb0","36543a7c25f935690a1521c9513d98fb007500000000f6e8eca6e4f3fc35ff4c",2,3.34,,10,21.13,78.64,,0.40,,0,117,0,0,,,,-0.91,-0.53,-0.08,-0.15,-0.43
2024-10-16T13:09:29Z,"0002cc0100000eb0","36543a7d89f935690a1516c8e73d5712007500000000ffffffffff5effffffffffff",2,3.34,,10,21.08,78.48,,0.34,,0,117,0,0,,,-1.00,-1.00,-1.00,-0.92,-1.00,-1.00
2024-10-16T13:15:25Z,"0002cc0100000eb0","36543a7eedf935690a150ec8f73d8ab9007500000000ffffffffffffffffffff",2,3.34,,10,21.05,78.50,,0.39,,0,117,0,0,,,,-1.00,-1.00,-1.00,-1.00,-1.00
2024-10-16T13:21:21Z,"0002cc0100000eb0","36543a8051f9356d0a150bc90b3d98fb007500000000ffffffffffffffffffffffff",2,3.34,,10,21.04,78.53,,0.40,,0,117,0,0,,,-1.00,-1.00,-1.00,-1.00,-1.00,-1.00
2024-10-16T13:27:17Z,"0002cc0100000eb0","36543a81b5f935710a1500c8d23d8ab9007500000000ffffffffffffffffffff",2,3.34,,10,21.00,78.45,,0.39,,0,117,0,0,,,,-1.00,-1.00,-1.00,-1.00,-1.00
2024-10-16T13:33:13Z,"0002cc0100000eb0","36543a8319f935710a14f5c82a3d98fb007500000000ffffffffffffffffffff",2,3.34,,10,20.95,78.19,,0.40,,0,117,0,0,,,,-1.00,-1.00,-1.00,-1.00,-1.00
2024-10-16T13:39:09Z,"0002cc0100000eb0","36543a847df935710a14f5c80d3d8ab9007500000000ffffffdaffffffffffff",2,3.34,,10,20.95,78.15,,0.39,,0,117,0,0,,,,-1.00,-1.00,-1.00,-0.98,-1.00
2024-10-16T13:45:05Z,"0002cc0100000eb0","36543a85e1f935710a14f5c7f83d5712007500000000ffffffffffffffffffff",2,3.34,,10,20.95,78.11,,0.34,,0,117,0,0,,,,-1.00,-1.00,-1.00,-1.00,-1.00
2024-10-16T13:51:01Z,"0002cc0100000eb0","36543a8745f9356d0a14f1c7e03d8ab9007500000000ffffffffffffffffffffffff",2,3.34,,10,20.94,78.08,,0.39,,0,117,0,0,,,-1.00,-1.00,-1.00,-1.00,-1.00,-1.00
2024-10-16T13:56:57Z,"0002cc0100000eb0","36543a88a9f935750a14eec7c23d8ab9007500000000ffffffffffffffffffff",2,3.34,,10,20.93,78.03,,0.39,,0,117,0,0,,,,-1.00,-1.00,-1.00,-1.00,-1.00
2024-10-16T14:02:53Z,"0002cc0100000eb0","36543a8a0df9356d0a14f1c7863d8ab9007500000000fffffffffffffffffe71fe8c",2,3.34,,10,20.94,77.94,,0.39,,0,117,0,0,,,-0.82,-0.81,-1.00,-1.00,-1.00,-1.00
2024-10-16T14:08:45Z,"0002cc0100000eb0","36543a8b6df935790a14f1c7a33db093007500000000ff25fffffffffe62ffff",3,3.34,,10,20.94,77.98,,0.42,,0,117,0,0,,,,-1.00,-0.80,-1.00,-1.00,-0.89
2024-10-16T14:14:41Z,"0002cc0100000eb0","36543a8cd1f935690a14fccb0d39cb89007702000000fc335d67febd5f4766b6",2,3.34,,10,20.98,79.32,,0.03,,2,119,0,0,,,,0.10,0.06,-0.84,0.04,-0.52
2024-10-16T14:20:37Z,"0002cc0100000eb0","36543a8e35f935610a1512ccea3d8ab90077000000006eadfcad6e45fd87ff7c",2,3.34,,10,21.07,80.05,,0.39,,0,119,0,0,,,,-0.94,-0.69,0.20,-0.58,0.21
2024-10-16T14:26:33Z,"0002cc0100000eb0","36543a8f99f9356d0a150ecbc33d98fb007700000000ffffffffffffffffffff",2,3.34,,10,21.05,79.60,,0.40,,0,119,0,0,,,,-1.00,-1.00,-1.00,-1.00,-1.00
2024-10-16T14:32:29Z,"0002cc0100000eb0","36543a90fdf935690a1503cb063d5712007700000000ffffffffffffffffffffffff",2,3.34,,10,21.01,79.31,,0.34,,0,119,0,0,,,-1.00,-1.00,-1.00,-1.00,-1.00,-1.00
2024-10-16T14:38:24Z,"0002cc0100000eb0","36543a9260f935690a1503ca6a3d8ab9007700000000ffffffffffffffffffff",2,3.34,,10,21.01,79.07,,0.39,,0,119,0,0,,,,-1.00,-1.00,-1.00,-1.00,-1.00
2024-10-16T14:44:21Z,"0002cc0100000eb0","36543a93c5f935690a14fcc98d3d5712007700000000ffffffffffffffffffffffff",2,3.34,,10,20.98,78.73,,0.34,,0,119,0,0,,,-1.00,-1.00,-1.00,-1.00,-1.00,-1.00
2024-10-16T14:50:17Z,"0002cc0100000eb0","36543a9529f935610a14eec91a3d5712007700000000ffffffffffffffffffff",2,3.34,,10,20.93,78.56,,0.34,,0,119,0,0,,,,-1.00,-1.00,-1.00,-1.00,-1.00
2024-10-16T14:56:13Z,"0002cc0100000eb0","36543a968df935650a14f1c8c33d5712007700000000ffffffffffffffffffffffff",2,3.34,,10,20.94,78.42,,0.34,,0,119,0,0,,,-1.00,-1.00,-1.00,-1.00,-1.00,-1.00
2024-10-16T15:02:09Z,"0002cc0100000eb0","36543a97f1f935610a14eac8a83d5712007700000000ffffffffffffffffffff",2,3.34,,10,20.91,78.38,,0.34,,0,119,0,0,,,,-1.00,-1.00,-1.00,-1.00,-1.00
2024-10-16T15:08:04Z,"0002cc0100000eb0","36543a9954f935690a14e6c8133d5712007700000000ffffffffffffffffffff",2,3.34,,10,20.90,78.16,,0.34,,0,119,0,0,,,,-1.00,-1.00,-1.00,-1.00,-1.00
2024-10-16T15:14:01Z,"0002cc0100000eb0","36543a9ab9f935610a14f1c8eb3d5712007700000000fffffffffffffedafde3ff62",2,3.34,,10,20.94,78.48,,0.34,,0,119,0,0,,,-0.92,-0.74,-0.86,-1.00,-1.00,-1.00
2024-10-16T15:19:57Z,"0002cc0100000eb0","36543a9c1df9356d0a1500c9ce3d6fdb0078010000007c8b7dd87c67f456f43a",2,3.34,,10,21.00,78.83,,0.36,,1,120,0,0,,,,-0.26,-0.27,0.55,0.73,0.57
2024-10-16T15:25:52Z,"0002cc0100000eb0","36543a9d80f935690a1516cbc13bbc5e0078000000007426741f6d45e47dfe88",2,3.34,,10,21.08,79.59,,0.11,,0,120,0,0,,,,-0.82,-0.07,0.16,0.26,0.26
2024-10-16T15:31:48Z,"0002cc0100000eb0","36543a9ee4f935690a1516cac53d6c00007800000000eefd76a33e46f6f1ff9fffff",2,3.34,,10,21.08,79.21,,0.36,,0,120,0,0,,,-1.00,-0.95,-0.43,0.00,0.41,-0.22
2024-10-16T15:37:44Z,"0002cc0100000eb0","36543aa048f935690a150bca683d5712007800000000ffffffffffffff52ffff",2,3.34,,10,21.04,79.07,,0.34,,0,120,0,0,,,,-1.00,-0.91,-1.00,-1.00,-1.00
2024-10-16T15:43:40Z,"0002cc0100000eb0","36543aa1acf935710a1503cab03d5712007800000000ffffffffffffffffffc2",2,3.34,,10,21.01,79.18,,0.34,,0,120,0,0,,,,-0.97,-1.00,-1.00,-1.00,-1.00
2024-10-16T15:49:36Z,"0002cc0100000eb0","36543aa310f935650a14fccad03d5712007800000000ffffffffffffffffffffffff",2,3.34,,10,20.98,79.22,,0.34,,0,120,0,0,,,-1.00,-1.00,-1.00,-1.00,-1.00,-1.00
2024-10-16T15:55:32Z,"0002cc0100000eb0","36543aa474f935710a14f5cad13d5712007800000000ffffffffffffffffffff",2,3.34,,10,20.95,79.23,,0.34,,0,120,0,0,,,,-1.00,-1.00,-1.00,-1.00,-1.00
2024-10-16T16:01:28Z,"0002cc0100000eb0","36543aa5d8f935710a14f1cac83d91da007800000000ffffffffffffffffffff",2,3.34,,10,20.94,79.21,,0.39,,0,120,0,0,,,,-1.00,-1.00,-1.00,-1.00,-1.00
2024-10-16T16:07:24Z,"0002cc0100000eb0","36543aa73cf9356d0a14f1cadd3d5712007800000000ffffffffffffffffffffffff",2,3.34,,10,20.94,79.24,,0.34,,0,120,0,0,,,-1.00,-1.00,-1.00,-1.00,-1.00,-1.00
2024-10-16T16:13:20Z,"0002cc0100000eb0","36543aa8a0f20204020014e6cae33d5712007800000000ffffffffffffffffffff",2,,2.4.2.0,,20.90,79.25,,0.34,,0,120,0,0,,,,-1.00,-1.00,-1.00,-1.00,-1.00
2024-10-16T16:19:16Z,"0002cc0100000eb0","36543aaa04f935690a14eeca643d5712007800000000ffb4fdb1fe49fcfcfed5",2,3.34,,10,20.93,79.06,,0.34,,0,120,0,0,,,,-0.85,-0.62,-0.79,-0.71,-0.96
2024-10-16T16:25:12Z,"0002cc0100000eb0","36543aab68f935710a14eaca3d3d5712007800000000ffffffffffffffffffff",2,3.34,,10,20.91,79.00,,0.34,,0,120,0,0,,,,-1.00,-1.00,-1.00,-1.00,-1.00
2024-10-16T16:31:08Z,"0002cc0100000eb0","36543aacccf9356d0a14eaca373d5712007800000000ffffffffffffffffffff",2,3.34,,10,20.91,78.99,,0.34,,0,120,0,0,,,,-1.00,-1.00,-1.00,-1.00,-1.00
2024-10-16T16:37:04Z,"0002cc0100000eb0","36543aae30f935690a14e3c9a53d5712007800000000ffffffffffffffffffffffff",2,3.34,,10,20.89,78.77,,0.34,,0,120,0,0,,,-1.00,-1.00,-1.00,-1.00,-1.00,-1.00
2024-10-16T16:43:00Z,"0002cc0100000eb0","36543aaf94f935710a14e3c92f3d5712007800000000ffffffffffffffffffff",2,3.34,,10,20.89,78.59,,0.34,,0,120,0,0,,,,-1.00,-1.00,-1.00,-1.00,-1.00
2024-10-16T16:48:56Z,"0002cc0100000eb0","36543ab0f8f935690a14e6c9ef3d5712007800000000ffffffffffffffffffff",2,3.34,,10,20.90,78.88,,0.34,,0,120,0,0,,,,-1.00,-1.00,-1.00,-1.00,-1.00
2024-10-16T16:54:52Z,"0002cc0100000eb0","36543ab25cf935690a14e6c9e73d5712007800000000ffffffffffffffffffff",2,3.34,,10,20.90,78.87,,0.34,,0,120,0,0,,,,-1.00,-1.00,-1.00,-1.00,-1.00
2024-10-16T17:00:48Z,"0002cc0100000eb0","36543ab3c0f9356d0a14e6ca433d5712007800000000ffffffffffffffffffff",2,3.34,,10,20.90,79.01,,0.34,,0,120,0,0,,,,-1.00,-1.00,-1.00,-1.00,-1.00
2024-10-16T17:06:44Z,"0002cc0100000eb0","36543ab524f935690a14e0ca223d91da007800000000ffffffffffffffffffff",2,3.34,,10,20.87,78.96,,0.39,,0,120,0,0,,,,-1.00,-1.00,-1.00,-1.00,-1.00
2024-10-16T17:12:40Z,"0002cc0100000eb0","36543ab688f935690a14e0c8b73d5712007800000000ffffffffffffffffff57ffff",2,3.34,,10,20.87,78.41,,0.34,,0,120,0,0,,,-1.00,-0.92,-1.00,-1.00,-1.00,-1.00
2024-10-16T17:18:36Z,"0002cc0100000eb0","36543ab7ecf935540a14e3c8093d5712007800000000f651eee3fe89ff7cff16",2,3.33,,10,20.89,78.14,,0.34,,0,120,0,0,,,,-0.89,-0.94,-0.82,-0.22,-0.39
2024-10-16T17:24:32Z,"0002cc0100000eb0","36543ab950f935690a14e0c7733d1495007800000000ff3affffffffffffffbafe1e",2,3.34,,10,20.87,77.91,,0.27,,0,120,0,0,,,-0.76,-0.97,-1.00,-1.00,-1.00,-0.90
2024-10-16T17:30:28Z,"0002cc0100000eb0","36543abab4f935750a14dcc6e63d1495007800000000ffedfffeff6cffb9feba",2,3.34,,10,20.86,77.70,,0.27,,0,120,0,0,,,,-0.84,-0.97,-0.93,-1.00,-0.99
2024-10-16T17:36:24Z,"0002cc0100000eb0","36543abc18f9356d0a14e0c7193d1495007800000000ffffffffffffffffffffffff",2,3.34,,10,20.87,77.77,,0.27,,0,120,0,0,,,-1.00,-1.00,-1.00,-1.00,-1.00,-1.00
2024-10-16T17:42:20Z,"0002cc0100000eb0","36543abd7cf9356d0a14dcc75b3d1495007800000000ffffffffffffffffffff",2,3.34,,10,20.86,77.87,,0.27,,0,120,0,0,,,,-1.00,-1.00,-1.00,-1.00,-1.00
2024-10-16T17:48:16Z,"0002cc0100000eb0","36543abee0f935710a14e0c7113d5712007800000000ffffffffffffffffffff",2,3.34,,10,20.87,77.76,,0.34,,0,120,0,0,,,,-1.00,-1.00,-1.00,-1.00,-1.00
2024-10-16T17:54:12Z,"0002cc0100000eb0","36543ac044f935690a14e3c81e3d9da6007800000000fffffffffffffd25ded3ff12",2,3.34,,10,20.89,78.17,,0.40,,0,120,0,0,,,-0.88,-0.05,-0.64,-1.00,-1.00,-1.00
2024-10-16T18:00:08Z,"0002cc0100000eb0","36543ac1a8f9356d0a14e3c7ec3d91da007800000000ffffffffffffffffffff",2,3.34,,10,20.89,78.10,,0.39,,0,120,0,0,,,,-1.00,-1.00,-1.00,-1.00,-1.00
2024-10-16T18:06:04Z,"0002cc0100000eb0","36543ac30cf9356d0a14eac8003d4238007800000000ffffffc3ff8ad776fdbcffff",2,3.34,,10,20.91,78.13,,0.31,,0,120,0,0,,,-1.00,-0.72,-0.03,-0.94,-0.97,-1.00
2024-10-16T18:12:00Z,"0002cc0100000eb0","36543ac470f935690a14f8c7f43e065f007901000000cc8b75e97c1776297cc0",2,3.34,,10,20.97,78.11,,0.51,,1,121,0,0,,,,0.59,0.38,0.51,0.37,-0.01
2024-10-16T18:17:56Z,"0002cc0100000eb0","36543ac5d4f935650a150bc9c83c29e3007a01000000dd2177b27ce377017c47",2,3.34,,10,21.04,78.82,,0.15,,1,122,0,0,,,,0.53,0.44,0.61,0.48,-0.04
2024-10-16T18:23:52Z,"0002cc0100000eb0","36543ac738f935690a1519c9053eb83f007b0100000076cb77aa768dfdb77c80f4a4",2,3.34,,10,21.10,78.52,,0.86,,1,123,0,0,,,-0.29,0.56,-0.71,0.41,0.48,0.42
2024-10-16T18:29:47Z,"0002cc0100000eb0","36543ac89bf935690a1527ce0c3e9b87007b000000006570fe35feb97d75f6f0",2,3.34,,10,21.15,80.49,,0.80,,0,123,0,0,,,,-0.43,0.68,-0.84,-0.78,0.08
2024-10-16T18:35:43Z,"0002cc0100000eb0","36543ac9fff9357d0a1530ca433dcf4b007b000000007c6575e5e5506ec8e4c9",2,3.34,,10,21.18,79.01,,0.45,,0,123,0,0,,,,-0.07,0.21,-0.08,0.37,0.55
2024-10-16T18:41:39Z,"0002cc0100000eb0","36543acb63f935650a1524ca2c3d5712007b000000007cc376d2c70075bae451fd2a",2,3.34,,10,21.14,78.97,,0.34,,0,123,0,0,,,-0.65,-0.07,0.36,-0.01,0.43,0.60
2024-10-16T18:47:36Z,"0002cc0100000eb0","36543accc8f935480a1527ccb33e065f007b00000000d7476f8d5f76f5d477c47701",2,3.33,,10,21.15,79.96,,0.51,,0,123,0,0,,,0.44,0.49,-0.36,0.06,0.24,-0.03
2024-10-16T18:53:31Z,"0002cc0100000eb0","36543ace2bf935690a1527c9b13d5712007c010000007e907de377877c547dc0",2,3.34,,10,21.15,78.79,,0.34,,1,124,0,0,,,,0.72,0.54,0.47,0.74,0.82
2024-10-16T18:59:27Z,"0002cc0100000eb0","36543acf8ff935710a1521c8e83c62e0007c00000000e6d7ec53fde4ffffffffff0a",2,3.34,,10,21.13,78.48,,0.17,,0,124,0,0,,,-0.88,-1.00,-1.00,-0.74,-0.14,-0.11
2024-10-16T19:05:23Z,"0002cc0100000eb0","36543ad0f3f935710a151cc6213e2388007c00000000f5d37e5afc777ccf7cd4",2,3.34,,10,21.11,77.40,,0.57,,0,124,0,0,,,,0.60,0.60,-0.56,0.79,-0.36
2024-10-16T19:11:19Z,"0002cc0100000eb0","36543ad257f935690a1524c6573e2afd007c00000000f6bf740cf582f476fe46",2,3.34,,10,21.14,77.48,,0.58,,0,124,0,0,,,,-0.78,-0.28,-0.34,0.25,-0.42
2024-10-16T19:17:15Z,"0002cc0100000eb0","36543ad3bbf935690a1516c64e3e0cb6007c00000000fc5dffd0ffc1fdacfe5affef",2,3.34,,10,21.08,77.46,,0.52,,0,124,0,0,,,-0.99,-0.79,-0.71,-0.97,-0.98,-0.55
2024-10-16T19:23:11Z,"0002cc0100000eb0","36543ad51ff935690a150bc68d3e0cb6007c00000000fed6fe02fe9affffffff",2,3.34,,10,21.04,77.56,,0.52,,0,124,0,0,,,,-1.00,-1.00,-0.82,-0.75,-0.85
2024-10-16T19:29:07Z,"0002cc0100000eb0","36543ad683f935690a14f5c6a83e0cb6007c00000000ffffffffff80ff5fffff",2,3.34,,10,20.95,77.60,,0.52,,0,124,0,0,,,,-1.00,-0.92,-0.94,-1.00,-1.00
2024-10-16T19:35:03Z,"0002cc0100000eb0","36543ad7e7f9356d0a14eec6263e2afd007c00000000fffffffffffffe44ffee",2,3.34,,10,20.93,77.40,,0.58,,0,124,0,0,,,,-0.99,-0.78,-1.00,-1.00,-1.00
2024-10-16T19:40:59Z,"0002cc0100000eb0","36543ad94bf9356d0a14e6c6603e2777007c00000000ffc2ffffff72ffffff16",2,3.34,,10,20.90,77.49,,0.58,,0,124,0,0,,,,-0.89,-1.00,-0.93,-1.00,-0.97
2024-10-16T19:46:55Z,"0002cc0100000eb0","36543adaaff9356d0a14eac5823db51b007c00000000ffffffe3ffffffffffff",2,3.34,,10,20.91,77.15,,0.43,,0,124,0,0,,,,-1.00,-1.00,-1.00,-0.99,-1.00
2024-10-16T19:52:51Z,"0002cc0100000eb0","36543adc13f935690a14dcc4bc3e0eae007c00000000ffffffdcffffff67ffff",2,3.34,,10,20.86,76.85,,0.53,,0,124,0,0,,,,-1.00,-0.93,-1.00,-0.98,-1.00
2024-10-16T19:58:47Z,"0002cc0100000eb0","36543add77f935860a14e0c5973e191b007c00000000ff89fd86fff9ffffffff",2,3.35,,10,20.87,77.18,,0.55,,0,124,0,0,,,,-1.00,-1.00,-1.00,-0.69,-0.94
2024-10-16T20:04:43Z,"0002cc0100000eb0","36543adedbf935650a14eac6b03e2777007c00000000ff7dfeb9ffe9ffff6e9e",2,3.34,,10,20.91,77.61,,0.58,,0,124,0,0,,,,0.21,-1.00,-0.99,-0.84,-0.94
2024-10-16T20:10:38Z,"0002cc0100000eb0","36543ae03ef935710a14f8bd343f3523007d01000000ffffff79fffe762b7d9d",2,3.34,,10,20.97,73.91,,1.21,,1,125,0,0,,,,0.70,0.39,-1.00,-0.93,-1.00
2024-10-16T20:16:35Z,"0002cc0100000eb0","36543ae1a3f202040200151cbd923c5b02007d000000007c9476197cf87c98eecf7796",2,,2.4.2.0,,21.11,74.05,,0.17,,0,125,0,0,,,0.47,-0.21,0.57,0.62,0.38,0.57
2024-10-16T20:22:30Z,"0002cc0100000eb0","36543ae306f935610a1536bf4a3f46be007d000000007ca17c8a77d27de77c03",2,3.34,,10,21.21,74.72,,1.28,,0,125,0,0,,,,0.50,0.74,0.49,0.57,0.58
2024-10-16T20:28:26Z,"0002cc0100000eb0","36543ae46af935690a1549bbe13f590a007e010000007dd07d1c7d837e157d3b7c27",2,3.34,,10,21.28,73.39,,1.35,,1,126,0,0,,,0.52,0.65,0.76,0.69,0.64,0.73
2024-10-16T20:34:22Z,"0002cc0100000eb0","36543ae5cef9356d0a1553bd5c3f3c51007e000000007e1e7dff6f5a4eee7e49",2,3.34,,10,21.32,73.97,,1.24,,0,126,0,0,,,,0.79,0.01,0.23,0.75,0.76
2024-10-16T20:40:18Z,"0002cc0100000eb0","36543ae732f935690a155ebdd03e28a8007e000000007d4a673e7c377ca27d787d21",2,3.34,,10,21.37,74.15,,0.58,,0,126,0,0,,,0.64,0.68,0.58,0.53,0.11,0.66
2024-10-16T20:46:14Z,"0002cc0100000eb0","36543ae896f935610a1566bf273f447b0080020000007caa765267867c977de9",2,3.34,,10,21.40,74.67,,1.27,,2,128,0,0,,,,0.74,0.57,0.12,0.39,0.58
2024-10-16T20:52:10Z,"0002cc0100000eb0","36543ae9faf935710a1571bf903f5c490080000000007d85bd9c7dce77c9dfa2",2,3.34,,10,21.44,74.83,,1.36,,0,128,0,0,,,,-0.06,0.49,0.73,-0.00,0.69
2024-10-16T20:58:06Z,"0002cc0100000eb0","36543aeb5ef9356d0a156cc0683f1a170080000000007cd97c96774c3cf3f59d4e55",2,3.34,,10,21.42,75.16,,1.10,,0,128,0,0,,,0.01,-0.35,0.00,0.46,0.57,0.61
2024-10-16T21:04:02Z,"0002cc0100000eb0","36543aecc2f9356d0a1574c0b33d2e8e008000000000fe6577a87c9176e77ce9",2,3.34,,10,21.45,75.27,,0.30,,0,128,0,0,,,,0.61,0.43,0.57,0.48,-0.80
2024-10-16T21:09:58Z,"0002cc0100000eb0","36543aee26f935610a156cc0c93f3b550080000000006e0a6e005f59e53b7d38",2,3.34,,10,21.42,75.31,,1.23,,0,128,0,0,,,,0.65,-0.08,0.06,0.19,0.19
2024-10-16T21:15:54Z,"0002cc0100000eb0","36543aef8af935690a1566c0c63dd3000081010000007c1e74657d607ce77e427d65",2,3.34,,10,21.40,75.30,,0.46,,1,129,0,0,,,0.67,0.78,0.61,0.67,0.27,0.51
2024-10-16T21:21:50Z,"0002cc0100000eb0","36543af0eef935610a155ec20a3f408c0082010000007ea0654475387ca97d29",2,3.34,,10,21.37,75.80,,1.25,,1,130,0,0,,,,0.65,0.58,0.33,0.08,0.83
2024-10-16T21:27:46Z,"0002cc0100000eb0","36543af252f935690a155bc1053bff76008301000000645077fc7d716f776428ff51",2,3.34,,10,21.35,75.40,,0.12,,1,131,0,0,,,-0.91,0.06,0.23,0.68,0.50,0.07
2024-10-16T21:33:42Z,"0002cc0100000eb0","36543af3b6f935610a155ec3cc3b8c94008300000000ef286fa67d5f7c107c68",2,3.34,,10,21.37,76.48,,0.10,,0,131,0,0,,,,0.55,0.51,0.67,0.24,-0.22
2024-10-16T21:39:38Z,"0002cc0100000eb0","36543af51af935710a1566c2643f3b55008300000000ed1e76db6e6e75207d93",2,3.34,,10,21.40,75.93,,1.23,,0,131,0,0,,,,0.70,0.32,0.20,0.43,-0.16
2024-10-16T21:45:34Z,"0002cc0100000eb0","36543af67ef935710a1566c53f3f191b0083000000007d246ec0fe6dfc816d717d46",2,3.34,,10,21.40,77.05,,1.10,,0,131,0,0,,,0.66,0.17,-0.56,-0.80,0.21,0.64
2024-10-16T21:51:29Z,"0002cc0100000eb0","36543af7e1f935710a156cc7fa3f29ba0083000000007ded7d917e7c7cfd7db9",2,3.34,,10,21.42,78.12,,1.16,,0,131,0,0,,,,0.72,0.62,0.81,0.70,0.74
2024-10-16T21:57:25Z,"0002cc0100000eb0","36543af945f935650a1582c9d13f2ab60083000000007c7f7da37d4e7c957cbf",2,3.34,,10,21.51,78.84,,1.17,,0,131,0,0,,,,0.59,0.57,0.66,0.70,0.56
2024-10-16T22:03:21Z,"0002cc0100000eb0","36543afaa9f935690a1574c8bb3f2ab6008300000000f7e9fffffd24fffffd2fffff",2,3.34,,10,21.45,78.41,,1.17,,0,131,0,0,,,-1.00,-0.65,-1.00,-0.64,-1.00,-0.49
2024-10-16T22:09:17Z,"0002cc0100000eb0","36543afc0df9356d0a1566c86c3f2ab6008300000000fffffd39ffffff89ffff",2,3.34,,10,21.40,78.29,,1.17,,0,131,0,0,,,,-1.00,-0.94,-1.00,-0.65,-1.00
2024-10-16T22:15:13Z,"0002cc0100000eb0","36543afd71f9356d0a1566c8883f2ab6008300000000fffffe6fffff7e0af668",2,3.34,,10,21.40,78.33,,1.17,,0,131,0,0,,,,-0.40,0.75,-1.00,-0.80,-1.00
2024-10-16T22:21:09Z,"0002cc0100000eb0","36543afed5f935610a155bc7df3f46c3008300000000ffffff96ff21fffffd28",2,3.34,,10,21.35,78.08,,1.28,,0,131,0,0,,,,-0.64,-1.00,-0.89,-0.95,-1.00
2024-10-16T22:27:05Z,"0002cc0100000eb0","36543b0039f935690a155bc7e63f1a17008300000000761f767fec56ffffffffffff",2,3.34,,10,21.35,78.09,,1.10,,0,131,0,0,,,-1.00,-1.00,-1.00,-0.14,0.41,0.38
2024-10-16T22:33:01Z,"0002cc0100000eb0","36543b019df935710a1557c79e3f1a17008300000000fe85fe8bffffffffffff",2,3.34,,10,21.34,77.98,,1.10,,0,131,0,0,,,,-1.00,-1.00,-1.00,-0.82,-0.81
2024-10-16T22:38:57Z,"0002cc0100000eb0","36543b0301f935690a155bc82d3f2fed008300000000fedef5dff6556ebe6dfc",2,3.34,,10,21.35,78.19,,1.19,,0,131,0,0,,,,0.19,0.21,-0.40,-0.37,-0.86
2024-10-16T22:44:53Z,"0002cc0100000eb0","36543b0465f935690a1553c8213f408c008300000000fffffdc9feb0ff7ffe97",2,3.34,,10,21.32,78.18,,1.25,,0,131,0,0,,,,-0.82,-0.94,-0.84,-0.72,-1.00
2024-10-16T22:50:49Z,"0002cc0100000eb0","36543b05c9f9356d0a1550c8033f2484008300000000ffffffa8ffffffffff4a",2,3.34,,10,21.31,78.13,,1.14,,0,131,0,0,,,,-0.91,-1.00,-1.00,-0.96,-1.00
2024-10-16T22:56:45Z,"0002cc0100000eb0","36543b072df935650a1553c7a93f1f4d008300000000fe485509f464ffffffe5ffff",2,3.34,,10,21.32,77.99,,1.12,,0,131,0,0,,,-1.00,-0.99,-1.00,-0.27,0.02,-0.79
2024-10-16T23:02:41Z,"0002cc0100000eb0","36543b0891f935690a1550c6f8000000008300000000ffffffffffffff4bffff",2,3.34,,10,21.31,77.72,,0.00,,0,131,0,0,,,,-1.00,-0.91,-1.00,-1.00,-1.00
2024-10-16T23:08:37Z,"0002cc0100000eb0","36543b09f5f935690a1550c69e000000008300000000fffffffffd52feffff20ff12",2,3.34,,10,21.31,77.59,,0.00,,0,131,0,0,,,-0.88,-0.89,-0.87,-0.66,-1.00,-1.00
2024-10-16T23:14:33Z,"0002cc0100000eb0","36543b0b59f935790a1557c75f000000008300000000fffffc9c74447db67c6e",2,3.34,,10,21.34,77.88,,0.00,,0,131,0,0,,,,0.55,0.71,0.27,-0.58,-1.00
2024-10-16T23:20:28Z,"0002cc0100000eb0","36543b0cbcf935710a155ec84b0000000083000000007631760e7c0e7c047cdd",2,3.34,,10,21.37,78.24,,0.00,,0,131,0,0,,,,0.61,0.50,0.51,0.38,0.39
2024-10-16T23:26:25Z,"0002cc0100000eb0","36543b0e21f9356d0a1566c6ce00000000830000000075ed75f77dac762fe7507cd5",2,3.34,,10,21.40,77.66,,0.00,,0,131,0,0,,,0.60,-0.11,0.39,0.71,0.37,0.37
2024-10-16T23:32:20Z,"0002cc0100000eb0","36543b0f84f935710a1569c42e000000008300000000758267477c187c72fd9f",2,3.34,,10,21.41,76.63,,0.00,,0,131,0,0,,,,-0.70,0.56,0.51,0.11,0.34
2024-10-16T23:38:16Z,"0002cc0100000eb0","36543b10e8f9356d0a1571c359000000008401000000774d7667763f76b97c80",2,3.34,,10,21.44,76.31,,0.00,,1,132,0,0,,,,0.56,0.42,0.39,0.40,0.46
2024-10-16T23:44:12Z,"0002cc0100000eb0","36543b124cf935710a1574c26d000000008400000000ffff6f847c967d0874a67647",2,3.34,,10,21.45,75.95,,0.00,,0,132,0,0,,,0.39,0.29,0.63,0.57,0.23,-1.00
2024-10-16T23:50:08Z,"0002cc0100000eb0","36543b13b0f935710a1566c29c000000008400000000f6ea6e0c6d37fcc5f4d37c36",2,3.34,,10,21.40,76.02,,0.00,,0,132,0,0,,,0.53,-0.30,-0.60,0.16,0.19,-0.43
2024-10-16T23:56:04Z,"0002cc0100000eb0","36543b1514f935610a156cc21b00000000840000000065a57c4a7dbd7cb67c82",2,3.34,,10,21.42,75.82,,0.00,,0,132,0,0,,,,0.56,0.59,0.72,0.54,0.09
