Time,DevEUI,Raw,Port,Vbat,Version,BootCount,T,RH,P,Light,CO2,P[0].delta,P[0].total,P[1].delta,P[1].total,Act[7],Act[6],Act[5],Act[4],Act[3],Act[2],Act[1],Act[0]
2024-10-23T00:04:44Z,"0002cc0100000eb0","365443001cf9356d131569ca29000000012600000000fffffffffffffffffc6c",2,3.34,,19,21.41,78.97,,0.00,,0,294,0,0,,,,-0.55,-1.00,-1.00,-1.00,-1.00
2024-10-23T00:10:40Z,"0002cc0100000eb0","3654430180f93569131566ca500000000128020000007c4164d4f42d6ea06f837c72",2,3.34,,19,21.40,79.03,,0.00,,2,296,0,0,,,0.56,0.23,0.21,-0.26,0.08,0.53
2024-10-23T00:16:36Z,"0002cc0100000eb0","36544302e4f93571131571ca04000000012c04000000fcf0be637cae75cf747f",2,3.34,,19,21.44,78.91,,0.00,,4,300,0,0,,,,0.28,0.36,0.59,-0.00,-0.62
2024-10-23T00:22:32Z,"0002cc0100000eb0","3654430448f9356d131571c906000000012c000000006626747a74947c4e7cf07d40",2,3.34,,19,21.44,78.53,,0.00,,0,300,0,0,,,0.66,0.62,0.54,0.29,0.28,0.10
2024-10-23T00:28:28Z,"0002cc0100000eb0","36544305acf9356d131569c8bb000000012e020000007c38e60cfffffc756c2b",2,3.34,,19,21.41,78.41,,0.00,,2,302,0,0,,,,0.13,-0.56,-1.00,-0.09,0.53
2024-10-23T00:34:24Z,"0002cc0100000eb0","3654430710f9356913156cca010000000130020000007cc27d266c30e696dc89746c",2,3.34,,19,21.42,78.91,,0.00,,2,304,0,0,,,0.28,-0.04,-0.10,0.13,0.64,0.59
2024-10-23T00:40:19Z,"0002cc0100000eb0","3654430873f93569131571c954000000013101000000774f6d56e5b64e497786",2,3.34,,19,21.44,78.64,,0.00,,1,305,0,0,,,,0.47,0.01,-0.09,0.17,0.46
2024-10-23T00:46:15Z,"0002cc0100000eb0","36544309d7f93569131574c8990000000131000000007d757c61e6205561ed25",2,3.34,,19,21.45,78.36,,0.00,,0,305,0,0,,,,-0.16,0.02,-0.10,0.55,0.68
2024-10-23T00:52:11Z,"0002cc0100000eb0","3654430b3bf9356d131566c8c0000000013201000000663a6d47e4b2ee61e46a7697",2,3.34,,19,21.40,78.42,,0.00,,1,306,0,0,,,0.41,-0.07,-0.20,-0.07,0.16,0.10
2024-10-23T00:58:07Z,"0002cc0100000eb0","3654430c9ff93569131574cc93000000013402000000ffff7cbb75366d24778e",2,3.34,,19,21.45,79.91,,0.00,,2,308,0,0,,,,0.47,0.16,0.33,0.59,-1.00
2024-10-23T01:04:03Z,"0002cc0100000eb0","3654430e03f935691315b6cecf000000013602000000ff7bfeb77413ed03f63f6d37",2,3.34,,19,21.71,80.79,,0.00,,2,310,0,0,,,0.16,-0.39,-0.16,0.25,-0.84,-0.94
2024-10-23T01:09:59Z,"0002cc0100000eb0","3654430f67f9356d1315c4d01c0000000137010000007cf6f4896f9b6f097473",2,3.34,,19,21.76,81.29,,0.00,,1,311,0,0,,,,0.28,0.22,0.24,-0.28,0.62
2024-10-23T01:15:55Z,"0002cc0100000eb0","36544310cbf935711315aacd610000000138010000006e1cfffdf49d7d04fc656ea8",2,3.34,,19,21.66,80.23,,0.00,,1,312,0,0,,,0.21,-0.55,0.63,-0.29,-1.00,0.19
2024-10-23T01:21:51Z,"0002cc0100000eb0","365443122ff935691315a2cd9a000000013b030000006ed974814d37f4db6688",2,3.34,,19,21.63,80.31,,0.00,,3,315,0,0,,,,0.10,-0.30,0.01,0.28,0.21
2024-10-23T01:27:47Z,"0002cc0100000eb0","3654431393f9357913159fcd52000000013b000000007e757c5e7d0d7d37f755",2,3.34,,19,21.62,80.20,,0.00,,0,315,0,0,,,,-0.46,0.65,0.63,0.55,0.81
2024-10-23T01:33:43Z,"0002cc0100000eb0","36544314f7f93565131594cbf9000000013c010000006621771f7764679bec95",2,3.34,,19,21.58,79.68,,0.00,,1,316,0,0,,,,-0.14,0.12,0.46,0.45,0.10
2024-10-23T01:39:39Z,"0002cc0100000eb0","365443165bf93569131586ca43000000013c000000007dee74a2cc37f776fcb0fe70",2,3.34,,19,21.52,79.01,,0.00,,0,316,0,0,,,-0.80,-0.59,-0.47,-0.01,0.29,0.74
2024-10-23T01:45:35Z,"0002cc0100000eb0","36544317bff93579131577ca16000000013c00000000fdeefe7cffffff62ec9b",2,3.34,,19,21.46,78.94,,0.00,,0,316,0,0,,,,-0.14,-0.92,-1.00,-0.81,-0.74
2024-10-23T01:51:30Z,"0002cc0100000eb0","3654431922f93569131562ca32000000013c00000000fca1f6daffffffffff83",2,3.34,,19,21.38,78.98,,0.00,,0,316,0,0,,,,-0.94,-1.00,-1.00,-0.43,-0.58
2024-10-23T01:57:26Z,"0002cc0100000eb0","3654431a86f9356d13155bc9a8000000013c00000000ff47ffffffffffffffff",2,3.34,,19,21.35,78.77,,0.00,,0,316,0,0,,,,-1.00,-1.00,-1.00,-1.00,-0.91
2024-10-23T02:03:22Z,"0002cc0100000eb0","3654431beaf93569131550c95a000000013c00000000fffffe6dfe28ffffffffff5d",2,3.34,,19,21.31,78.65,,0.00,,0,316,0,0,,,-0.92,-1.00,-1.00,-0.77,-0.80,-1.00
2024-10-23T02:09:18Z,"0002cc0100000eb0","3654431d4ef9357513154cc935000000013c00000000fffffffffffffec1ffff",2,3.34,,19,21.30,78.60,,0.00,,0,316,0,0,,,,-1.00,-0.84,-1.00,-1.00,-1.00
2024-10-23T02:15:14Z,"0002cc0100000eb0","3654431eb2f9356d131549c909000000013c00000000ffffffffffffffffff59",2,3.34,,19,21.28,78.53,,0.00,,0,316,0,0,,,,-0.92,-1.00,-1.00,-1.00,-1.00
2024-10-23T02:21:10Z,"0002cc0100000eb0","3654432016f9358213154cc96e000000013c00000000fffffffffffffc70f7f3",2,3.34,,19,21.30,78.68,,0.00,,0,316,0,0,,,,-0.50,-0.55,-1.00,-1.00,-1.00
2024-10-23T02:27:06Z,"0002cc0100000eb0","365443217af9356d131541c92f000000013c00000000ffffffffffffffffffffffea",2,3.34,,19,21.25,78.59,,0.00,,0,316,0,0,,,-0.99,-1.00,-1.00,-1.00,-1.00,-1.00
2024-10-23T02:33:02Z,"0002cc0100000eb0","36544322def93575131545c8e4000000013c00000000ffffffffffffffffffff",2,3.34,,19,21.27,78.47,,0.00,,0,316,0,0,,,,-1.00,-1.00,-1.00,-1.00,-1.00
2024-10-23T02:38:58Z,"0002cc0100000eb0","3654432442f93565131541c996000000013c00000000fc3cfc1df6dbc425ed9974f2",2,3.34,,19,21.25,78.75,,0.00,,0,316,0,0,,,0.31,-0.17,-0.00,-0.43,-0.51,-0.53
2024-10-23T02:44:54Z,"0002cc0100000eb0","36544325a6f93571131550cb0d000000013f0300000077f174cc54947d527cf3",2,3.34,,19,21.31,79.32,,0.00,,3,319,0,0,,,,0.62,0.66,0.02,0.30,0.50
2024-10-23T02:50:50Z,"0002cc0100000eb0","365443270af9357113156cca010000000142030000005cff7795f789ce7774f4",2,3.34,,19,21.42,78.91,,0.00,,3,322,0,0,,,,0.31,-0.01,-0.47,0.47,0.04
2024-10-23T02:56:46Z,"0002cc0100000eb0","365443286ef9356913155bc962000000014200000000f748fdf5ffffffffffffffff",2,3.34,,19,21.35,78.67,,0.00,,0,322,0,0,,,-1.00,-1.00,-1.00,-1.00,-0.74,-0.46
2024-10-23T03:02:42Z,"0002cc0100000eb0","36544329d2f93565131553c92c000000014200000000ffb1ffffff88ffffffff",2,3.34,,19,21.32,78.58,,0.00,,0,322,0,0,,,,-1.00,-1.00,-0.94,-1.00,-0.96
2024-10-23T03:08:38Z,"0002cc0100000eb0","3654432b36f9356d13154cc983000000014200000000f597fd8f6eaffc38ffec",2,3.34,,19,21.30,78.72,,0.00,,0,322,0,0,,,,-0.99,-0.53,0.21,-0.69,-0.35
2024-10-23T03:14:34Z,"0002cc0100000eb0","3654432c9af9356d131545c930000000014200000000ffffffffffffffffffff",2,3.34,,19,21.27,78.59,,0.00,,0,322,0,0,,,,-1.00,-1.00,-1.00,-1.00,-1.00
2024-10-23T03:20:30Z,"0002cc0100000eb0","3654432dfef9356d13153ec908000000014200000000ff84fffffffffffffffffe00",2,3.34,,19,21.24,78.53,,0.00,,0,322,0,0,,,-0.75,-1.00,-1.00,-1.00,-1.00,-0.94
2024-10-23T03:26:26Z,"0002cc0100000eb0","3654432f62f9356d13153ec972000000014200000000ffff5cf0f515fec5ffff",2,3.34,,19,21.24,78.69,,0.00,,0,322,0,0,,,,-1.00,-0.85,-0.32,0.04,-1.00
2024-10-23T03:32:22Z,"0002cc0100000eb0","36544330c6f9356913153ac8f1000000014200000000ffffffffffffffffffff",2,3.34,,19,21.22,78.49,,0.00,,0,322,0,0,,,,-1.00,-1.00,-1.00,-1.00,-1.00
2024-10-23T03:38:18Z,"0002cc0100000eb0","365443322af93561131545cb0d000000014402000000f7bffebae63b76d37cc97d84",2,3.34,,19,21.27,79.32,,0.00,,2,324,0,0,,,0.69,0.60,0.43,-0.10,-0.84,-0.48
2024-10-23T03:44:14Z,"0002cc0100000eb0","365443338ef9356d131553ca59000000014602000000f6b17d76744b6f556c75",2,3.34,,19,21.32,79.04,,0.00,,2,326,0,0,,,,0.14,0.23,0.27,0.68,-0.42
2024-10-23T03:50:10Z,"0002cc0100000eb0","36544334f2f202040200155bca50000000014802000000fcc5f6fbf4f5d45eee91efd2",2,,2.4.2.0,,21.35,79.03,,0.00,,2,328,0,0,,,-0.24,-0.21,-0.02,-0.31,-0.44,-0.60
2024-10-23T03:56:06Z,"0002cc0100000eb0","3654433656f9356d131566caf2000000014a0200000074c97c19f5356dd3ef71",2,3.34,,19,21.40,79.28,,0.00,,2,330,0,0,,,,-0.23,0.18,-0.33,0.51,0.30
2024-10-23T04:02:02Z,"0002cc0100000eb0","36544337baf93569131566ca67000000014d0300000076ac7e7176c975c47cb07c8e",2,3.34,,19,21.40,79.06,,0.00,,3,333,0,0,,,0.57,0.59,0.36,0.42,0.81,0.42
2024-10-23T04:07:57Z,"0002cc0100000eb0","365443391df9355d131571cae300000001500300000074ce77457dbbecc47c0b",2,3.34,,19,21.44,79.25,,0.00,,3,336,0,0,,,,0.51,-0.15,0.72,0.45,0.30
2024-10-23T04:13:53Z,"0002cc0100000eb0","3654433a81f93571131566c9ef000000015404000000e5537c56e48bfffff706",2,3.34,,19,21.40,78.88,,0.00,,4,340,0,0,,,,-0.44,-1.00,-0.07,0.54,-0.08
2024-10-23T04:19:49Z,"0002cc0100000eb0","3654433be5f93569131566ca1700000001550100000077c774557e4e7cda6448fc70",2,3.34,,19,21.40,78.94,,0.00,,1,341,0,0,,,-0.55,0.07,0.61,0.79,0.27,0.49
2024-10-23T04:25:45Z,"0002cc0100000eb0","3654433d49f9356d13155bca0a0000000155000000006e55f5defe31eee3eee4",2,3.34,,19,21.35,78.92,,0.00,,0,341,0,0,,,,-0.22,-0.22,-0.77,-0.37,0.20
2024-10-23T04:31:41Z,"0002cc0100000eb0","3654433eadf9356d13155bcab20000000155000000005f09f576666d665ffe09",2,3.34,,19,21.35,79.18,,0.00,,0,341,0,0,,,,-0.75,0.10,0.10,-0.34,0.05
2024-10-23T04:37:37Z,"0002cc0100000eb0","3654434011f9356d13154cca16000000015500000000ffffffffff99ffffffff",2,3.34,,19,21.30,78.94,,0.00,,0,341,0,0,,,,-1.00,-1.00,-0.95,-1.00,-1.00
2024-10-23T04:43:33Z,"0002cc0100000eb0","3654434175f9356d131545c9d8000000015500000000ffc3fffffecfffffffff",2,3.34,,19,21.27,78.85,,0.00,,0,341,0,0,,,,-1.00,-1.00,-0.85,-1.00,-0.97
2024-10-23T04:49:29Z,"0002cc0100000eb0","36544342d9f9356d13153ec9cc000000015500000000ffffffffffc4ffffffff",2,3.34,,19,21.24,78.83,,0.00,,0,341,0,0,,,,-1.00,-1.00,-0.97,-1.00,-1.00
2024-10-23T04:55:25Z,"0002cc0100000eb0","365443443df9356d13153eca440000000155000000006cb8fe09efbbff7bffff",2,3.34,,19,21.24,79.01,,0.00,,0,341,0,0,,,,-1.00,-0.94,-0.24,-0.75,0.15
2024-10-23T05:01:21Z,"0002cc0100000eb0","36544345a1f9356913153ac9fb000000015500000000ffffffffff19ffffffde",2,3.34,,19,21.22,78.90,,0.00,,0,341,0,0,,,,-0.98,-1.00,-0.89,-1.00,-1.00
2024-10-23T05:07:17Z,"0002cc0100000eb0","3654434705f9357513153ac9ed000000015500000000ffffffffff22ff0bffec",2,3.34,,19,21.22,78.88,,0.00,,0,341,0,0,,,,-0.99,-0.88,-0.89,-1.00,-1.00
2024-10-23T05:13:13Z,"0002cc0100000eb0","3654434869f9356d13153eca22000000015500000000ff50ff68fe5cd742ee206dfd",2,3.34,,19,21.24,78.96,,0.00,,0,341,0,0,,,0.19,-0.19,-0.03,-0.79,-0.93,-0.91
2024-10-23T05:19:09Z,"0002cc0100000eb0","36544349cdf93571131533caad00000001560100000075b57437fef7ffffffff",2,3.34,,19,21.20,79.17,,0.00,,1,342,0,0,,,,-1.00,-1.00,-0.87,0.26,0.36
2024-10-23T05:25:05Z,"0002cc0100000eb0","3654434b31f93575131533ca13000000015600000000ffffffaaffffffffffe4ffff",2,3.34,,19,21.20,78.94,,0.00,,0,342,0,0,,,-1.00,-0.99,-1.00,-1.00,-0.96,-1.00
2024-10-23T05:31:00Z,"0002cc0100000eb0","3654434c94f9356d131545cbaf000000015802000000f70efdb66ea774067d8e",2,3.34,,19,21.27,79.57,,0.00,,2,344,0,0,,,,0.69,0.25,0.21,-0.71,-0.44
2024-10-23T05:36:56Z,"0002cc0100000eb0","3654434df8f93569131549ca4400000001590100000054d8e5c1edf0fddbfc7a",2,3.34,,19,21.28,79.01,,0.00,,1,345,0,0,,,,-0.56,-0.73,-0.19,-0.09,0.02
2024-10-23T05:42:53Z,"0002cc0100000eb0","3654434f5df93571131557ccd4000000015a010000007c0c77ce7c6c7cb56e6245d5",2,3.34,,19,21.34,80.01,,0.00,,1,346,0,0,,,0.01,0.20,0.59,0.55,0.49,0.51
2024-10-23T05:48:48Z,"0002cc0100000eb0","36544350c0f93561131566cbe1000000015d03000000edc07c717cec7d6af53b",2,3.34,,19,21.40,79.64,,0.00,,3,349,0,0,,,,-0.33,0.68,0.62,0.56,-0.18
2024-10-23T05:54:44Z,"0002cc0100000eb0","3654435224f93569131569cc92000000015f0200000075a865e34fa8f5a47480",2,3.34,,19,21.41,79.91,,0.00,,2,351,0,0,,,,0.28,-0.35,0.01,0.09,0.35
2024-10-23T06:00:40Z,"0002cc0100000eb0","3654435388f93569131574cc0e00000001630400000064657c6477597c34743a",2,3.34,,19,21.45,79.71,,0.00,,4,355,0,0,,,,0.26,0.53,0.46,0.55,0.07
2024-10-23T06:06:36Z,"0002cc0100000eb0","36544354ecf93571131574cc15000000016401000000740e76e45cccf52367717624",2,3.34,,19,21.45,79.72,,0.00,,1,356,0,0,,,0.38,0.12,-0.32,0.04,0.43,0.25
2024-10-23T06:12:32Z,"0002cc0100000eb0","3654435650f93569131577cbd00000000164000000007db977367c457cd877eb",2,3.34,,19,21.46,79.62,,0.00,,0,356,0,0,,,,0.49,0.61,0.53,0.45,0.72
2024-10-23T06:18:28Z,"0002cc0100000eb0","36544357b4f9356913157fcc8c000000016501000000742a7c1c7c717c4d6750",2,3.34,,19,21.49,79.90,,0.00,,1,357,0,0,,,,0.11,0.54,0.56,0.51,0.26
2024-10-23T06:24:24Z,"0002cc0100000eb0","3654435918f9356113157fcd0400000001660100000074277da8f464fffff4a874ce",2,3.34,,19,21.49,80.09,,0.00,,1,358,0,0,,,0.30,-0.29,-1.00,-0.27,0.71,0.26
2024-10-23T06:30:20Z,"0002cc0100000eb0","3654435a7cf93579131574cb57000000016600000000e7e9f534ffffffffffff",2,3.34,,19,21.45,79.43,,0.00,,0,358,0,0,,,,-1.00,-1.00,-1.00,-0.33,-0.12
2024-10-23T06:36:16Z,"0002cc0100000eb0","3654435be0f93569131571cc8a0000000168020000005f8177a6fc1d666d64ef",2,3.34,,19,21.44,79.90,,0.00,,2,360,0,0,,,,0.08,0.10,-0.51,0.48,0.06
2024-10-23T06:42:12Z,"0002cc0100000eb0","3654435d44f9356d131574cc3f0000000168000000007e017cd57dbb766e7d40",2,3.34,,19,21.45,79.78,,0.00,,0,360,0,0,,,,0.66,0.40,0.72,0.60,0.75
2024-10-23T06:48:08Z,"0002cc0100000eb0","3654435ea8f9357513157fcd430000000169010000007d1b748577697dd27cae7550",2,3.34,,19,21.49,80.18,,0.00,,1,361,0,0,,,0.33,0.59,0.73,0.46,0.28,0.64
2024-10-23T06:54:04Z,"0002cc0100000eb0","365443600cf93571131586cc05000000016b020000007d0b7d40775ef69e7d6f",2,3.34,,19,21.52,79.70,,0.00,,2,363,0,0,,,,0.68,-0.41,0.46,0.66,0.63
2024-10-23T07:00:00Z,"0002cc0100000eb0","3654436170f9356913158acdc2000000016d020000006fa276fd7c896cb57de8",2,3.34,,19,21.54,80.38,,0.00,,2,365,0,0,,,,0.74,0.15,0.57,0.44,0.24
2024-10-23T07:05:56Z,"0002cc0100000eb0","36544362d4f93565131586cdcd000000016e010000006f1c6eaeff1ff71dec557c1d",2,3.34,,19,21.52,80.39,,0.00,,1,366,0,0,,,0.51,-0.14,-0.44,-0.89,0.21,0.22
2024-10-23T07:11:51Z,"0002cc0100000eb0","3654436437f93571131591cdaa000000016e000000007e6c7d207eb276967d14",2,3.34,,19,21.56,80.34,,0.00,,0,366,0,0,,,,0.63,0.41,0.84,0.64,0.80
2024-10-23T07:17:47Z,"0002cc0100000eb0","365443659bf9356d131591cdc7000000016f010000006f2cdf75e6c6f53b7d94",2,3.34,,19,21.56,80.38,,0.00,,1,367,0,0,,,,0.70,-0.33,-0.11,-0.06,0.22
2024-10-23T07:23:43Z,"0002cc0100000eb0","36544366fff93569131594cec60000000170010000007dcf74197cb97563f494",2,3.34,,19,21.58,80.77,,0.00,,1,368,0,0,,,,-0.29,0.34,0.59,0.26,0.73
2024-10-23T07:29:39Z,"0002cc0100000eb0","3654436863f935691315b6d181000000017101000000ff17fd1a74d47c157516f65e",2,3.34,,19,21.71,81.84,,0.00,,1,369,0,0,,,-0.40,0.32,0.51,0.30,-0.64,-0.89
2024-10-23T07:35:35Z,"0002cc0100000eb0","36544369c7f935611315aacfda000000017302000000ff04f62b7c5b77f1d4b0",2,3.34,,19,21.66,81.19,,0.00,,2,371,0,0,,,,-0.02,0.50,0.54,-0.39,-0.88
2024-10-23T07:41:31Z,"0002cc0100000eb0","3654436b2bf935691315adcfb10000000175020000007d6477377d2e7d307d006e3b",2,3.34,,19,21.68,81.13,,0.00,,2,373,0,0,,,0.19,0.62,0.65,0.65,0.45,0.67
2024-10-23T07:47:24Z,"0002cc0100000eb0","3654436c8cf9356913159cce300000000176010000007c1ef7caffe0cc815cbf",3,3.34,,19,21.61,80.54,,0.00,,1,374,0,0,,,,0.04,-0.01,-0.98,-0.49,0.51
2024-10-23T07:53:20Z,"0002cc0100000eb0","3654436df0f20204020015a2cdd30000000177010000007d416f9e77425ce0f5137c8a",2,,2.4.2.0,,21.63,80.40,,0.00,,1,375,0,0,,,0.57,-0.32,0.04,0.45,0.24,0.66
2024-10-23T07:59:16Z,"0002cc0100000eb0","3654436f54f935691315a7d0fe0000000178010000005e81779b761c751f7cf0",2,3.34,,19,21.65,81.64,,0.00,,1,376,0,0,,,,0.62,0.32,0.38,0.48,0.05
2024-10-23T08:05:12Z,"0002cc0100000eb0","36544370b8f935691315adcf02000000017a020000007d417d2d676c7cb8f436",2,3.34,,19,21.68,80.86,,0.00,,2,378,0,0,,,,-0.26,0.59,0.12,0.65,0.66
2024-10-23T08:11:08Z,"0002cc0100000eb0","365443721cf9355d1315a2ceb4000000017a00000000f4f3e452767076a674377d3e",2,3.34,,19,21.63,80.74,,0.00,,0,378,0,0,,,0.66,0.26,0.42,0.40,-0.07,-0.31
2024-10-23T08:17:04Z,"0002cc0100000eb0","3654437380f9357113159fce96000000017b01000000fdbf7cb67e3c6d9377a8",2,3.34,,19,21.62,80.70,,0.00,,1,379,0,0,,,,0.48,0.17,0.78,0.59,-0.72
2024-10-23T08:23:00Z,"0002cc0100000eb0","36544374e4f9356d131594ccbd000000017b00000000775277137cb677d5771a7e5c",2,3.34,,19,21.58,79.98,,0.00,,0,379,0,0,,,0.79,0.44,0.49,0.59,0.44,0.46
2024-10-23T08:28:56Z,"0002cc0100000eb0","3654437648f9356d13159fce01000000017b000000007ccde6746e1577c57dd6",2,3.34,,19,21.62,80.47,,0.00,,0,379,0,0,,,,0.73,0.49,0.19,-0.10,0.60
2024-10-23T08:34:51Z,"0002cc0100000eb0","36544377abf9356913159fcf21000000017b000000007d4a76be5c81ef507c37",2,3.34,,19,21.62,80.91,,0.00,,0,379,0,0,,,,0.53,-0.23,0.04,0.42,0.66
2024-10-23T08:40:47Z,"0002cc0100000eb0","365443790ff9356113159ccdc7000000017c010000007c31d72176847d907d5e7d1c",2,3.34,,19,21.61,80.38,,0.00,,1,380,0,0,,,0.64,0.67,0.70,0.41,-0.03,0.52
2024-10-23T08:46:43Z,"0002cc0100000eb0","3654437a73f9356913159cce4c000000017c00000000775e7792745de6b3f556",2,3.34,,19,21.61,80.59,,0.00,,0,380,0,0,,,,-0.33,-0.10,0.27,0.47,0.46
2024-10-23T08:52:39Z,"0002cc0100000eb0","3654437bd7f9355d1315a2cede000000017d010000006fb87d527c167c4677c7",2,3.34,,19,21.63,80.81,,0.00,,1,381,0,0,,,,0.49,0.53,0.51,0.67,0.24
2024-10-23T08:58:35Z,"0002cc0100000eb0","3654437d3bf935751315aaceff000000017d0000000077b25ea86d24ecee7de46f92",2,3.34,,19,21.66,80.86,,0.00,,0,381,0,0,,,0.24,0.74,-0.15,0.16,0.05,0.48
2024-10-23T09:04:31Z,"0002cc0100000eb0","3654437e9ff935711315aace16000000017d00000000765e7d4effa0fc2dec25",2,3.34,,19,21.66,80.50,,0.00,,0,381,0,0,,,,-0.13,-0.52,-0.95,0.66,0.40
2024-10-23T09:10:27Z,"0002cc0100000eb0","3654438003f9357113159fcd52000000017e010000007c3c6cfc67857c2c470cfc71",2,3.34,,19,21.62,80.20,,0.00,,1,382,0,0,,,-0.56,0.01,0.52,0.12,0.16,0.53
2024-10-23T09:16:23Z,"0002cc0100000eb0","3654438167f93569131594ce63000000017e000000006e5a7ca97d3a7d3be43b",2,3.34,,19,21.58,80.62,,0.00,,0,382,0,0,,,,-0.07,0.65,0.65,0.58,0.20
2024-10-23T09:22:19Z,"0002cc0100000eb0","36544382cbf9356d1315a2d02e000000017f010000007ca07723753f763177036dd6",2,3.34,,19,21.63,81.32,,0.00,,1,383,0,0,,,0.18,0.44,0.39,0.33,0.45,0.58
2024-10-23T09:28:15Z,"0002cc0100000eb0","365443842ff935691315a2cf150000000181020000007d0b6d9174cc7c1d761c",2,3.34,,19,21.63,80.89,,0.00,,2,385,0,0,,,,0.38,0.51,0.30,0.17,0.63
2024-10-23T09:34:11Z,"0002cc0100000eb0","3654438593f9356913159fceb80000000182010000006e8175d96f717e5d647a",2,3.34,,19,21.62,80.75,,0.00,,1,386,0,0,,,,0.07,0.80,0.23,0.37,0.20
2024-10-23T09:40:07Z,"0002cc0100000eb0","36544386f7f935651315b2cecc000000018200000000ff99eec7ee33f6d5ec4c",2,3.34,,19,21.69,80.78,,0.00,,0,386,0,0,,,,-0.13,-0.43,-0.19,-0.21,-0.95
2024-10-23T09:46:03Z,"0002cc0100000eb0","365443885bf93565131591cda3000000018200000000f40df66f77ce76e6fd48fe80",2,3.34,,19,21.56,80.33,,0.00,,0,386,0,0,,,-0.81,-0.66,0.43,0.49,-0.40,-0.25
2024-10-23T09:51:59Z,"0002cc0100000eb0","36544389bff9356d13157fcd19000000018200000000fd21fea2fffffe38ffff",2,3.34,,19,21.49,80.12,,0.00,,0,386,0,0,,,,-1.00,-0.78,-1.00,-0.83,-0.64
2024-10-23T09:57:54Z,"0002cc0100000eb0","3654438b22f9356d131571ccd7000000018200000000ffffffffffffffffffb3",2,3.34,,19,21.44,80.02,,0.00,,0,386,0,0,,,,-0.96,-1.00,-1.00,-1.00,-1.00
2024-10-23T10:03:51Z,"0002cc0100000eb0","3654438c87f93575131562ccaa000000018200000000ffffffffffaeffffffffffff",2,3.34,,19,21.38,79.95,,0.00,,0,386,0,0,,,-1.00,-1.00,-1.00,-0.96,-1.00,-1.00
2024-10-23T10:09:46Z,"0002cc0100000eb0","3654438deaf93571131553cc60000000018200000000fffffff3ffffffc4ffff",2,3.34,,19,21.32,79.84,,0.00,,0,386,0,0,,,,-1.00,-0.97,-1.00,-0.99,-1.00
2024-10-23T10:15:42Z,"0002cc0100000eb0","3654438f4ef9356d13154ccc63000000018200000000feaefff3ffadfef8ffffffff",2,3.34,,19,21.30,79.84,,0.00,,0,386,0,0,,,-1.00,-1.00,-0.87,-0.96,-0.99,-0.83
2024-10-23T10:21:38Z,"0002cc0100000eb0","36544390b2f9357513154ccc41000000018200000000ff0fff0effffffffffff",2,3.34,,19,21.30,79.79,,0.00,,0,386,0,0,,,,-1.00,-1.00,-1.00,-0.88,-0.88
2024-10-23T10:27:34Z,"0002cc0100000eb0","3654439216f9356d131541cc2a000000018200000000ff1dffffffffffffffffffff",2,3.34,,19,21.25,79.75,,0.00,,0,386,0,0,,,-1.00,-1.00,-1.00,-1.00,-1.00,-0.89
2024-10-23T10:33:30Z,"0002cc0100000eb0","365443937af93569131549cc05000000018200000000ffc0ffffffffffffffff",2,3.34,,19,21.28,79.70,,0.00,,0,386,0,0,,,,-1.00,-1.00,-1.00,-1.00,-0.97
2024-10-23T10:39:26Z,"0002cc0100000eb0","36544394def93571131549cbc7000000018200000000ff78fffff4e7f7d65532",2,3.34,,19,21.28,79.60,,0.00,,0,386,0,0,,,,0.02,-0.49,-0.31,-1.00,-0.93
2024-10-23T10:45:22Z,"0002cc0100000eb0","3654439642f93579131549cbd5000000018200000000ffffffffffffffffffffffff",2,3.34,,19,21.28,79.62,,0.00,,0,386,0,0,,,-1.00,-1.00,-1.00,-1.00,-1.00,-1.00
2024-10-23T10:51:18Z,"0002cc0100000eb0","36544397a6f9357d131549cc92000000018200000000fffff7a6fda8ffffffff",2,3.34,,19,21.28,79.91,,0.00,,0,386,0,0,,,,-1.00,-1.00,-0.71,-0.48,-1.00
2024-10-23T10:57:14Z,"0002cc0100000eb0","365443990af9356d131549cc4b000000018200000000ff36ffa4feb3ffffffff",2,3.34,,19,21.28,79.80,,0.00,,0,386,0,0,,,,-1.00,-1.00,-0.84,-0.95,-0.90
2024-10-23T11:03:10Z,"0002cc0100000eb0","3654439a6ef9356d131541cc2a3d5712018200000000ffffffffffffffffffff",2,3.34,,19,21.25,79.75,,0.34,,0,386,0,0,,,,-1.00,-1.00,-1.00,-1.00,-1.00
2024-10-23T11:09:06Z,"0002cc0100000eb0","3654439bd2f93569131541cc2a3d5712018301000000ffac75e5fffe5617ff5b",2,3.34,,19,21.25,79.75,,0.34,,1,387,0,0,,,,-0.92,0.02,-1.00,0.37,-0.96
2024-10-23T11:15:02Z,"0002cc0100000eb0","3654439d36f9356d131541cbc93d5712018300000000ffffffffffe9ffffff5bffee",2,3.34,,19,21.25,79.60,,0.34,,0,387,0,0,,,-0.99,-0.92,-1.00,-0.99,-1.00,-1.00
2024-10-23T11:20:58Z,"0002cc0100000eb0","3654439e9af93569131545cba83d5712018300000000fffffffffffffefcffff",2,3.34,,19,21.27,79.55,,0.34,,0,387,0,0,,,,-1.00,-0.87,-1.00,-1.00,-1.00
2024-10-23T11:26:54Z,"0002cc0100000eb0","3654439ffef9356913153acb7c3d5712018300000000fd55ffffffffffffffffffff",2,3.34,,19,21.22,79.49,,0.34,,0,387,0,0,,,-1.00,-1.00,-1.00,-1.00,-1.00,-0.67
2024-10-23T11:32:50Z,"0002cc0100000eb0","365443a162f9356d131536cb8a3d5712018300000000f7ebffffffffffffff61",2,3.34,,19,21.21,79.51,,0.34,,0,387,0,0,,,,-0.92,-1.00,-1.00,-1.00,-0.49
2024-10-23T11:38:46Z,"0002cc0100000eb0","365443a2c6f9356d13153accb93d91da018300000000fffffffffffffffff596",2,3.34,,19,21.22,79.97,,0.39,,0,387,0,0,,,,-0.35,-1.00,-1.00,-1.00,-1.00
2024-10-23T11:44:42Z,"0002cc0100000eb0","365443a42af9356d13153acc653d5712018300000000f496fe72ffd1ffffffffffff",2,3.34,,19,21.22,79.84,,0.34,,0,387,0,0,,,-1.00,-1.00,-1.00,-0.98,-0.81,-0.29
2024-10-23T11:50:38Z,"0002cc0100000eb0","365443a58ef9356d131536cbe53d91da018300000000ffffffffffffffffffff",2,3.34,,19,21.21,79.65,,0.39,,0,387,0,0,,,,-1.00,-1.00,-1.00,-1.00,-1.00
2024-10-23T11:56:34Z,"0002cc0100000eb0","365443a6f2f2020402001533cb723d5712018300000000ffffffffffffffffffff",2,,2.4.2.0,,21.20,79.47,,0.34,,0,387,0,0,,,,-1.00,-1.00,-1.00,-1.00,-1.00
2024-10-23T12:02:29Z,"0002cc0100000eb0","365443a855f9356d13152bcb6d3d91da018300000000ffffffffffc6ffffffff",2,3.34,,19,21.17,79.46,,0.39,,0,387,0,0,,,,-1.00,-1.00,-0.97,-1.00,-1.00
2024-10-23T12:08:25Z,"0002cc0100000eb0","365443a9b9f9356d13152bcb1f3d91da018300000000ffffff6bffffffffffffffff",2,3.34,,19,21.17,79.35,,0.39,,0,387,0,0,,,-1.00,-1.00,-1.00,-1.00,-0.93,-1.00
2024-10-23T12:14:22Z,"0002cc0100000eb0","365443ab1ef9357913152bcb903d5712018300000000fffffff6fe51fffffd8afdc8",2,3.34,,19,21.17,79.52,,0.34,,0,387,0,0,,,-0.72,-0.69,-1.00,-0.79,-1.00,-1.00
2024-10-23T12:20:17Z,"0002cc0100000eb0","365443ac81f9357113152bcb423d5712018300000000fea2fe0afef3ff3fffff",2,3.34,,19,21.17,79.40,,0.34,,0,387,0,0,,,,-1.00,-0.91,-0.87,-0.75,-0.83
2024-10-23T12:26:13Z,"0002cc0100000eb0","365443ade5f93579131527cb163d91da018300000000ff64fff2ffffffffffffffff",2,3.34,,19,21.15,79.33,,0.39,,0,387,0,0,,,-1.00,-1.00,-1.00,-1.00,-0.99,-0.92
2024-10-23T12:32:09Z,"0002cc0100000eb0","365443af49f93565131527cb6a3d91da018300000000fffffffffffffffffffff4ff",2,3.34,,19,21.15,79.46,,0.39,,0,387,0,0,,,-0.31,-1.00,-1.00,-1.00,-1.00,-1.00
2024-10-23T12:38:05Z,"0002cc0100000eb0","365443b0adf9356d13152bcbc93d91da018300000000ee24ff70ffe4ffffffff",2,3.34,,19,21.17,79.60,,0.39,,0,387,0,0,,,,-1.00,-1.00,-0.99,-0.93,-0.19
2024-10-23T12:44:01Z,"0002cc0100000eb0","365443b211f93569131527cb333d91da018300000000ffcdffffffffffffffffffff",2,3.34,,19,21.15,79.38,,0.39,,0,387,0,0,,,-1.00,-1.00,-1.00,-1.00,-1.00,-0.98
2024-10-23T12:49:57Z,"0002cc0100000eb0","365443b375f93569131524cb153d5712018300000000ffffffffffffffffffff",2,3.34,,19,21.14,79.33,,0.34,,0,387,0,0,,,,-1.00,-1.00,-1.00,-1.00,-1.00
2024-10-23T12:55:53Z,"0002cc0100000eb0","365443b4d9f9357d131524cb003d5712018300000000ffffffffff73ffffffff",2,3.34,,19,21.14,79.30,,0.34,,0,387,0,0,,,,-1.00,-1.00,-0.93,-1.00,-1.00
2024-10-23T13:01:49Z,"0002cc0100000eb0","365443b63df9356d13151ccafa3d5712018300000000ffffffffffffffffffff",2,3.34,,19,21.11,79.29,,0.34,,0,387,0,0,,,,-1.00,-1.00,-1.00,-1.00,-1.00
2024-10-23T13:07:45Z,"0002cc0100000eb0","365443b7a1f93565131519cabf3d91da018300000000ffffff33ffffffffffff",2,3.34,,19,21.10,79.20,,0.39,,0,387,0,0,,,,-1.00,-1.00,-1.00,-0.90,-1.00
2024-10-23T13:13:41Z,"0002cc0100000eb0","365443b905f93561131536ce4e3bff76018401000000f5f3f693762e75fe7c617ccb",2,3.34,,19,21.21,80.59,,0.12,,1,388,0,0,,,0.60,0.55,0.37,0.39,-0.41,-0.37
2024-10-23T13:19:37Z,"0002cc0100000eb0","365443ba69f93565131562d2663b296f0186020000007ca56dab757ff404fe51",2,3.34,,19,21.38,82.19,,0.07,,2,390,0,0,,,,-0.79,-0.25,0.34,0.18,0.58
2024-10-23T13:25:33Z,"0002cc0100000eb0","365443bbcdf93561131586d0683d57120189030000007e67774e6faf5f1eedb97ca5",2,3.34,,19,21.52,81.41,,0.34,,3,393,0,0,,,0.58,-0.18,0.06,0.24,0.46,0.80
2024-10-23T13:31:29Z,"0002cc0100000eb0","365443bd31f9356d131577cd683d5712018a01000000fe1276d87c7a742475b9",2,3.34,,19,21.46,80.24,,0.34,,1,394,0,0,,,,0.36,0.26,0.56,0.43,-0.76
2024-10-23T13:37:25Z,"0002cc0100000eb0","365443be95f93579131562cc633d5712018a00000000feb65d5a766e5660f767fe60",2,3.34,,19,21.38,79.84,,0.34,,0,394,0,0,,,-0.80,-0.46,0.02,0.40,0.04,-0.84
2024-10-23T13:43:21Z,"0002cc0100000eb0","365443bff9f9356d131549cbf13d91da018a00000000fef2ff37ff59ff0bff8c",2,3.34,,19,21.28,79.67,,0.39,,0,394,0,0,,,,-0.94,-0.88,-0.92,-0.90,-0.87
2024-10-23T13:49:17Z,"0002cc0100000eb0","365443c15df9356913153ecbea3d91da018a00000000fdb2fc53fe33ff94fffffd60",2,3.34,,19,21.24,79.66,,0.39,,0,394,0,0,,,-0.67,-1.00,-0.95,-0.77,-0.54,-0.71
2024-10-23T13:55:13Z,"0002cc0100000eb0","365443c2c1f93559131536cbdc3d5712018a00000000ffffffffffffffffffff",2,3.33,,19,21.21,79.63,,0.34,,0,394,0,0,,,,-1.00,-1.00,-1.00,-1.00,-1.00
2024-10-23T14:01:09Z,"0002cc0100000eb0","365443c425f9356d131530cb8b3d5712018a00000000fffffe0effffffffffe2ffe6",2,3.34,,19,21.18,79.51,,0.34,,0,394,0,0,,,-0.99,-0.99,-1.00,-1.00,-0.76,-1.00
2024-10-23T14:07:05Z,"0002cc0100000eb0","365443c589f93569131527cb643d5712018a00000000fea0ffffffffffffffff",2,3.34,,19,21.15,79.45,,0.34,,0,394,0,0,,,,-1.00,-1.00,-1.00,-1.00,-0.83
2024-10-23T14:13:00Z,"0002cc0100000eb0","365443c6ecf93579131521cb573d8ab9018a00000000ffffffffffffffffffff",2,3.34,,19,21.13,79.43,,0.39,,0,394,0,0,,,,-1.00,-1.00,-1.00,-1.00,-1.00
2024-10-23T14:18:56Z,"0002cc0100000eb0","365443c850f9356d13151ccb2b3d5712018a00000000ffffffffffffffffffff",2,3.34,,19,21.11,79.36,,0.34,,0,394,0,0,,,,-1.00,-1.00,-1.00,-1.00,-1.00
2024-10-23T14:24:52Z,"0002cc0100000eb0","365443c9b4f9356d13151ccb163d4238018a00000000ffffffffffffffffffff",2,3.34,,19,21.11,79.33,,0.31,,0,394,0,0,,,,-1.00,-1.00,-1.00,-1.00,-1.00
2024-10-23T14:30:48Z,"0002cc0100000eb0","365443cb18f9356d131516cb2d3d9da6018a00000000ffffffffffc4ffffffff",2,3.34,,19,21.08,79.37,,0.40,,0,394,0,0,,,,-1.00,-1.00,-0.97,-1.00,-1.00
2024-10-23T14:36:44Z,"0002cc0100000eb0","365443cc7cf9356d131516cb033d4238018a00000000ffffff74fd87ff96ffffffff",2,3.34,,19,21.08,79.30,,0.31,,0,394,0,0,,,-1.00,-1.00,-0.95,-0.69,-0.93,-1.00
2024-10-23T14:42:40Z,"0002cc0100000eb0","365443cde0f93569131512caeb3d9da6018a00000000ff43ff76fff8ffffffff",2,3.34,,19,21.07,79.27,,0.40,,0,394,0,0,,,,-1.00,-1.00,-1.00,-0.93,-0.91
2024-10-23T14:48:36Z,"0002cc0100000eb0","365443cf44f93569131512cae53d5712018a00000000fffffffffe4bfedcffff",2,3.34,,19,21.07,79.26,,0.34,,0,394,0,0,,,,-1.00,-0.86,-0.79,-1.00,-1.00
2024-10-23T14:54:32Z,"0002cc0100000eb0","365443d0a8f93569131516caee3d5712018a00000000ffffffffffb2ff00ffff",2,3.34,,19,21.08,79.27,,0.34,,0,394,0,0,,,,-1.00,-0.88,-0.96,-1.00,-1.00
2024-10-23T15:00:28Z,"0002cc0100000eb0","365443d20cf93579131516cabc3d5712018a00000000ffffffffffffffffffffffff",2,3.34,,19,21.08,79.19,,0.34,,0,394,0,0,,,-1.00,-1.00,-1.00,-1.00,-1.00,-1.00
2024-10-23T15:06:24Z,"0002cc0100000eb0","365443d370f93569131512ca353d5712018a00000000ffffffffffffffffffec",2,3.34,,19,21.07,78.99,,0.34,,0,394,0,0,,,,-0.99,-1.00,-1.00,-1.00,-1.00
2024-10-23T15:12:20Z,"0002cc0100000eb0","365443d4d4f93569131512ca3b3d5712018a00000000fffffffffffffffffc82",2,3.34,,19,21.07,79.00,,0.34,,0,394,0,0,,,,-0.56,-1.00,-1.00,-1.00,-1.00
2024-10-23T15:18:16Z,"0002cc0100000eb0","365443d638f93579131519ca253d5712018a000000006df16f9bf613ff2cfff9fe87",2,3.34,,19,21.10,78.96,,0.34,,0,394,0,0,,,-0.82,-1.00,-0.90,-0.38,0.24,0.19
2024-10-23T15:24:12Z,"0002cc0100000eb0","365443d79cf9356d131512c9da3d4238018a00000000ffacff0afe15fe8bf585",2,3.34,,19,21.07,78.85,,0.31,,0,394,0,0,,,,-0.34,-0.82,-0.76,-0.88,-0.96
2024-10-23T15:30:08Z,"0002cc0100000eb0","365443d900f93571131512c9bf3d9d7f018a00000000fddbfdd6fd96fea0ffd4",2,3.34,,19,21.07,78.81,,0.40,,0,394,0,0,,,,-0.98,-0.83,-0.70,-0.73,-0.73
2024-10-23T15:36:04Z,"0002cc0100000eb0","365443da64f9356913150ec9993d9da6018a00000000ff46ff2affe4ffffffffffff",2,3.34,,19,21.05,78.75,,0.40,,0,394,0,0,,,-1.00,-1.00,-1.00,-0.99,-0.90,-0.91
2024-10-23T15:42:00Z,"0002cc0100000eb0","365443dbc8f93575131512c95c3d4238018a00000000ffffffffff1dffffffffffff",2,3.34,,19,21.07,78.66,,0.31,,0,394,0,0,,,-1.00,-1.00,-1.00,-0.89,-1.00,-1.00
2024-10-23T15:47:56Z,"0002cc0100000eb0","365443dd2cf9356d13150ec9443d4238018a00000000fffff75dffffffffffff",2,3.34,,19,21.05,78.62,,0.31,,0,394,0,0,,,,-1.00,-1.00,-1.00,-0.46,-1.00
2024-10-23T15:53:52Z,"0002cc0100000eb0","365443de90f9357113150bc8ee3d9da6018a00000000ffffffffffffff4dffff",2,3.34,,19,21.04,78.49,,0.40,,0,394,0,0,,,,-1.00,-0.91,-1.00,-1.00,-1.00
2024-10-23T15:59:48Z,"0002cc0100000eb0","365443dff4f202040200150ec8f13d91da018a00000000fffffffffffffecdffffffff",2,,2.4.2.0,,21.05,78.49,,0.39,,0,394,0,0,,,-1.00,-1.00,-0.85,-1.00,-1.00,-1.00
2024-10-23T16:05:44Z,"0002cc0100000eb0","365443e158f9356913150bc8ca3d5712018a00000000ffffffffffffffffffff",2,3.34,,19,21.04,78.43,,0.34,,0,394,0,0,,,,-1.00,-1.00,-1.00,-1.00,-1.00
2024-10-23T16:11:40Z,"0002cc0100000eb0","365443e2bcf93571131512c9003d5712018a00000000fffffffff582fe16fffe",2,3.34,,19,21.07,78.52,,0.34,,0,394,0,0,,,,-1.00,-0.76,-0.34,-1.00,-1.00
2024-10-23T16:17:36Z,"0002cc0100000eb0","365443e420f9356d13150ec8b83d5712018a00000000fffffffffffffe74ffffffff",2,3.34,,19,21.05,78.41,,0.34,,0,394,0,0,,,-1.00,-1.00,-0.81,-1.00,-1.00,-1.00
2024-10-23T16:23:32Z,"0002cc0100000eb0","365443e584f9356513150bc8783d5712018a00000000ffffffffffffffffffff",2,3.34,,19,21.04,78.31,,0.34,,0,394,0,0,,,,-1.00,-1.00,-1.00,-1.00,-1.00
2024-10-23T16:29:28Z,"0002cc0100000eb0","365443e6e8f93579131507c8363d91da018a00000000ffffffffffffffc9ffffffff",2,3.34,,19,21.03,78.21,,0.39,,0,394,0,0,,,-1.00,-1.00,-0.97,-1.00,-1.00,-1.00
2024-10-23T16:35:24Z,"0002cc0100000eb0","365443e84cf93561131507c8973d5712018a00000000fffffffffffffffff5e5fcab",2,3.34,,19,21.03,78.36,,0.34,,0,394,0,0,,,-0.58,-0.37,-1.00,-1.00,-1.00,-1.00
2024-10-23T16:41:20Z,"0002cc0100000eb0","365443e9b0f93569131512c8273d91da018a00000000ffcdffffffd5ffffffff",2,3.34,,19,21.07,78.19,,0.39,,0,394,0,0,,,,-1.00,-1.00,-0.98,-1.00,-0.97
2024-10-23T16:47:15Z,"0002cc0100000eb0","365443eb13f9356d131512c7c53d91da018a00000000ff07ffffffffffffffa1",2,3.34,,19,21.07,78.04,,0.39,,0,394,0,0,,,,-0.95,-1.00,-1.00,-1.00,-0.88
2024-10-23T16:53:11Z,"0002cc0100000eb0","365443ec77f9357513150bc77a3d8ab9018a00000000ffffffffffffffffffff",2,3.34,,19,21.04,77.92,,0.39,,0,394,0,0,,,,-1.00,-1.00,-1.00,-1.00,-1.00
2024-10-23T16:59:07Z,"0002cc0100000eb0","365443eddbf9357d13150bc7193d4238018a00000000ffffffffffffff0fffff",2,3.34,,19,21.04,77.77,,0.31,,0,394,0,0,,,,-1.00,-0.88,-1.00,-1.00,-1.00
2024-10-23T17:05:03Z,"0002cc0100000eb0","365443ef3ff93565131507c6d13d9da6018a00000000ffffffa3f7d5fe16ffffff6e",2,3.34,,19,21.03,77.66,,0.40,,0,394,0,0,,,-0.93,-1.00,-0.76,-0.49,-0.95,-1.00
2024-10-23T17:10:59Z,"0002cc0100000eb0","365443f0a3f9355d131503c63b3d5712018a00000000fffffffffd0afdb3ffbc",2,3.34,,19,21.01,77.43,,0.34,,0,394,0,0,,,,-0.97,-0.71,-0.63,-1.00,-1.00
2024-10-23T17:16:55Z,"0002cc0100000eb0","365443f207f93561131507c6833d4238018c02000000cce9764fe411fddeff8afe4b",2,3.34,,19,21.03,77.54,,0.31,,2,396,0,0,,,-0.79,-0.94,-0.73,-0.06,0.39,-0.01
2024-10-23T17:22:47Z,"0002cc0100000eb0","365443f367f9356d13150bc59f3d9da6018c00000000f63ef747fffffee1ff28",3,3.34,,19,21.04,77.20,,0.40,,0,396,0,0,,,,-0.89,-0.86,-1.00,-0.45,-0.39
2024-10-23T17:28:43Z,"0002cc0100000eb0","365443f4cbf9357513150bc53c3d5712018c00000000fed6ffffffc2ffffff2c",2,3.34,,19,21.04,77.05,,0.34,,0,396,0,0,,,,-0.90,-1.00,-0.97,-1.00,-0.85
2024-10-23T17:34:39Z,"0002cc0100000eb0","365443f62ff9356d131503c4eb3d5712018c00000000ffffffffff41ffffffffffff",2,3.34,,19,21.01,76.92,,0.34,,0,396,0,0,,,-1.00,-1.00,-1.00,-0.91,-1.00,-1.00
2024-10-23T17:40:35Z,"0002cc0100000eb0","365443f793f9356d131503c54c3d4238018c00000000ffffffffffffffeffffff7f5",2,3.34,,19,21.01,77.07,,0.31,,0,396,0,0,,,-0.50,-1.00,-0.99,-1.00,-1.00,-1.00
2024-10-23T17:46:31Z,"0002cc0100000eb0","365443f8f7f93579131516c9123d4238018c00000000f54fedd1ffffffffffff",2,3.34,,19,21.08,78.54,,0.31,,0,396,0,0,,,,-1.00,-1.00,-1.00,-0.18,-0.33
2024-10-23T17:52:27Z,"0002cc0100000eb0","365443fa5bf93571131512c8043d4238018c00000000ffffffffffffffffffffffff",2,3.34,,19,21.07,78.13,,0.31,,0,396,0,0,,,-1.00,-1.00,-1.00,-1.00,-1.00,-1.00
2024-10-23T17:58:23Z,"0002cc0100000eb0","365443fbbff9357113150ec7223cff76018c00000000ffffffffffffffffffffffff",2,3.34,,19,21.05,77.79,,0.25,,0,396,0,0,,,-1.00,-1.00,-1.00,-1.00,-1.00,-1.00
2024-10-23T18:04:19Z,"0002cc0100000eb0","365443fd23f9357913150bc59f3d9da6018c00000000ffffffffffffffaeffff",2,3.34,,19,21.04,77.20,,0.40,,0,396,0,0,,,,-1.00,-0.96,-1.00,-1.00,-1.00
2024-10-23T18:10:15Z,"0002cc0100000eb0","365443fe87f93579131507c4ad3d4238018c00000000fd9bffffffffffffffff",2,3.34,,19,21.03,76.83,,0.31,,0,396,0,0,,,,-1.00,-1.00,-1.00,-1.00,-0.70
2024-10-23T18:16:11Z,"0002cc0100000eb0","365443ffebf9356d131503c40a3d4238018c00000000fffffffffffffe86ffff",2,3.34,,19,21.01,76.58,,0.31,,0,396,0,0,,,,-1.00,-0.82,-1.00,-1.00,-1.00
2024-10-23T18:22:07Z,"0002cc0100000eb0","365444014ff9356d131503c38c3d5712018c00000000ff3bffffffffffffffff",2,3.34,,19,21.01,76.39,,0.34,,0,396,0,0,,,,-1.00,-1.00,-1.00,-1.00,-0.90
2024-10-23T18:28:03Z,"0002cc0100000eb0","36544402b3f93569131503c2c73d91da018c00000000ffb5ffffffaaffe3ffffffff",2,3.34,,19,21.01,76.09,,0.39,,0,396,0,0,,,-1.00,-1.00,-0.99,-0.96,-1.00,-0.96
2024-10-23T18:33:59Z,"0002cc0100000eb0","3654440417f9356d131503c3233d9da6018c00000000f6b6fcacfdebffdaffad",2,3.34,,19,21.01,76.23,,0.40,,0,396,0,0,,,,-0.96,-0.98,-0.74,-0.58,-0.42
2024-10-23T18:39:55Z,"0002cc0100000eb0","365444057bf93569131500c27f3d4238018c00000000ffffffffffffffffffff",2,3.34,,19,21.00,75.98,,0.31,,0,396,0,0,,,,-1.00,-1.00,-1.00,-1.00,-1.00
2024-10-23T18:45:51Z,"0002cc0100000eb0","36544406dff93579131500c1a63d9da6018c00000000ffffffffffffffffffffffff",2,3.34,,19,21.00,75.65,,0.40,,0,396,0,0,,,-1.00,-1.00,-1.00,-1.00,-1.00,-1.00
2024-10-23T18:51:47Z,"0002cc0100000eb0","3654440843f93571131500c0e33d9da6018c00000000ffffffbff44fe7ddfd76",2,3.34,,19,21.00,75.35,,0.40,,0,396,0,0,,,,-0.68,-0.12,-0.27,-0.97,-1.00
2024-10-23T18:57:43Z,"0002cc0100000eb0","36544409a7f9356d131507c2d23b392c018c00000000f672e7e4fde6f5ce7e977ceb",2,3.34,,19,21.03,76.10,,0.08,,0,396,0,0,,,0.61,0.82,-0.36,-0.74,-0.12,-0.40
2024-10-23T19:03:38Z,"0002cc0100000eb0","3654440b0af93579131521c047391b2c018d0100000077726f1c7d527d917d22",2,3.34,,19,21.13,75.11,,0.02,,1,397,0,0,,,,0.64,0.70,0.67,0.22,0.47
2024-10-23T19:09:34Z,"0002cc0100000eb0","3654440c6ef9356113153ec26039cb89018e010000007c6a7dc87c1c75f4e77e",2,3.34,,19,21.24,75.93,,0.03,,1,398,0,0,,,,-0.12,0.37,0.51,0.72,0.55
2024-10-23T19:15:30Z,"0002cc0100000eb0","3654440dd2f93569131541c41c3ddb170190020000007c006f4a74936c77d48c77c1",2,3.34,,19,21.25,76.61,,0.46,,2,400,0,0,,,0.48,-0.02,0.14,0.29,0.23,0.50
2024-10-23T19:21:26Z,"0002cc0100000eb0","3654440f36f9357913155bc67a3d88a501920200000077ea7721f5636f3ff6f4",2,3.34,,19,21.35,77.53,,0.38,,2,402,0,0,,,,-0.43,0.23,-0.34,0.45,0.49
2024-10-23T19:27:22Z,"0002cc0100000eb0","365444109af9357913156cc73b3c62e00194020000007d1b557a7c5d7c657685",2,3.34,,19,21.42,77.83,,0.17,,2,404,0,0,,,,0.41,0.55,0.55,0.02,0.64
2024-10-23T19:33:18Z,"0002cc0100000eb0","36544411fef93569131557c4e03d4238019400000000f663ffa8f666f6dafcedfda4",2,3.34,,19,21.34,76.91,,0.31,,0,404,0,0,,,-0.70,-0.62,-0.43,-0.40,-0.96,-0.40
2024-10-23T19:39:14Z,"0002cc0100000eb0","3654441362f93561131541c4943d5712019400000000fc1cfddafcbafe22fff8",2,3.34,,19,21.25,76.79,,0.34,,0,404,0,0,,,,-1.00,-0.77,-0.59,-0.73,-0.51
2024-10-23T19:45:10Z,"0002cc0100000eb0","36544414c6f93571131530c4aa3d5712019400000000fffffffffeb5ff0fffffffff",2,3.34,,19,21.18,76.82,,0.34,,0,404,0,0,,,-1.00,-1.00,-0.88,-0.84,-1.00,-1.00
2024-10-23T19:51:06Z,"0002cc0100000eb0","365444162af9356d131521c4f53d8ab9019400000000ffffffffffffffffffd2",2,3.34,,19,21.13,76.94,,0.39,,0,404,0,0,,,,-0.98,-1.00,-1.00,-1.00,-1.00
2024-10-23T19:57:02Z,"0002cc0100000eb0","365444178ef93565131512c5253d4238019400000000ffffffffffffffffff5e",2,3.34,,19,21.07,77.01,,0.31,,0,404,0,0,,,,-0.92,-1.00,-1.00,-1.00,-1.00
2024-10-23T20:02:58Z,"0002cc0100000eb0","36544418f2f202040200150ec48f3d9da6019400000000ffffffffffffffffffff",2,,2.4.2.0,,21.05,76.78,,0.40,,0,404,0,0,,,,-1.00,-1.00,-1.00,-1.00,-1.00
2024-10-23T20:08:54Z,"0002cc0100000eb0","3654441a56f9356d131507c3b93d9da6019400000000fffffffffffffe70ffff",2,3.34,,19,21.03,76.46,,0.40,,0,404,0,0,,,,-1.00,-0.80,-1.00,-1.00,-1.00
2024-10-23T20:14:50Z,"0002cc0100000eb0","3654441bbaf9356d131500c4313d1495019400000000fffffdfaffffffffffffffff",2,3.34,,19,21.00,76.64,,0.27,,0,404,0,0,,,-1.00,-1.00,-1.00,-1.00,-0.75,-1.00
2024-10-23T20:20:46Z,"0002cc0100000eb0","3654441d1ef935751314f5c48c3d5712019400000000ff10fffdffffffffffffffff",2,3.34,,19,20.95,76.78,,0.34,,0,404,0,0,,,-1.00,-1.00,-1.00,-1.00,-1.00,-0.88
2024-10-23T20:26:42Z,"0002cc0100000eb0","3654441e82f9356d1314f1c4613d5712019400000000fffffffffe3effc0f565",2,3.34,,19,20.94,76.71,,0.34,,0,404,0,0,,,,-0.34,-0.97,-0.78,-1.00,-1.00
2024-10-23T20:32:38Z,"0002cc0100000eb0","3654441fe6f935751314f5c51f3d5712019400000000ffffffffff44febdff91ffff",2,3.34,,19,20.95,77.00,,0.34,,0,404,0,0,,,-1.00,-0.95,-0.84,-0.91,-1.00,-1.00
2024-10-23T20:38:34Z,"0002cc0100000eb0","365444214af9357d1314f1c56a3d4238019400000000ffffffffffffffffffff",2,3.34,,19,20.94,77.12,,0.31,,0,404,0,0,,,,-1.00,-1.00,-1.00,-1.00,-1.00
2024-10-23T20:44:30Z,"0002cc0100000eb0","36544422aef935691314f1c5093d91da019400000000ffffffffffffff4ffff5ffff",2,3.34,,19,20.94,76.97,,0.39,,0,404,0,0,,,-1.00,-0.99,-0.91,-1.00,-1.00,-1.00
2024-10-23T20:50:26Z,"0002cc0100000eb0","3654442412f935711314f1c4593d8ab9019400000000ffffffadfecbffd1ffff",2,3.34,,19,20.94,76.70,,0.39,,0,404,0,0,,,,-1.00,-0.98,-0.85,-0.96,-1.00
2024-10-23T20:56:22Z,"0002cc0100000eb0","3654442576f935751314eec46d3d1495019400000000ffffffffffffffffffff",2,3.34,,19,20.93,76.73,,0.27,,0,404,0,0,,,,-1.00,-1.00,-1.00,-1.00,-1.00
2024-10-23T21:02:18Z,"0002cc0100000eb0","36544426daf9356d1314f1c3d53d8ab9019400000000fffffffffcf7fee9fcb7",2,3.34,,19,20.94,76.50,,0.39,,0,404,0,0,,,,-0.59,-0.86,-0.62,-1.00,-1.00
2024-10-23T21:08:14Z,"0002cc0100000eb0","365444283ef9356d131500c3de3da971019400000000fd43fdcdff46f64cfe6efceb",2,3.34,,19,21.00,76.51,,0.42,,0,404,0,0,,,-0.61,-0.80,-0.39,-0.91,-0.73,-0.66
2024-10-23T21:14:10Z,"0002cc0100000eb0","36544429a2f935691314fcc4223d8ab9019400000000ed5eef46fc60fd64fed5",2,3.34,,19,20.98,76.62,,0.39,,0,404,0,0,,,,-0.85,-0.67,-0.55,-0.23,-0.17
2024-10-23T21:20:05Z,"0002cc0100000eb0","3654442b05f93561131527c7b83aac0f019703000000f48f5cc8fc03cefd6fa7",2,3.34,,19,21.15,78.02,,0.05,,3,407,0,0,,,,0.24,-0.01,-0.50,0.04,-0.28
2024-10-23T21:26:01Z,"0002cc0100000eb0","3654442c69f9356d131550c9623d8ab90197000000005e21f4a0fffff7c9675adc6c",2,3.34,,19,21.31,78.67,,0.39,,0,407,0,0,,,-0.03,0.11,-0.49,-1.00,-0.29,0.05
2024-10-23T21:31:57Z,"0002cc0100000eb0","3654442dcdf9356d131574cbea3d57120198010000007c17770a6c61e42ad43b",2,3.34,,19,21.45,79.66,,0.34,,1,408,0,0,,,,-0.02,-0.07,0.14,0.44,0.51
2024-10-23T21:37:53Z,"0002cc0100000eb0","3654442f31f9356113157fc9503aac0f0199010000005fdc6fb3eda577397c7e",2,3.34,,19,21.49,78.64,,0.05,,1,409,0,0,,,,0.56,0.45,-0.18,0.24,0.06
2024-10-23T21:43:49Z,"0002cc0100000eb0","3654443095f93579131571c7cb3d4238019a01000000fde1f7065f7176a5f428fef2",2,3.34,,19,21.44,78.05,,0.31,,1,410,0,0,,,-0.87,-0.26,0.42,0.06,-0.44,-0.73
2024-10-23T21:49:45Z,"0002cc0100000eb0","36544431f9f93571131566c65d3d4238019a00000000fd77ffd9fe7cfe91ffe4",2,3.34,,19,21.40,77.49,,0.31,,0,410,0,0,,,,-0.99,-0.82,-0.81,-0.98,-0.68
2024-10-23T21:55:41Z,"0002cc0100000eb0","365444335df9356d131549c5793d9da6019a00000000ffffffffffc5ff76ffffffff",2,3.34,,19,21.28,77.14,,0.40,,0,410,0,0,,,-1.00,-1.00,-0.93,-0.97,-1.00,-1.00
2024-10-23T22:01:37Z,"0002cc0100000eb0","36544434c1f9356d13153ac4bf3d4238019a00000000ff08ffffffe6ffffff97",2,3.34,,19,21.22,76.86,,0.31,,0,410,0,0,,,,-0.95,-1.00,-0.99,-1.00,-0.88
2024-10-23T22:07:33Z,"0002cc0100000eb0","3654443625f93569131533c4673d9da6019a00000000fed0ffffffffffc1ffffffff",2,3.34,,19,21.20,76.72,,0.40,,0,410,0,0,,,-1.00,-1.00,-0.97,-1.00,-1.00,-0.85
2024-10-23T22:13:29Z,"0002cc0100000eb0","3654443789f93579131524c3d83d4238019a00000000ff2ffffffffffee1ffff",2,3.34,,19,21.14,76.50,,0.31,,0,410,0,0,,,,-1.00,-0.86,-1.00,-1.00,-0.90
2024-10-23T22:19:25Z,"0002cc0100000eb0","36544438edf9356d131527c4223d4238019a00000000fffffffffdcffffffc4f",2,3.34,,19,21.15,76.62,,0.31,,0,410,0,0,,,,-0.54,-1.00,-0.73,-1.00,-1.00
2024-10-23T22:25:21Z,"0002cc0100000eb0","3654443a51f93569131521c3cf3d1495019a00000000ff9dffffffffffffffff",2,3.34,,19,21.13,76.49,,0.27,,0,410,0,0,,,,-1.00,-1.00,-1.00,-1.00,-0.95
2024-10-23T22:31:17Z,"0002cc0100000eb0","3654443bb5f93575131530c5d23d4238019a00000000fdc3fc06f5b8fdbdffff",2,3.34,,19,21.18,77.27,,0.31,,0,410,0,0,,,,-1.00,-0.72,-0.36,-0.50,-0.72
2024-10-23T22:37:13Z,"0002cc0100000eb0","3654443d19f93569131521c4863d5712019a00000000ffffffffffffff5fff36ffff",2,3.34,,19,21.13,76.77,,0.34,,0,410,0,0,,,-1.00,-0.90,-0.92,-1.00,-1.00,-1.00
2024-10-23T22:43:09Z,"0002cc0100000eb0","3654443e7df93561131524c43b3d5712019a00000000ffffffffffffffffff39",2,3.34,,19,21.14,76.65,,0.34,,0,410,0,0,,,,-0.90,-1.00,-1.00,-1.00,-1.00
2024-10-23T22:49:05Z,"0002cc0100000eb0","3654443fe1f9356d131519c4043d91da019b01000000fe1f5531fffffeacf7e0",2,3.34,,19,21.10,76.57,,0.39,,1,411,0,0,,,,-0.49,-0.83,-1.00,0.02,-0.77
2024-10-23T22:55:00Z,"0002cc0100000eb0","3654444144f9357913151cc3a43d98fb019b00000000fc26f78aff6bfd6afc14",2,3.34,,19,21.11,76.42,,0.40,,0,411,0,0,,,,-0.51,-0.68,-0.93,-0.47,-0.52
2024-10-23T23:00:57Z,"0002cc0100000eb0","36544442a9f9357d131512c347000000019b00000000ffbfff7eff80ffebfffffe80",2,3.34,,19,21.07,76.28,,0.00,,0,411,0,0,,,-0.81,-1.00,-0.99,-0.94,-0.94,-0.97
2024-10-23T23:06:52Z,"0002cc0100000eb0","365444440cf93571131516c312000000019b00000000ffffffffff6cfe4dfeab",2,3.34,,19,21.08,76.20,,0.00,,0,411,0,0,,,,-0.83,-0.79,-0.93,-1.00,-1.00
2024-10-23T23:12:48Z,"0002cc0100000eb0","3654444570f93569131512c317000000019b00000000fea7fd75f7f5f527ee68fc23",2,3.34,,19,21.07,76.21,,0.00,,0,411,0,0,,,-0.52,-0.20,-0.32,-0.50,-0.68,-0.83
2024-10-23T23:18:44Z,"0002cc0100000eb0","36544446d4f9356d131516c4cb000000019c01000000f782f42a74137455fca2",2,3.34,,19,21.08,76.87,,0.00,,1,412,0,0,,,,-0.58,0.27,0.25,-0.26,-0.47
2024-10-23T23:24:40Z,"0002cc0100000eb0","3654444838f9356d13152bc42b000000019d010000007d1e76d06c58778074dbff7e",2,3.34,,19,21.17,76.63,,0.00,,1,413,0,0,,,-0.94,0.30,0.47,0.14,0.43,0.64
2024-10-23T23:30:36Z,"0002cc0100000eb0","365444499cf93565131533c435000000019f0200000075d6ef477d8a7cf7f5d7fc31",2,3.34,,19,21.20,76.64,,0.00,,2,415,0,0,,,-0.52,-0.37,0.62,0.69,-0.23,0.36
2024-10-23T23:36:32Z,"0002cc0100000eb0","3654444b00f9356513153ac57600000001a0010000007d9f74996f61e4e7fe45",2,3.34,,19,21.22,77.13,,0.00,,1,416,0,0,,,,-0.78,-0.08,0.23,0.29,0.70
2024-10-23T23:42:28Z,"0002cc0100000eb0","3654444c64f93569131536c48c00000001a101000000ffa9ffb5fe9bfeb4fe7f",2,3.34,,19,21.21,76.78,,0.00,,1,417,0,0,,,,-0.81,-0.84,-0.83,-0.96,-0.96
2024-10-23T23:48:24Z,"0002cc0100000eb0","3654444dc8f9356913152bc3f200000001a100000000ef5dffffffffffd0ffffffd4",2,3.34,,19,21.17,76.54,,0.00,,0,417,0,0,,,-0.98,-1.00,-0.98,-1.00,-1.00,-0.23
2024-10-23T23:54:20Z,"0002cc0100000eb0","3654444f2cf9356913152bc4a100000001a100000000fffffffffe11fec17491",2,3.34,,19,21.17,76.81,,0.00,,0,417,0,0,,,,0.29,-0.84,-0.76,-1.00,-1.00
