Time,DevEUI,Raw,Port,Vbat,Version,BootCount,T,RH,P,Light,CO2,P[0].delta,P[0].total,P[1].delta,P[1].total,Act[7],Act[6],Act[5],Act[4],Act[3],Act[2],Act[1],Act[0]
2024-10-11T00:02:09Z,"0002cc0100000eb0","3654332d81f93aa8091605b584462302000000000000ffffffffffffffffffff",2,3.67,,9,22.02,70.91,,145.50,,0,0,0,0,,,,-1.00,-1.00,-1.00,-1.00,-1.00
2024-10-11T00:08:06Z,"0002cc0100000eb0","3654332ee6f93aa809160cb5c1462033000000000000ffffffffffffffffffffffff",2,3.67,,9,22.04,71.00,,144.10,,0,0,0,0,,,-1.00,-1.00,-1.00,-1.00,-1.00,-1.00
2024-10-11T00:14:02Z,"0002cc0100000eb0","365433304af93aa8091613b59346239e000000000000ffffffffffffffffffff",2,3.67,,9,22.07,70.93,,145.81,,0,0,0,0,,,,-1.00,-1.00,-1.00,-1.00,-1.00
2024-10-11T00:19:58Z,"0002cc0100000eb0","36543331aef93aad091613b5514623ef000000000000ffffffffffffffffffffffff",2,3.67,,9,22.07,70.83,,145.97,,0,0,0,0,,,-1.00,-1.00,-1.00,-1.00,-1.00,-1.00
2024-10-11T00:25:54Z,"0002cc0100000eb0","3654333312f93aad091613b551462468000000000000ffffffffffffffffffff",2,3.67,,9,22.07,70.83,,146.20,,0,0,0,0,,,,-1.00,-1.00,-1.00,-1.00,-1.00
2024-10-11T00:31:49Z,"0002cc0100000eb0","3654333475f93aad09160cb546462124000000000000ffffffffffffffffffff",2,3.67,,9,22.04,70.81,,144.57,,0,0,0,0,,,,-1.00,-1.00,-1.00,-1.00,-1.00
2024-10-11T00:37:45Z,"0002cc0100000eb0","36543335d9f93aad091617b545462332000000000000ffffffffffffffffffff",2,3.67,,9,22.09,70.81,,145.60,,0,0,0,0,,,,-1.00,-1.00,-1.00,-1.00,-1.00
2024-10-11T00:43:42Z,"0002cc0100000eb0","365433373ef93aa409160cb52a462169000000000000ffffffffffffffffffffffff",2,3.66,,9,22.04,70.77,,144.71,,0,0,0,0,,,-1.00,-1.00,-1.00,-1.00,-1.00,-1.00
2024-10-11T00:49:37Z,"0002cc0100000eb0","36543338a1f93aad091605b48646228c000000000000ffffffffffffffffffff",2,3.67,,9,22.02,70.52,,145.27,,0,0,0,0,,,,-1.00,-1.00,-1.00,-1.00,-1.00
2024-10-11T00:55:33Z,"0002cc0100000eb0","3654333a05f93aad0915fdb47a4622d2000000000000ffffffffffffffffffff",2,3.67,,9,21.99,70.50,,145.41,,0,0,0,0,,,,-1.00,-1.00,-1.00,-1.00,-1.00
2024-10-11T01:01:30Z,"0002cc0100000eb0","3654333b6af93aad0915fab4d746220a000000000000ffffffffffffffffffffffff",2,3.67,,9,21.97,70.64,,145.02,,0,0,0,0,,,-1.00,-1.00,-1.00,-1.00,-1.00,-1.00
2024-10-11T01:07:25Z,"0002cc0100000eb0","3654333ccdf93aa4091608b518461284000000000000ffffffff4e9c6e5d75a0",2,3.66,,9,22.03,70.74,,137.26,,0,0,0,0,,,,0.35,0.20,0.01,-1.00,-1.00
2024-10-11T01:13:21Z,"0002cc0100000eb0","3654333e31f93aa809161eb49d45b5fd000000000000e522fc5b6771f5997c67cd27",2,3.67,,9,22.12,70.55,,109.50,,0,0,0,0,,,-0.01,0.55,-0.35,0.12,-0.54,-0.08
2024-10-11T01:19:17Z,"0002cc0100000eb0","3654333f95f93aa409162db4b245a7090000000000007435741b6cc06464771a",2,3.66,,9,22.17,70.59,,105.76,,0,0,0,0,,,,0.44,0.07,0.15,0.26,0.26
2024-10-11T01:25:13Z,"0002cc0100000eb0","36543340f9f93aad091633b7c24541fa0000000000007cb9c6a47cc17c6677506c28",2,3.67,,9,22.20,71.78,,80.49,,0,0,0,0,,,0.13,0.46,0.55,0.59,-0.01,0.59
2024-10-11T01:31:09Z,"0002cc0100000eb0","365433425df93aa4091633b7e845522a00000000000074cc4504fdb0fca3771a",2,3.66,,9,22.20,71.84,,84.54,,0,0,0,0,,,,0.44,-0.58,-0.71,0.00,0.30
2024-10-11T01:37:05Z,"0002cc0100000eb0","36543343c1f93aad091642b49b453242000000000000c7ccf611f509f666de20",2,3.67,,9,22.26,70.55,,76.56,,0,0,0,0,,,,-0.05,-0.40,-0.31,-0.38,-0.01
2024-10-11T01:43:01Z,"0002cc0100000eb0","3654334525f93aa409163bb37d458718000000000000fef05ed2fe3b6eb0e486e5a8",2,3.66,,9,22.23,70.11,,97.77,,0,0,0,0,,,-0.09,-0.07,0.21,-0.78,0.05,-0.87
2024-10-11T01:48:57Z,"0002cc0100000eb0","3654334689f93aa409163eb4af459eec000000000000cc20fc8dd508756ff475",2,3.66,,9,22.24,70.58,,103.73,,0,0,0,0,,,,-0.28,0.34,-0.02,-0.57,-0.01
2024-10-11T01:54:53Z,"0002cc0100000eb0","36543347edf93aad091642b45245ba9b000000000000fcc9efcaf59df7dcf675",2,3.67,,9,22.26,70.44,,110.65,,0,0,0,0,,,,-0.40,-0.49,-0.35,-0.24,-0.60
2024-10-11T02:00:49Z,"0002cc0100000eb0","3654334951f93a98091655b5a2468e5500000000000075a06fa975436d696d567576",2,3.66,,9,22.33,70.95,,199.17,,0,0,0,0,,,0.34,0.17,0.17,0.33,0.24,0.35
2024-10-11T02:06:45Z,"0002cc0100000eb0","3654334ab5f93aa4091651b5f046aeff000000000000756867ea76327482e45d",2,3.66,,9,22.32,71.07,,215.50,,0,0,0,0,,,,-0.07,0.28,0.39,0.12,0.34
2024-10-11T02:12:40Z,"0002cc0100000eb0","3654334c18f93aa4091647b6e646aab8000000000000ffffffffffffffffffff",2,3.66,,9,22.27,71.45,,213.36,,0,0,0,0,,,,-1.00,-1.00,-1.00,-1.00,-1.00
2024-10-11T02:18:37Z,"0002cc0100000eb0","3654334d7df93aad091658b79e45a9b9000000000000fffffffffe19eda6f52c5f1b",2,3.67,,9,22.34,71.73,,106.43,,0,0,0,0,,,0.06,-0.32,-0.18,-0.76,-1.00,-1.00
2024-10-11T02:24:32Z,"0002cc0100000eb0","3654334ee0f93aa409166eb6bc460332000000000000ee2cec1576bc6e6cef98",2,3.66,,9,22.43,71.38,,129.60,,0,0,0,0,,,,-0.24,0.20,0.42,-0.13,-0.19
2024-10-11T02:30:28Z,"0002cc0100000eb0","3654335044f93aa4091675b69545f26b000000000000457a6f94f4fa1e3a7c4d",2,3.66,,9,22.46,71.32,,124.60,,0,0,0,0,,,,0.54,0.00,-0.31,0.24,0.01
2024-10-11T02:36:24Z,"0002cc0100000eb0","36543351a8f93aad091672b61745efaa000000000000fd46fd38f72975d3ff21fcc2",2,3.67,,9,22.44,71.13,,123.92,,0,0,0,0,,,-0.59,-0.89,0.36,-0.45,-0.65,-0.66
2024-10-11T02:42:20Z,"0002cc0100000eb0","365433530cf93aa4091667b6934642d9000000000000e6c15648f7bbf465f482",2,3.66,,9,22.40,71.32,,161.42,,0,0,0,0,,,,-0.28,-0.27,-0.48,0.02,-0.11
2024-10-11T02:48:16Z,"0002cc0100000eb0","3654335470f93aad091655b6ae46735e000000000000fd5df567fdbbffffffffffff",2,3.67,,9,22.33,71.36,,185.68,,0,0,0,0,,,-1.00,-1.00,-1.00,-0.72,-0.34,-0.67
2024-10-11T02:54:12Z,"0002cc0100000eb0","36543355d4f93a98091647b75346771a000000000000ffffffffffffffffffffffff",2,3.66,,9,22.27,71.61,,187.55,,0,0,0,0,,,-1.00,-1.00,-1.00,-1.00,-1.00,-1.00
2024-10-11T03:00:08Z,"0002cc0100000eb0","3654335738f202040200163eb7a6467211000000000000fffffffffffff789ffff",2,,2.4.2.0,,22.24,71.74,,185.03,,0,0,0,0,,,,-1.00,-0.47,-1.00,-1.00,-1.00
2024-10-11T03:05:57Z,"0002cc0100000eb0","3654335895f93aa809163eb876467454000000000000ffffffffffffffffffff",3,3.67,,9,22.24,72.06,,186.16,,0,0,0,0,,,,-1.00,-1.00,-1.00,-1.00,-1.00
2024-10-11T03:11:53Z,"0002cc0100000eb0","36543359f9f93aad09163bb9874674f2000000000000ffffffffffffffffffff",2,3.67,,9,22.23,72.47,,186.47,,0,0,0,0,,,,-1.00,-1.00,-1.00,-1.00,-1.00
2024-10-11T03:17:49Z,"0002cc0100000eb0","3654335b5df93aa409163bbbf6467248000000000000ffffffffffffffffffffffff",2,3.66,,9,22.23,73.42,,185.14,,0,0,0,0,,,-1.00,-1.00,-1.00,-1.00,-1.00,-1.00
2024-10-11T03:23:45Z,"0002cc0100000eb0","3654335cc1f93aa409163bbc3e46768d000000000000ffffffffffffffffffff",2,3.66,,9,22.23,73.53,,187.28,,0,0,0,0,,,,-1.00,-1.00,-1.00,-1.00,-1.00
2024-10-11T03:29:41Z,"0002cc0100000eb0","3654335e25f93aad091633bc984672dc000000000000ffffffffffffffffffff",2,3.67,,9,22.20,73.67,,185.43,,0,0,0,0,,,,-1.00,-1.00,-1.00,-1.00,-1.00
2024-10-11T03:35:37Z,"0002cc0100000eb0","3654335f89f93aa409163ebd174671f7000000000000fffffffffffffdcbf78cffff",2,3.66,,9,22.24,73.86,,184.98,,0,0,0,0,,,-1.00,-0.47,-0.72,-1.00,-1.00,-1.00
2024-10-11T03:41:33Z,"0002cc0100000eb0","36543360edf93aa809163ebbf7467207000000000000ffffff2afe4fffffffff",2,3.67,,9,22.24,73.42,,185.01,,0,0,0,0,,,,-1.00,-1.00,-0.79,-0.90,-1.00
2024-10-11T03:47:29Z,"0002cc0100000eb0","3654336251f93aa4091655bc14460d39000000000000f768e6fafdd9fc6eeeb0",2,3.66,,9,22.33,73.47,,134.61,,0,0,0,0,,,,-0.21,-0.55,-0.73,-0.11,-0.46
2024-10-11T03:53:25Z,"0002cc0100000eb0","36543363b5f93aad09165cbdbb46521e000000000000fec7ff7ffd56fe75f4dfffff",2,3.67,,9,22.36,74.11,,169.06,,0,0,0,0,,,-1.00,-0.30,-0.81,-0.67,-0.94,-0.85
2024-10-11T03:59:21Z,"0002cc0100000eb0","3654336519f93aa409164dbcb4464e2d000000000000ffffffffffffffffffff",2,3.66,,9,22.30,73.71,,167.09,,0,0,0,0,,,,-1.00,-1.00,-1.00,-1.00,-1.00
2024-10-11T04:05:17Z,"0002cc0100000eb0","365433667df93aad091651bcc6465011000000000000ffffffffffffffffffff",2,3.67,,9,22.32,73.74,,168.03,,0,0,0,0,,,,-1.00,-1.00,-1.00,-1.00,-1.00
2024-10-11T04:11:13Z,"0002cc0100000eb0","36543367e1f93aad091651bd974647c4000000000000ffffffffffffffffffffffff",2,3.67,,9,22.32,74.06,,163.88,,0,0,0,0,,,-1.00,-1.00,-1.00,-1.00,-1.00,-1.00
2024-10-11T04:17:09Z,"0002cc0100000eb0","3654336945f93aa409164dbc50464976000000000000ffffffffffffffffffff",2,3.66,,9,22.30,73.56,,164.73,,0,0,0,0,,,,-1.00,-1.00,-1.00,-1.00,-1.00
2024-10-11T04:23:05Z,"0002cc0100000eb0","3654336aa9f93aa4091658bbe2464704000000000000ffffffffffffffffffff",2,3.66,,9,22.34,73.39,,163.51,,0,0,0,0,,,,-1.00,-1.00,-1.00,-1.00,-1.00
2024-10-11T04:29:01Z,"0002cc0100000eb0","3654336c0df93aad091658be66464898000000000000ffffffffffffffffffffffff",2,3.67,,9,22.34,74.38,,164.30,,0,0,0,0,,,-1.00,-1.00,-1.00,-1.00,-1.00,-1.00
2024-10-11T04:34:57Z,"0002cc0100000eb0","3654336d71f93aad091655bdb6464629000000000000ffffffffffffffffffff",2,3.67,,9,22.33,74.11,,163.08,,0,0,0,0,,,,-1.00,-1.00,-1.00,-1.00,-1.00
2024-10-11T04:40:53Z,"0002cc0100000eb0","3654336ed5f93aa4091660bca2464ae7000000000000ffffffffffffffffffff",2,3.66,,9,22.37,73.69,,165.45,,0,0,0,0,,,,-1.00,-1.00,-1.00,-1.00,-1.00
2024-10-11T04:46:49Z,"0002cc0100000eb0","3654337039f93aa4091658bed2464aa0000000000000ffffffffffffffffffff",2,3.66,,9,22.34,74.54,,165.31,,0,0,0,0,,,,-1.00,-1.00,-1.00,-1.00,-1.00
2024-10-11T04:52:45Z,"0002cc0100000eb0","365433719df93aa4091651bd32464848000000000000ffffffffffffffffffffffff",2,3.66,,9,22.32,73.91,,164.14,,0,0,0,0,,,-1.00,-1.00,-1.00,-1.00,-1.00,-1.00
2024-10-11T04:58:41Z,"0002cc0100000eb0","3654337301f93aa4091651bda64646ee000000000000ffffffffffffffffffff",2,3.66,,9,22.32,74.08,,163.47,,0,0,0,0,,,,-1.00,-1.00,-1.00,-1.00,-1.00
2024-10-11T05:04:37Z,"0002cc0100000eb0","3654337465f93aad091642bea24649a4000000000000ffffffffffffffffffff",2,3.67,,9,22.26,74.47,,164.82,,0,0,0,0,,,,-1.00,-1.00,-1.00,-1.00,-1.00
2024-10-11T05:10:33Z,"0002cc0100000eb0","36543375c9f93aa4091642bea846463b000000000000ffffffffffffffffffff",2,3.66,,9,22.26,74.48,,163.11,,0,0,0,0,,,,-1.00,-1.00,-1.00,-1.00,-1.00
2024-10-11T05:16:28Z,"0002cc0100000eb0","365433772cf93aa809163ebeb546463d000000000000ffffffffffffffffffff",2,3.67,,9,22.24,74.50,,163.12,,0,0,0,0,,,,-1.00,-1.00,-1.00,-1.00,-1.00
2024-10-11T05:22:24Z,"0002cc0100000eb0","3654337890f93aa4091638be9a464ae5000000000000ffffffffffffffffffff",2,3.66,,9,22.21,74.45,,165.45,,0,0,0,0,,,,-1.00,-1.00,-1.00,-1.00,-1.00
2024-10-11T05:28:21Z,"0002cc0100000eb0","36543379f5f93a9c091638bfa846465a000000000000ffffffffffffffffffffffff",2,3.66,,9,22.21,74.87,,163.17,,0,0,0,0,,,-1.00,-1.00,-1.00,-1.00,-1.00,-1.00
2024-10-11T05:34:17Z,"0002cc0100000eb0","3654337b59f93aad09163ec09b4649ab000000000000ffffffffffffffffffff",2,3.67,,9,22.24,75.24,,164.83,,0,0,0,0,,,,-1.00,-1.00,-1.00,-1.00,-1.00
2024-10-11T05:40:13Z,"0002cc0100000eb0","3654337cbdf93aad09163ebf90464ad5000000000000ffffffffffffffffffff",2,3.67,,9,22.24,74.83,,165.42,,0,0,0,0,,,,-1.00,-1.00,-1.00,-1.00,-1.00
2024-10-11T05:46:09Z,"0002cc0100000eb0","3654337e21f93a9c091642c0264648ea000000000000ffffffffffffffffffff",2,3.66,,9,22.26,75.06,,164.46,,0,0,0,0,,,,-1.00,-1.00,-1.00,-1.00,-1.00
2024-10-11T05:52:05Z,"0002cc0100000eb0","3654337f85f93aa4091651c0de464650000000000000ffffffffffffffffffffffff",2,3.66,,9,22.32,75.34,,163.16,,0,0,0,0,,,-1.00,-1.00,-1.00,-1.00,-1.00,-1.00
2024-10-11T05:58:01Z,"0002cc0100000eb0","36543380e9f93aad091651c02f4648c0000000000000ffffffffffffffffffff",2,3.67,,9,22.32,75.07,,164.38,,0,0,0,0,,,,-1.00,-1.00,-1.00,-1.00,-1.00
2024-10-11T06:03:57Z,"0002cc0100000eb0","365433824df93a9c091658c0ff46490d000000000000ffffffffffffffffffffffff",2,3.66,,9,22.34,75.39,,164.53,,0,0,0,0,,,-1.00,-1.00,-1.00,-1.00,-1.00,-1.00
2024-10-11T06:09:53Z,"0002cc0100000eb0","36543383b1f93aa409165cc0f2464a70000000000000ffffffffffffffffffff",2,3.66,,9,22.36,75.37,,165.22,,0,0,0,0,,,,-1.00,-1.00,-1.00,-1.00,-1.00
2024-10-11T06:15:48Z,"0002cc0100000eb0","3654338514f93aa409165cc0114649ae000000000000ffffffffffffffffffff",2,3.66,,9,22.36,75.03,,164.84,,0,0,0,0,,,,-1.00,-1.00,-1.00,-1.00,-1.00
2024-10-11T06:21:45Z,"0002cc0100000eb0","3654338679f93aa409165cc026464b26000000000000ffffffffffffffffffffffff",2,3.66,,9,22.36,75.06,,165.57,,0,0,0,0,,,-1.00,-1.00,-1.00,-1.00,-1.00,-1.00
2024-10-11T06:27:40Z,"0002cc0100000eb0","36543387dcf93aa4091667c140464a97000000000000ffffffffffffffffffff",2,3.66,,9,22.40,75.49,,165.29,,0,0,0,0,,,,-1.00,-1.00,-1.00,-1.00,-1.00
2024-10-11T06:33:36Z,"0002cc0100000eb0","3654338940f93aa4091667c0ec464728000000000000ffffffffffffffffffff",2,3.66,,9,22.40,75.36,,163.58,,0,0,0,0,,,,-1.00,-1.00,-1.00,-1.00,-1.00
2024-10-11T06:39:33Z,"0002cc0100000eb0","3654338aa5f93aad09166bc014464b07000000000000ffffffffffffffffffffffff",2,3.67,,9,22.42,75.03,,165.51,,0,0,0,0,,,-1.00,-1.00,-1.00,-1.00,-1.00,-1.00
2024-10-11T06:45:28Z,"0002cc0100000eb0","3654338c08f93aad09166ec00f464923000000000000ffffffffffffffffffff",2,3.67,,9,22.43,75.02,,164.57,,0,0,0,0,,,,-1.00,-1.00,-1.00,-1.00,-1.00
2024-10-11T06:51:24Z,"0002cc0100000eb0","3654338d6cf93aa409166ebfcf464661000000000000ffffffffffffffffffff",2,3.66,,9,22.43,74.93,,163.19,,0,0,0,0,,,,-1.00,-1.00,-1.00,-1.00,-1.00
2024-10-11T06:57:20Z,"0002cc0100000eb0","3654338ed0f93a9c09166bbfd4464685000000000000ffffffffffffffffffffffff",2,3.66,,9,22.42,74.93,,163.26,,0,0,0,0,,,-1.00,-1.00,-1.00,-1.00,-1.00,-1.00
2024-10-11T07:03:16Z,"0002cc0100000eb0","3654339034f202040200165cbfb7464ad5000000000000ffffffffffffffffffff",2,,2.4.2.0,,22.36,74.89,,165.42,,0,0,0,0,,,,-1.00,-1.00,-1.00,-1.00,-1.00
2024-10-11T07:09:12Z,"0002cc0100000eb0","3654339198f93aa409165cbfcb464733000000000000ffffffffffffffffffff",2,3.66,,9,22.36,74.92,,163.60,,0,0,0,0,,,,-1.00,-1.00,-1.00,-1.00,-1.00
2024-10-11T07:15:08Z,"0002cc0100000eb0","36543392fcf93aa409164dc08f464b0f000000000000ffffffffffffffffffff",2,3.66,,9,22.30,75.22,,165.53,,0,0,0,0,,,,-1.00,-1.00,-1.00,-1.00,-1.00
2024-10-11T07:21:04Z,"0002cc0100000eb0","3654339460f93aa4091651c0a7464b19000000000000ffffffffffffffffffffffff",2,3.66,,9,22.32,75.26,,165.55,,0,0,0,0,,,-1.00,-1.00,-1.00,-1.00,-1.00,-1.00
2024-10-11T07:27:00Z,"0002cc0100000eb0","36543395c4f93aa4091647c0c34646c7000000000000ffffffffffffffffffff",2,3.66,,9,22.27,75.30,,163.39,,0,0,0,0,,,,-1.00,-1.00,-1.00,-1.00,-1.00
2024-10-11T07:32:56Z,"0002cc0100000eb0","3654339728f93aa4091655c128464700000000000000ffffffffffffffffffff",2,3.66,,9,22.33,75.45,,163.50,,0,0,0,0,,,,-1.00,-1.00,-1.00,-1.00,-1.00
2024-10-11T07:38:52Z,"0002cc0100000eb0","365433988cf93aa4091655c104464aea000000000000ffffffffffffffffffff",2,3.66,,9,22.33,75.40,,165.46,,0,0,0,0,,,,-1.00,-1.00,-1.00,-1.00,-1.00
2024-10-11T07:44:48Z,"0002cc0100000eb0","36543399f0f93aa4091651c0fb464af4000000000000ffffffffffffffffffffffff",2,3.66,,9,22.32,75.38,,165.48,,0,0,0,0,,,-1.00,-1.00,-1.00,-1.00,-1.00,-1.00
2024-10-11T07:50:44Z,"0002cc0100000eb0","3654339b54f93aa4091651c13b464663000000000000ffffffffffffffffffff",2,3.66,,9,22.32,75.48,,163.19,,0,0,0,0,,,,-1.00,-1.00,-1.00,-1.00,-1.00
2024-10-11T07:56:40Z,"0002cc0100000eb0","3654339cb8f93aa4091658c137464912000000000000ffffffffffffffffffff",2,3.66,,9,22.34,75.48,,164.53,,0,0,0,0,,,,-1.00,-1.00,-1.00,-1.00,-1.00
2024-10-11T08:02:36Z,"0002cc0100000eb0","3654339e1cf93aa4091660c1d7464955000000000000ffffffffffffffffffff",2,3.66,,9,22.37,75.72,,164.67,,0,0,0,0,,,,-1.00,-1.00,-1.00,-1.00,-1.00
2024-10-11T08:08:32Z,"0002cc0100000eb0","3654339f80f93aa4091663c0bf464afb000000000000ffffffffffffffffffff",2,3.66,,9,22.39,75.29,,165.49,,0,0,0,0,,,,-1.00,-1.00,-1.00,-1.00,-1.00
2024-10-11T08:14:28Z,"0002cc0100000eb0","365433a0e4f93aa409166bc13b4646a8000000000000ffffffffffffffffffff",2,3.66,,9,22.42,75.48,,163.33,,0,0,0,0,,,,-1.00,-1.00,-1.00,-1.00,-1.00
2024-10-11T08:20:24Z,"0002cc0100000eb0","365433a248f93aa4091663c1e0464ad9000000000000ffffffffffffffffffffffff",2,3.66,,9,22.39,75.73,,165.42,,0,0,0,0,,,-1.00,-1.00,-1.00,-1.00,-1.00,-1.00
2024-10-11T08:26:20Z,"0002cc0100000eb0","365433a3acf93aa409163bc08a464b06000000000000ffffffffffffffffffff",2,3.66,,9,22.23,75.21,,165.51,,0,0,0,0,,,,-1.00,-1.00,-1.00,-1.00,-1.00
2024-10-11T08:32:16Z,"0002cc0100000eb0","365433a510f93aa409161ec1c54646ca000000000000ffffffffffffffffffffffff",2,3.66,,9,22.12,75.69,,163.39,,0,0,0,0,,,-1.00,-1.00,-1.00,-1.00,-1.00,-1.00
2024-10-11T08:38:12Z,"0002cc0100000eb0","365433a674f93aa4091610c182464673000000000000ffffffffffffffffffff",2,3.66,,9,22.06,75.59,,163.23,,0,0,0,0,,,,-1.00,-1.00,-1.00,-1.00,-1.00
2024-10-11T08:44:08Z,"0002cc0100000eb0","365433a7d8f93aa409160cc1cd4646ff000000000000ffffffffffffffffffffffff",2,3.66,,9,22.04,75.70,,163.50,,0,0,0,0,,,-1.00,-1.00,-1.00,-1.00,-1.00,-1.00
2024-10-11T08:50:04Z,"0002cc0100000eb0","365433a93cf93aa409160cc0ba464b29000000000000ffffffffffffffffffff",2,3.66,,9,22.04,75.28,,165.58,,0,0,0,0,,,,-1.00,-1.00,-1.00,-1.00,-1.00
2024-10-11T08:56:00Z,"0002cc0100000eb0","365433aaa0f93aa409161ec095464a6f000000000000ffffffffffffffffffff",2,3.66,,9,22.12,75.23,,165.22,,0,0,0,0,,,,-1.00,-1.00,-1.00,-1.00,-1.00
2024-10-11T09:01:56Z,"0002cc0100000eb0","365433ac04f93a9c091622c0034646d4000000000000ffffffffffffffffffffffff",2,3.66,,9,22.13,75.01,,163.41,,0,0,0,0,,,-1.00,-1.00,-1.00,-1.00,-1.00,-1.00
2024-10-11T09:07:52Z,"0002cc0100000eb0","365433ad68f93aad091622bfb6464b32000000000000ffffffffffffffffffff",2,3.67,,9,22.13,74.89,,165.60,,0,0,0,0,,,,-1.00,-1.00,-1.00,-1.00,-1.00
2024-10-11T09:13:48Z,"0002cc0100000eb0","365433aeccf93aa4091622bfa1464b03000000000000ffffffffffffffffffff",2,3.66,,9,22.13,74.86,,165.51,,0,0,0,0,,,,-1.00,-1.00,-1.00,-1.00,-1.00
2024-10-11T09:19:44Z,"0002cc0100000eb0","365433b030f93aa4091629bf12464905000000000000ffffffffffffffffffff",2,3.66,,9,22.16,74.64,,164.51,,0,0,0,0,,,,-1.00,-1.00,-1.00,-1.00,-1.00
2024-10-11T09:25:40Z,"0002cc0100000eb0","365433b194f93aa4091625bf5c46482a000000000000ffffffffffffffffffffffff",2,3.66,,9,22.14,74.75,,164.08,,0,0,0,0,,,-1.00,-1.00,-1.00,-1.00,-1.00,-1.00
2024-10-11T09:31:36Z,"0002cc0100000eb0","365433b2f8f93aa4091625befa4646a6000000000000ffffffffffffffffffff",2,3.66,,9,22.14,74.60,,163.32,,0,0,0,0,,,,-1.00,-1.00,-1.00,-1.00,-1.00
2024-10-11T09:37:32Z,"0002cc0100000eb0","365433b45cf93aa0091629bf51464b78000000000000ffffffffffffffffffff",2,3.66,,9,22.16,74.73,,165.73,,0,0,0,0,,,,-1.00,-1.00,-1.00,-1.00,-1.00
2024-10-11T09:43:28Z,"0002cc0100000eb0","365433b5c0f93aa4091629c05d464b06000000000000ffffffffffffffffffffffff",2,3.66,,9,22.16,75.14,,165.51,,0,0,0,0,,,-1.00,-1.00,-1.00,-1.00,-1.00,-1.00
2024-10-11T09:49:24Z,"0002cc0100000eb0","365433b724f93aa4091630c0d146530c000000000000ffffffffffffffffffff",2,3.66,,9,22.19,75.32,,169.52,,0,0,0,0,,,,-1.00,-1.00,-1.00,-1.00,-1.00
2024-10-11T09:55:20Z,"0002cc0100000eb0","365433b888f93aa4091638c08f46522b000000000000ffffffffffffffffffff",2,3.66,,9,22.21,75.22,,169.08,,0,0,0,0,,,,-1.00,-1.00,-1.00,-1.00,-1.00
2024-10-11T10:01:16Z,"0002cc0100000eb0","365433b9ecf93aa409163bc16b4650f7000000000000ffffffffffffffffffff",2,3.66,,9,22.23,75.56,,168.48,,0,0,0,0,,,,-1.00,-1.00,-1.00,-1.00,-1.00
2024-10-11T10:07:12Z,"0002cc0100000eb0","365433bb50f93aa4091642c1a14649cc000000000000ffffffffffffffffffffffff",2,3.66,,9,22.26,75.64,,164.90,,0,0,0,0,,,-1.00,-1.00,-1.00,-1.00,-1.00,-1.00
2024-10-11T10:13:08Z,"0002cc0100000eb0","365433bcb4f93aa409164ac10b464906000000000000ffffffffffffffffffff",2,3.66,,9,22.29,75.41,,164.51,,0,0,0,0,,,,-1.00,-1.00,-1.00,-1.00,-1.00
2024-10-11T10:19:04Z,"0002cc0100000eb0","365433be18f93aa4091655c272464eb5000000000000ffffffffffffffffffff",2,3.66,,9,22.33,75.96,,167.35,,0,0,0,0,,,,-1.00,-1.00,-1.00,-1.00,-1.00
2024-10-11T10:25:00Z,"0002cc0100000eb0","365433bf7cf93a9c091660c1d046528f000000000000ffffffffffffffffffff",2,3.66,,9,22.37,75.71,,169.28,,0,0,0,0,,,,-1.00,-1.00,-1.00,-1.00,-1.00
2024-10-11T10:30:56Z,"0002cc0100000eb0","365433c0e0f93aa4091660c0534650c4000000000000ffffffffffffffffffffffff",2,3.66,,9,22.37,75.13,,168.38,,0,0,0,0,,,-1.00,-1.00,-1.00,-1.00,-1.00,-1.00
2024-10-11T10:36:52Z,"0002cc0100000eb0","365433c244f93a9c09166bc13b465224000000000000ffffffffffffffffffff",2,3.66,,9,22.42,75.48,,169.07,,0,0,0,0,,,,-1.00,-1.00,-1.00,-1.00,-1.00
2024-10-11T10:42:48Z,"0002cc0100000eb0","365433c3a8f93aa409164ac1f4464803000000000000ffffffffffffffffffff",2,3.66,,9,22.29,75.76,,164.01,,0,0,0,0,,,,-1.00,-1.00,-1.00,-1.00,-1.00
2024-10-11T10:48:44Z,"0002cc0100000eb0","365433c50cf93aa4091622c1bf464b5b000000000000ffffffffffffffffffffffff",2,3.66,,9,22.13,75.68,,165.68,,0,0,0,0,,,-1.00,-1.00,-1.00,-1.00,-1.00,-1.00
2024-10-11T10:54:40Z,"0002cc0100000eb0","365433c670f93aa009160cc188464b0c000000000000ffffffffffffffffffff",2,3.66,,9,22.04,75.60,,165.52,,0,0,0,0,,,,-1.00,-1.00,-1.00,-1.00,-1.00
2024-10-11T11:00:36Z,"0002cc0100000eb0","365433c7d4f93aa4091608c324464e9a000000000000ffffffffffffffffffff",2,3.66,,9,22.03,76.23,,167.30,,0,0,0,0,,,,-1.00,-1.00,-1.00,-1.00,-1.00
2024-10-11T11:06:32Z,"0002cc0100000eb0","365433c938f20204020015fac1ec465312000000000000ffffffffffffffffffff",2,,2.4.2.0,,21.97,75.75,,169.53,,0,0,0,0,,,,-1.00,-1.00,-1.00,-1.00,-1.00
2024-10-11T11:12:28Z,"0002cc0100000eb0","365433ca9cf93aa40915f2c1e8465251000000000000ffffffffffffffffffff",2,3.66,,9,21.95,75.75,,169.16,,0,0,0,0,,,,-1.00,-1.00,-1.00,-1.00,-1.00
2024-10-11T11:18:24Z,"0002cc0100000eb0","365433cc00f93aa4091601c2b7464f4e000000000000ffffffffffffffffffffffff",2,3.66,,9,22.00,76.06,,167.65,,0,0,0,0,,,-1.00,-1.00,-1.00,-1.00,-1.00,-1.00
2024-10-11T11:24:20Z,"0002cc0100000eb0","365433cd64f93aa4091608c221464b35000000000000ffffffffffffffffffff",2,3.66,,9,22.03,75.83,,165.60,,0,0,0,0,,,,-1.00,-1.00,-1.00,-1.00,-1.00
2024-10-11T11:30:16Z,"0002cc0100000eb0","365433cec8f93a9c091617c206464a54000000000000ffffffffffffffffffff",2,3.66,,9,22.09,75.79,,165.16,,0,0,0,0,,,,-1.00,-1.00,-1.00,-1.00,-1.00
2024-10-11T11:36:12Z,"0002cc0100000eb0","365433d02cf93aa409161ec2494646da000000000000ffffffffffffffffffffffff",2,3.66,,9,22.12,75.89,,163.43,,0,0,0,0,,,-1.00,-1.00,-1.00,-1.00,-1.00,-1.00
2024-10-11T11:42:08Z,"0002cc0100000eb0","365433d190f93aa409161bc22b464acc000000000000ffffffffffffffffffff",2,3.66,,9,22.10,75.85,,165.40,,0,0,0,0,,,,-1.00,-1.00,-1.00,-1.00,-1.00
2024-10-11T11:48:04Z,"0002cc0100000eb0","365433d2f4f93aa4091625c1ec4647c3000000000000ffffffffffffffffffff",2,3.66,,9,22.14,75.75,,163.88,,0,0,0,0,,,,-1.00,-1.00,-1.00,-1.00,-1.00
2024-10-11T11:54:00Z,"0002cc0100000eb0","365433d458f93aa0091629c1d9464693000000000000ffffffffffffffffffffffff",2,3.66,,9,22.16,75.72,,163.29,,0,0,0,0,,,-1.00,-1.00,-1.00,-1.00,-1.00,-1.00
2024-10-11T11:59:56Z,"0002cc0100000eb0","365433d5bcf93aa4091629c2274650ce000000000000ffffffffffffffffffff",2,3.66,,9,22.16,75.84,,168.40,,0,0,0,0,,,,-1.00,-1.00,-1.00,-1.00,-1.00
2024-10-11T12:05:52Z,"0002cc0100000eb0","365433d720f93aa0091630c1c8464fe8000000000000ffffffffffffffffffff",2,3.66,,9,22.19,75.70,,167.95,,0,0,0,0,,,,-1.00,-1.00,-1.00,-1.00,-1.00
2024-10-11T12:11:47Z,"0002cc0100000eb0","365433d883f93a9c091638c1a3464f59000000000000ffffffffffffffffffff",2,3.66,,9,22.21,75.64,,167.67,,0,0,0,0,,,,-1.00,-1.00,-1.00,-1.00,-1.00
2024-10-11T12:17:44Z,"0002cc0100000eb0","365433d9e8f93aa409164ac18b464fe5000000000000ffffffffffffffffffffffff",2,3.66,,9,22.29,75.60,,167.95,,0,0,0,0,,,-1.00,-1.00,-1.00,-1.00,-1.00,-1.00
2024-10-11T12:23:40Z,"0002cc0100000eb0","365433db4cf93a9c091655c210464884000000000000ffffffffffffffffffff",2,3.66,,9,22.33,75.81,,164.26,,0,0,0,0,,,,-1.00,-1.00,-1.00,-1.00,-1.00
2024-10-11T12:29:35Z,"0002cc0100000eb0","365433dcaff93a9c091655c05a464ea8000000000000ffffffffffffffffffff",2,3.66,,9,22.33,75.14,,167.33,,0,0,0,0,,,,-1.00,-1.00,-1.00,-1.00,-1.00
2024-10-11T12:35:31Z,"0002cc0100000eb0","365433de13f93aa4091663c1fd4652ec000000000000ffffffffffffffffffff",2,3.66,,9,22.39,75.78,,169.46,,0,0,0,0,,,,-1.00,-1.00,-1.00,-1.00,-1.00
2024-10-11T12:41:27Z,"0002cc0100000eb0","365433df77f93aa4091667c1f14651be000000000000ffffffffffffffffffff",2,3.66,,9,22.40,75.76,,168.87,,0,0,0,0,,,,-1.00,-1.00,-1.00,-1.00,-1.00
2024-10-11T12:47:24Z,"0002cc0100000eb0","365433e0dcf93a98091672c0ff464e18000000000000ffffffffffffffffffffffff",2,3.66,,9,22.44,75.39,,167.05,,0,0,0,0,,,-1.00,-1.00,-1.00,-1.00,-1.00,-1.00
2024-10-11T12:53:19Z,"0002cc0100000eb0","365433e23ff93aa4091675c0f5464732000000000000ffffffffffffffffffff",2,3.66,,9,22.46,75.37,,163.60,,0,0,0,0,,,,-1.00,-1.00,-1.00,-1.00,-1.00
2024-10-11T12:59:15Z,"0002cc0100000eb0","365433e3a3f93aa4091658c20446515f000000000000ffffffffffffffffffff",2,3.66,,9,22.34,75.79,,168.68,,0,0,0,0,,,,-1.00,-1.00,-1.00,-1.00,-1.00
2024-10-11T13:05:11Z,"0002cc0100000eb0","365433e507f93a9c091629c1a1464ec3000000000000ffffffffffffffffffff",2,3.66,,9,22.16,75.64,,167.38,,0,0,0,0,,,,-1.00,-1.00,-1.00,-1.00,-1.00
2024-10-11T13:11:07Z,"0002cc0100000eb0","365433e66bf93aa4091608c25e46522f000000000000ffffffffffffffffffff",2,3.66,,9,22.03,75.93,,169.09,,0,0,0,0,,,,-1.00,-1.00,-1.00,-1.00,-1.00
2024-10-11T13:17:03Z,"0002cc0100000eb0","365433e7cff93aa40915ecc2404651b9000000000000ffffffffffffffffffffffff",2,3.66,,9,21.92,75.88,,168.86,,0,0,0,0,,,-1.00,-1.00,-1.00,-1.00,-1.00,-1.00
2024-10-11T13:22:59Z,"0002cc0100000eb0","365433e933f93aa40915e8c2df465247000000000000ffffffffffffffffffff",2,3.66,,9,21.91,76.12,,169.14,,0,0,0,0,,,,-1.00,-1.00,-1.00,-1.00,-1.00
2024-10-11T13:28:55Z,"0002cc0100000eb0","365433ea97f93a9c0915fdc213465091000000000000ffffffffffffffffffff",2,3.66,,9,21.99,75.81,,168.28,,0,0,0,0,,,,-1.00,-1.00,-1.00,-1.00,-1.00
2024-10-11T13:34:51Z,"0002cc0100000eb0","365433ebfbf93aa4091610c29446528c000000000000ffffffffffffffffffffffff",2,3.66,,9,22.06,76.01,,169.27,,0,0,0,0,,,-1.00,-1.00,-1.00,-1.00,-1.00,-1.00
2024-10-11T13:40:47Z,"0002cc0100000eb0","365433ed5ff93a9c09161ec1ee4651d8000000000000ffffffffffffffffffff",2,3.66,,9,22.12,75.75,,168.92,,0,0,0,0,,,,-1.00,-1.00,-1.00,-1.00,-1.00
2024-10-11T13:46:43Z,"0002cc0100000eb0","365433eec3f93aa409161ec20a4650a0000000000000ffffffffffffffffffff",2,3.66,,9,22.12,75.80,,168.31,,0,0,0,0,,,,-1.00,-1.00,-1.00,-1.00,-1.00
2024-10-11T13:52:39Z,"0002cc0100000eb0","365433f027f93aa4091622c23d464db8000000000000ffffffffffffffffffffffff",2,3.66,,9,22.13,75.88,,166.86,,0,0,0,0,,,-1.00,-1.00,-1.00,-1.00,-1.00,-1.00
2024-10-11T13:58:35Z,"0002cc0100000eb0","365433f18bf93aa4091629c257465001000000000000ffffff20ffffffffffff",2,3.66,,9,22.16,75.92,,168.00,,0,0,0,0,,,,-1.00,-1.00,-1.00,-0.89,-1.00
2024-10-11T14:04:31Z,"0002cc0100000eb0","365433f2eff93a94091630c2e24652a4000000000000ffffffffffffffffffffffff",2,3.66,,9,22.19,76.13,,169.32,,0,0,0,0,,,-1.00,-1.00,-1.00,-1.00,-1.00,-1.00
2024-10-11T14:10:27Z,"0002cc0100000eb0","365433f453f93aa409163ec279464f11000000000000ffffffffffffffffffff",2,3.66,,9,22.24,75.97,,167.53,,0,0,0,0,,,,-1.00,-1.00,-1.00,-1.00,-1.00
2024-10-11T14:16:23Z,"0002cc0100000eb0","365433f5b7f93aa4091642c1fe4652d0000000000000ffffffffffffffffffff",2,3.66,,9,22.26,75.78,,169.41,,0,0,0,0,,,,-1.00,-1.00,-1.00,-1.00,-1.00
2024-10-11T14:22:19Z,"0002cc0100000eb0","365433f71bf93a9c091647c1dd465108000000000000ffffffffffffffffffffffff",2,3.66,,9,22.27,75.73,,168.52,,0,0,0,0,,,-1.00,-1.00,-1.00,-1.00,-1.00,-1.00
2024-10-11T14:28:15Z,"0002cc0100000eb0","365433f87ff93a9c091647c197464f54000000000000ffffffffffffffffffff",2,3.66,,9,22.27,75.62,,167.66,,0,0,0,0,,,,-1.00,-1.00,-1.00,-1.00,-1.00
2024-10-11T14:34:07Z,"0002cc0100000eb0","365433f9dff93aa409164dc0f8464d75000000000000ffffffffffffffffffff",3,3.66,,9,22.30,75.38,,166.73,,0,0,0,0,,,,-1.00,-1.00,-1.00,-1.00,-1.00
2024-10-11T14:40:03Z,"0002cc0100000eb0","365433fb43f93a94091651c22a46521a000000000000ffffffffffffffffffffffff",2,3.66,,9,22.32,75.85,,169.05,,0,0,0,0,,,-1.00,-1.00,-1.00,-1.00,-1.00,-1.00
2024-10-11T14:45:59Z,"0002cc0100000eb0","365433fca7f93a9c091658c129465086000000000000ffffffffffffffffffff",2,3.66,,9,22.34,75.45,,168.26,,0,0,0,0,,,,-1.00,-1.00,-1.00,-1.00,-1.00
2024-10-11T14:51:55Z,"0002cc0100000eb0","365433fe0bf93aa4091658c0ea464f15000000000000ffffffffffffffffffff",2,3.66,,9,22.34,75.36,,167.54,,0,0,0,0,,,,-1.00,-1.00,-1.00,-1.00,-1.00
2024-10-11T14:57:51Z,"0002cc0100000eb0","365433ff6ff93a9c09165cc164464ffb000000000000ffffffffffffff39ffff",2,3.66,,9,22.36,75.54,,167.99,,0,0,0,0,,,,-1.00,-0.90,-1.00,-1.00,-1.00
2024-10-11T15:03:47Z,"0002cc0100000eb0","36543400d3f93aa4091651c0d1464dc4000000000000ffffffffffffffffffffffff",2,3.66,,9,22.32,75.32,,166.88,,0,0,0,0,,,-1.00,-1.00,-1.00,-1.00,-1.00,-1.00
2024-10-11T15:09:43Z,"0002cc0100000eb0","3654340237f2020402001655c0b6464eec000000000000ffffffffffffffffffff",2,,2.4.2.0,,22.33,75.28,,167.46,,0,0,0,0,,,,-1.00,-1.00,-1.00,-1.00,-1.00
2024-10-11T15:15:39Z,"0002cc0100000eb0","365434039bf93aa0091658c0b946511f000000000000ffffffffffffffffffffffff",2,3.66,,9,22.34,75.28,,168.56,,0,0,0,0,,,-1.00,-1.00,-1.00,-1.00,-1.00,-1.00
2024-10-11T15:21:35Z,"0002cc0100000eb0","36543404fff93aa4091658c168465164000000000000fffffef1fe7cffffffff",2,3.66,,9,22.34,75.55,,168.69,,0,0,0,0,,,,-1.00,-1.00,-0.81,-0.87,-1.00
2024-10-11T15:27:31Z,"0002cc0100000eb0","3654340663f93a94091658c0b946514a000000000000fffffffff6e3ffb5ffffffff",2,3.66,,9,22.34,75.28,,168.64,,0,0,0,0,,,-1.00,-1.00,-0.96,-0.43,-1.00,-1.00
2024-10-11T15:33:27Z,"0002cc0100000eb0","36543407c7f93aa4091655c05a464ead000000000000ffffffffffffffffffff",2,3.66,,9,22.33,75.14,,167.34,,0,0,0,0,,,,-1.00,-1.00,-1.00,-1.00,-1.00
2024-10-11T15:39:23Z,"0002cc0100000eb0","365434092bf93aa4091658c0dd4651c9000000000000ffffff90ff69fffcffffffff",2,3.66,,9,22.34,75.34,,168.89,,0,0,0,0,,,-1.00,-1.00,-1.00,-0.93,-0.95,-1.00
2024-10-11T15:45:19Z,"0002cc0100000eb0","3654340a8ff93a9c091651c12c46519c000000000000ffffffffffffffffff62",2,3.66,,9,22.32,75.46,,168.80,,0,0,0,0,,,,-0.92,-1.00,-1.00,-1.00,-1.00
2024-10-11T15:51:15Z,"0002cc0100000eb0","3654340bf3f93aa409164dc0954652dd000000000000ffffffffffffffffffff",2,3.66,,9,22.30,75.23,,169.43,,0,0,0,0,,,,-1.00,-1.00,-1.00,-1.00,-1.00
2024-10-11T15:57:11Z,"0002cc0100000eb0","3654340d57f93aa409164ac0384652db000000000000ffffffffffffffffffff",2,3.66,,9,22.29,75.09,,169.43,,0,0,0,0,,,,-1.00,-1.00,-1.00,-1.00,-1.00
2024-10-11T16:03:07Z,"0002cc0100000eb0","3654340ebbf93aa009164dc0c6464fc1000000000000fe27ffffffffffffffff",2,3.66,,9,22.30,75.30,,167.88,,0,0,0,0,,,,-1.00,-1.00,-1.00,-1.00,-0.77
2024-10-11T16:09:03Z,"0002cc0100000eb0","365434101ff93aa009164dc13e46509c000000000000ffffffffffffffffffff",2,3.66,,9,22.30,75.49,,168.30,,0,0,0,0,,,,-1.00,-1.00,-1.00,-1.00,-1.00
2024-10-11T16:14:59Z,"0002cc0100000eb0","3654341183f93aa0091647c10a464e81000000000000ffffffffffffffffffff",2,3.66,,9,22.27,75.41,,167.25,,0,0,0,0,,,,-1.00,-1.00,-1.00,-1.00,-1.00
2024-10-11T16:20:55Z,"0002cc0100000eb0","36543412e7f93aa009164ac183464fe9000000000000ffffffffffffffffffffffff",2,3.66,,9,22.29,75.59,,167.96,,0,0,0,0,,,-1.00,-1.00,-1.00,-1.00,-1.00,-1.00
2024-10-11T16:26:51Z,"0002cc0100000eb0","365434144bf93aa009164dc1314652b7000000000000ffffffffffffffffffff",2,3.66,,9,22.30,75.47,,169.36,,0,0,0,0,,,,-1.00,-1.00,-1.00,-1.00,-1.00
2024-10-11T16:32:47Z,"0002cc0100000eb0","36543415aff93a94091651c09f465429000000000000ffffffffffa9fe76fd25",2,3.66,,9,22.32,75.24,,170.08,,0,0,0,0,,,,-0.64,-0.81,-0.96,-1.00,-1.00
2024-10-11T16:38:42Z,"0002cc0100000eb0","3654341712f93a94091663bffb47b4a3000000000000e703cf21fe50ed5f5774",2,3.66,,9,22.39,74.99,,436.64,,0,0,0,0,,,,0.03,-0.17,-0.79,-0.01,-0.11
2024-10-11T16:44:39Z,"0002cc0100000eb0","3654341877f93aa009167dbf844794b10000000000007ecc7d9be68bf61cf5f55d34",2,3.66,,9,22.48,74.81,,404.69,,0,0,0,0,,,0.04,-0.37,-0.38,-0.10,0.70,0.85
2024-10-11T16:50:34Z,"0002cc0100000eb0","36543419daf93aa0091680bf4d47cdb90000000000007635762d7ddb7c577d65",2,3.66,,9,22.50,74.73,,461.72,,0,0,0,0,,,,0.67,0.54,0.73,0.39,0.39
2024-10-11T22:46:40Z,"0002cc0100000eb0","3654346d50720204020014a6c1823fc639000000000000",2,,2.4.2.0,,20.64,75.59,,1.77,,0,0,0,0,,,,,,,,
2024-10-11T22:47:34Z,"0002cc0100000eb0","3654346d867935710a149ac1893e6377000000000000",2,3.34,,10,20.60,75.60,,0.69,,0,0,0,0,,,,,,,,
2024-10-11T22:48:33Z,"0002cc0100000eb0","3654346dc17935690a149fc1863ef050000000000000",2,3.34,,10,20.62,75.60,,0.97,,0,0,0,0,,,,,,,,
2024-10-11T22:49:33Z,"0002cc0100000eb0","3654346dfd79354c0a14a6c1823ef050000101000000",2,3.33,,10,20.64,75.59,,0.97,,1,1,0,0,,,,,,,,
2024-10-11T22:50:32Z,"0002cc0100000eb0","3654346e38f935710a14adc16b3e1d0a000100000000ffff",2,3.34,,10,20.67,75.56,,0.56,,0,1,0,0,,,,,,,,-1.00
2024-10-11T22:51:32Z,"0002cc0100000eb0","3654346e7479356d0a14b4c1cb3f9b87000100000000",2,3.34,,10,20.70,75.70,,1.61,,0,1,0,0,,,,,,,,
2024-10-11T22:52:31Z,"0002cc0100000eb0","3654346eaf7935710a14b8c1cd3fa4b6000100000000",2,3.34,,10,20.72,75.70,,1.64,,0,1,0,0,,,,,,,,
2024-10-11T22:53:30Z,"0002cc0100000eb0","3654346eea7935710a14bbc1d63f2fed000100000000",2,3.34,,10,20.73,75.72,,1.19,,0,1,0,0,,,,,,,,
2024-10-11T22:54:30Z,"0002cc0100000eb0","3654346f267935710a14c6c1d63f228c000100000000",2,3.34,,10,20.77,75.72,,1.13,,0,1,0,0,,,,,,,,
2024-10-11T22:55:29Z,"0002cc0100000eb0","3654346f61f935650a14bfc1f43f392f0001000000007d99",2,3.34,,10,20.74,75.76,,1.22,,0,1,0,0,,,,,,,,0.70
2024-10-11T23:01:25Z,"0002cc0100000eb0","36543470c5f9356d0a14e0c2643d5b020001000000007c277c697c787d7a77d2",2,3.34,,10,20.87,75.93,,0.34,,0,1,0,0,,,,0.49,0.68,0.56,0.55,0.52
2024-10-11T23:07:21Z,"0002cc0100000eb0","3654347229f935750a14f5c6a13d91da0001000000007cd67d1c7df565f777656c27",2,3.34,,10,20.95,77.59,,0.39,,0,1,0,0,,,0.13,0.46,0.09,0.74,0.64,0.60
2024-10-11T23:13:17Z,"0002cc0100000eb0","365434738df9356d0a1500c53c3dc82a000100000000f4307d487c7e7dc0754c",2,3.34,,10,21.00,77.05,,0.45,,0,1,0,0,,,,0.33,0.72,0.56,0.66,-0.26
2024-10-11T23:19:13Z,"0002cc0100000eb0","36543474f1f9356d0a14fcc5243b296f000302000000f7dd66d2ef2f752b7c807cb5",2,3.34,,10,20.98,77.01,,0.07,,2,3,0,0,,,0.59,0.56,0.32,-0.22,0.11,-0.49
2024-10-11T23:25:09Z,"0002cc0100000eb0","3654347655f935690a1507c5c60000000003000000007d91d6887d6a7c517d15",2,3.34,,10,21.03,77.26,,0.00,,0,3,0,0,,,,0.64,0.54,0.68,-0.03,0.70
2024-10-11T23:31:05Z,"0002cc0100000eb0","36543477b9f935690a1503c5540000000004010000007428774e7d6a77947d46",2,3.34,,10,21.01,77.08,,0.00,,1,4,0,0,,,,0.66,0.47,0.68,0.46,0.26
2024-10-11T23:37:01Z,"0002cc0100000eb0","365434791df935690a14fcc4ad00000000040000000075837de8f4107cc07d2b74d1",2,3.34,,10,20.98,76.83,,0.00,,0,4,0,0,,,0.30,0.65,0.59,-0.25,0.74,0.34
2024-10-11T23:42:57Z,"0002cc0100000eb0","3654347a81f935500a14eec48f0000000005010000007e887ccd7cda7cec753e",2,3.33,,10,20.93,76.78,,0.00,,1,5,0,0,,,,0.33,0.62,0.61,0.60,0.82
2024-10-11T23:48:52Z,"0002cc0100000eb0","3654347be4f9356d0a14eac5490000000006010000007e357c987cb876bf5645",2,3.34,,10,20.91,77.07,,0.00,,1,6,0,0,,,,0.02,0.42,0.59,0.57,0.78
2024-10-11T23:54:48Z,"0002cc0100000eb0","3654347d48f935610a14eec61800000000070100000076f87586670d7c037dd1",2,3.34,,10,20.93,77.38,,0.00,,1,7,0,0,,,,0.73,0.50,0.11,0.35,0.44
