Time,DevEUI,Raw,Port,Vbat,Version,BootCount,T,RH,P,Light,CO2,P[0].delta,P[0].total,P[1].delta,P[1].total,Act[7],Act[6],Act[5],Act[4],Act[3],Act[2],Act[1],Act[0]
2024-10-20T00:00:35Z,"0002cc0100000eb0","36543f0aa3f9357913150bc294000000001100000000ff58fffffffffe11fd47fd9f",2,3.34,,19,21.04,76.01,,0.00,,0,17,0,0,,,-0.70,-0.66,-0.76,-1.00,-1.00,-0.92
2024-10-20T00:06:31Z,"0002cc0100000eb0","36543f0c07f93575131503c22d000000001100000000ffffffffffffffffff10",2,3.34,,19,21.01,75.85,,0.00,,0,17,0,0,,,,-0.88,-1.00,-1.00,-1.00,-1.00
2024-10-20T00:12:27Z,"0002cc0100000eb0","36543f0d6bf93586131507c23f0000000011000000007575ff27fffbfc9cf5f1f440",2,3.35,,19,21.03,75.88,,0.00,,0,17,0,0,,,-0.27,-0.37,-0.58,-1.00,-0.89,0.34
2024-10-20T00:18:23Z,"0002cc0100000eb0","36543f0ecff93569131503c369000000001302000000fc98fe71fdd8e7f074f7",2,3.34,,19,21.01,76.33,,0.00,,2,19,0,0,,,,0.31,-0.12,-0.73,-0.81,-0.57
2024-10-20T00:24:19Z,"0002cc0100000eb0","36543f1033f93579131524c5990000000015020000007ca47d577d0c7c7876f2",2,3.34,,19,21.14,77.19,,0.00,,2,21,0,0,,,,0.43,0.56,0.63,0.67,0.58
2024-10-20T00:30:15Z,"0002cc0100000eb0","36543f1197f9356d131536c3f200000000150000000077a3e6d87c247e807dfb7c5b",2,3.34,,19,21.21,76.54,,0.00,,0,21,0,0,,,0.54,0.75,0.81,0.52,-0.11,0.48
2024-10-20T00:36:11Z,"0002cc0100000eb0","36543f12fbf9357d13153ec5b1000000001500000000748c77547dc96d0f56d4",2,3.34,,19,21.24,77.22,,0.00,,0,21,0,0,,,,0.03,0.16,0.72,0.46,0.28
2024-10-20T00:42:07Z,"0002cc0100000eb0","36543f145ff93575131549c4b50000000015000000007cc67c2077ad7ccc767a74e3",2,3.34,,19,21.28,76.84,,0.00,,0,21,0,0,,,0.31,0.40,0.60,0.48,0.52,0.60
2024-10-20T00:48:02Z,"0002cc0100000eb0","36543f15c2f9357513154cc3f200000000150000000077167e0d741c67337410",2,3.34,,19,21.30,76.54,,0.00,,0,21,0,0,,,,0.25,0.11,0.26,0.76,0.44
2024-10-20T00:53:59Z,"0002cc0100000eb0","36543f1727f93571131553c5b7000000001702000000fc01762366487c337c427cf6",2,3.34,,19,21.32,77.23,,0.00,,2,23,0,0,,,0.62,0.53,0.53,0.10,0.38,-0.50
2024-10-20T00:59:54Z,"0002cc0100000eb0","36543f188af9356d13155bc5ca000000001801000000f621ec296765770c7cb9",2,3.34,,19,21.35,77.26,,0.00,,1,24,0,0,,,,0.59,0.44,0.12,-0.13,-0.38
2024-10-20T01:05:50Z,"0002cc0100000eb0","36543f19eef9356d131562c6ed0000000018000000006d8f7e6e7da77c397d33",2,3.34,,19,21.38,77.71,,0.00,,0,24,0,0,,,,0.65,0.53,0.71,0.80,0.17
2024-10-20T01:11:46Z,"0002cc0100000eb0","36543f1b52f9356d131577c9660000000018000000006ede7e5576bc7d907d126da5",2,3.34,,19,21.46,78.67,,0.00,,0,24,0,0,,,0.18,0.63,0.70,0.42,0.79,0.21
2024-10-20T01:17:42Z,"0002cc0100000eb0","36543f1cb6f93579131571c65d000000001901000000fcd374b8751e76c87dcb",2,3.34,,19,21.44,77.49,,0.00,,1,25,0,0,,,,0.72,0.42,0.32,0.29,-0.60
2024-10-20T01:23:38Z,"0002cc0100000eb0","36543f1e1af9356d131571c55200000000190000000076447e35746f7c8567257cf5",2,3.34,,19,21.44,77.08,,0.00,,0,25,0,0,,,0.62,0.11,0.56,0.28,0.78,0.39
2024-10-20T01:29:34Z,"0002cc0100000eb0","36543f1f7ef9356113155bc4dc000000001a010000006c53f559ffc2ffffffff",2,3.34,,19,21.35,76.90,,0.00,,1,26,0,0,,,,-1.00,-1.00,-0.97,-0.33,0.14
2024-10-20T01:35:30Z,"0002cc0100000eb0","36543f20e2f9356d131562c6d2000000001b01000000f7ba66907779763a7580",2,3.34,,19,21.38,77.67,,0.00,,1,27,0,0,,,,0.34,0.39,0.47,0.10,-0.48
2024-10-20T01:41:26Z,"0002cc0100000eb0","36543f2246f9356d131566c6f8000000001c010000007d077ca1e46c75076d5fe5f9",2,3.34,,19,21.40,77.72,,0.00,,1,28,0,0,,,-0.09,0.17,0.31,-0.07,0.58,0.63
2024-10-20T01:47:22Z,"0002cc0100000eb0","36543f23aaf9356d131569c7b0000000001d010000007448fc207d29dfd4746f",2,3.34,,19,21.41,78.00,,0.00,,1,29,0,0,,,,0.28,-0.06,0.65,-0.52,0.27
2024-10-20T01:53:18Z,"0002cc0100000eb0","36543f250ef93575131569c837000000001e010000007c5c6d6a74527c9a75e76d9c",2,3.34,,19,21.41,78.21,,0.00,,1,30,0,0,,,0.18,0.37,0.58,0.27,0.17,0.55
2024-10-20T01:59:14Z,"0002cc0100000eb0","36543f2672f9356d13157bc7b5000000001e000000007cd6d61bf7177d387582",2,3.34,,19,21.48,78.01,,0.00,,0,30,0,0,,,,0.34,0.65,-0.44,-0.02,0.60
2024-10-20T02:05:10Z,"0002cc0100000eb0","36543f27d6f93569131582cb45000000001e000000007d6bf7056e0077a86ef8",2,3.34,,19,21.51,79.40,,0.00,,0,30,0,0,,,,0.22,0.48,0.19,-0.44,0.68
2024-10-20T02:11:06Z,"0002cc0100000eb0","36543f293af93569131586c977000000001f01000000757c77c6f6cdef97ff06fd77",2,3.34,,19,21.52,78.70,,0.00,,1,31,0,0,,,-0.68,-0.88,-0.24,-0.42,0.49,0.34
2024-10-20T02:17:01Z,"0002cc0100000eb0","36543f2a9df9356913156cc638000000001f00000000ff45cf4776e37d797578",2,3.34,,19,21.42,77.43,,0.00,,0,31,0,0,,,,0.34,0.68,0.43,-0.01,-0.91
2024-10-20T02:22:57Z,"0002cc0100000eb0","36543f2c01f9356d131571c695000000001f000000007cdd7d0b7d6f7d637c3e",2,3.34,,19,21.44,77.57,,0.00,,0,31,0,0,,,,0.53,0.67,0.68,0.63,0.61
2024-10-20T02:28:53Z,"0002cc0100000eb0","36543f2d65f9356d13157fc9ff0000000020010000006cae75f9ee9de628ec217c8f",2,3.34,,19,21.49,78.91,,0.00,,1,32,0,0,,,0.57,-0.13,-0.10,-0.21,0.37,0.15
2024-10-20T02:34:49Z,"0002cc0100000eb0","36543f2ec9f93575131577c67e0000000020000000007d697789f48bf4c9f7d8",2,3.34,,19,21.46,77.54,,0.00,,0,32,0,0,,,,-0.49,-0.30,-0.28,0.47,0.68
2024-10-20T02:40:45Z,"0002cc0100000eb0","36543f302df9356d131562c5dc000000002000000000f747f56e44aff4e2ee06fcb5",2,3.34,,19,21.38,77.29,,0.00,,0,32,0,0,,,-0.59,-0.19,-0.31,0.00,-0.34,-0.45
2024-10-20T02:46:41Z,"0002cc0100000eb0","36543f3191f93579131550c552000000002000000000fd7bfeaefdcbfedffdc8",2,3.34,,19,21.31,77.08,,0.00,,0,32,0,0,,,,-0.72,-0.86,-0.72,-0.84,-0.69
2024-10-20T02:52:37Z,"0002cc0100000eb0","36543f32f5f2020402001545c4e3000000002000000000ffaaffffffffffffffffffff",2,,2.4.2.0,,21.27,76.91,,0.00,,0,32,0,0,,,-1.00,-1.00,-1.00,-1.00,-1.00,-0.96
2024-10-20T02:58:26Z,"0002cc0100000eb0","36543f3452f9356113153ec489000000002000000000ffffff18ffffffffffd1",3,3.34,,19,21.24,76.77,,0.00,,0,32,0,0,,,,-0.98,-1.00,-1.00,-0.89,-1.00
2024-10-20T03:04:22Z,"0002cc0100000eb0","36543f35b6f93575131533c48b000000002000000000fffffffffe65ffffffff",2,3.34,,19,21.20,76.78,,0.00,,0,32,0,0,,,,-1.00,-1.00,-0.80,-1.00,-1.00
2024-10-20T03:10:18Z,"0002cc0100000eb0","36543f371af9357913152bc45b000000002000000000fffffffffffffc20fc4d",2,3.34,,19,21.17,76.70,,0.00,,0,32,0,0,,,,-0.54,-0.52,-1.00,-1.00,-1.00
2024-10-20T03:16:14Z,"0002cc0100000eb0","36543f387ef9356d131530c480000000002000000000e691fdf0ffffffffff89",2,3.34,,19,21.18,76.76,,0.00,,0,32,0,0,,,,-0.94,-1.00,-1.00,-0.74,-0.10
2024-10-20T03:22:10Z,"0002cc0100000eb0","36543f39e2f9356d13152bc431000000002000000000ff95ffffffe9ffffff32",2,3.34,,19,21.17,76.64,,0.00,,0,32,0,0,,,,-0.90,-1.00,-0.99,-1.00,-0.95
2024-10-20T03:28:06Z,"0002cc0100000eb0","36543f3b46f9356d131524c3e6000000002000000000ffffff69fffffc4efdbff70e",2,3.34,,19,21.14,76.52,,0.00,,0,32,0,0,,,-0.44,-0.72,-0.54,-1.00,-0.93,-1.00
2024-10-20T03:34:02Z,"0002cc0100000eb0","36543f3caaf9356d131527c3f6000000002000000000ff69feaaff4cffffff56",2,3.34,,19,21.15,76.55,,0.00,,0,32,0,0,,,,-0.92,-1.00,-0.91,-0.83,-0.93
2024-10-20T03:39:58Z,"0002cc0100000eb0","36543f3e0ef9357913152bc3c8000000002000000000fffffee8ffa9ff96ffb6f7ce",2,3.34,,19,21.17,76.48,,0.00,,0,32,0,0,,,-0.49,-0.96,-0.95,-0.96,-0.86,-1.00
2024-10-20T03:45:54Z,"0002cc0100000eb0","36543f3f72f93579131527c51e000000002101000000df55e47bf7046f727e10",2,3.34,,19,21.15,77.00,,0.00,,1,33,0,0,,,,0.76,0.23,-0.44,-0.07,-0.06
2024-10-20T03:51:50Z,"0002cc0100000eb0","36543f40d6f93569131536c55100000000230200000077e07c93d5e1dc4e57b26513",2,3.34,,19,21.21,77.08,,0.00,,2,35,0,0,,,0.08,0.03,-0.03,-0.02,0.57,0.49
2024-10-20T03:57:45Z,"0002cc0100000eb0","36543f4239f9357913153ec498000000002401000000ff547c07ec56e50ffed0",2,3.34,,19,21.24,76.80,,0.00,,1,36,0,0,,,,-0.85,-0.08,-0.14,0.50,-0.92
2024-10-20T04:03:41Z,"0002cc0100000eb0","36543f439df9356d13153ec4ec000000002501000000fcc5ed2f775d7776e742",2,3.34,,19,21.24,76.92,,0.00,,1,37,0,0,,,,-0.11,0.47,0.46,-0.16,-0.60
2024-10-20T04:09:37Z,"0002cc0100000eb0","36543f4501f9357d13153ac449000000002500000000fffffffffffffffffefdffff",2,3.34,,19,21.22,76.68,,0.00,,0,37,0,0,,,-1.00,-0.87,-1.00,-1.00,-1.00,-1.00
2024-10-20T04:15:33Z,"0002cc0100000eb0","36543f4665f9356d131527c422000000002500000000fd01ffffffffffcdff14",2,3.34,,19,21.15,76.62,,0.00,,0,37,0,0,,,,-0.88,-0.98,-1.00,-1.00,-0.63
2024-10-20T04:21:29Z,"0002cc0100000eb0","36543f47c9f9356d131527c42f000000002500000000ffffef35ffffffdffe44",2,3.34,,19,21.15,76.64,,0.00,,0,37,0,0,,,,-0.78,-0.98,-1.00,-0.23,-1.00
2024-10-20T04:27:25Z,"0002cc0100000eb0","36543f492df9356d131524c3ef000000002500000000fed8ffffff76fee2ffffffff",2,3.34,,19,21.14,76.54,,0.00,,0,37,0,0,,,-1.00,-1.00,-0.86,-0.93,-1.00,-0.86
2024-10-20T04:33:21Z,"0002cc0100000eb0","36543f4a91f93579131527c422000000002500000000fcef6f9cf54af5ae76c8",2,3.34,,19,21.15,76.62,,0.00,,0,37,0,0,,,,0.42,-0.36,-0.33,0.24,-0.62
2024-10-20T04:39:17Z,"0002cc0100000eb0","36543f4bf5f9356513152bc542000000002702000000fdcefd2fe4d97c40fc31",2,3.34,,19,21.17,77.06,,0.00,,2,39,0,0,,,,-0.52,0.53,-0.08,-0.65,-0.73
2024-10-20T04:45:13Z,"0002cc0100000eb0","36543f4d59f93569131530c4f8000000002902000000f425e55af668750feee7f407",2,3.34,,19,21.18,76.94,,0.00,,2,41,0,0,,,-0.25,-0.22,0.32,-0.40,-0.08,-0.26
2024-10-20T04:51:09Z,"0002cc0100000eb0","36543f4ebdf9357d13153ec4520000000029000000006c31fd34fffffe57fffd",2,3.34,,19,21.24,76.69,,0.00,,0,41,0,0,,,,-1.00,-0.79,-1.00,-0.65,0.13
2024-10-20T04:57:05Z,"0002cc0100000eb0","36543f5021f93579131533c40b000000002900000000ffcbfffffde4f679fec6ff10",2,3.34,,19,21.20,76.58,,0.00,,0,41,0,0,,,-0.88,-0.85,-0.40,-0.74,-1.00,-0.97
2024-10-20T05:03:01Z,"0002cc0100000eb0","36543f5185f93579131530c3b6000000002900000000ff00f4b5feb5ffa8ff54ff79",2,3.34,,19,21.18,76.45,,0.00,,0,41,0,0,,,-0.93,-0.92,-0.96,-0.84,-0.29,-0.87
2024-10-20T05:08:57Z,"0002cc0100000eb0","36543f52e9f93575131527c3b1000000002a01000000ffdcffffffffeec5ce7a",2,3.34,,19,21.15,76.44,,0.00,,1,42,0,0,,,,-0.01,-0.21,-1.00,-1.00,-0.98
2024-10-20T05:14:53Z,"0002cc0100000eb0","36543f544df9357913152bc3ba000000002b010000007ce9fc32ff39ffffffff",2,3.34,,19,21.17,76.46,,0.00,,1,43,0,0,,,,-1.00,-1.00,-0.90,-0.52,0.61
2024-10-20T05:20:48Z,"0002cc0100000eb0","36543f55b0f9356d131524c3e0000000002b00000000ff6dfffffffffde9fdcc",2,3.34,,19,21.14,76.51,,0.00,,0,43,0,0,,,,-0.72,-0.74,-1.00,-1.00,-0.93
2024-10-20T05:26:44Z,"0002cc0100000eb0","36543f5714f9356d13152bc486392ed0002c01000000eff2f475ee79cc24d731763c",2,3.34,,19,21.17,76.77,,0.02,,1,44,0,0,,,0.39,-0.03,-0.01,-0.20,-0.28,-0.25
2024-10-20T05:32:41Z,"0002cc0100000eb0","36543f5879f9357513153ec578000000002d010000006d12f50a4fc7743277797caf",2,3.34,,19,21.24,77.14,,0.00,,1,45,0,0,,,0.59,0.47,0.26,0.02,-0.32,0.16
2024-10-20T05:38:36Z,"0002cc0100000eb0","36543f59dcf93575131553c4d7000000002d000000007cf57c9875ce6f1e7c9e",2,3.34,,19,21.32,76.89,,0.00,,0,45,0,0,,,,0.58,0.22,0.36,0.57,0.62
2024-10-20T05:44:32Z,"0002cc0100000eb0","36543f5b40f93559131569c828000000002e0100000076fd7cb17558f434feca",2,3.33,,19,21.41,78.19,,0.00,,1,46,0,0,,,,-0.85,-0.26,0.33,0.59,0.44
2024-10-20T05:50:28Z,"0002cc0100000eb0","36543f5ca4f9356d13156cc6da00000000310300000074dd6d8a5c8774aa76e76f63",2,3.34,,19,21.42,77.68,,0.00,,3,49,0,0,,,0.23,0.43,0.29,0.04,0.17,0.30
2024-10-20T05:56:24Z,"0002cc0100000eb0","36543f5e08f9356913157bc6ea0000000033020000007dac66da7d7277026e84",2,3.34,,19,21.48,77.70,,0.00,,2,51,0,0,,,,0.20,0.44,0.68,0.11,0.71
2024-10-20T06:02:20Z,"0002cc0100000eb0","36543f5f6cf93579131577c8400000000034010000006e9ffd73f6ba7d2d5f5d",2,3.34,,19,21.46,78.22,,0.00,,1,52,0,0,,,,0.06,0.65,-0.42,-0.68,0.21
2024-10-20T06:08:16Z,"0002cc0100000eb0","36543f60d0f9356d131574c84b0000000037030000007c9c76d776887c34759d6eb7",2,3.34,,19,21.45,78.24,,0.00,,3,55,0,0,,,0.21,0.35,0.53,0.41,0.43,0.58
2024-10-20T06:14:12Z,"0002cc0100000eb0","36543f6234f93569131577c7b3000000003a030000007de8ed5d7c137c107436",2,3.34,,19,21.46,78.01,,0.00,,3,58,0,0,,,,0.26,0.51,0.51,-0.17,0.74
2024-10-20T06:20:08Z,"0002cc0100000eb0","36543f6398f93569131571c906000000003a0000000077487e1d7d9fe443dffa77e0",2,3.34,,19,21.44,78.53,,0.00,,0,58,0,0,,,0.49,-0.06,-0.07,0.70,0.76,0.46
2024-10-20T06:26:04Z,"0002cc0100000eb0","36543f64fcf935711315aaceab392ed0003c020000007d757787fca7f714fe75",2,3.34,,19,21.66,80.73,,0.02,,2,60,0,0,,,,-0.81,-0.44,-0.58,0.47,0.68
2024-10-20T06:32:00Z,"0002cc0100000eb0","36543f6660f935711315b9cda9000000003d010000007c6eefad7ca1efb8eec7",2,3.34,,19,21.72,80.34,,0.00,,1,61,0,0,,,,-0.21,-0.24,0.58,-0.24,0.55
2024-10-20T06:37:56Z,"0002cc0100000eb0","36543f67c4f9357d1315a7cc4b000000003e010000007c1176317ca27e897d9c7c84",2,3.34,,19,21.65,79.80,,0.00,,1,62,0,0,,,0.56,0.70,0.82,0.58,0.39,0.51
2024-10-20T06:43:51Z,"0002cc0100000eb0","36543f6927f9356d131594c8f4000000003e000000006ebf7e417c627cb07770",2,3.34,,19,21.58,78.50,,0.00,,0,62,0,0,,,,0.46,0.59,0.55,0.78,0.21
2024-10-20T06:49:48Z,"0002cc0100000eb0","36543f6a8cf934a013157fc891000000004002000000748876e07debf733f7f076e9",2,3.29,,19,21.49,78.35,,0.00,,2,64,0,0,,,0.43,-0.50,-0.45,0.74,0.43,0.28
2024-10-20T06:55:43Z,"0002cc0100000eb0","36543f6beff202040200157bc9a800000000430300000077ec6d617d2df4a6def6",2,,2.4.2.0,,21.48,78.77,,0.00,,3,67,0,0,,,,-0.05,-0.29,0.65,0.17,0.50
2024-10-20T07:01:39Z,"0002cc0100000eb0","36543f6d53f9356d13156cc7c8000000004401000000ff18f4f76e4b7db07cd4",2,3.34,,19,21.42,78.04,,0.00,,1,68,0,0,,,,0.60,0.71,0.20,-0.31,-0.89
2024-10-20T07:07:35Z,"0002cc0100000eb0","36543f6eb7f9356913157bcbfd000000004703000000e65c3d4e743b76777cbf7c4d",2,3.34,,19,21.48,79.68,,0.00,,3,71,0,0,,,0.54,0.59,0.40,0.26,0.00,-0.10
2024-10-20T07:13:31Z,"0002cc0100000eb0","36543f701bf9356913157fc98f000000004b040000007ca0759e76527d23ec38",2,3.34,,19,21.49,78.74,,0.00,,4,75,0,0,,,,-0.13,0.64,0.39,0.35,0.58
2024-10-20T07:19:27Z,"0002cc0100000eb0","36543f717ff9357d131571c785000000004b000000007c5a660b7c1b75a67472",2,3.34,,19,21.44,77.94,,0.00,,0,75,0,0,,,,0.28,0.35,0.51,0.09,0.54
2024-10-20T07:25:23Z,"0002cc0100000eb0","36543f72e3f9356d131571c89d000000004d02000000fc4afcb474837d257d98",2,3.34,,19,21.44,78.37,,0.00,,2,77,0,0,,,,0.70,0.64,0.28,-0.59,-0.54
2024-10-20T07:31:19Z,"0002cc0100000eb0","36543f7447f93579131571ca04000000004f0200000077e975b6f404f4cad4736c08",2,3.34,,19,21.44,78.91,,0.00,,2,79,0,0,,,0.13,-0.02,-0.30,-0.25,0.36,0.49
2024-10-20T07:37:15Z,"0002cc0100000eb0","36543f75abf93575131571c86d0000000051020000007dd47c1c7ce0657b7759",2,3.34,,19,21.44,78.29,,0.00,,2,81,0,0,,,,0.46,0.09,0.61,0.51,0.73
2024-10-20T07:43:11Z,"0002cc0100000eb0","36543f770ff9356d13156cc7dd000000005302000000677a7dce7528ecf67e067d0e",2,3.34,,19,21.42,78.07,,0.00,,2,83,0,0,,,0.63,0.75,-0.15,0.32,0.73,0.12
2024-10-20T07:49:07Z,"0002cc0100000eb0","36543f7873f9356513157fcafb0000000053000000007db07cb86cd377356eac",2,3.34,,19,21.49,79.29,,0.00,,0,83,0,0,,,,0.21,0.45,0.15,0.59,0.71
2024-10-20T07:55:03Z,"0002cc0100000eb0","36543f79d7f9356d13157fc933000000005300000000ee77c62e6c9a76c376717518",2,3.34,,19,21.49,78.59,,0.00,,0,83,0,0,,,0.32,0.40,0.42,0.14,-0.01,-0.20
2024-10-20T08:00:59Z,"0002cc0100000eb0","36543f7b3bf9356d131574c786000000005300000000ecb34ee0f6646fd17757",2,3.34,,19,21.45,77.94,,0.00,,0,83,0,0,,,,0.46,0.24,-0.40,0.01,-0.15
2024-10-20T08:06:54Z,"0002cc0100000eb0","36543f7c9ef9356513156cc8630000000053000000007c137d4e77dbcec36ec8",2,3.34,,19,21.42,78.28,,0.00,,0,83,0,0,,,,0.21,-0.01,0.49,0.66,0.51
2024-10-20T08:12:51Z,"0002cc0100000eb0","36543f7e03f93565131571c7c4000000005300000000d57b77b56d267d357d6d7dae",2,3.34,,19,21.44,78.03,,0.00,,0,83,0,0,,,0.71,0.68,0.65,0.16,0.48,-0.02
2024-10-20T08:18:46Z,"0002cc0100000eb0","36543f7f66f9357913156cc7ac000000005502000000766ad5b97c58fc446f68",2,3.34,,19,21.42,78.00,,0.00,,2,85,0,0,,,,0.23,-0.53,0.54,-0.02,0.40
2024-10-20T08:24:42Z,"0002cc0100000eb0","36543f80caf93569131574c7e9000000005500000000569b74dedd5974f276007c91",2,3.34,,19,21.45,78.09,,0.00,,0,85,0,0,,,0.57,0.38,0.31,-0.04,0.30,0.03
2024-10-20T08:30:38Z,"0002cc0100000eb0","36543f822ef93579131577c8cc00000000570200000066ea75826e1f748977bc",2,3.34,,19,21.46,78.44,,0.00,,2,87,0,0,,,,0.48,0.28,0.19,0.34,0.11
2024-10-20T08:36:34Z,"0002cc0100000eb0","36543f8392f93575131574c9e3000000005801000000fda575dc7ce7f7d46f5f",2,3.34,,19,21.45,78.86,,0.00,,1,88,0,0,,,,0.23,-0.49,0.61,0.37,-0.71
2024-10-20T08:42:30Z,"0002cc0100000eb0","36543f84f6f93569131571c73700000000580000000075377e1764b2f61f7c8b",2,3.34,,19,21.44,77.82,,0.00,,0,88,0,0,,,,0.57,-0.38,0.07,0.76,0.33
2024-10-20T08:48:26Z,"0002cc0100000eb0","36543f865af9356513156cc8630000000059010000006573ed226cda75707de5",2,3.34,,19,21.42,78.28,,0.00,,1,89,0,0,,,,0.74,0.34,0.15,-0.16,0.09
2024-10-20T08:54:22Z,"0002cc0100000eb0","36543f87bef93575131577cb67000000005900000000fc68e5686ed86cc07cdf6d3d",2,3.34,,19,21.46,79.46,,0.00,,0,89,0,0,,,0.16,0.61,0.15,0.21,-0.08,-0.55
2024-10-20T09:00:18Z,"0002cc0100000eb0","36543f8922f9356113157fca46000000005b0200000075406cfbfca575f27666",2,3.34,,19,21.49,79.01,,0.00,,2,91,0,0,,,,0.40,0.37,-0.58,0.16,0.33
2024-10-20T09:06:14Z,"0002cc0100000eb0","36543f8a86f9356113157fc8e5000000005d020000006c037c487c9f6fa9eda56d3b",2,3.34,,19,21.49,78.48,,0.00,,2,93,0,0,,,0.16,-0.18,0.24,0.58,0.54,0.13
2024-10-20T09:12:10Z,"0002cc0100000eb0","36543f8beaf9356913157fc7da000000005e01000000665776b8ee44f5f9fc45",2,3.34,,19,21.49,78.07,,0.00,,1,94,0,0,,,,-0.53,-0.37,-0.20,0.42,0.10
2024-10-20T09:18:06Z,"0002cc0100000eb0","36543f8d4ef9356d131569c6c9000000005e00000000fd7bfc6dff7ae78cff7eff07",2,3.34,,19,21.41,77.65,,0.00,,0,94,0,0,,,-0.88,-0.94,-0.12,-0.93,-0.55,-0.69
2024-10-20T09:24:02Z,"0002cc0100000eb0","36543f8eb2f9356d131557c693000000005e00000000ffffffffffffffffffff",2,3.34,,19,21.34,77.57,,0.00,,0,94,0,0,,,,-1.00,-1.00,-1.00,-1.00,-1.00
2024-10-20T09:29:58Z,"0002cc0100000eb0","36543f9016f9356913154cc686000000005e00000000fffffffffffffffffefeffff",2,3.34,,19,21.30,77.55,,0.00,,0,94,0,0,,,-1.00,-0.87,-1.00,-1.00,-1.00,-1.00
2024-10-20T09:35:54Z,"0002cc0100000eb0","36543f917af9356d13153ec651000000005e00000000ffffffffffffffffffff",2,3.34,,19,21.24,77.47,,0.00,,0,94,0,0,,,,-1.00,-1.00,-1.00,-1.00,-1.00
2024-10-20T09:41:50Z,"0002cc0100000eb0","36543f92def9356d131536c638000000005f01000000fffffd14f629feabffff",2,3.34,,19,21.21,77.43,,0.00,,1,95,0,0,,,,-1.00,-0.83,-0.38,-0.63,-1.00
2024-10-20T09:47:46Z,"0002cc0100000eb0","36543f9442f9356d13152bc5e4000000005f00000000fffffffffffffffffeb4",2,3.34,,19,21.17,77.30,,0.00,,0,95,0,0,,,,-0.84,-1.00,-1.00,-1.00,-1.00
2024-10-20T09:53:42Z,"0002cc0100000eb0","36543f95a6f9356d131530c5c3000000005f00000000ffffffffffffffeaffffffff",2,3.34,,19,21.18,77.25,,0.00,,0,95,0,0,,,-1.00,-1.00,-0.99,-1.00,-1.00,-1.00
2024-10-20T09:59:37Z,"0002cc0100000eb0","36543f9709f9357113152bc597000000005f00000000ffffffffffffffffffff",2,3.34,,19,21.17,77.18,,0.00,,0,95,0,0,,,,-1.00,-1.00,-1.00,-1.00,-1.00
2024-10-20T10:05:33Z,"0002cc0100000eb0","36543f986df93569131530c5d20000000061020000005e4efc45ed98f476fe4cfefd",2,3.34,,19,21.18,77.27,,0.00,,2,97,0,0,,,-0.87,-0.79,-0.28,-0.17,-0.53,0.05
2024-10-20T10:11:29Z,"0002cc0100000eb0","36543f99d1f93571131530c561000000006100000000ffffffffffffffffffff",2,3.34,,19,21.18,77.10,,0.00,,0,97,0,0,,,,-1.00,-1.00,-1.00,-1.00,-1.00
2024-10-20T10:17:25Z,"0002cc0100000eb0","36543f9b35f9356d13152bc534000000006100000000ffffffffffffffffff20",2,3.34,,19,21.17,77.03,,0.00,,0,97,0,0,,,,-0.89,-1.00,-1.00,-1.00,-1.00
2024-10-20T10:23:21Z,"0002cc0100000eb0","36543f9c99f9356d131530c5a60000000062010000005cf777c9fc5cffffffffffff",2,3.34,,19,21.18,77.21,,0.00,,1,98,0,0,,,-1.00,-1.00,-1.00,-0.54,0.49,0.04
2024-10-20T10:29:17Z,"0002cc0100000eb0","36543f9dfdf9356d131524c522000000006200000000ffffff7cffffffc3ffff",2,3.34,,19,21.14,77.01,,0.00,,0,98,0,0,,,,-1.00,-0.97,-1.00,-0.94,-1.00
2024-10-20T10:35:13Z,"0002cc0100000eb0","36543f9f61f93575131527c50f000000006200000000fffffffffc7dffffffff",2,3.34,,19,21.15,76.98,,0.00,,0,98,0,0,,,,-1.00,-1.00,-0.56,-1.00,-1.00
2024-10-20T10:41:09Z,"0002cc0100000eb0","36543fa0c5f9356d131530c5ca000000006200000000fc65ded2f5767d03ee80e795",2,3.34,,19,21.18,77.26,,0.00,,0,98,0,0,,,-0.12,-0.20,0.63,-0.34,-0.05,-0.55
2024-10-20T10:47:05Z,"0002cc0100000eb0","36543fa229f9355d131549c94e000000006301000000d7d27c9efc2f759afcd9",2,3.34,,19,21.28,78.64,,0.00,,1,99,0,0,,,,-0.61,0.35,-0.52,0.58,-0.03
2024-10-20T10:53:01Z,"0002cc0100000eb0","36543fa38df9357d131541c654000000006300000000ff13f6cbffb0ffffff5effff",2,3.34,,19,21.25,77.47,,0.00,,0,99,0,0,,,-1.00,-0.92,-1.00,-0.96,-0.42,-0.88
2024-10-20T10:58:57Z,"0002cc0100000eb0","36543fa4f1f2020402001541c58a000000006300000000fffffdc4ffffffffffff",2,,2.4.2.0,,21.25,77.16,,0.00,,0,99,0,0,,,,-1.00,-1.00,-1.00,-0.72,-1.00
2024-10-20T11:04:53Z,"0002cc0100000eb0","36543fa655f9357513153ec6053d5712006401000000ffffff007c1b7cb27d56740c",2,3.34,,19,21.24,77.35,,0.34,,1,100,0,0,,,0.25,0.67,0.59,0.51,-0.87,-1.00
2024-10-20T11:10:49Z,"0002cc0100000eb0","36543fa7b9f93569131541c5e43d57120065010000007ceb7d5b7c437d4e7d60",2,3.34,,19,21.25,77.30,,0.34,,1,101,0,0,,,,0.67,0.66,0.53,0.67,0.61
2024-10-20T11:16:45Z,"0002cc0100000eb0","36543fa91df9356d13155ec9953d57120068030000007c427cb36d5a6c2d7d76",2,3.34,,19,21.37,78.74,,0.34,,3,104,0,0,,,,0.68,0.13,0.17,0.59,0.53
2024-10-20T11:22:41Z,"0002cc0100000eb0","36543faa81f9356d13155bc866381b2c006901000000fffffffffd107c2575565fb9",2,3.34,,19,21.35,78.28,,0.01,,1,105,0,0,,,0.06,0.33,0.52,-0.63,-1.00,-1.00
2024-10-20T11:28:36Z,"0002cc0100000eb0","36543fabe4f9356d131566c8a53d5712006a01000000f496fc677d1aecaf6f1a",2,3.34,,19,21.40,78.38,,0.34,,1,106,0,0,,,,0.22,-0.15,0.64,-0.55,-0.29
2024-10-20T11:34:33Z,"0002cc0100000eb0","36543fad49f9356d13155ec74d3d5712006a000000007c907cc67413f4e774377c11",2,3.34,,19,21.37,77.85,,0.34,,0,106,0,0,,,0.51,0.26,-0.31,0.25,0.60,0.57
2024-10-20T11:40:28Z,"0002cc0100000eb0","36543faeacf9356d131569c7c53d8ab9006a00000000fd7f751d7c306e6cccf9",2,3.34,,19,21.41,78.04,,0.39,,0,106,0,0,,,,-0.01,0.20,0.52,0.32,-0.69
2024-10-20T11:46:24Z,"0002cc0100000eb0","36543fb010f93579131562c6bd3d5712006a0000000044a96d367d917e65cc8b",2,3.34,,19,21.38,77.63,,0.34,,0,106,0,0,,,,-0.01,0.80,0.70,0.16,0.00
2024-10-20T11:52:20Z,"0002cc0100000eb0","36543fb174f9356d131562c7c13d5712006a00000000f6a976d4ecf265d67d17dfa6",2,3.34,,19,21.38,78.03,,0.34,,0,106,0,0,,,-0.06,0.64,0.09,-0.15,0.43,-0.42
2024-10-20T11:58:16Z,"0002cc0100000eb0","36543fb2d8f9356d13155ec83d39cb89006a00000000753d6d11df037c30ded9",2,3.34,,19,21.37,78.22,,0.03,,0,106,0,0,,,,-0.05,0.52,-0.05,0.16,0.33
2024-10-20T12:04:12Z,"0002cc0100000eb0","36543fb43cf9357513156cca083d8ab9006a00000000778b64c25e69778cfdaa",2,3.34,,19,21.42,78.92,,0.39,,0,106,0,0,,,,-0.71,0.47,0.05,0.07,0.47
2024-10-20T12:10:08Z,"0002cc0100000eb0","36543fb5a0f9357913156cc9203d8ab9006a000000007c1af420e5b0fc9eff5a",2,3.34,,19,21.42,78.57,,0.39,,0,106,0,0,,,,-0.92,-0.58,-0.09,-0.26,0.51
2024-10-20T12:16:04Z,"0002cc0100000eb0","36543fb704f9356d131557c6e73d91da006a00000000fdfafc83fe7effffffffffff",2,3.34,,19,21.34,77.70,,0.39,,0,106,0,0,,,-1.00,-1.00,-1.00,-0.81,-0.56,-0.75
2024-10-20T12:22:00Z,"0002cc0100000eb0","36543fb868f9356d131541c6083d5712006a00000000fdf8ff33ffffffffffe0",2,3.34,,19,21.25,77.36,,0.34,,0,106,0,0,,,,-0.98,-1.00,-1.00,-0.90,-0.75
2024-10-20T12:27:56Z,"0002cc0100000eb0","36543fb9ccf93579131536c59d3d5712006a00000000fffffffffff6ffffffff",2,3.34,,19,21.21,77.19,,0.34,,0,106,0,0,,,,-1.00,-1.00,-0.99,-1.00,-1.00
2024-10-20T12:33:49Z,"0002cc0100000eb0","36543fbb2df93575131530c5283d5712006a00000000ffffff15ffffffffffdafff6",3,3.34,,19,21.18,77.02,,0.34,,0,106,0,0,,,-1.00,-0.98,-1.00,-1.00,-0.89,-1.00
2024-10-20T12:39:45Z,"0002cc0100000eb0","36543fbc91f93579131521c5043d98fb006a00000000ffffffffffffffffffff",2,3.34,,19,21.13,76.96,,0.40,,0,106,0,0,,,,-1.00,-1.00,-1.00,-1.00,-1.00
2024-10-20T12:45:41Z,"0002cc0100000eb0","36543fbdf5f9356d131521c4c43d8ab9006a00000000fffffffffffffffffff6",2,3.34,,19,21.13,76.86,,0.39,,0,106,0,0,,,,-0.99,-1.00,-1.00,-1.00,-1.00
2024-10-20T12:51:37Z,"0002cc0100000eb0","36543fbf59f93579131516c46a3d5712006a00000000ffffffffffffffc1ffffffff",2,3.34,,19,21.08,76.73,,0.34,,0,106,0,0,,,-1.00,-1.00,-0.97,-1.00,-1.00,-1.00
2024-10-20T12:57:33Z,"0002cc0100000eb0","36543fc0bdf93575131516c4473d8ab9006a00000000ffffffffffffffffff39",2,3.34,,19,21.08,76.67,,0.39,,0,106,0,0,,,,-0.90,-1.00,-1.00,-1.00,-1.00
2024-10-20T13:03:29Z,"0002cc0100000eb0","36543fc221f9356d13150bc3f93d8ab9006a00000000fffffffffffffffffffffe54",2,3.34,,19,21.04,76.55,,0.39,,0,106,0,0,,,-0.79,-1.00,-1.00,-1.00,-1.00,-1.00
2024-10-20T13:09:25Z,"0002cc0100000eb0","36543fc385f9357113150ec47a3d5712006a00000000ff92fcddfffffecd6c44",2,3.34,,19,21.05,76.75,,0.34,,0,106,0,0,,,,0.13,-0.85,-1.00,-0.61,-0.95
2024-10-20T13:15:21Z,"0002cc0100000eb0","36543fc4e9f93579131512c3b13d8ab9006a00000000ffffffffffffffa5ffff",2,3.34,,19,21.07,76.44,,0.39,,0,106,0,0,,,,-1.00,-0.96,-1.00,-1.00,-1.00
2024-10-20T13:21:17Z,"0002cc0100000eb0","36543fc64df9356913150bc37b3d5712006a00000000ffffffffffffffffffa4ffeb",2,3.34,,19,21.04,76.36,,0.34,,0,106,0,0,,,-0.99,-0.95,-1.00,-1.00,-1.00,-1.00
2024-10-20T13:27:13Z,"0002cc0100000eb0","36543fc7b1f9357913150bc30b3d8ab9006a00000000ffffffffffffff8ffe62",2,3.34,,19,21.04,76.19,,0.39,,0,106,0,0,,,,-0.80,-0.94,-1.00,-1.00,-1.00
2024-10-20T13:33:08Z,"0002cc0100000eb0","36543fc914f93579131507c3a43d8ab9006a00000000fdc1fd37f4c0fc0dfe48",2,3.34,,19,21.03,76.42,,0.39,,0,106,0,0,,,,-0.79,-0.51,-0.30,-0.65,-0.72
2024-10-20T13:39:05Z,"0002cc0100000eb0","36543fca79f9356d13150ec42e3d8ab9006a00000000f750fd37ef69ff19ffffffff",2,3.34,,19,21.05,76.63,,0.39,,0,106,0,0,,,-1.00,-1.00,-0.89,-0.23,-0.65,-0.46
2024-10-20T13:45:00Z,"0002cc0100000eb0","36543fcbdcf9356d13150bc34b3d8ab9006a00000000ffffffffffffffffff92",2,3.34,,19,21.04,76.29,,0.39,,0,106,0,0,,,,-0.95,-1.00,-1.00,-1.00,-1.00
2024-10-20T13:50:56Z,"0002cc0100000eb0","36543fcd40f9356513150bc30b3d5712006a00000000ffffffc1ffffffffffffffff",2,3.34,,19,21.04,76.19,,0.34,,0,106,0,0,,,-1.00,-1.00,-1.00,-1.00,-0.97,-1.00
2024-10-20T13:56:52Z,"0002cc0100000eb0","36543fcea4f9356d131507c2df3d5712006a00000000ff5cffffffe4fffffffffde9",2,3.34,,19,21.03,76.12,,0.34,,0,106,0,0,,,-0.74,-1.00,-1.00,-0.99,-1.00,-0.92
2024-10-20T14:02:48Z,"0002cc0100000eb0","36543fd008f9356d131503c2583d8ab9006a00000000fffffffffffffffffcdc",2,3.34,,19,21.01,75.92,,0.39,,0,106,0,0,,,,-0.61,-1.00,-1.00,-1.00,-1.00
2024-10-20T14:08:44Z,"0002cc0100000eb0","36543fd16cf9357513150bc3213d8ab9006a00000000fffff642ffdaffffffff",2,3.34,,19,21.04,76.22,,0.39,,0,106,0,0,,,,-1.00,-1.00,-0.98,-0.39,-1.00
2024-10-20T14:14:40Z,"0002cc0100000eb0","36543fd2d0f93575131503c2883d8ab9006a00000000ffffffffff04ffffffffffff",2,3.34,,19,21.01,75.99,,0.39,,0,106,0,0,,,-1.00,-1.00,-1.00,-0.88,-1.00,-1.00
2024-10-20T14:20:36Z,"0002cc0100000eb0","36543fd434f9357513150bc26a3d5712006a00000000ffffffffffffffffffff",2,3.34,,19,21.04,75.94,,0.34,,0,106,0,0,,,,-1.00,-1.00,-1.00,-1.00,-1.00
2024-10-20T14:26:32Z,"0002cc0100000eb0","36543fd598f93579131503c22d3d8ab9006a00000000fffffffffe88ffffffff",2,3.34,,19,21.01,75.85,,0.39,,0,106,0,0,,,,-1.00,-1.00,-0.82,-1.00,-1.00
2024-10-20T14:32:28Z,"0002cc0100000eb0","36543fd6fcf9356d131500c2163d8ab9006a00000000ffffffffff8fffffffff",2,3.34,,19,21.00,75.82,,0.39,,0,106,0,0,,,,-1.00,-1.00,-0.94,-1.00,-1.00
2024-10-20T14:38:24Z,"0002cc0100000eb0","36543fd860f9356d131503c2273d91da006a00000000fd03fdfeffffff9cffffffff",2,3.34,,19,21.01,75.84,,0.39,,0,106,0,0,,,-1.00,-1.00,-0.95,-1.00,-0.75,-0.63
2024-10-20T14:44:20Z,"0002cc0100000eb0","36543fd9c4f93579131503c26d3d5712006a00000000ffffffffffffff74f51f",2,3.34,,19,21.01,75.95,,0.34,,0,106,0,0,,,,-0.32,-0.93,-1.00,-1.00,-1.00
2024-10-20T14:50:16Z,"0002cc0100000eb0","36543fdb28f9356d131503c22d3d8ab9006a000000007558ffe9fecfffffffec",2,3.34,,19,21.01,75.85,,0.39,,0,106,0,0,,,,-0.99,-1.00,-0.85,-0.99,0.33
2024-10-20T14:56:12Z,"0002cc0100000eb0","36543fdc8cf9357913150bc1c13d4238006a00000000fe99ff1fffffffffffff",2,3.34,,19,21.04,75.69,,0.31,,0,106,0,0,,,,-1.00,-1.00,-1.00,-0.89,-0.82
2024-10-20T15:02:08Z,"0002cc0100000eb0","36543fddf0f2020402001503c1bc3d4238006a00000000ffffffbaffffffffffbfffc7",2,,2.4.2.0,,21.01,75.68,,0.31,,0,106,0,0,,,-0.97,-0.97,-1.00,-1.00,-0.97,-1.00
2024-10-20T15:08:04Z,"0002cc0100000eb0","36543fdf54f93575131512c69f3d9da6006a00000000fffffffffd0aed66ffff",2,3.34,,19,21.07,77.59,,0.40,,0,106,0,0,,,,-1.00,-0.17,-0.63,-1.00,-1.00
2024-10-20T15:13:59Z,"0002cc0100000eb0","36543fe0b7f93579131516c5d03d4238006a00000000ffebffffffffffcfffff",2,3.34,,19,21.08,77.27,,0.31,,0,106,0,0,,,,-1.00,-0.98,-1.00,-1.00,-0.99
2024-10-20T15:19:56Z,"0002cc0100000eb0","36543fe21cf9357913150ec4d63d4238006a00000000fffffef1ffb5ffffffffffff",2,3.34,,19,21.05,76.89,,0.31,,0,106,0,0,,,-1.00,-1.00,-1.00,-0.96,-0.87,-1.00
2024-10-20T15:25:51Z,"0002cc0100000eb0","36543fe37ff93561131503c4173d4238006a00000000ffffffffff8efffffd64",2,3.34,,19,21.01,76.60,,0.31,,0,106,0,0,,,,-0.67,-1.00,-0.94,-1.00,-1.00
2024-10-20T15:31:47Z,"0002cc0100000eb0","36543fe4e3f9356d131503c3a83d5712006a00000000fcb8ff32ffbffff3fd2c",2,3.34,,19,21.01,76.43,,0.34,,0,106,0,0,,,,-0.65,-0.99,-0.97,-0.90,-0.59
2024-10-20T15:37:43Z,"0002cc0100000eb0","36543fe647f93565131503c42c3befb9006b01000000fdd9ff1dfd8474296d31fe9e",2,3.34,,19,21.01,76.63,,0.12,,1,107,0,0,,,-0.83,0.16,0.26,-0.69,-0.89,-0.73
2024-10-20T15:43:39Z,"0002cc0100000eb0","36543fe7abf93569131516c50c3d5712006c01000000771feec36dae7da076b8",2,3.34,,19,21.08,76.97,,0.34,,1,108,0,0,,,,0.42,0.70,0.18,-0.21,0.44
2024-10-20T15:49:35Z,"0002cc0100000eb0","36543fe90ff9356d13152bc75039cb89006c00000000ff04ece2ec717482f78e",2,3.34,,19,21.17,77.86,,0.03,,0,108,0,0,,,,-0.47,0.28,-0.14,-0.15,-0.88
2024-10-20T15:55:31Z,"0002cc0100000eb0","36543fea73f93540131524c5843d98fb006c00000000fe0dffffffffff41fc9bff51",2,3.33,,19,21.14,77.16,,0.40,,0,108,0,0,,,-0.91,-0.58,-0.91,-1.00,-1.00,-0.76
2024-10-20T16:01:27Z,"0002cc0100000eb0","36543febd7f93561131519c5003d5712006c00000000fea1ffffffffffffffff",2,3.34,,19,21.10,76.95,,0.34,,0,108,0,0,,,,-1.00,-1.00,-1.00,-1.00,-0.83
2024-10-20T16:07:23Z,"0002cc0100000eb0","36543fed3bf9356d13150ec50d3d5712006c00000000fffffff4ffffffffffff",2,3.34,,19,21.05,76.97,,0.34,,0,108,0,0,,,,-1.00,-1.00,-1.00,-0.99,-1.00
2024-10-20T16:13:19Z,"0002cc0100000eb0","36543fee9ff9356d131507c5253d8ab9006c00000000ffffffffffffffffffff",2,3.34,,19,21.03,77.01,,0.39,,0,108,0,0,,,,-1.00,-1.00,-1.00,-1.00,-1.00
2024-10-20T16:19:15Z,"0002cc0100000eb0","36543ff003f93575131507c4ec3d5712006c00000000ffffff8fffffffffffffffdc",2,3.34,,19,21.03,76.92,,0.34,,0,108,0,0,,,-0.98,-1.00,-1.00,-1.00,-0.95,-1.00
2024-10-20T16:25:11Z,"0002cc0100000eb0","36543ff167f93569131500c4da3d91da006c00000000feedfffffffffedeffff",2,3.34,,19,21.00,76.90,,0.39,,0,108,0,0,,,,-1.00,-0.86,-1.00,-1.00,-0.87
2024-10-20T16:31:07Z,"0002cc0100000eb0","36543ff2cbf935751314fcc4c23d91da006c00000000ffffffffffffffffffff",2,3.34,,19,20.98,76.86,,0.39,,0,108,0,0,,,,-1.00,-1.00,-1.00,-1.00,-1.00
2024-10-20T16:37:03Z,"0002cc0100000eb0","36543ff42ff9356d1314fcc4a63d8ab9006c00000000fffffffffffffffffffffef2",2,3.34,,19,20.98,76.82,,0.39,,0,108,0,0,,,-0.87,-1.00,-1.00,-1.00,-1.00,-1.00
2024-10-20T16:42:59Z,"0002cc0100000eb0","36543ff593f9356d1314f8c4973d91da006c00000000ffffffffffffffffffff",2,3.34,,19,20.97,76.79,,0.39,,0,108,0,0,,,,-1.00,-1.00,-1.00,-1.00,-1.00
2024-10-20T16:48:55Z,"0002cc0100000eb0","36543ff6f7f935711314f5c44f3d8ab9006c00000000fffffffffffbffffffff",2,3.34,,19,20.95,76.68,,0.39,,0,108,0,0,,,,-1.00,-1.00,-1.00,-1.00,-1.00
2024-10-20T16:54:51Z,"0002cc0100000eb0","36543ff85bf935751314fcc4223d4238006c00000000ffffffb6ffffffffffff",2,3.34,,19,20.98,76.62,,0.31,,0,108,0,0,,,,-1.00,-1.00,-1.00,-0.96,-1.00
2024-10-20T17:00:47Z,"0002cc0100000eb0","36543ff9bff935751314eec3da3d4238006c00000000ffffffffffffffffffff",2,3.34,,19,20.93,76.51,,0.31,,0,108,0,0,,,,-1.00,-1.00,-1.00,-1.00,-1.00
2024-10-20T17:06:43Z,"0002cc0100000eb0","36543ffb23f9356d1314f5c3ba3d4238006c00000000ffffffffffffffffffff",2,3.34,,19,20.95,76.46,,0.31,,0,108,0,0,,,,-1.00,-1.00,-1.00,-1.00,-1.00
2024-10-20T17:12:39Z,"0002cc0100000eb0","36543ffc87f935691314eec3cc3d4238006c00000000ffffffffffffffe1ffff",2,3.34,,19,20.93,76.48,,0.31,,0,108,0,0,,,,-1.00,-0.98,-1.00,-1.00,-1.00
2024-10-20T17:18:35Z,"0002cc0100000eb0","36543ffdebf935791314e6c3483d9da6006c00000000fe5bfca5ffeffdcaffffffff",2,3.34,,19,20.90,76.28,,0.40,,0,108,0,0,,,-1.00,-1.00,-0.72,-0.99,-0.58,-0.79
2024-10-20T17:24:31Z,"0002cc0100000eb0","36543fff4ff935791314f1c3023d5712006c00000000ffffff77ffffff8effff",2,3.34,,19,20.94,76.18,,0.34,,0,108,0,0,,,,-1.00,-0.94,-1.00,-0.93,-1.00
2024-10-20T17:30:27Z,"0002cc0100000eb0","36544000b3f935691314eec33f3d5712006c00000000ffffffffffffffffffffffff",2,3.34,,19,20.93,76.27,,0.34,,0,108,0,0,,,-1.00,-1.00,-1.00,-1.00,-1.00,-1.00
2024-10-20T17:36:23Z,"0002cc0100000eb0","3654400217f935791314eec32a3d8ab9006c00000000fec6ffffffffffffffff",2,3.34,,19,20.93,76.24,,0.39,,0,108,0,0,,,,-1.00,-1.00,-1.00,-1.00,-0.85
2024-10-20T17:42:19Z,"0002cc0100000eb0","365440037bf935791314eac33c3d5712006c00000000ffffffffffffffffffff",2,3.34,,19,20.91,76.26,,0.34,,0,108,0,0,,,,-1.00,-1.00,-1.00,-1.00,-1.00
2024-10-20T17:48:15Z,"0002cc0100000eb0","36544004dff935791314f1c34e3d5712006c00000000ffffffffff6cff9cffff",2,3.34,,19,20.94,76.29,,0.34,,0,108,0,0,,,,-1.00,-0.95,-0.93,-1.00,-1.00
2024-10-20T17:54:11Z,"0002cc0100000eb0","3654400643f935691314f5c3053d5712006c00000000feb5fe98fffafefaff4afed4",2,3.34,,19,20.95,76.18,,0.34,,0,108,0,0,,,-0.85,-0.91,-0.87,-1.00,-0.82,-0.84
2024-10-20T18:00:06Z,"0002cc0100000eb0","36544007a6f93571131503c5d9391b2c006d010000007698e55575d276687c60",2,3.34,,19,21.01,77.29,,0.02,,1,109,0,0,,,,0.55,0.40,0.36,-0.08,0.41
2024-10-20T18:06:02Z,"0002cc0100000eb0","365440090af93579131519c3b63d91da006e010000006c5ed513edbef768fe4b",2,3.34,,19,21.10,76.45,,0.39,,1,110,0,0,,,,-0.79,-0.46,-0.18,-0.02,0.14
2024-10-20T18:11:58Z,"0002cc0100000eb0","3654400a6ef9356d131519c3543d5712006e00000000fffffebeffe1feb9ffff",2,3.34,,19,21.10,76.30,,0.34,,0,110,0,0,,,,-1.00,-0.84,-0.98,-0.84,-1.00
2024-10-20T18:17:54Z,"0002cc0100000eb0","3654400bd2f9357913150bc3183d5712006e00000000ffffffffffa5ffffffffffff",2,3.34,,19,21.04,76.21,,0.34,,0,110,0,0,,,-1.00,-1.00,-1.00,-0.96,-1.00,-1.00
2024-10-20T18:23:50Z,"0002cc0100000eb0","3654400d36f93561131507c2ed3d5712006e00000000ffffff3affa7ffffffff",2,3.34,,19,21.03,76.14,,0.34,,0,110,0,0,,,,-1.00,-1.00,-0.96,-0.90,-1.00
2024-10-20T18:29:46Z,"0002cc0100000eb0","3654400e9af93569131507c2d23d5712006e00000000ffffffffffffffffffff",2,3.34,,19,21.03,76.10,,0.34,,0,110,0,0,,,,-1.00,-1.00,-1.00,-1.00,-1.00
2024-10-20T18:35:42Z,"0002cc0100000eb0","3654400ffef9356d131507c2ca3d5712006e00000000ffffffffffffffffffff",2,3.34,,19,21.03,76.09,,0.34,,0,110,0,0,,,,-1.00,-1.00,-1.00,-1.00,-1.00
2024-10-20T18:41:38Z,"0002cc0100000eb0","3654401162f935691314f8c29d3d5712006e00000000ffffffffffffffffffffffff",2,3.34,,19,20.97,76.02,,0.34,,0,110,0,0,,,-1.00,-1.00,-1.00,-1.00,-1.00,-1.00
2024-10-20T18:47:34Z,"0002cc0100000eb0","36544012c6f935791314fcc2843d5712006e00000000ffffffffffffffffffff",2,3.34,,19,20.98,75.98,,0.34,,0,110,0,0,,,,-1.00,-1.00,-1.00,-1.00,-1.00
2024-10-20T18:53:30Z,"0002cc0100000eb0","365440142af935711314fcc2bd3d5712006e00000000ffffffffffffffffffff",2,3.34,,19,20.98,76.07,,0.34,,0,110,0,0,,,,-1.00,-1.00,-1.00,-1.00,-1.00
2024-10-20T18:59:26Z,"0002cc0100000eb0","365440158ef9357d1314fcc2843d5712006e00000000ffffffffffffffffffffffba",2,3.34,,19,20.98,75.98,,0.34,,0,110,0,0,,,-0.97,-1.00,-1.00,-1.00,-1.00,-1.00
2024-10-20T19:05:22Z,"0002cc0100000eb0","36544016f2f20204020014f5c24f3d5712006e00000000f5fcfef2ffffffffffce",2,,2.4.2.0,,20.95,75.90,,0.34,,0,110,0,0,,,,-0.98,-1.00,-1.00,-0.87,-0.37
2024-10-20T19:11:18Z,"0002cc0100000eb0","3654401856f9356d1314f8c23c3d5712006e00000000ffffffffffffff82ffffffff",2,3.34,,19,20.97,75.87,,0.34,,0,110,0,0,,,-1.00,-1.00,-0.94,-1.00,-1.00,-1.00
2024-10-20T19:17:14Z,"0002cc0100000eb0","36544019baf9356d1314f5c2403d5712006e00000000ffffffffffffffc6ffff",2,3.34,,19,20.95,75.88,,0.34,,0,110,0,0,,,,-1.00,-0.97,-1.00,-1.00,-1.00
2024-10-20T19:23:10Z,"0002cc0100000eb0","3654401b1ef9356d1314f5c2943d91da006e00000000fffffd9fffcfffffeff5",2,3.34,,19,20.95,76.01,,0.39,,0,110,0,0,,,,-0.25,-1.00,-0.98,-0.70,-1.00
2024-10-20T19:29:06Z,"0002cc0100000eb0","3654401c82f9356d1314f8c22d3d5712006e00000000ff1bfdc3ff47ff22ff9d",2,3.34,,19,20.97,75.85,,0.34,,0,110,0,0,,,,-0.95,-0.89,-0.91,-0.72,-0.89
2024-10-20T19:35:02Z,"0002cc0100000eb0","3654401de6f9356d1314f8c2183d5712006e00000000ff49ffffff91ffffffffff2d",2,3.34,,19,20.97,75.82,,0.34,,0,110,0,0,,,-0.90,-1.00,-1.00,-0.95,-1.00,-0.91
2024-10-20T19:40:58Z,"0002cc0100000eb0","3654401f4af935791314f1c2c43d5712006e00000000ffffffffffffffffffa4",2,3.34,,19,20.94,76.08,,0.34,,0,110,0,0,,,,-0.95,-1.00,-1.00,-1.00,-1.00
2024-10-20T19:46:54Z,"0002cc0100000eb0","36544020aef93575131500c2943d5712006e00000000ffffffffffc4ffffffff",2,3.34,,19,21.00,76.01,,0.34,,0,110,0,0,,,,-1.00,-1.00,-0.97,-1.00,-1.00
2024-10-20T19:52:50Z,"0002cc0100000eb0","3654402212f935791314f5c2553d5712006e00000000fffffffffffff7f2ffff",2,3.34,,19,20.95,75.91,,0.34,,0,110,0,0,,,,-1.00,-0.50,-1.00,-1.00,-1.00
2024-10-20T19:58:46Z,"0002cc0100000eb0","3654402376f9356d131500c2243d5712006e000000007c77f608feb5ff30ff30",2,3.34,,19,21.00,75.84,,0.34,,0,110,0,0,,,,-0.90,-0.90,-0.84,-0.38,0.56
2024-10-20T20:04:42Z,"0002cc0100000eb0","36544024daf935691314f8c21f3d5712006e00000000fd07fdeffd70fc04f454fc0a",2,3.34,,19,20.97,75.83,,0.34,,0,110,0,0,,,-0.51,-0.27,-0.50,-0.68,-0.74,-0.63
2024-10-20T20:10:37Z,"0002cc0100000eb0","365440263df9356d13150ec63b3d5712006f01000000f459eebb75a66d95ff36",2,3.34,,19,21.05,77.43,,0.34,,1,111,0,0,,,,-0.90,0.17,0.35,-0.21,-0.27
2024-10-20T20:16:33Z,"0002cc0100000eb0","36544027a1f9357913152bc4463d57120070010000006ffb74496c22d66374fd",2,3.34,,19,21.17,76.67,,0.34,,1,112,0,0,,,,0.31,-0.02,0.13,0.27,0.25
2024-10-20T20:22:29Z,"0002cc0100000eb0","3654402905f9356913152bc4313d5712007101000000dc86febe6cb47c2dfd737c9e",2,3.34,,19,21.17,76.64,,0.34,,1,113,0,0,,,0.58,-0.68,0.52,0.15,-0.84,-0.04
2024-10-20T20:28:25Z,"0002cc0100000eb0","3654402a69f9357d131527c3083d91da007100000000f6c2fee675c2dda3fdb5",2,3.34,,19,21.15,76.19,,0.39,,0,113,0,0,,,,-0.71,-0.04,0.36,-0.86,-0.42
2024-10-20T20:34:21Z,"0002cc0100000eb0","3654402bcdf93579131519c2ac3d5712007100000000fe35fc30fe81ff1bff50",2,3.34,,19,21.10,76.04,,0.34,,0,113,0,0,,,,-0.91,-0.89,-0.81,-0.52,-0.78
2024-10-20T20:40:17Z,"0002cc0100000eb0","3654402d31f9356d131519c2423d5712007100000000fffffffffffffffffea6",2,3.34,,19,21.10,75.88,,0.34,,0,113,0,0,,,,-0.83,-1.00,-1.00,-1.00,-1.00
2024-10-20T20:46:13Z,"0002cc0100000eb0","3654402e95f9357913150bc2163d5712007100000000ffffff3fffffffffff9d",2,3.34,,19,21.04,75.82,,0.34,,0,113,0,0,,,,-0.95,-1.00,-1.00,-0.91,-1.00
2024-10-20T20:52:09Z,"0002cc0100000eb0","3654402ff9f93569131503c1e83d4238007100000000fffffffffd85ffffffffff9f",2,3.34,,19,21.01,75.75,,0.31,,0,113,0,0,,,-0.95,-1.00,-1.00,-0.69,-1.00,-1.00
2024-10-20T20:58:05Z,"0002cc0100000eb0","365440315df9356d13150bc0b03b296f007201000000ffffffeffec25d0f6f91",2,3.34,,19,21.04,75.27,,0.07,,1,114,0,0,,,,0.24,0.04,-0.84,-0.99,-1.00
2024-10-20T21:04:01Z,"0002cc0100000eb0","36544032c1f9357513150ec04a3d42380072000000007cdd76426580f5f4f62b",2,3.34,,19,21.05,75.11,,0.31,,0,114,0,0,,,,-0.39,-0.37,0.09,0.39,0.61
2024-10-20T21:09:57Z,"0002cc0100000eb0","3654403425f9356d13150bc0323d4238007200000000fe6bf744fccdfec5ffffffff",2,3.34,,19,21.04,75.08,,0.31,,0,114,0,0,,,-1.00,-1.00,-0.85,-0.60,-0.45,-0.80
2024-10-20T21:15:53Z,"0002cc0100000eb0","3654403589f9357113150ebcf23c314e007200000000fdbcf781fffffda97d1f",2,3.34,,19,21.05,73.81,,0.15,,0,114,0,0,,,,0.64,-0.71,-1.00,-0.47,-0.72
2024-10-20T21:21:49Z,"0002cc0100000eb0","36544036edf9356513152bc0773d423800750300000074457c887cd57df7756a",2,3.34,,19,21.17,75.18,,0.31,,3,117,0,0,,,,0.34,0.75,0.60,0.57,0.27
2024-10-20T21:27:45Z,"0002cc0100000eb0","3654403851f93569131533c11d3d6fdb007601000000ee2ffd1dfd5cf7f277af7cf8",2,3.34,,19,21.20,75.44,,0.36,,1,118,0,0,,,0.62,0.48,-0.50,-0.67,-0.64,-0.19
2024-10-20T21:33:41Z,"0002cc0100000eb0","36544039b5f9356d131533c1253db093007600000000fc5cfed4ffb2ff32ffff",2,3.34,,19,21.20,75.45,,0.42,,0,118,0,0,,,,-1.00,-0.90,-0.96,-0.85,-0.54
2024-10-20T21:39:37Z,"0002cc0100000eb0","3654403b19f9357913152bc10a3d2d5e007600000000ffffffffffffffffffff",2,3.34,,19,21.17,75.41,,0.29,,0,118,0,0,,,,-1.00,-1.00,-1.00,-1.00,-1.00
2024-10-20T21:45:33Z,"0002cc0100000eb0","3654403c7df9356d13151cc0f53d2d5e007600000000fffffffffe29ffffffffff38",2,3.34,,19,21.11,75.37,,0.29,,0,118,0,0,,,-0.90,-1.00,-1.00,-0.77,-1.00,-1.00
2024-10-20T21:51:28Z,"0002cc0100000eb0","3654403de0f93579131516c0f03d5712007600000000ffffffffffbcffdcffff",2,3.34,,19,21.08,75.37,,0.34,,0,118,0,0,,,,-1.00,-0.98,-0.97,-1.00,-1.00
2024-10-20T21:57:25Z,"0002cc0100000eb0","3654403f45f9356913150ec1bc3d4238007600000000fffffffff766fff4ffffff3d",2,3.34,,19,21.05,75.68,,0.31,,0,118,0,0,,,-0.90,-1.00,-0.99,-0.46,-1.00,-1.00
2024-10-20T22:03:20Z,"0002cc0100000eb0","36544040a8f93575131507c1653d5712007600000000ffffffd1fe32ffffffff",2,3.34,,19,21.03,75.55,,0.34,,0,118,0,0,,,,-1.00,-1.00,-0.77,-0.98,-1.00
2024-10-20T22:09:11Z,"0002cc0100000eb0","3654404207f93579131500c1593da4c7007600000000ff93fee0fffffea6ff9f",3,3.34,,19,21.00,75.53,,0.41,,0,118,0,0,,,,-0.95,-0.83,-1.00,-0.86,-0.95
2024-10-20T22:15:07Z,"0002cc0100000eb0","365440436bf935751314f8c1c43d5712007600000000fffffebff790fffffd62ff3c",2,3.34,,19,20.97,75.69,,0.34,,0,118,0,0,,,-0.90,-0.67,-1.00,-0.47,-0.84,-1.00
2024-10-20T22:21:03Z,"0002cc0100000eb0","36544044cff935791314f8c1853d5712007600000000ffffff49ffffffffffff",2,3.34,,19,20.97,75.59,,0.34,,0,118,0,0,,,,-1.00,-1.00,-1.00,-0.91,-1.00
2024-10-20T22:26:59Z,"0002cc0100000eb0","3654404633f935791314fcc1b83d5712007600000000fd0eff5cffa4fed3ffff",2,3.34,,19,20.98,75.67,,0.34,,0,118,0,0,,,,-1.00,-0.85,-0.95,-0.92,-0.63
2024-10-20T22:32:55Z,"0002cc0100000eb0","3654404797f935791314f1c16d3d9da6007600000000ffffffffffffffffffffe797",2,3.34,,19,20.94,75.56,,0.40,,0,118,0,0,,,-0.12,-1.00,-1.00,-1.00,-1.00,-1.00
2024-10-20T22:38:51Z,"0002cc0100000eb0","36544048fbf9356d1314f1c19d3d6fdb007600000000f41ef751fd11f54cf7a3",2,3.34,,19,20.94,75.63,,0.36,,0,118,0,0,,,,-0.48,-0.33,-0.63,-0.46,-0.26
2024-10-20T22:44:47Z,"0002cc0100000eb0","3654404a5ff93569131500c2e239cb89007600000000fcbbedfcf73b6d846c215f71",2,3.34,,19,21.00,76.13,,0.03,,0,118,0,0,,,0.06,0.13,0.17,-0.45,-0.19,-0.59
2024-10-20T22:50:43Z,"0002cc0100000eb0","3654404bc3f93582131530c7a03d2d5e007802000000ee69767e76bce4567c3e",2,3.34,,19,21.18,77.98,,0.29,,2,120,0,0,,,,0.53,-0.07,0.42,0.41,-0.20
2024-10-20T22:56:39Z,"0002cc0100000eb0","3654404d27f9357513153ac6963d8ab9007901000000ee05fffffdc2ef407c557c15",2,3.34,,19,21.22,77.57,,0.39,,1,121,0,0,,,0.51,0.54,-0.23,-0.72,-1.00,-0.19
2024-10-20T23:02:35Z,"0002cc0100000eb0","3654404e8bf93579131536c3a5000000007900000000ef70ff5f6f776608754c",2,3.34,,19,21.21,76.42,,0.00,,0,121,0,0,,,,0.33,0.09,0.23,-0.92,-0.23
2024-10-20T23:08:31Z,"0002cc0100000eb0","3654404fefd2020402001533c4a600790000000076b17e3a7e147c287cad",2,,2.4.2.0,,21.20,76.82,,,,0,121,0,0,,,,0.58,0.52,0.76,0.78,0.42
2024-10-20T23:14:27Z,"0002cc0100000eb0","3654405153f9357913153ac306000000007a010000006f7b77b0fdb0feddfe05",2,3.34,,19,21.22,76.18,,0.00,,1,122,0,0,,,,-0.75,-0.86,-0.71,0.48,0.23
2024-10-20T23:20:23Z,"0002cc0100000eb0","36544052b7f93561131530c1d7000000007a00000000ff59ffe3ffffffffffff",2,3.34,,19,21.18,75.72,,0.00,,0,122,0,0,,,,-1.00,-1.00,-1.00,-0.99,-0.92
2024-10-20T23:26:19Z,"0002cc0100000eb0","365440541bf93579131519c137000000007a00000000ffbcfffcffffffffffff",2,3.34,,19,21.10,75.48,,0.00,,0,122,0,0,,,,-1.00,-1.00,-1.00,-1.00,-0.97
2024-10-20T23:32:14Z,"0002cc0100000eb0","365440557ef93579131512c110000000007a00000000ffffffffffffffe2ff50",2,3.34,,19,21.07,75.42,,0.00,,0,122,0,0,,,,-0.91,-0.99,-1.00,-1.00,-1.00
2024-10-20T23:38:11Z,"0002cc0100000eb0","36544056e3f93569131512c1bf000000007a00000000fdd6ffddfdddfd4af6f3fdd9",2,3.34,,19,21.07,75.68,,0.00,,0,122,0,0,,,-0.73,-0.43,-0.66,-0.73,-0.98,-0.73
2024-10-20T23:44:06Z,"0002cc0100000eb0","3654405846f93569131521c2b7000000007c02000000f6c0debae69c649e76a0",2,3.34,,19,21.13,76.06,,0.00,,2,124,0,0,,,,0.41,0.07,-0.10,-0.05,-0.42
2024-10-20T23:50:02Z,"0002cc0100000eb0","36544059aaf9356913154cc789000000007e020000006d626e3f74c5d4127cbc",2,3.34,,19,21.30,77.94,,0.00,,2,126,0,0,,,,0.59,-0.02,0.30,0.20,0.17
2024-10-20T23:55:58Z,"0002cc0100000eb0","3654405b0ef9356113155ec46700000000800200000075a977247d3c779f7c3cf689",2,3.34,,19,21.37,76.72,,0.00,,2,128,0,0,,,-0.41,0.53,0.48,0.65,0.45,0.35
