Time,DevEUI,Raw,Port,Vbat,Version,BootCount,T,RH,P,Light,CO2,P[0].delta,P[0].total,P[1].delta,P[1].total,Act[7],Act[6],Act[5],Act[4],Act[3],Act[2],Act[1],Act[0]
2024-10-17T00:02:00Z,"0002cc0100000eb0","36543b1678f935690a156cc1fe000000008400000000773774d775c17d1a7588",2,3.34,,10,21.42,75.78,,0.00,,0,132,0,0,,,,0.35,0.64,0.36,0.30,0.45
2024-10-17T00:07:56Z,"0002cc0100000eb0","36543b17dcf9356d0a1571c29c0000000084000000006c71f7cc6dc165df7c9d",2,3.34,,10,21.44,76.02,,0.00,,0,132,0,0,,,,0.58,0.09,0.18,-0.49,0.14
2024-10-17T00:13:48Z,"0002cc0100000eb0","36543b193cf935710a1574c296000000008501000000f5e974f165bf7c406f4c65f7",3,3.34,,10,21.45,76.01,,0.00,,1,133,0,0,,,0.09,0.23,0.53,0.09,0.31,-0.37
2024-10-17T00:19:44Z,"0002cc0100000eb0","36543b1aa0f2020402001571c2f0000000008500000000fffff405fd43745b5dc0",2,,2.4.2.0,,21.44,76.15,,0.00,,0,133,0,0,,,,0.04,0.27,-0.66,-0.25,-1.00
2024-10-17T00:25:40Z,"0002cc0100000eb0","36543b1c04f935710a1571c240000000008500000000f4d1fefcfffffffffe14",2,3.34,,10,21.44,75.88,,0.00,,0,133,0,0,,,,-0.76,-1.00,-1.00,-0.87,-0.30
2024-10-17T00:31:36Z,"0002cc0100000eb0","36543b1d68f935610a156cc228000000008500000000ffffffffffffffffff97ffff",2,3.34,,10,21.42,75.84,,0.00,,0,133,0,0,,,-1.00,-0.95,-1.00,-1.00,-1.00,-1.00
2024-10-17T00:37:32Z,"0002cc0100000eb0","36543b1eccf935690a1577c4140000000086010000006d58fd2bfe19754c744f",2,3.34,,10,21.46,76.59,,0.00,,1,134,0,0,,,,0.27,0.33,-0.76,-0.65,0.17
2024-10-17T00:43:28Z,"0002cc0100000eb0","36543b2030f935650a1577c2df00000000860000000077d1754d7c077c547c0b",2,3.34,,10,21.46,76.12,,0.00,,0,134,0,0,,,,0.51,0.54,0.50,0.33,0.49
2024-10-17T00:49:23Z,"0002cc0100000eb0","36543b2193f935690a157fc2c10000000087010000006e0b7c9474856fde543d",2,3.34,,10,21.49,76.08,,0.00,,1,135,0,0,,,,0.02,0.25,0.28,0.57,0.19
2024-10-17T00:55:20Z,"0002cc0100000eb0","36543b22f8f935590a158ac3ef000000008801000000edff74847c80775c7c72de85",2,3.33,,10,21.54,76.54,,0.00,,1,136,0,0,,,-0.05,0.56,0.46,0.56,0.28,-0.19
2024-10-17T01:01:15Z,"0002cc0100000eb0","36543b245bf935710a158dc33b0000000088000000006e937e687c046ee9764c",2,3.34,,10,21.55,76.26,,0.00,,0,136,0,0,,,,0.39,0.22,0.50,0.80,0.21
2024-10-17T01:07:11Z,"0002cc0100000eb0","36543b25bff935710a158ac3150000000089010000007c2f76d1e4cb77127554",2,3.34,,10,21.54,76.21,,0.00,,1,137,0,0,,,,0.33,0.44,-0.07,0.43,0.52
2024-10-17T01:13:07Z,"0002cc0100000eb0","36543b2723f9356d0a1582c341000000008900000000d4f35c9b75627466fceaff89",2,3.34,,10,21.51,76.27,,0.00,,0,137,0,0,,,-0.94,-0.61,0.27,0.34,0.04,-0.02
2024-10-17T01:19:03Z,"0002cc0100000eb0","36543b2887f9356d0a157fc34e000000008900000000fffffdd0ff4ffd367692",2,3.34,,10,21.49,76.29,,0.00,,0,137,0,0,,,,0.41,-0.65,-0.91,-0.73,-1.00
2024-10-17T01:24:59Z,"0002cc0100000eb0","36543b29ebf9356d0a1571c3fb000000008900000000ffff6e8474afff1effff",2,3.34,,10,21.44,76.56,,0.00,,0,137,0,0,,,,-1.00,-0.89,0.29,0.20,-1.00
2024-10-17T01:30:55Z,"0002cc0100000eb0","36543b2b4ff9356d0a1569c563000000008900000000ff8bfe85fffffffffd68",2,3.34,,10,21.41,77.11,,0.00,,0,137,0,0,,,,-0.68,-1.00,-1.00,-0.81,-0.94
2024-10-17T01:36:51Z,"0002cc0100000eb0","36543b2cb3f935400a1577c789000000008900000000fee5ff8a6cc0f6977cdae45e",2,3.33,,10,21.46,77.94,,0.00,,0,137,0,0,,,-0.07,0.61,-0.41,0.15,-0.94,-0.86
2024-10-17T01:42:47Z,"0002cc0100000eb0","36543b2e17f935690a157fc683000000008900000000e4b36cf867be47cfe490",2,3.34,,10,21.49,77.54,,0.00,,0,137,0,0,,,,-0.07,0.01,0.12,0.16,-0.07
2024-10-17T01:48:43Z,"0002cc0100000eb0","36543b2f7bf935690a157fc5f0000000008a01000000679cfe98e4137568eea77c73",2,3.34,,10,21.49,77.32,,0.00,,1,138,0,0,,,0.56,-0.21,0.34,-0.06,-0.82,0.12
2024-10-17T01:54:39Z,"0002cc0100000eb0","36543b30dff935690a157fc594000000008b01000000ec0c76436ff53de96c7a",2,3.34,,10,21.49,77.18,,0.00,,1,139,0,0,,,,0.14,0.00,0.25,0.39,-0.13
2024-10-17T02:00:35Z,"0002cc0100000eb0","36543b3243f935710a1582c573000000008c010000006e787c4374d97ca0743c",2,3.34,,10,21.51,77.13,,0.00,,1,140,0,0,,,,0.26,0.58,0.30,0.53,0.20
2024-10-17T02:06:31Z,"0002cc0100000eb0","36543b33a7f935710a157bc54c000000008f030000006edc5dac7c537c9c7d3774db",2,3.34,,10,21.48,77.07,,0.00,,3,143,0,0,,,0.30,0.65,0.58,0.54,0.04,0.21
2024-10-17T02:12:27Z,"0002cc0100000eb0","36543b350bf9356d0a1582c7d6000000008f0000000076cdffbaefa8dddb6fa6",2,3.34,,10,21.51,78.06,,0.00,,0,143,0,0,,,,0.24,-0.05,-0.24,-0.97,0.43
2024-10-17T02:18:23Z,"0002cc0100000eb0","36543b366ff935710a1586c7050000000092030000007c1afcce75cd7cbe6e84766c",2,3.34,,10,21.52,77.74,,0.00,,3,146,0,0,,,0.40,0.20,0.59,0.36,-0.60,0.51
2024-10-17T02:24:19Z,"0002cc0100000eb0","36543b37d3f935610a1582c510000000009301000000758f74c276fff4ebc5bb",2,3.34,,10,21.51,76.98,,0.00,,1,147,0,0,,,,-0.01,-0.31,0.44,0.30,0.35
2024-10-17T02:30:14Z,"0002cc0100000eb0","36543b3936f935710a1582c4850000000094010000007cc5df82fffff583763f",2,3.34,,10,21.51,76.77,,0.00,,1,148,0,0,,,,0.39,-0.34,-1.00,-0.06,0.60
2024-10-17T02:36:10Z,"0002cc0100000eb0","36543b3a9af9356d0a1574c46e000000009400000000fe3eeddcf71fffffff42fff9",2,3.34,,10,21.45,76.73,,0.00,,0,148,0,0,,,-1.00,-0.91,-1.00,-0.45,-0.18,-0.78
2024-10-17T02:42:06Z,"0002cc0100000eb0","36543b3bfef935690a1569c4670000000094000000006cc7fcb4ffff75f5e77e",2,3.34,,10,21.41,76.72,,0.00,,0,148,0,0,,,,-0.12,0.37,-1.00,-0.59,0.15
2024-10-17T02:48:02Z,"0002cc0100000eb0","36543b3d62f935690a1577c51f000000009602000000765c7d316fe777c57727",2,3.34,,10,21.46,77.00,,0.00,,2,150,0,0,,,,0.45,0.49,0.25,0.65,0.40
2024-10-17T02:53:58Z,"0002cc0100000eb0","36543b3ec6f935690a1582c4d900000000990300000077417ca47cbf75f67d02",2,3.34,,10,21.51,76.89,,0.00,,3,153,0,0,,,,0.63,0.37,0.59,0.58,0.45
2024-10-17T02:59:54Z,"0002cc0100000eb0","36543b402af935540a1582c632000000009b020000007735f78e77e36f67fec0d5d5",2,3.33,,10,21.51,77.42,,0.00,,2,155,0,0,,,-0.02,-0.84,0.23,0.49,-0.47,0.45
2024-10-17T03:05:50Z,"0002cc0100000eb0","36543b418ef935610a157fc4ac000000009c010000007e6d7d3877d17c0774ad",2,3.34,,10,21.49,76.83,,0.00,,1,156,0,0,,,,0.29,0.50,0.49,0.65,0.80
2024-10-17T03:11:46Z,"0002cc0100000eb0","36543b42f2f935690a157bc521000000009d01000000ed85ec68defc4fa175cc",2,3.34,,10,21.48,77.00,,0.00,,1,157,0,0,,,,0.36,0.01,-0.05,-0.14,-0.17
2024-10-17T03:17:42Z,"0002cc0100000eb0","36543b4456f935690a157bc49b000000009e010000007cc7770765194de3fffffc91",2,3.34,,10,21.48,76.80,,0.00,,1,158,0,0,,,-0.57,-1.00,0.01,0.08,0.44,0.60
2024-10-17T03:23:38Z,"0002cc0100000eb0","36543b45baf935610a158ac732000000009e00000000edb87d606477ec4e751f",2,3.34,,10,21.54,77.81,,0.00,,0,158,0,0,,,,0.32,-0.13,0.07,0.67,-0.18
2024-10-17T03:29:34Z,"0002cc0100000eb0","36543b471ef935710a1594c933000000009f01000000fd16f652771b7772778d",2,3.34,,10,21.58,78.59,,0.00,,1,159,0,0,,,,0.47,0.47,0.44,-0.39,-0.64
2024-10-17T03:35:29Z,"0002cc0100000eb0","36543b4881f935790a1591c72900000000a00100000074c076f3760374785f54",2,3.34,,10,21.56,77.80,,0.00,,1,160,0,0,,,,0.06,0.28,0.38,0.43,0.30
2024-10-17T03:41:26Z,"0002cc0100000eb0","36543b49e6f935710a158dc55700000000a0000000007c22e678fccde4c477e3755c",2,3.34,,10,21.55,77.09,,0.00,,0,160,0,0,,,0.33,0.49,-0.07,-0.60,-0.10,0.52
2024-10-17T03:47:21Z,"0002cc0100000eb0","36543b4b49f935710a158ac75c00000000a0000000007d357681f7ba64777d7f",2,3.34,,10,21.54,77.88,,0.00,,0,160,0,0,,,,0.69,0.07,-0.48,0.41,0.65
2024-10-17T03:53:17Z,"0002cc0100000eb0","36543b4cadf935690a157fc55500000000a00000000076727527477975e5760d7685",2,3.34,,10,21.49,77.08,,0.00,,0,160,0,0,,,0.41,0.38,0.37,0.01,0.32,0.40
2024-10-17T03:59:13Z,"0002cc0100000eb0","36543b4e11f935710a1582c6f600000000a000000000f75dff967716747f7d04",2,3.34,,10,21.51,77.72,,0.00,,0,160,0,0,,,,0.63,0.28,0.44,-0.95,-0.46
2024-10-17T04:05:09Z,"0002cc0100000eb0","36543b4f75f935710a158ac5f000000000a101000000ddb17d016d5d76d07c47",2,3.34,,10,21.54,77.32,,0.00,,1,161,0,0,,,,0.53,0.43,0.17,0.63,-0.04
2024-10-17T04:11:05Z,"0002cc0100000eb0","36543b50d9f935690a1586c62400000000a201000000f5dd7504679efde07c9c7d74",2,3.34,,10,21.52,77.40,,0.00,,1,162,0,0,,,0.68,0.58,-0.73,0.12,0.31,-0.37
2024-10-17T04:17:01Z,"0002cc0100000eb0","36543b523df935650a158ac56300000000a2000000007cd77cac7e06755e7712",2,3.34,,10,21.54,77.11,,0.00,,0,162,0,0,,,,0.44,0.34,0.75,0.58,0.60
2024-10-17T04:22:57Z,"0002cc0100000eb0","36543b53a1f2020402001591c68f00000000a301000000e55cf5626f9b7dabe4647498",2,,2.4.2.0,,21.56,77.56,,0.00,,1,163,0,0,,,0.29,-0.07,0.71,0.24,-0.34,-0.08
2024-10-17T04:28:53Z,"0002cc0100000eb0","36543b5505f9356d0a1591c64100000000a300000000776577a87d6175bd76c1",2,3.34,,10,21.56,77.44,,0.00,,0,163,0,0,,,,0.42,0.36,0.67,0.48,0.46
2024-10-17T04:34:49Z,"0002cc0100000eb0","36543b5669f935690a1598c79e00000000a300000000edaaf76d77527576f657c4a5",2,3.34,,10,21.59,77.98,,0.00,,0,163,0,0,,,-0.00,-0.40,0.34,0.46,-0.46,-0.18
2024-10-17T04:40:45Z,"0002cc0100000eb0","36543b57cdf935690a1594c70e00000000a502000000f5c97c07ef317cde779e",2,3.34,,10,21.58,77.76,,0.00,,2,165,0,0,,,,0.48,0.61,-0.22,0.50,-0.36
2024-10-17T04:46:41Z,"0002cc0100000eb0","36543b5931f935690a1594c78600000000a5000000007c17f64e7cdf7c40e631",2,3.34,,10,21.58,77.94,,0.00,,0,165,0,0,,,,-0.10,0.53,0.61,-0.39,0.51
2024-10-17T04:52:37Z,"0002cc0100000eb0","36543b5a95f9356d0a158ac68300000000a500000000fce8fe9f7ce17d627ce077b7",2,3.34,,10,21.54,77.54,,0.00,,0,165,0,0,,,0.48,0.61,0.67,0.61,-0.83,-0.61
2024-10-17T04:58:33Z,"0002cc0100000eb0","36543b5bf9f935790a1586c5fa00000000a601000000de6c74f0742c7cef6ff8",2,3.34,,10,21.52,77.34,,0.00,,1,166,0,0,,,,0.25,0.62,0.26,0.31,-0.05
2024-10-17T05:04:29Z,"0002cc0100000eb0","36543b5d5df935610a1591c6bf00000000a701000000768f75887cb67c247c096dc3",2,3.34,,10,21.56,77.64,,0.00,,1,167,0,0,,,0.18,0.50,0.52,0.59,0.35,0.41
2024-10-17T05:10:24Z,"0002cc0100000eb0","36543b5ec0f935610a158dc6fc00000000a8010000007c4d7d706dde77a86f71",2,3.34,,10,21.55,77.73,,0.00,,1,168,0,0,,,,0.23,0.48,0.18,0.68,0.54
2024-10-17T05:16:20Z,"0002cc0100000eb0","36543b6024f935690a1586c63300000000a800000000778d7cadfc2ae6e96608",2,3.34,,10,21.52,77.42,,0.00,,0,168,0,0,,,,0.09,-0.11,-0.52,0.58,0.47
2024-10-17T05:22:16Z,"0002cc0100000eb0","36543b6188f935690a1586c69c00000000a80000000064787c3d7d02742affffffff",2,3.34,,10,21.52,77.58,,0.00,,0,168,0,0,,,-1.00,-1.00,0.26,0.63,0.53,0.07
2024-10-17T05:28:12Z,"0002cc0100000eb0","36543b62ecf935710a1582c5eb00000000a80000000077da775c7c4875577c8a",2,3.34,,10,21.51,77.31,,0.00,,0,168,0,0,,,,0.57,0.33,0.54,0.46,0.49
2024-10-17T05:34:08Z,"0002cc0100000eb0","36543b6450f935690a157fc5be00000000a8000000007c437cf377b37c517c44",2,3.34,,10,21.49,77.24,,0.00,,0,168,0,0,,,,0.53,0.54,0.48,0.62,0.53
2024-10-17T05:40:04Z,"0002cc0100000eb0","36543b65b4f9356d0a1582c6da00000000a90100000076846f0c7d7b77967c7c",2,3.34,,10,21.51,77.68,,0.00,,1,169,0,0,,,,0.56,0.47,0.69,0.22,0.41
2024-10-17T05:46:00Z,"0002cc0100000eb0","36543b6718f935650a157fc66e00000000a900000000f46675ec6e02c74c6ff77c8b",2,3.34,,10,21.49,77.51,,0.00,,0,169,0,0,,,0.57,0.25,-0.01,0.19,0.37,-0.27
2024-10-17T05:51:56Z,"0002cc0100000eb0","36543b687cf935610a1586c78500000000a900000000f7087c57775975c87794",2,3.34,,10,21.52,77.94,,0.00,,0,169,0,0,,,,0.47,0.36,0.46,0.54,-0.44
2024-10-17T05:57:52Z,"0002cc0100000eb0","36543b69e0f935710a157bc49400000000a9000000001790fd94ff4bffd1fda3",2,3.34,,10,21.48,76.79,,0.00,,0,169,0,0,,,,-0.70,-0.98,-0.91,-0.70,0.00
2024-10-17T06:03:48Z,"0002cc0100000eb0","36543b6b44f935690a1569c44a00000000a900000000fc19f4adf769f45afd04fc5e",2,3.34,,10,21.41,76.68,,0.00,,0,169,0,0,,,-0.55,-0.63,-0.27,-0.46,-0.29,-0.51
2024-10-17T06:09:44Z,"0002cc0100000eb0","36543b6ca8f9356d0a1562c3b900000000a900000000ff17ffffffffffb6ff4a",2,3.34,,10,21.38,76.46,,0.00,,0,169,0,0,,,,-0.91,-0.96,-1.00,-1.00,-0.89
2024-10-17T06:15:40Z,"0002cc0100000eb0","36543b6e0cf935710a155ec35400000000a900000000fffffffffe26ffffffffffff",2,3.34,,10,21.37,76.30,,0.00,,0,169,0,0,,,-1.00,-1.00,-1.00,-0.77,-1.00,-1.00
2024-10-17T06:21:36Z,"0002cc0100000eb0","36543b6f70f9356d0a1553c30e00000000a900000000fffffffffffffefcff9c",2,3.34,,10,21.32,76.19,,0.00,,0,169,0,0,,,,-0.95,-0.87,-1.00,-1.00,-1.00
2024-10-17T06:27:31Z,"0002cc0100000eb0","36543b70d3f935650a1549c2bb00000000a900000000ffffffffffffffffffff",2,3.34,,10,21.28,76.07,,0.00,,0,169,0,0,,,,-1.00,-1.00,-1.00,-1.00,-1.00
2024-10-17T06:33:28Z,"0002cc0100000eb0","36543b7238f935650a1549c26000000000a900000000fffffdd3ff66ff9fff92ffff",2,3.34,,10,21.28,75.93,,0.00,,0,169,0,0,,,-1.00,-0.95,-0.95,-0.92,-0.73,-1.00
2024-10-17T06:39:23Z,"0002cc0100000eb0","36543b739bf9356d0a1549c22e00000000a900000000ff80ffffffffffffffff",2,3.34,,10,21.28,75.85,,0.00,,0,169,0,0,,,,-1.00,-1.00,-1.00,-1.00,-0.94
2024-10-17T06:45:19Z,"0002cc0100000eb0","36543b74fff935710a1545c21e00000000a900000000ff6b7570fd0fff3affff",2,3.34,,10,21.27,75.83,,0.00,,0,169,0,0,,,,-1.00,-0.90,-0.63,0.34,-0.93
2024-10-17T06:51:15Z,"0002cc0100000eb0","36543b7663f935650a1541c1c700000000a900000000ffffff07fffffffffef6",2,3.34,,10,21.25,75.70,,0.00,,0,169,0,0,,,,-0.87,-1.00,-1.00,-0.88,-1.00
2024-10-17T06:57:11Z,"0002cc0100000eb0","36543b77c7f935650a1541c1b900000000a900000000fffffffffffffffffff6ffff",2,3.34,,10,21.25,75.67,,0.00,,0,169,0,0,,,-1.00,-1.00,-1.00,-1.00,-1.00,-1.00
2024-10-17T07:03:07Z,"0002cc0100000eb0","36543b792bf935610a153ac18b00000000a900000000ffffffffffffffabffe6",2,3.34,,10,21.22,75.60,,0.00,,0,169,0,0,,,,-0.99,-0.96,-1.00,-1.00,-1.00
2024-10-17T07:09:03Z,"0002cc0100000eb0","36543b7a8ff935610a1550c34b00000000aa01000000fc76ffffde767ce975c1762b",2,3.34,,10,21.31,76.29,,0.00,,1,170,0,0,,,0.39,0.36,0.61,-0.05,-1.00,-0.56
2024-10-17T07:14:59Z,"0002cc0100000eb0","36543b7bf3f935610a1557c2b500000000ab010000007d397c5d77027cb37618",2,3.34,,10,21.34,76.06,,0.00,,1,171,0,0,,,,0.38,0.59,0.44,0.55,0.65
2024-10-17T07:20:55Z,"0002cc0100000eb0","36543b7d57f935650a155bc2c000000000ac0100000077f96cf8f7c1fd20f46864fd",2,3.34,,10,21.35,76.08,,0.00,,1,172,0,0,,,0.08,-0.28,-0.64,-0.48,0.16,0.50
2024-10-17T07:26:51Z,"0002cc0100000eb0","36543b7ebbf935710a1553c37100000000ad01000000e4786f115d65760ce43c",2,3.34,,10,21.32,76.35,,0.00,,1,173,0,0,,,,-0.07,0.38,0.04,0.22,-0.07
2024-10-17T07:32:47Z,"0002cc0100000eb0","36543b801ff935690a1550c29400000000ad00000000ff12fff6ffffffffffff",2,3.34,,10,21.31,76.01,,0.00,,0,173,0,0,,,,-1.00,-1.00,-1.00,-0.99,-0.88
2024-10-17T07:38:43Z,"0002cc0100000eb0","36543b8183f935690a1545c2b100000000ad00000000ffffffff6681ffffffffffff",2,3.34,,10,21.27,76.05,,0.00,,0,173,0,0,,,-1.00,-1.00,-1.00,0.10,-1.00,-1.00
2024-10-17T07:44:39Z,"0002cc0100000eb0","36543b82e7f935710a1545c27900000000ad00000000ff7efe35ffffffffffff",2,3.34,,10,21.27,75.97,,0.00,,0,173,0,0,,,,-1.00,-1.00,-1.00,-0.78,-0.94
2024-10-17T07:50:35Z,"0002cc0100000eb0","36543b844bf935790a153ec2c300000000ad00000000ffffffffffffef6affff",2,3.34,,10,21.24,76.08,,0.00,,0,173,0,0,,,,-1.00,-0.23,-1.00,-1.00,-1.00
2024-10-17T07:56:31Z,"0002cc0100000eb0","36543b85aff935690a154cc40e00000000af02000000f5f5fe25746175b17d037d4a",2,3.34,,10,21.30,76.59,,0.00,,2,175,0,0,,,0.66,0.63,0.36,0.27,-0.77,-0.37
2024-10-17T08:02:26Z,"0002cc0100000eb0","36543b8712f935710a1553c39500000000b001000000fc4375717610fe38ffff",2,3.34,,10,21.32,76.40,,0.00,,1,176,0,0,,,,-1.00,-0.78,0.38,0.34,-0.53
2024-10-17T08:08:22Z,"0002cc0100000eb0","36543b8876f935610a155ec4d700000000b202000000776076687c1074df7cc7ff0a",2,3.34,,10,21.37,76.89,,0.00,,2,178,0,0,,,-0.88,0.60,0.30,0.51,0.40,0.46
2024-10-17T08:14:18Z,"0002cc0100000eb0","36543b89daf935710a156cc50300000000b3010000007c3c74f17d607ef37d50",2,3.34,,10,21.42,76.96,,0.00,,1,179,0,0,,,,0.66,0.87,0.67,0.31,0.53
2024-10-17T08:20:14Z,"0002cc0100000eb0","36543b8b3ef935690a156cc40700000000b300000000b6dcde216e88fc42f7b2",2,3.34,,10,21.42,76.57,,0.00,,0,179,0,0,,,,-0.48,-0.53,0.20,-0.05,-0.00
2024-10-17T08:26:10Z,"0002cc0100000eb0","36543b8ca2f202040200155ec45200000000b30000000065a2fc62fcddf796ffffd769",2,,2.4.2.0,,21.37,76.69,,0.00,,0,179,0,0,,,-0.03,-1.00,-0.47,-0.61,-0.55,0.09
2024-10-17T08:32:06Z,"0002cc0100000eb0","36543b8e06f935690a155ec49700000000b300000000e5c66f56f66cfefd6c85",2,3.34,,10,21.37,76.79,,0.00,,0,179,0,0,,,,0.14,-0.87,-0.40,0.23,-0.09
2024-10-17T08:38:02Z,"0002cc0100000eb0","36543b8f6af935610a1562c51200000000b70400000076dd7cf67cac7c5f7cb5",2,3.34,,10,21.38,76.98,,0.00,,4,183,0,0,,,,0.59,0.55,0.58,0.62,0.43
2024-10-17T08:43:58Z,"0002cc0100000eb0","36543b90cef9355d0a1566c4bf00000000ba030000006e4ce49277667d857c7d",2,3.34,,10,21.40,76.86,,0.00,,3,186,0,0,,,,0.56,0.69,0.46,-0.07,0.20
2024-10-17T08:49:54Z,"0002cc0100000eb0","36543b9232f935690a156cc72600000000bb010000007dbe7652577576ef7d6e7797",2,3.34,,10,21.42,77.79,,0.00,,1,187,0,0,,,0.47,0.68,0.43,0.03,0.40,0.72
2024-10-17T08:55:50Z,"0002cc0100000eb0","36543b9396f935690a1574c5be00000000bd020000007c857cda7d187cfc7c03",2,3.34,,10,21.45,77.24,,0.00,,2,189,0,0,,,,0.50,0.62,0.64,0.61,0.56
2024-10-17T09:01:46Z,"0002cc0100000eb0","36543b94faf935650a157bc51b00000000bf020000007ce57c2d76ff77a77c3b75b5",2,3.34,,10,21.48,77.00,,0.00,,2,191,0,0,,,0.36,0.53,0.48,0.44,0.52,0.61
2024-10-17T09:07:42Z,"0002cc0100000eb0","36543b965ef935690a1566c45c00000000bf00000000e45c6e866d4cde38fceb",2,3.34,,10,21.40,76.70,,0.00,,0,191,0,0,,,,-0.61,-0.05,0.17,0.20,-0.07
2024-10-17T09:13:38Z,"0002cc0100000eb0","36543b97c2f935690a1569c60500000000c00100000075a6f6a5f4effd01f721",2,3.34,,10,21.41,77.35,,0.00,,1,192,0,0,,,,-0.45,-0.63,-0.31,-0.42,0.35
2024-10-17T09:19:34Z,"0002cc0100000eb0","36543b9926f9356d0a156cc66200000000c10100000077ded5d876456f757c0d",2,3.34,,10,21.42,77.49,,0.00,,1,193,0,0,,,,0.51,0.23,0.39,-0.02,0.49
2024-10-17T09:25:30Z,"0002cc0100000eb0","36543b9a8af935710a1569c5db00000000c2010000007cd07762f496f79dfea4ffff",2,3.34,,10,21.41,77.29,,0.00,,1,194,0,0,,,-1.00,-0.83,-0.48,-0.29,0.46,0.60
2024-10-17T09:31:26Z,"0002cc0100000eb0","36543b9beef935650a155ec50900000000c200000000ffffff4bffffffdcff6a",2,3.34,,10,21.37,76.97,,0.00,,0,194,0,0,,,,-0.93,-0.98,-1.00,-0.91,-1.00
2024-10-17T09:37:22Z,"0002cc0100000eb0","36543b9d52f935710a154cc44000000000c200000000ffffff60ff63fff0ffffffbf",2,3.34,,10,21.30,76.66,,0.00,,0,194,0,0,,,-0.97,-1.00,-0.99,-0.92,-0.92,-1.00
2024-10-17T09:43:17Z,"0002cc0100000eb0","36543b9eb5f935710a1545c3c900000000c200000000ffffff2ff437fe47fffa",2,3.34,,10,21.27,76.48,,0.00,,0,194,0,0,,,,-1.00,-0.78,-0.26,-0.90,-1.00
2024-10-17T09:49:13Z,"0002cc0100000eb0","36543ba019f9356d0a153ec3bf00000000c200000000fe57ffffffffffffffffff92",2,3.34,,10,21.24,76.46,,0.00,,0,194,0,0,,,-0.95,-1.00,-1.00,-1.00,-1.00,-0.79
2024-10-17T09:55:06Z,"0002cc0100000eb0","36543ba17af935610a1536c37a00000000c200000000ffffffffffffff04fd99",3,3.34,,10,21.21,76.36,,0.00,,0,194,0,0,,,,-0.70,-0.88,-1.00,-1.00,-1.00
2024-10-17T10:01:02Z,"0002cc0100000eb0","36543ba2def9356d0a1536c37a00000000c200000000ffffffffffffff13ffff",2,3.34,,10,21.21,76.36,,0.00,,0,194,0,0,,,,-1.00,-0.88,-1.00,-1.00,-1.00
2024-10-17T10:06:58Z,"0002cc0100000eb0","36543ba442f935610a1530c38c00000000c200000000ffffffffffffff6cffffffc0",2,3.34,,10,21.18,76.39,,0.00,,0,194,0,0,,,-0.97,-1.00,-0.93,-1.00,-1.00,-1.00
2024-10-17T10:12:54Z,"0002cc0100000eb0","36543ba5a6f9356d0a1530c36f00000000c200000000fffffffffffffffffc13",2,3.34,,10,21.18,76.34,,0.00,,0,194,0,0,,,,-0.51,-1.00,-1.00,-1.00,-1.00
2024-10-17T10:18:50Z,"0002cc0100000eb0","36543ba70af935690a1536c3e400000000c200000000fd4d7cd8f638e41de7f7",2,3.34,,10,21.21,76.52,,0.00,,0,194,0,0,,,,-0.12,-0.06,-0.39,0.61,-0.66
2024-10-17T10:24:46Z,"0002cc0100000eb0","36543ba86ef935650a1549c45200000000c3010000007cbd7c45ec757412670c75ad",2,3.34,,10,21.28,76.69,,0.00,,1,195,0,0,,,0.35,0.11,0.25,-0.14,0.53,0.59
2024-10-17T10:30:42Z,"0002cc0100000eb0","36543ba9d2f935690a1545c3c300000000c300000000febdffbaff53ffffffff",2,3.34,,10,21.27,76.47,,0.00,,0,195,0,0,,,,-1.00,-1.00,-0.92,-0.97,-0.84
2024-10-17T10:36:38Z,"0002cc0100000eb0","36543bab36f935710a154cc46a00000000c300000000f425f740fd64fff6ffffff7a",2,3.34,,10,21.30,76.73,,0.00,,0,195,0,0,,,-0.93,-1.00,-1.00,-0.67,-0.45,-0.26
2024-10-17T10:42:34Z,"0002cc0100000eb0","36543bac9af935690a153ec38d00000000c300000000fffffec9ff16ffffffb2",2,3.34,,10,21.24,76.39,,0.00,,0,195,0,0,,,,-0.96,-1.00,-0.89,-0.85,-1.00
2024-10-17T10:48:30Z,"0002cc0100000eb0","36543badfef9356d0a1541c37400000000c300000000fffffecd7432fd1dffa0",2,3.34,,10,21.25,76.35,,0.00,,0,195,0,0,,,,-0.95,-0.64,0.26,-0.85,-1.00
2024-10-17T10:54:26Z,"0002cc0100000eb0","36543baf62f935690a153ec2fa00000000c300000000ffffffffff85ff51ffff",2,3.34,,10,21.24,76.16,,0.00,,0,195,0,0,,,,-1.00,-0.91,-0.94,-1.00,-1.00
2024-10-17T11:00:22Z,"0002cc0100000eb0","36543bb0c6f935710a1536c2f63ce7da00c300000000ff94ffffffffffffffd4",2,3.34,,10,21.21,76.16,,0.24,,0,195,0,0,,,,-0.98,-1.00,-1.00,-1.00,-0.95
2024-10-17T11:06:18Z,"0002cc0100000eb0","36543bb22af935690a1541c32d3f31e400c401000000f44cfc67771ff765ff9cfec7",2,3.34,,10,21.25,76.24,,1.19,,1,196,0,0,,,-0.85,-0.95,-0.46,0.45,-0.55,-0.27
2024-10-17T11:12:14Z,"0002cc0100000eb0","36543bb38ef935690a1549c45f3ed10900c501000000fed5f6227c077c2974d8",2,3.34,,10,21.28,76.71,,0.91,,1,197,0,0,,,,0.30,0.52,0.50,-0.38,-0.85
2024-10-17T11:18:10Z,"0002cc0100000eb0","36543bb4f2f935710a154cc3a53f2ab600c601000000fdd4f70174a16fcfe739",2,3.34,,10,21.30,76.42,,1.17,,1,198,0,0,,,,-0.11,0.24,0.29,-0.44,-0.73
2024-10-17T11:24:05Z,"0002cc0100000eb0","36543bb655f9356d0a154cc2d93f46c300c60000000075bffe86ffffffdefd31",2,3.34,,10,21.30,76.11,,1.28,,0,198,0,0,,,,-0.65,-0.98,-1.00,-0.82,0.36
2024-10-17T11:30:01Z,"0002cc0100000eb0","36543bb7b9f9356d0a1545c2873f1a1700c600000000ffffffffffffff96ffffffff",2,3.34,,10,21.27,75.99,,1.10,,0,198,0,0,,,-1.00,-1.00,-0.95,-1.00,-1.00,-1.00
2024-10-17T11:35:58Z,"0002cc0100000eb0","36543bb91ef935540a1541c3353f1a1700c600000000fd9dfe51ff86fca1ffffffaf",2,3.33,,10,21.25,76.25,,1.10,,0,198,0,0,,,-0.96,-1.00,-0.58,-0.94,-0.79,-0.70
2024-10-17T11:41:53Z,"0002cc0100000eb0","36543bba81f935650a153ac30c3f46be00c600000000fffffffffffffffff68e",2,3.34,,10,21.22,76.19,,1.28,,0,198,0,0,,,,-0.41,-1.00,-1.00,-1.00,-1.00
2024-10-17T11:47:49Z,"0002cc0100000eb0","36543bbbe5f935650a154cc46a3f46c300c600000000fffff758fe17fd1d7d22",2,3.34,,10,21.30,76.73,,1.28,,0,198,0,0,,,,0.64,-0.64,-0.76,-0.46,-1.00
2024-10-17T11:53:45Z,"0002cc0100000eb0","36543bbd49f935540a1549c3803f408c00c600000000ff2ffed8fd78ff9ffffffdda",2,3.33,,10,21.28,76.37,,1.25,,0,198,0,0,,,-0.73,-1.00,-0.95,-0.68,-0.86,-0.90
2024-10-17T11:59:41Z,"0002cc0100000eb0","36543bbeadf935650a1541c2f63f1a1700c6000000007680ff62ffffffffffff",2,3.34,,10,21.25,76.16,,1.10,,0,198,0,0,,,,-1.00,-1.00,-1.00,-0.92,0.41
2024-10-17T12:05:37Z,"0002cc0100000eb0","36543bc011f9356d0a1541c2cc3f248400c600000000ffffff13ff8ffffffc13ff42",2,3.34,,10,21.25,76.09,,1.14,,0,198,0,0,,,-0.91,-0.51,-1.00,-0.94,-0.88,-1.00
2024-10-17T12:11:33Z,"0002cc0100000eb0","36543bc175f9356d0a1533c2c93f3b5500c600000000fdb2ffd2fff6fc59fe8c",2,3.34,,10,21.20,76.09,,1.23,,0,198,0,0,,,,-0.82,-0.54,-1.00,-0.98,-0.71
2024-10-17T12:17:29Z,"0002cc0100000eb0","36543bc2d9f935690a153ac2ab3f1a1700c600000000fffffed9ffd4ffffffd9",2,3.34,,10,21.22,76.04,,1.10,,0,198,0,0,,,,-0.98,-1.00,-0.98,-0.86,-1.00
2024-10-17T12:23:25Z,"0002cc0100000eb0","36543bc43df935690a153ec35c3f1e5200c701000000fffff7a7657a77be75cc7c51",2,3.34,,10,21.24,76.31,,1.12,,1,199,0,0,,,0.54,0.36,0.48,0.09,-0.48,-1.00
2024-10-17T12:29:21Z,"0002cc0100000eb0","36543bc5a1f2020402001557c6003f1f4d00c9020000007d027c5c67d9ef656d53",2,,2.4.2.0,,21.34,77.34,,1.12,,2,201,0,0,,,,0.17,-0.23,0.12,0.54,0.63
2024-10-17T12:35:17Z,"0002cc0100000eb0","36543bc705f935710a155ec56a3f4dec00ca0100000077dc7d947c5cfc2ee79e66d3",2,3.34,,10,21.37,77.12,,1.30,,1,202,0,0,,,0.11,-0.12,-0.52,0.54,0.70,0.49
2024-10-17T12:41:13Z,"0002cc0100000eb0","36543bc869f935610a155ec4823f3f1500ca00000000ec8f7c0975b1fde87448",2,3.34,,10,21.37,76.76,,1.25,,0,202,0,0,,,,0.27,-0.74,0.36,0.50,-0.14
2024-10-17T12:47:09Z,"0002cc0100000eb0","36543bc9cdf9356d0a1566c7ca3e33dc00ca00000000f4c63688fcdbcdd96c90",2,3.34,,10,21.40,78.04,,0.60,,0,202,0,0,,,,0.14,-0.01,-0.61,0.00,-0.30
2024-10-17T12:53:05Z,"0002cc0100000eb0","36543bcb31f935690a156cc6b03edd6d00cc0200000076b7fc69f488fc2d7448f591",2,3.34,,10,21.42,77.61,,0.93,,2,204,0,0,,,-0.35,0.27,-0.52,-0.28,-0.55,0.42
2024-10-17T12:59:01Z,"0002cc0100000eb0","36543bcc95f935690a157bc87b3d98fb00cd01000000f51977ebf586fc90ff27",2,3.34,,10,21.48,78.31,,0.40,,1,205,0,0,,,,-0.89,-0.57,-0.35,0.49,-0.32
2024-10-17T13:04:56Z,"0002cc0100000eb0","36543bcdf8f935650a157fc7083f1f4d00ce0100000074cc7d21753977ab7687",2,3.34,,10,21.49,77.75,,1.12,,1,206,0,0,,,,0.41,0.48,0.33,0.64,0.30
2024-10-17T13:10:53Z,"0002cc0100000eb0","36543bcf5df935710a1569c4983f376700cf0100000077c0776057a1f779fd66ffe9",2,3.34,,10,21.41,76.80,,1.22,,1,207,0,0,,,-0.99,-0.67,-0.47,0.03,0.46,0.48
2024-10-17T13:16:48Z,"0002cc0100000eb0","36543bd0c0f935710a155ec42e3f376700cf00000000fed5f46ffde7fc5beda9",2,3.34,,10,21.37,76.63,,1.22,,0,207,0,0,,,,-0.18,-0.54,-0.74,-0.28,-0.85
2024-10-17T13:22:44Z,"0002cc0100000eb0","36543bd224f9357d0a1550c4643f1e5200cf00000000ff66f7ee546afceefd51",2,3.34,,10,21.31,76.72,,1.12,,0,207,0,0,,,,-0.66,-0.62,0.02,-0.50,-0.92
2024-10-17T13:28:40Z,"0002cc0100000eb0","36543bd388f935690a155ec5e83f392f00cf00000000e79e76556f376c0e57056cf4",2,3.34,,10,21.37,77.31,,1.22,,0,207,0,0,,,0.15,0.03,0.13,0.23,0.40,-0.12
2024-10-17T13:34:36Z,"0002cc0100000eb0","36543bd4ecf935690a155ec5243c8c9400d001000000762d6cdde448edf7fe3c",2,3.34,,10,21.37,77.01,,0.19,,1,208,0,0,,,,-0.78,-0.19,-0.07,0.15,0.39
2024-10-17T13:40:32Z,"0002cc0100000eb0","36543bd650f9356d0a1574c8303dba3700d0000000007ede7d037cf9ee05e7f5",2,3.34,,10,21.45,78.20,,0.43,,0,208,0,0,,,,-0.12,-0.19,0.62,0.63,0.86
2024-10-17T13:46:28Z,"0002cc0100000eb0","36543bd7b4f935690a1569c5243debca00d000000000fffffc63fdd96f5a67f1",2,3.34,,10,21.41,77.01,,0.48,,0,208,0,0,,,,0.12,0.23,-0.73,-0.55,-1.00
2024-10-17T13:52:24Z,"0002cc0100000eb0","36543bd918f935690a155ec4353debca00d000000000fc82ec237571758ce6b266a4",2,3.34,,10,21.37,76.64,,0.48,,0,208,0,0,,,0.10,-0.10,0.35,0.34,-0.13,-0.56
2024-10-17T13:58:20Z,"0002cc0100000eb0","36543bda7cf9356d0a1553c3aa3e258000d0000000006d82fd91ffffffefffc4",2,3.34,,10,21.32,76.43,,0.57,,0,208,0,0,,,,-0.97,-0.99,-1.00,-0.70,0.17
2024-10-17T14:04:16Z,"0002cc0100000eb0","36543bdbe0f9356d0a1541c3903e258000d000000000fe9fff1affffffffffdc",2,3.34,,10,21.25,76.39,,0.57,,0,208,0,0,,,,-0.98,-1.00,-1.00,-0.89,-0.83
2024-10-17T14:10:12Z,"0002cc0100000eb0","36543bdd44f9356d0a1536c3983e258000d000000000ffffffffffffffffffffffff",2,3.34,,10,21.21,76.40,,0.57,,0,208,0,0,,,-1.00,-1.00,-1.00,-1.00,-1.00,-1.00
2024-10-17T14:16:08Z,"0002cc0100000eb0","36543bdea8f935750a153ec3953e258000d000000000ffffffffffffffffffff",2,3.34,,10,21.24,76.40,,0.57,,0,208,0,0,,,,-1.00,-1.00,-1.00,-1.00,-1.00
2024-10-17T14:22:04Z,"0002cc0100000eb0","36543be00cf935690a1533c34e3e4d4700d000000000ffffffffffffffffffff",2,3.34,,10,21.20,76.29,,0.65,,0,208,0,0,,,,-1.00,-1.00,-1.00,-1.00,-1.00
2024-10-17T14:28:00Z,"0002cc0100000eb0","36543be170f935650a152bc36c3e258000d000000000ffffffffffffffffffffffff",2,3.34,,10,21.17,76.34,,0.57,,0,208,0,0,,,-1.00,-1.00,-1.00,-1.00,-1.00,-1.00
2024-10-17T14:33:56Z,"0002cc0100000eb0","36543be2d4f935690a152bc3663e258000d000000000ffffffffffffffffffff",2,3.34,,10,21.17,76.33,,0.57,,0,208,0,0,,,,-1.00,-1.00,-1.00,-1.00,-1.00
2024-10-17T14:39:52Z,"0002cc0100000eb0","36543be438f935690a1521c35f3e258000d000000000ff53ffffffffffffffff",2,3.34,,10,21.13,76.32,,0.57,,0,208,0,0,,,,-1.00,-1.00,-1.00,-1.00,-0.92
2024-10-17T14:45:48Z,"0002cc0100000eb0","36543be59cf935710a1524c3383e258000d000000000ffffffffffffffffffffffff",2,3.34,,10,21.14,76.26,,0.57,,0,208,0,0,,,-1.00,-1.00,-1.00,-1.00,-1.00,-1.00
2024-10-17T14:51:44Z,"0002cc0100000eb0","36543be700f935710a1521c3123e258000d000000000fffffffbffffffffffff",2,3.34,,10,21.13,76.20,,0.57,,0,208,0,0,,,,-1.00,-1.00,-1.00,-1.00,-1.00
2024-10-17T14:57:40Z,"0002cc0100000eb0","36543be864f935690a1524c2a33e258000d000000000ffffffffffffffffffff",2,3.34,,10,21.14,76.03,,0.57,,0,208,0,0,,,,-1.00,-1.00,-1.00,-1.00,-1.00
2024-10-17T15:03:36Z,"0002cc0100000eb0","36543be9c8f935650a1519c25e3e4d4700d000000000ffffffffffffffffffffffff",2,3.34,,10,21.10,75.93,,0.65,,0,208,0,0,,,-1.00,-1.00,-1.00,-1.00,-1.00,-1.00
2024-10-17T15:09:32Z,"0002cc0100000eb0","36543beb2cf935690a151cc2283e3c5100d000000000ffffffffffffffffffff",2,3.34,,10,21.11,75.84,,0.62,,0,208,0,0,,,,-1.00,-1.00,-1.00,-1.00,-1.00
2024-10-17T15:15:28Z,"0002cc0100000eb0","36543bec90f935710a1519c22d3e4d4700d000000000ffffffffffffffffffff",2,3.34,,10,21.10,75.85,,0.65,,0,208,0,0,,,,-1.00,-1.00,-1.00,-1.00,-1.00
2024-10-17T15:21:23Z,"0002cc0100000eb0","36543bedf3f935790a151cc2363cb64800d000000000ffffffffffffffffffff",2,3.34,,10,21.11,75.86,,0.21,,0,208,0,0,,,,-1.00,-1.00,-1.00,-1.00,-1.00
2024-10-17T15:27:19Z,"0002cc0100000eb0","36543bef57f935710a1527c2c13dee0400d1010000007cd56ec47491f7497771",2,3.34,,10,21.15,76.08,,0.48,,1,209,0,0,,,,0.47,-0.46,0.29,0.21,0.60
2024-10-17T15:33:15Z,"0002cc0100000eb0","36543bf0bbf935750a1533c1a93e31e400d3020000007574dc1b6e977d6e7536f7e6",2,3.34,,10,21.20,75.65,,0.60,,2,211,0,0,,,-0.49,0.33,0.68,0.21,-0.03,0.34
2024-10-17T15:39:11Z,"0002cc0100000eb0","36543bf21ff935690a153ec3bf3e5ca300d3000000006c51f7d4f47b77b177ef",2,3.34,,10,21.24,76.46,,0.68,,0,211,0,0,,,,0.50,0.48,-0.28,-0.49,0.13
2024-10-17T15:45:07Z,"0002cc0100000eb0","36543bf383f935610a153ec2123e31e400d300000000f627ff5cffd4ffffffff",2,3.34,,10,21.24,75.81,,0.60,,0,211,0,0,,,,-1.00,-1.00,-0.98,-0.92,-0.38
2024-10-17T15:51:03Z,"0002cc0100000eb0","36543bf4e7f935650a153ec1fe3e065f00d300000000ffffffffffd4ffffffffffff",2,3.34,,10,21.24,75.78,,0.51,,0,211,0,0,,,-1.00,-1.00,-1.00,-0.98,-1.00,-1.00
2024-10-17T15:56:59Z,"0002cc0100000eb0","36543bf64bf9356d0a152bc01b3da16e00d300000000ffffffffffffffffffff",2,3.34,,10,21.17,75.04,,0.41,,0,211,0,0,,,,-1.00,-1.00,-1.00,-1.00,-1.00
2024-10-17T16:02:55Z,"0002cc0100000eb0","36543bf7aff935690a152bc1733e628900d300000000fffffffffc83f52ffd24ffff",2,3.34,,10,21.17,75.57,,0.69,,0,211,0,0,,,-1.00,-0.64,-0.32,-0.56,-1.00,-1.00
2024-10-17T16:08:51Z,"0002cc0100000eb0","36543bf913f935690a1527c1dc3e277700d300000000ffffffffffffffffffff",2,3.34,,10,21.15,75.73,,0.58,,0,211,0,0,,,,-1.00,-1.00,-1.00,-1.00,-1.00
2024-10-17T16:14:47Z,"0002cc0100000eb0","36543bfa77f935710a1527c1fe3e48b600d300000000ffffffffffffffffffff",2,3.34,,10,21.15,75.78,,0.64,,0,211,0,0,,,,-1.00,-1.00,-1.00,-1.00,-1.00
2024-10-17T16:20:43Z,"0002cc0100000eb0","36543bfbdbf9356d0a1521c20f3e661a00d300000000ffffffffffffffffffff",2,3.34,,10,21.13,75.81,,0.70,,0,211,0,0,,,,-1.00,-1.00,-1.00,-1.00,-1.00
2024-10-17T16:26:39Z,"0002cc0100000eb0","36543bfd3ff935650a151cc2283e31e400d300000000ffffffffffffffffffffffff",2,3.34,,10,21.11,75.84,,0.60,,0,211,0,0,,,-1.00,-1.00,-1.00,-1.00,-1.00,-1.00
2024-10-17T16:32:35Z,"0002cc0100000eb0","36543bfea3f202040200151cc2213e1b1300d300000000ffffffffffffffffffff",2,,2.4.2.0,,21.11,75.83,,0.55,,0,211,0,0,,,,-1.00,-1.00,-1.00,-1.00,-1.00
2024-10-17T16:38:31Z,"0002cc0100000eb0","36543c0007f935710a1516c1ec3e48b600d300000000ffffffffffffffffffc3",2,3.34,,10,21.08,75.75,,0.64,,0,211,0,0,,,,-0.97,-1.00,-1.00,-1.00,-1.00
2024-10-17T16:44:27Z,"0002cc0100000eb0","36543c016bf935650a1516c2cc3e3c5100d300000000ffffffafffcffffffd91",2,3.34,,10,21.08,76.09,,0.62,,0,211,0,0,,,,-0.70,-1.00,-0.98,-0.96,-1.00
2024-10-17T16:50:23Z,"0002cc0100000eb0","36543c02cff9356d0a1512c2fa3e1b1300d300000000ffffffffffffffffff6a",2,3.34,,10,21.07,76.16,,0.55,,0,211,0,0,,,,-0.93,-1.00,-1.00,-1.00,-1.00
2024-10-17T16:56:19Z,"0002cc0100000eb0","36543c0433f935710a1519c2813e31e400d300000000ffffffffffffffffffffffff",2,3.34,,10,21.10,75.98,,0.60,,0,211,0,0,,,-1.00,-1.00,-1.00,-1.00,-1.00,-1.00
2024-10-17T17:02:15Z,"0002cc0100000eb0","36543c0597f935690a1516c2393e1b1300d300000000ffffffffffffffffffff",2,3.34,,10,21.08,75.87,,0.55,,0,211,0,0,,,,-1.00,-1.00,-1.00,-1.00,-1.00
2024-10-17T17:08:11Z,"0002cc0100000eb0","36543c06fbf935710a150ec20a3e5ca300d300000000ffffffffffffffffffff",2,3.34,,10,21.05,75.80,,0.68,,0,211,0,0,,,,-1.00,-1.00,-1.00,-1.00,-1.00
2024-10-17T17:14:07Z,"0002cc0100000eb0","36543c085ff935690a1512c2bb3e1b1300d300000000fffffffffe93ff3dfffff53d",2,3.34,,10,21.07,76.07,,0.55,,0,211,0,0,,,-0.33,-1.00,-0.90,-0.82,-1.00,-1.00
2024-10-17T17:20:03Z,"0002cc0100000eb0","36543c09c3f9356d0a1516c2333e0eae00d300000000f449ffffffffffffffff",2,3.34,,10,21.08,75.86,,0.53,,0,211,0,0,,,,-1.00,-1.00,-1.00,-1.00,-0.27
2024-10-17T17:25:59Z,"0002cc0100000eb0","36543c0b27f9356d0a1516c20f3e1b1300d300000000ffffffffffffffffffff",2,3.34,,10,21.08,75.81,,0.55,,0,211,0,0,,,,-1.00,-1.00,-1.00,-1.00,-1.00
2024-10-17T17:31:55Z,"0002cc0100000eb0","36543c0c8bf9357d0a1519c1d33e1b1300d300000000ffffffffffffffffffffffff",2,3.34,,10,21.10,75.71,,0.55,,0,211,0,0,,,-1.00,-1.00,-1.00,-1.00,-1.00,-1.00
2024-10-17T17:37:51Z,"0002cc0100000eb0","36543c0deff9356d0a150ec1a73e532d00d300000000ffffffffffffffffffff",2,3.34,,10,21.05,75.65,,0.66,,0,211,0,0,,,,-1.00,-1.00,-1.00,-1.00,-1.00
2024-10-17T17:43:47Z,"0002cc0100000eb0","36543c0f53f9356d0a1521c22a3e637700d300000000f408fffaf6f87665654d",2,3.34,,10,21.13,75.85,,0.69,,0,211,0,0,,,,0.08,0.40,-0.44,-1.00,-0.25
2024-10-17T17:49:43Z,"0002cc0100000eb0","36543c10b7f935690a151cc21b3e9a1500d300000000ffffffffffffffffffffffff",2,3.34,,10,21.11,75.82,,0.80,,0,211,0,0,,,-1.00,-1.00,-1.00,-1.00,-1.00,-1.00
2024-10-17T17:55:39Z,"0002cc0100000eb0","36543c121bf935690a1519c2103e637700d300000000ffffffffffffffffffff",2,3.34,,10,21.10,75.81,,0.69,,0,211,0,0,,,,-1.00,-1.00,-1.00,-1.00,-1.00
2024-10-17T18:01:35Z,"0002cc0100000eb0","36543c137ff935650a151cc1cd3e637700d300000000fff0fffeffffffffffff",2,3.34,,10,21.11,75.70,,0.69,,0,211,0,0,,,,-1.00,-1.00,-1.00,-1.00,-0.99
2024-10-17T18:07:31Z,"0002cc0100000eb0","36543c14e3f935690a151cc2753e9a1500d300000000ffffffffffffffffffff",2,3.34,,10,21.11,75.96,,0.80,,0,211,0,0,,,,-1.00,-1.00,-1.00,-1.00,-1.00
2024-10-17T18:13:27Z,"0002cc0100000eb0","36543c1647f935710a1521c1f23e637700d300000000ffffffffffffffffffffffff",2,3.34,,10,21.13,75.76,,0.69,,0,211,0,0,,,-1.00,-1.00,-1.00,-1.00,-1.00,-1.00
2024-10-17T18:19:23Z,"0002cc0100000eb0","36543c17abf935690a1524c1ca3e9a1500d300000000ffffffffffffffffffff",2,3.34,,10,21.14,75.70,,0.80,,0,211,0,0,,,,-1.00,-1.00,-1.00,-1.00,-1.00
2024-10-17T18:25:19Z,"0002cc0100000eb0","36543c190ff935690a1521c1c23e637700d300000000ffffffffffffffffffffffff",2,3.34,,10,21.13,75.69,,0.69,,0,211,0,0,,,-1.00,-1.00,-1.00,-1.00,-1.00,-1.00
2024-10-17T18:31:15Z,"0002cc0100000eb0","36543c1a73f9356d0a151cc1a33e423800d300000000ffffffffffffffffff68",2,3.34,,10,21.11,75.64,,0.63,,0,211,0,0,,,,-0.93,-1.00,-1.00,-1.00,-1.00
2024-10-17T18:37:11Z,"0002cc0100000eb0","36543c1bd7f9356d0a1524c20a3e9a1500d300000000ffffffffffffffffffe6",2,3.34,,10,21.14,75.80,,0.80,,0,211,0,0,,,,-0.99,-1.00,-1.00,-1.00,-1.00
2024-10-17T18:43:07Z,"0002cc0100000eb0","36543c1d3bf935690a1527c2603e637700d300000000ffffffffffedffffffff",2,3.34,,10,21.15,75.93,,0.69,,0,211,0,0,,,,-1.00,-1.00,-0.99,-1.00,-1.00
2024-10-17T18:49:03Z,"0002cc0100000eb0","36543c1e9ff935690a1527c1f13e84b500d300000000ff01ffffffffffffffffffff",2,3.34,,10,21.15,75.76,,0.76,,0,211,0,0,,,-1.00,-1.00,-1.00,-1.00,-1.00,-0.88
2024-10-17T18:54:58Z,"0002cc0100000eb0","36543c2002f935650a1521c1973e785100d300000000ffffffffffffffffffff",2,3.34,,10,21.13,75.62,,0.73,,0,211,0,0,,,,-1.00,-1.00,-1.00,-1.00,-1.00
2024-10-17T19:00:54Z,"0002cc0100000eb0","36543c2166f9356d0a151cc15c3e9a1500d300000000ffffffffffffffffffff",2,3.34,,10,21.11,75.53,,0.80,,0,211,0,0,,,,-1.00,-1.00,-1.00,-1.00,-1.00
2024-10-17T19:06:51Z,"0002cc0100000eb0","36543c22cbf9356d0a151cc12c3e637700d300000000ffffffffffffffffffffffff",2,3.34,,10,21.11,75.46,,0.69,,0,211,0,0,,,-1.00,-1.00,-1.00,-1.00,-1.00,-1.00
2024-10-17T19:12:46Z,"0002cc0100000eb0","36543c242ef935690a1512c1013e9a1500d300000000ffffffffffffffffffff",2,3.34,,10,21.07,75.39,,0.80,,0,211,0,0,,,,-1.00,-1.00,-1.00,-1.00,-1.00
2024-10-17T19:18:42Z,"0002cc0100000eb0","36543c2592f935690a1519c0ff3e637700d300000000fefcffffffffffffffff",2,3.34,,10,21.10,75.39,,0.69,,0,211,0,0,,,,-1.00,-1.00,-1.00,-1.00,-0.87
2024-10-17T19:24:38Z,"0002cc0100000eb0","36543c26f6f935710a1516c19e3e423800d300000000ffffffffffffffff5c1efc47",2,3.34,,10,21.08,75.63,,0.63,,0,211,0,0,,,-0.53,0.03,-1.00,-1.00,-1.00,-1.00
2024-10-17T19:30:30Z,"0002cc0100000eb0","36543c2856f935690a1519c1553e637700d300000000ffafffffffffffffffff",3,3.34,,10,21.10,75.52,,0.69,,0,211,0,0,,,,-1.00,-1.00,-1.00,-1.00,-0.96
2024-10-17T19:36:26Z,"0002cc0100000eb0","36543c29baf9356d0a1516c1523e9a1500d300000000ffffffffffffffffffffffff",2,3.34,,10,21.08,75.52,,0.80,,0,211,0,0,,,-1.00,-1.00,-1.00,-1.00,-1.00,-1.00
2024-10-17T19:42:22Z,"0002cc0100000eb0","36543c2b1ef935690a1512c1103e637700d300000000ffffffffffffffffffff",2,3.34,,10,21.07,75.42,,0.69,,0,211,0,0,,,,-1.00,-1.00,-1.00,-1.00,-1.00
2024-10-17T19:48:18Z,"0002cc0100000eb0","36543c2c82f935690a1516c0bf3e84b500d300000000ffffffffffffffffffffffff",2,3.34,,10,21.08,75.29,,0.76,,0,211,0,0,,,-1.00,-1.00,-1.00,-1.00,-1.00,-1.00
2024-10-17T19:54:14Z,"0002cc0100000eb0","36543c2de6f9356d0a1519c0033e637700d300000000fffffd0cffffffffffff",2,3.34,,10,21.10,75.01,,0.69,,0,211,0,0,,,,-1.00,-1.00,-1.00,-0.63,-1.00
2024-10-17T20:00:10Z,"0002cc0100000eb0","36543c2f4af935610a1516c03f3c314e00d300000000ffffffffffffffffffff",2,3.34,,10,21.08,75.10,,0.15,,0,211,0,0,,,,-1.00,-1.00,-1.00,-1.00,-1.00
2024-10-17T20:06:06Z,"0002cc0100000eb0","36543c30aef9356d0a1527c0293d22c200d300000000ffffff02ff327683757a",2,3.34,,10,21.15,75.06,,0.28,,0,211,0,0,,,,0.34,0.41,-0.90,-0.88,-1.00
2024-10-17T20:12:02Z,"0002cc0100000eb0","36543c3212f9356d0a1550c0783c392c00d3000000006f317c4b7d3c74a3754f7c82",2,3.34,,10,21.31,75.18,,0.15,,0,211,0,0,,,0.56,0.33,0.29,0.65,0.54,0.22
2024-10-17T20:17:58Z,"0002cc0100000eb0","36543c3376f935610a156cc3963befb900d4010000007cb47cad7dd274537c64",2,3.34,,10,21.42,76.40,,0.12,,1,212,0,0,,,,0.55,0.27,0.73,0.58,0.59
2024-10-17T20:23:54Z,"0002cc0100000eb0","36543c34daf935610a1577c3b93f627b00d40000000075ef75e17d72f6036c13",2,3.34,,10,21.46,76.46,,1.38,,0,212,0,0,,,,0.13,-0.38,0.68,0.37,0.37
2024-10-17T20:29:50Z,"0002cc0100000eb0","36543c363ef935610a1577c31e3f2ab600d602000000fd80ed2275a7767b7d32779c",2,3.34,,10,21.46,76.22,,1.17,,2,214,0,0,,,0.48,0.65,0.41,0.35,-0.16,-0.69
2024-10-17T20:35:46Z,"0002cc0100000eb0","36543c37a2f2020402001586c71a39cb8900d6000000007daf6ebc6e50e444756b",2,,2.4.2.0,,21.52,77.78,,0.03,,0,214,0,0,,,,0.34,-0.07,0.20,0.21,0.71
2024-10-17T20:41:42Z,"0002cc0100000eb0","36543c3906f935690a157fc71d3eb83f00d7010000007c1df68b5d4e7c477c20",2,3.34,,10,21.49,77.78,,0.86,,1,215,0,0,,,,0.52,0.53,0.04,-0.41,0.51
2024-10-17T20:47:38Z,"0002cc0100000eb0","36543c3a6af935690a1574c5013dfcb400d902000000f66677657daee63574f77742",2,3.34,,10,21.45,76.96,,0.50,,2,217,0,0,,,0.45,0.31,-0.10,0.71,0.46,-0.40
2024-10-17T20:53:34Z,"0002cc0100000eb0","36543c3bcef935610a1562c4773e3c5100da010000007c58f4ff5e7def4c74d1",2,3.34,,10,21.38,76.75,,0.62,,1,218,0,0,,,,0.30,-0.23,0.05,-0.31,0.54
2024-10-17T20:59:30Z,"0002cc0100000eb0","36543c3d32f935610a1557c53c3cbe2700dc020000007566dcc7f6fc7d11f55b7c5e",2,3.34,,10,21.34,77.05,,0.22,,2,220,0,0,,,0.55,-0.33,0.63,-0.44,-0.04,0.34
2024-10-17T21:05:26Z,"0002cc0100000eb0","36543c3e96f9356d0a1550c3b43e637700dd010000007da87d907c8a74afff3f",2,3.34,,10,21.31,76.45,,0.69,,1,221,0,0,,,,-0.91,0.29,0.57,0.70,0.71
2024-10-17T21:11:21Z,"0002cc0100000eb0","36543c3ff9f9356d0a153ec34e3e7a4800dd00000000ff95ff12ff7dfef8ffea",2,3.34,,10,21.24,76.29,,0.74,,0,221,0,0,,,,-0.99,-0.87,-0.94,-0.88,-0.95
2024-10-17T21:17:18Z,"0002cc0100000eb0","36543c415ef935710a152bc3353e637700dd00000000fdcafdfbff9effdaffffffff",2,3.34,,10,21.17,76.25,,0.69,,0,221,0,0,,,-1.00,-1.00,-0.98,-0.95,-0.75,-0.72
2024-10-17T21:23:13Z,"0002cc0100000eb0","36543c42c1f935710a1516c2f63e637700dd00000000ffffffffffffffffffbf",2,3.34,,10,21.08,76.16,,0.69,,0,221,0,0,,,,-0.97,-1.00,-1.00,-1.00,-1.00
2024-10-17T21:29:09Z,"0002cc0100000eb0","36543c4425f9356d0a150bc2b73e637700dd00000000ffffffffffffffacffff",2,3.34,,10,21.04,76.06,,0.69,,0,221,0,0,,,,-1.00,-0.96,-1.00,-1.00,-1.00
2024-10-17T21:35:05Z,"0002cc0100000eb0","36543c4589f935690a1507c2913e590a00dd00000000ffffffffff88fe26ffff",2,3.34,,10,21.03,76.00,,0.67,,0,221,0,0,,,,-1.00,-0.77,-0.94,-1.00,-1.00
2024-10-17T21:41:01Z,"0002cc0100000eb0","36543c46edf935710a14fcc2763e4e9d00dd00000000ffffffffff00fffffffffc1f",2,3.34,,10,20.98,75.96,,0.65,,0,221,0,0,,,-0.52,-1.00,-1.00,-0.88,-1.00,-1.00
2024-10-17T21:46:57Z,"0002cc0100000eb0","36543c4851f935690a1507c4a73e9b8700dd00000000f682fffffec6ffa4ffa6",2,3.34,,10,21.03,76.82,,0.80,,0,221,0,0,,,,-0.96,-0.96,-0.85,-1.00,-0.41
2024-10-17T21:52:53Z,"0002cc0100000eb0","36543c49b5f935710a1500c3cf3e9a1500dd00000000ffffffffffeeff98fffcffff",2,3.34,,10,21.00,76.49,,0.80,,0,221,0,0,,,-1.00,-1.00,-0.95,-0.99,-1.00,-1.00
2024-10-17T21:58:49Z,"0002cc0100000eb0","36543c4b19f9356d0a1500c3053e590a00dd00000000ffffffffff8effecffff",2,3.34,,10,21.00,76.18,,0.67,,0,221,0,0,,,,-1.00,-0.99,-0.94,-1.00,-1.00
2024-10-17T22:04:45Z,"0002cc0100000eb0","36543c4c7df935710a1500c2403e590a00dd00000000fffffffffffffffffecaff22",2,3.34,,10,21.00,75.88,,0.67,,0,221,0,0,,,-0.89,-0.85,-1.00,-1.00,-1.00,-1.00
2024-10-17T22:10:41Z,"0002cc0100000eb0","36543c4de1f935610a1503c2273e590a00dd00000000fd01fcd4ff4dffffffff",2,3.34,,10,21.01,75.84,,0.67,,0,221,0,0,,,,-1.00,-1.00,-0.91,-0.60,-0.63
2024-10-17T22:16:37Z,"0002cc0100000eb0","36543c4f45f9356d0a1500c1c23e590a00dd00000000ffffffffffffffffffff",2,3.34,,10,21.00,75.69,,0.67,,0,221,0,0,,,,-1.00,-1.00,-1.00,-1.00,-1.00
2024-10-17T22:22:33Z,"0002cc0100000eb0","36543c50a9f935610a1500c19e3e590a00dd00000000fffffff0ffe2ffffffff",2,3.34,,10,21.00,75.63,,0.67,,0,221,0,0,,,,-1.00,-1.00,-0.99,-0.99,-1.00
2024-10-17T22:28:29Z,"0002cc0100000eb0","36543c520df9355d0a150ec1553e637700dd00000000ffffffffffc4fc90f52bff15",2,3.34,,10,21.05,75.52,,0.69,,0,221,0,0,,,-0.89,-0.32,-0.57,-0.97,-1.00,-1.00
2024-10-17T22:34:25Z,"0002cc0100000eb0","36543c5371f935690a1512c3783e7a4800dd00000000ffffff0cff8afeadfe1a",2,3.34,,10,21.07,76.36,,0.74,,0,221,0,0,,,,-0.76,-0.83,-0.94,-0.88,-1.00
2024-10-17T22:40:21Z,"0002cc0100000eb0","36543c54d5f935710a1519c18c3e9a1500dd00000000ffffffffffffffffffe2ffb4",2,3.34,,10,21.10,75.61,,0.80,,0,221,0,0,,,-0.96,-0.99,-1.00,-1.00,-1.00,-1.00
2024-10-17T22:46:17Z,"0002cc0100000eb0","36543c5639f935710a1521c1e53e9a1500dd000000006cb4fe6bfffffffffff3",2,3.34,,10,21.13,75.74,,0.80,,0,221,0,0,,,,-0.99,-1.00,-1.00,-0.80,0.15
2024-10-17T22:52:13Z,"0002cc0100000eb0","36543c579df935650a1519c1a13e637700dd00000000ffffffffffffffffffff",2,3.34,,10,21.10,75.64,,0.69,,0,221,0,0,,,,-1.00,-1.00,-1.00,-1.00,-1.00
2024-10-17T22:58:09Z,"0002cc0100000eb0","36543c5901f935690a1519c1683e637700dd00000000ffffffffffffffffffa2ffff",2,3.34,,10,21.10,75.55,,0.69,,0,221,0,0,,,-1.00,-0.95,-1.00,-1.00,-1.00,-1.00
2024-10-17T23:04:05Z,"0002cc0100000eb0","36543c5a65f935710a1516c13d00000000dd00000000fffffffffffffffffeee",2,3.34,,10,21.08,75.48,,0.00,,0,221,0,0,,,,-0.87,-1.00,-1.00,-1.00,-1.00
2024-10-17T23:10:01Z,"0002cc0100000eb0","36543c5bc9f935710a151cc1a300000000dd00000000fedaff09ffffffffffffffc8",2,3.34,,10,21.11,75.64,,0.00,,0,221,0,0,,,-0.97,-1.00,-1.00,-1.00,-0.88,-0.86
2024-10-17T23:15:57Z,"0002cc0100000eb0","36543c5d2df935710a1521c1ac00000000dd00000000ffffffffffffffe4ffff",2,3.34,,10,21.13,75.65,,0.00,,0,221,0,0,,,,-1.00,-0.99,-1.00,-1.00,-1.00
2024-10-17T23:21:53Z,"0002cc0100000eb0","36543c5e91f9356d0a151cc19500000000dd00000000ffbafe13ff3dffffffffffff",2,3.34,,10,21.11,75.62,,0.00,,0,221,0,0,,,-1.00,-1.00,-1.00,-0.91,-0.76,-0.97
2024-10-17T23:27:49Z,"0002cc0100000eb0","36543c5ff5f9356d0a1524c2ff00000000dd00000000fdcdffc5ff47fc0afc31",2,3.34,,10,21.14,76.17,,0.00,,0,221,0,0,,,,-0.52,-0.51,-0.91,-0.97,-0.73
2024-10-17T23:33:45Z,"0002cc0100000eb0","36543c6159f935610a1521c2c400000000dd00000000ff31fd21f7a5f446feef",2,3.34,,10,21.13,76.08,,0.00,,0,221,0,0,,,,-0.87,-0.27,-0.48,-0.64,-0.90
2024-10-17T23:39:41Z,"0002cc0100000eb0","36543c62bdf935690a1527c34800000000dd00000000ffceffffffffffccfd6bfe1a",2,3.34,,10,21.15,76.28,,0.00,,0,221,0,0,,,-0.76,-0.68,-0.97,-1.00,-1.00,-0.98
2024-10-17T23:45:36Z,"0002cc0100000eb0","36543c6420f935710a1524c43400000000de01000000feecff91fdd5f65f7c88",2,3.34,,10,21.14,76.64,,0.00,,1,222,0,0,,,,0.57,-0.40,-0.73,-0.95,-0.87
2024-10-17T23:51:32Z,"0002cc0100000eb0","36543c6584f935690a1545c57c00000000df0100000076ac7dacfd527cfb7d45",2,3.34,,10,21.27,77.14,,0.00,,1,223,0,0,,,,0.66,0.62,-0.66,0.71,0.42
2024-10-17T23:57:28Z,"0002cc0100000eb0","36543c66e8f9356d0a1550c53d00000000e00100000075b5ffffdcbafc52fddbfed4",2,3.34,,10,21.31,77.05,,0.00,,1,224,0,0,,,-0.85,-0.73,-0.54,-0.04,-1.00,0.36
