Time,DevEUI,Raw,Port,Vbat,Version,BootCount,T,RH,P,Light,CO2,P[0].delta,P[0].total,P[1].delta,P[1].total,Act[7],Act[6],Act[5],Act[4],Act[3],Act[2],Act[1],Act[0]
2024-10-19T00:03:53Z,"0002cc0100000eb0","36543db9e9f9357d11150bc1b5000000000b00000000ffffffffffffffffe53efd33",2,3.34,,17,21.04,75.67,,0.00,,0,11,0,0,,,-0.65,-0.08,-1.00,-1.00,-1.00,-1.00
2024-10-19T00:09:49Z,"0002cc0100000eb0","36543dbb4df9356d11150bc1c1000000000b00000000fec6ffffffffffffffc2",2,3.34,,17,21.04,75.69,,0.00,,0,11,0,0,,,,-0.97,-1.00,-1.00,-1.00,-0.85
2024-10-19T00:15:45Z,"0002cc0100000eb0","36543dbcb1f9356d11150ec177000000000b00000000ffffffffff3dfff3fe97",2,3.34,,17,21.05,75.57,,0.00,,0,11,0,0,,,,-0.82,-0.99,-0.90,-1.00,-1.00
2024-10-19T00:21:41Z,"0002cc0100000eb0","36543dbe15f9357911150ec1e0000000000c01000000fc0ffd1efc08f671ec3b",2,3.34,,17,21.05,75.73,,0.00,,1,12,0,0,,,,-0.13,-0.40,-0.50,-0.64,-0.51
2024-10-19T00:27:37Z,"0002cc0100000eb0","36543dbf79f9356d111521c255000000000e02000000dfe37dab7c627c587da0",2,3.34,,17,21.13,75.91,,0.00,,2,14,0,0,,,,0.70,0.54,0.55,0.71,-0.06
2024-10-19T00:33:33Z,"0002cc0100000eb0","36543dc0ddf9356d11153ac3e6000000000f010000007cf57d897d457eaa7cb9f437",2,3.34,,17,21.22,76.52,,0.00,,1,15,0,0,,,-0.26,0.59,0.83,0.66,0.69,0.62
2024-10-19T00:39:29Z,"0002cc0100000eb0","36543dc241f93561111541c3f2000000001102000000ecd7fe44775b6e80f540",2,3.34,,17,21.25,76.54,,0.00,,2,17,0,0,,,,-0.33,0.20,0.46,-0.78,-0.15
2024-10-19T00:45:25Z,"0002cc0100000eb0","36543dc3a5f9356911154cc407000000001302000000f5a37c317648f41eed1b",2,3.34,,17,21.30,76.57,,0.00,,2,19,0,0,,,,-0.16,-0.26,0.39,0.52,-0.35
2024-10-19T00:51:21Z,"0002cc0100000eb0","36543dc509f93579111550c4100000000014010000007d4b77377c7274c37638ffff",2,3.34,,17,21.31,76.59,,0.00,,1,20,0,0,,,-1.00,0.39,0.30,0.56,0.45,0.66
2024-10-19T00:57:16Z,"0002cc0100000eb0","36543dc66cf9356d111553c42e00000000150100000065a16ee97c7a7648f774",2,3.34,,17,21.32,76.63,,0.00,,1,21,0,0,,,,-0.47,0.39,0.56,0.22,0.09
2024-10-19T01:03:12Z,"0002cc0100000eb0","36543dc7d0f93575111549c34e0000000016010000007d377cf47cea6e31767e",2,3.34,,17,21.28,76.29,,0.00,,1,22,0,0,,,,0.41,0.19,0.61,0.62,0.65
2024-10-19T01:09:08Z,"0002cc0100000eb0","36543dc934f9356d111549c354000000001600000000d475f7a6fd83f767fddcffff",2,3.34,,17,21.28,76.30,,0.00,,0,22,0,0,,,-1.00,-0.73,-0.46,-0.69,-0.48,-0.02
2024-10-19T01:15:04Z,"0002cc0100000eb0","36543dca98f9357511153ac2cd000000001600000000fee3ff59ffcdffffffb1",2,3.34,,17,21.22,76.10,,0.00,,0,22,0,0,,,,-0.96,-1.00,-0.97,-0.92,-0.86
2024-10-19T01:21:00Z,"0002cc0100000eb0","36543dcbfcf9357511152bc366000000001600000000fffffffffedcfc1bd5c8fedd",2,3.34,,17,21.17,76.33,,0.00,,0,22,0,0,,,-0.86,-0.02,-0.51,-0.86,-1.00,-1.00
2024-10-19T01:26:56Z,"0002cc0100000eb0","36543dcd60f9357d111530c35a000000001701000000ff37f487fc1af40dffbc",2,3.34,,17,21.18,76.31,,0.00,,1,23,0,0,,,,-0.97,-0.25,-0.51,-0.28,-0.90
2024-10-19T01:32:52Z,"0002cc0100000eb0","36543dcec4f9356d11152bc2ca000000001700000000ffffff20ffffffffffffffff",2,3.34,,17,21.17,76.09,,0.00,,0,23,0,0,,,-1.00,-1.00,-1.00,-1.00,-0.89,-1.00
2024-10-19T01:38:48Z,"0002cc0100000eb0","36543dd028f93579111524c3ae000000001700000000ffffffffffb6f5f1ffff",2,3.34,,17,21.14,76.44,,0.00,,0,23,0,0,,,,-1.00,-0.37,-0.96,-1.00,-1.00
2024-10-19T01:44:44Z,"0002cc0100000eb0","36543dd18cf9357d111524c315000000001700000000fecaffd9ffffffffffff",2,3.34,,17,21.14,76.21,,0.00,,0,23,0,0,,,,-1.00,-1.00,-1.00,-0.98,-0.85
2024-10-19T01:50:40Z,"0002cc0100000eb0","36543dd2f0f9356d111524c37d000000001801000000ff81fe6cf7f8f4fdf49c7c52",2,3.34,,17,21.14,76.36,,0.00,,1,24,0,0,,,0.54,-0.29,-0.31,-0.50,-0.80,-0.94
2024-10-19T01:56:36Z,"0002cc0100000eb0","36543dd454f93575111541c527000000001a0200000077d4679f740c775e7d2ce559",2,3.34,,17,21.25,77.01,,0.00,,2,26,0,0,,,-0.08,0.65,0.46,0.25,0.12,0.49
2024-10-19T02:02:32Z,"0002cc0100000eb0","36543dd5b8f93579111549c31d000000001c0200000077827603ec3dfe61fd7b",2,3.34,,17,21.28,76.22,,0.00,,2,28,0,0,,,,-0.68,-0.80,-0.13,0.38,0.47
2024-10-19T02:08:28Z,"0002cc0100000eb0","36543dd71cf9357511153ac2c6000000001c00000000fc5bffffffcafe5bff73",2,3.34,,17,21.22,76.08,,0.00,,0,28,0,0,,,,-0.93,-0.79,-0.97,-1.00,-0.54
2024-10-19T02:14:24Z,"0002cc0100000eb0","36543dd880f9357d111536c3ab000000001e02000000fffffecff53efffffe62",2,3.34,,17,21.21,76.43,,0.00,,2,30,0,0,,,,-0.80,-1.00,-0.33,-0.85,-1.00
2024-10-19T02:20:20Z,"0002cc0100000eb0","36543dd9e4f9356d111530c38c000000001e00000000ed9fffc9ffffffffff91ffff",2,3.34,,17,21.18,76.39,,0.00,,0,30,0,0,,,-1.00,-0.95,-1.00,-1.00,-0.97,-0.18
2024-10-19T02:26:15Z,"0002cc0100000eb0","36543ddb47f9356d111521c2d9000000001e00000000fffffffffe92fec9ffc8",2,3.34,,17,21.13,76.11,,0.00,,0,30,0,0,,,,-0.97,-0.85,-0.82,-1.00,-1.00
2024-10-19T02:32:11Z,"0002cc0100000eb0","36543ddcabf93575111521c28d000000001e00000000ff2effddffd4ffffff27",2,3.34,,17,21.13,76.00,,0.00,,0,30,0,0,,,,-0.89,-1.00,-0.98,-0.98,-0.90
2024-10-19T02:38:07Z,"0002cc0100000eb0","36543dde0ff93579111527c28a000000001e000000006c5cfd43fffffe98ffae",2,3.34,,17,21.15,75.99,,0.00,,0,30,0,0,,,,-0.96,-0.82,-1.00,-0.66,0.14
2024-10-19T02:44:03Z,"0002cc0100000eb0","36543ddf73f93575111530c3cb000000002002000000f6a476c56f6074caf7376c84",2,3.34,,17,21.18,76.48,,0.00,,2,32,0,0,,,0.14,-0.45,0.30,0.23,0.42,-0.42
2024-10-19T02:49:59Z,"0002cc0100000eb0","36543de0d7f9356d11153ec55d0000000022020000007d166fb0edb455cbd6e0",2,3.34,,17,21.24,77.10,,0.00,,2,34,0,0,,,,-0.03,0.02,-0.18,0.24,0.64
2024-10-19T02:55:55Z,"0002cc0100000eb0","36543de23bf93579111557c7740000000023010000007dcf7cdeef15fc37758f",2,3.34,,17,21.34,77.91,,0.00,,1,35,0,0,,,,0.35,-0.53,-0.22,0.61,0.73
2024-10-19T03:01:51Z,"0002cc0100000eb0","36543de39ff93569111566c842000000002401000000ec40669c673d54f37d91c798",2,3.34,,17,21.40,78.23,,0.00,,1,36,0,0,,,-0.01,0.70,0.02,0.11,0.10,-0.13
2024-10-19T03:07:47Z,"0002cc0100000eb0","36543de503f9356d111566c7370000000026020000007d46fc92fef976b175a4",2,3.34,,17,21.40,77.82,,0.00,,2,38,0,0,,,,0.35,0.42,-0.87,-0.57,0.66
2024-10-19T03:13:43Z,"0002cc0100000eb0","36543de667f9356d111557c4a9000000002600000000769cefe5fcd5fc1afca0",2,3.34,,17,21.34,76.82,,0.00,,0,38,0,0,,,,-0.58,-0.51,-0.60,-0.25,0.41
2024-10-19T03:19:39Z,"0002cc0100000eb0","36543de7cbf9356911154cc446000000002600000000f7d0ffb7fdc2ffffffcdffff",2,3.34,,17,21.30,76.67,,0.00,,0,38,0,0,,,-1.00,-0.97,-1.00,-0.72,-0.96,-0.49
2024-10-19T03:25:35Z,"0002cc0100000eb0","36543de92ff93575111536c3ea000000002600000000fd1cffffff1cffffffff",2,3.34,,17,21.21,76.53,,0.00,,0,38,0,0,,,,-1.00,-1.00,-0.89,-1.00,-0.64
2024-10-19T03:31:31Z,"0002cc0100000eb0","36543dea93f93579111530c3ae000000002600000000ffffff45ff29ffffffff",2,3.34,,17,21.18,76.44,,0.00,,0,38,0,0,,,,-1.00,-1.00,-0.89,-0.91,-1.00
2024-10-19T03:37:27Z,"0002cc0100000eb0","36543debf7f9356d111533c43d000000002600000000f4e1fd04f71ff653fd43fe62",2,3.34,,17,21.20,76.66,,0.00,,0,38,0,0,,,-0.80,-0.66,-0.40,-0.45,-0.63,-0.30
2024-10-19T03:43:23Z,"0002cc0100000eb0","36543ded5bf9357511153ac656000000002903000000fe1ef61e7575fc717e52",2,3.34,,17,21.22,77.48,,0.00,,3,41,0,0,,,,0.79,-0.56,0.34,-0.38,-0.76
2024-10-19T03:49:18Z,"0002cc0100000eb0","36543deebef9357511153ec63c000000002a01000000fe62ffd8fe4bf511545d",2,3.34,,17,21.24,77.44,,0.00,,1,42,0,0,,,,0.02,-0.32,-0.79,-0.98,-0.80
2024-10-19T03:55:15Z,"0002cc0100000eb0","36543df023f2020402001550c5e7000000002b01000000f53ade0b76c3f628fcf3ffff",2,,2.4.2.0,,21.31,77.31,,0.00,,1,43,0,0,,,-1.00,-0.62,-0.38,0.42,-0.05,-0.33
2024-10-19T04:01:10Z,"0002cc0100000eb0","36543df186f9357911154cc48c000000002c0100000076dd7caefd33ffaeffff",2,3.34,,17,21.30,76.78,,0.00,,1,44,0,0,,,,-1.00,-0.96,-0.65,0.59,0.43
2024-10-19T04:07:06Z,"0002cc0100000eb0","36543df2eaf93579111541c41c000000002c00000000ffffffffffffffffffff",2,3.34,,17,21.25,76.61,,0.00,,0,44,0,0,,,,-1.00,-1.00,-1.00,-1.00,-1.00
2024-10-19T04:13:02Z,"0002cc0100000eb0","36543df44ef9356d111536c527000000002d01000000ffffffffdc08fcf9679d",2,3.34,,17,21.21,77.01,,0.00,,1,45,0,0,,,,0.12,-0.62,-0.03,-1.00,-1.00
2024-10-19T04:18:58Z,"0002cc0100000eb0","36543df5b2f9356d11153ec420000000002d00000000f445ff50ffffffffffff",2,3.34,,17,21.24,76.61,,0.00,,0,45,0,0,,,,-1.00,-1.00,-1.00,-0.91,-0.27
2024-10-19T04:24:54Z,"0002cc0100000eb0","36543df716f93579111536c4a9000000002e01000000ff69fffff4b1fc10fd2f77fd",2,3.34,,17,21.21,76.82,,0.00,,1,46,0,0,,,0.50,-0.65,-0.51,-0.29,-1.00,-0.93
2024-10-19T04:30:50Z,"0002cc0100000eb0","36543df87af9356d111527c4b5000000002f01000000fc9cfd46fcc2fdd2fe78",2,3.34,,17,21.15,76.84,,0.00,,1,47,0,0,,,,-0.81,-0.73,-0.59,-0.66,-0.58
2024-10-19T04:36:46Z,"0002cc0100000eb0","36543df9def9356d11153ac5ae00000000300100000076d1fd747c6d772776ec763d",2,3.34,,17,21.22,77.22,,0.00,,1,48,0,0,,,0.39,0.43,0.45,0.55,-0.68,0.43
2024-10-19T04:42:42Z,"0002cc0100000eb0","36543dfb42f9356911154cc6230000000032020000007cde7c7e4efff6bf5708",2,3.34,,17,21.30,77.40,,0.00,,2,50,0,0,,,,0.03,-0.42,0.01,0.56,0.61
2024-10-19T04:48:38Z,"0002cc0100000eb0","36543dfca6f93569111553c6830000000033010000007c8f7c876739ec3d6c31",2,3.34,,17,21.32,77.54,,0.00,,1,51,0,0,,,,0.13,-0.13,0.11,0.57,0.57
2024-10-19T04:54:34Z,"0002cc0100000eb0","36543dfe0af9357911155bc5e70000000034010000007d736f69f5226cef6cbe",2,3.34,,17,21.35,77.31,,0.00,,1,52,0,0,,,,0.15,0.15,-0.32,0.23,0.68
2024-10-19T05:00:30Z,"0002cc0100000eb0","36543dff6ef9356d111566c5fa0000000035010000007df17d897d98f6dfefd26475",2,3.34,,17,21.40,77.34,,0.00,,1,53,0,0,,,0.07,-0.24,-0.43,0.70,0.69,0.74
2024-10-19T05:06:26Z,"0002cc0100000eb0","36543e00d2f9356d11155bc57c00000000350000000076a57cfb7eef7c84f52e",2,3.34,,17,21.35,77.14,,0.00,,0,53,0,0,,,,-0.32,0.56,0.87,0.62,0.42
2024-10-19T05:12:22Z,"0002cc0100000eb0","36543e0236f9357911155ec6830000000035000000007dca75cc75a57e057d9d",2,3.34,,17,21.37,77.54,,0.00,,0,53,0,0,,,,0.70,0.75,0.35,0.36,0.72
2024-10-19T05:18:18Z,"0002cc0100000eb0","36543e039af9356d111569c659000000003601000000f6387783f4cc760d7e587c55",2,3.34,,17,21.41,77.48,,0.00,,1,54,0,0,,,0.54,0.79,0.38,-0.30,0.47,-0.39
2024-10-19T05:24:13Z,"0002cc0100000eb0","36543e04fdf9356d111571c6480000000037010000007cee7c62ee1c76dbf532",2,3.34,,17,21.44,77.45,,0.00,,1,55,0,0,,,,-0.32,0.43,-0.19,0.55,0.62
2024-10-19T05:30:09Z,"0002cc0100000eb0","36543e0661f9356d111571c7310000000038010000007616758c6fe96e50f47464e9",2,3.34,,17,21.44,77.81,,0.00,,1,56,0,0,,,0.08,-0.28,0.20,0.25,0.35,0.38
2024-10-19T05:36:05Z,"0002cc0100000eb0","36543e07c5f93579111577c78f000000003a02000000fff075495c0077367789",2,3.34,,17,21.46,77.95,,0.00,,2,58,0,0,,,,0.47,0.45,0.03,0.33,-0.99
2024-10-19T05:42:01Z,"0002cc0100000eb0","36543e0929f9356d111574c740000000003b010000007c3d7c957dce7dc17dd5",2,3.34,,17,21.45,77.83,,0.00,,1,59,0,0,,,,0.73,0.72,0.73,0.57,0.53
2024-10-19T05:47:57Z,"0002cc0100000eb0","36543e0a8df9356d111571c576000000003b000000007cb57daa7da57e7f7c2d",2,3.34,,17,21.44,77.13,,0.00,,0,59,0,0,,,,0.52,0.81,0.71,0.71,0.59
2024-10-19T05:53:53Z,"0002cc0100000eb0","36543e0bf1f93569111577c7d0000000003c010000007ca6fdd7ec70ecf66e687e27",2,3.34,,17,21.46,78.05,,0.00,,1,60,0,0,,,0.77,0.20,-0.16,-0.14,-0.73,0.58
2024-10-19T05:59:49Z,"0002cc0100000eb0","36543e0d55f9356d11157bc776000000003e02000000758c6faeec525f0c7d82",2,3.34,,17,21.48,77.92,,0.00,,2,62,0,0,,,,0.69,0.06,-0.14,0.24,0.35
2024-10-19T06:05:45Z,"0002cc0100000eb0","36543e0eb9f93569111586ca260000000040020000007d406ef76f2757106eda7ccb",2,3.34,,17,21.52,78.97,,0.00,,2,64,0,0,,,0.60,0.21,0.03,0.22,0.22,0.66
2024-10-19T06:11:41Z,"0002cc0100000eb0","36543e101df9356d111591c89000000000440400000075bb7d287587e6d87c34",2,3.34,,17,21.56,78.35,,0.00,,4,68,0,0,,,,0.53,-0.11,0.35,0.64,0.36
2024-10-19T06:17:37Z,"0002cc0100000eb0","36543e1181f9356d11158dc8d30000000045010000006600ffff76f767f9745c",2,3.34,,17,21.55,78.45,,0.00,,1,69,0,0,,,,0.27,0.12,0.44,-1.00,0.09
2024-10-19T06:23:33Z,"0002cc0100000eb0","36543e12e5f9356d111577c6c5000000004601000000662e7c3077d477ae7c15",2,3.34,,17,21.46,77.65,,0.00,,1,70,0,0,,,,0.51,0.48,0.49,0.52,0.10
2024-10-19T06:29:29Z,"0002cc0100000eb0","36543e1449f93571111566c714000000004701000000ff48ed05f4ee6ee6edde",2,3.34,,17,21.40,77.77,,0.00,,1,71,0,0,,,,-0.18,0.22,-0.31,-0.16,-0.91
2024-10-19T06:35:24Z,"0002cc0100000eb0","36543e15acf9356911156cc6da00000000480100000077ea6cbf7e4876e37c3f",2,3.34,,17,21.42,77.68,,0.00,,1,72,0,0,,,,0.53,0.43,0.79,0.15,0.49
2024-10-19T06:41:20Z,"0002cc0100000eb0","36543e1710f93569111574c6f9000000004901000000756d7504f6667ea67d9d",2,3.34,,17,21.45,77.72,,0.00,,1,73,0,0,,,,0.70,0.83,-0.40,0.31,0.34
2024-10-19T06:47:17Z,"0002cc0100000eb0","36543e1875f9356d111577c68c000000004a010000007d8374927e0c7cef7de865c4",2,3.34,,17,21.46,77.56,,0.00,,1,74,0,0,,,0.09,0.74,0.62,0.76,0.29,0.69
2024-10-19T06:53:12Z,"0002cc0100000eb0","36543e19d8f9356d111571c63b000000004b01000000ef877da477ba74b9ff64",2,3.34,,17,21.44,77.43,,0.00,,1,75,0,0,,,,-0.92,0.30,0.48,0.71,-0.24
2024-10-19T06:59:08Z,"0002cc0100000eb0","36543e1b3cf9357111157bc818000000004e03000000f53c74907c7a6cb36541",2,3.34,,17,21.48,78.16,,0.00,,3,78,0,0,,,,0.08,0.15,0.56,0.29,-0.33
2024-10-19T07:05:04Z,"0002cc0100000eb0","36543e1ca0f9356d111577c7b3000000004e00000000765d7c86ffcaf65f7cb5",2,3.34,,17,21.46,78.01,,0.00,,0,78,0,0,,,,0.59,-0.40,-0.97,0.57,0.40
2024-10-19T07:11:00Z,"0002cc0100000eb0","36543e1e04f93565111574c6d7000000004f010000007c4775eefdaf74556e4f7c06",2,3.34,,17,21.45,77.67,,0.00,,1,79,0,0,,,0.50,0.20,0.27,-0.71,0.37,0.53
2024-10-19T07:16:56Z,"0002cc0100000eb0","36543e1f68f9357111157fc8ca0000000050010000006cb377677d4f7d567dc4",2,3.34,,17,21.49,78.43,,0.00,,1,80,0,0,,,,0.72,0.67,0.66,0.46,0.15
2024-10-19T07:22:52Z,"0002cc0100000eb0","36543e20ccf9356d1115adcd3100000000510100000077ff7c77e560feb2eea3",2,3.34,,17,21.68,80.15,,0.00,,1,81,0,0,,,,-0.21,-0.84,-0.08,0.56,0.50
2024-10-19T07:28:48Z,"0002cc0100000eb0","36543e2230f935751115cfcbe10000000052010000007d79edad7c4e5654ddbef437",2,3.34,,17,21.81,79.64,,0.00,,1,82,0,0,,,-0.26,-0.04,0.02,0.54,-0.18,0.68
2024-10-19T07:34:44Z,"0002cc0100000eb0","36543e2394f9350b1115a7c8cf000000005402000000ed6b7657753775536f95",2,3.32,,17,21.65,78.44,,0.00,,2,84,0,0,,,,0.24,0.33,0.33,0.40,-0.17
2024-10-19T07:40:40Z,"0002cc0100000eb0","36543e24f8f9357511159fc9ce00000000550100000077bc7c3ceedfce58ee537509",2,3.34,,17,21.62,78.83,,0.00,,1,85,0,0,,,0.31,-0.20,-0.01,-0.21,0.53,0.48
2024-10-19T07:46:36Z,"0002cc0100000eb0","36543e265cf93579111582c711000000005500000000f461fedffffff525ef86",2,3.34,,17,21.51,77.76,,0.00,,0,85,0,0,,,,-0.24,-0.32,-1.00,-0.86,-0.27
2024-10-19T07:52:32Z,"0002cc0100000eb0","36543e27c0f93571111566c64a000000005500000000fd5dfeacfd20fdadfec3",2,3.34,,17,21.40,77.46,,0.00,,0,85,0,0,,,,-0.85,-0.71,-0.64,-0.83,-0.67
2024-10-19T07:58:27Z,"0002cc0100000eb0","36543e2923f2020402001557c5cf000000005500000000f622f6fdffd1f6cfffd1",2,,2.4.2.0,,21.34,77.27,,0.00,,0,85,0,0,,,,-0.98,-0.43,-0.98,-0.44,-0.38
2024-10-19T08:04:17Z,"0002cc0100000eb0","36543e2a81f93575111545c561000000005500000000fffffffffffffffffe2bffff",3,3.34,,17,21.27,77.10,,0.00,,0,85,0,0,,,-1.00,-0.77,-1.00,-1.00,-1.00,-1.00
2024-10-19T08:10:12Z,"0002cc0100000eb0","36543e2be4f9356d111541c503000000005601000000ff62fffffffff747d720",2,3.34,,17,21.25,76.96,,0.00,,1,86,0,0,,,,-0.03,-0.45,-1.00,-1.00,-0.92
2024-10-19T08:16:09Z,"0002cc0100000eb0","36543e2d49f9356d11153ac4fe000000005600000000f635ff6bfffffec467afec71",2,3.34,,17,21.22,76.95,,0.00,,0,86,0,0,,,-0.14,0.12,-0.85,-1.00,-0.93,-0.39
2024-10-19T08:22:04Z,"0002cc0100000eb0","36543e2eacf93569111545c5df000000005802000000ff90f5cdf75c55d97c9f",2,3.34,,17,21.27,77.29,,0.00,,2,88,0,0,,,,0.58,0.02,-0.46,-0.36,-0.95
2024-10-19T08:28:00Z,"0002cc0100000eb0","36543e3010f9356d111557c75f000000005b03000000770075e5779b7cba75157da2",2,3.34,,17,21.34,77.88,,0.00,,3,91,0,0,,,0.70,0.32,0.59,0.48,0.37,0.44
2024-10-19T08:33:56Z,"0002cc0100000eb0","36543e3174f9357511155bc633000000005b00000000fc0d760e74e7774576d7",2,3.34,,17,21.35,77.42,,0.00,,0,91,0,0,,,,0.43,0.45,0.31,0.38,-0.51
2024-10-19T08:39:52Z,"0002cc0100000eb0","36543e32d8f9355911156cc8cc000000005c01000000768bec6d759e7610eec7",2,3.33,,17,21.42,78.44,,0.00,,1,92,0,0,,,,-0.21,0.38,0.35,-0.14,0.41
2024-10-19T08:45:48Z,"0002cc0100000eb0","36543e343cf9356d111574c702000000005d010000007d7c7c6c7d155db3767d",2,3.34,,17,21.45,77.74,,0.00,,1,93,0,0,,,,0.41,0.04,0.64,0.55,0.69
2024-10-19T08:51:44Z,"0002cc0100000eb0","36543e35a0f93565111594c98f000000005e01000000fc107c8e7d4c65cf7d8876ea",2,3.34,,17,21.58,78.74,,0.00,,1,94,0,0,,,0.43,0.69,0.09,0.66,0.57,-0.51
2024-10-19T08:57:40Z,"0002cc0100000eb0","36543e3704f9357111158dc94b000000005f010000006d8bf48b7684f4e87cb0",2,3.34,,17,21.55,78.63,,0.00,,1,95,0,0,,,,0.59,-0.31,0.41,-0.28,0.17
2024-10-19T09:03:36Z,"0002cc0100000eb0","36543e3868f93569111594ca7d00000000600100000076a37cbf77007d147c47",2,3.34,,17,21.58,79.10,,0.00,,1,96,0,0,,,,0.53,0.63,0.44,0.59,0.41
2024-10-19T09:09:32Z,"0002cc0100000eb0","36543e39ccf9357911158ac7a3000000006000000000779a6d08f47ffffffdd1",2,3.34,,17,21.54,77.98,,0.00,,0,96,0,0,,,,-0.73,-1.00,-0.28,0.16,0.48
2024-10-19T09:15:28Z,"0002cc0100000eb0","36543e3b30f9357d11159fc917000000006202000000f498e48a6e927d82772fe681",2,3.34,,17,21.62,78.55,,0.00,,2,98,0,0,,,-0.10,0.45,0.69,0.21,-0.07,-0.29
2024-10-19T09:21:24Z,"0002cc0100000eb0","36543e3c94f9357d111586c85e000000006200000000fcfadc98560a6495ffff",2,3.34,,17,21.52,78.27,,0.00,,0,98,0,0,,,,-1.00,0.07,0.02,-0.04,-0.62
2024-10-19T09:27:20Z,"0002cc0100000eb0","36543e3df8f9357911157bc7a0000000006200000000744b6f746e33de94fcc1",2,3.34,,17,21.48,77.98,,0.00,,0,98,0,0,,,,-0.59,-0.05,0.19,0.23,0.27
2024-10-19T09:33:16Z,"0002cc0100000eb0","36543e3f5cf9356d111562c63f000000006200000000ff99fff6ffffffffffff",2,3.34,,17,21.38,77.44,,0.00,,0,98,0,0,,,,-1.00,-1.00,-1.00,-1.00,-0.95
2024-10-19T09:39:12Z,"0002cc0100000eb0","36543e40c0f9357511154cc5ac000000006200000000ffffffffffffffffffff",2,3.34,,17,21.30,77.22,,0.00,,0,98,0,0,,,,-1.00,-1.00,-1.00,-1.00,-1.00
2024-10-19T09:45:08Z,"0002cc0100000eb0","36543e4224f9356511153ec510000000006200000000ffffffffffffffb2ffff",2,3.34,,17,21.24,76.98,,0.00,,0,98,0,0,,,,-1.00,-0.96,-1.00,-1.00,-1.00
2024-10-19T09:51:04Z,"0002cc0100000eb0","36543e4388f9356d111533c4df000000006200000000fffffffffffffffffe7a",2,3.34,,17,21.20,76.90,,0.00,,0,98,0,0,,,,-0.81,-1.00,-1.00,-1.00,-1.00
2024-10-19T09:57:00Z,"0002cc0100000eb0","36543e44ecf93579111530c4800000000062000000007d16feebffffffffffffff0c",2,3.34,,17,21.18,76.76,,0.00,,0,98,0,0,,,-0.88,-1.00,-1.00,-1.00,-0.86,0.64
2024-10-19T10:02:55Z,"0002cc0100000eb0","36543e464ff9356d111527c47c000000006200000000ffffffa1ffffffffffff",2,3.34,,17,21.15,76.75,,0.00,,0,98,0,0,,,,-1.00,-1.00,-1.00,-0.95,-1.00
2024-10-19T10:08:51Z,"0002cc0100000eb0","36543e47b3f9356d111527c509000000006200000000ff94fff7bf21f644fd0bfeeb",2,3.34,,17,21.15,76.97,,0.00,,0,98,0,0,,,-0.86,-0.63,-0.39,-0.00,-1.00,-0.95
2024-10-19T10:14:47Z,"0002cc0100000eb0","36543e4917f9356d111530c488000000006200000000ffd0ffffe57cf612f4af",2,3.34,,17,21.18,76.77,,0.00,,0,98,0,0,,,,-0.29,-0.38,-0.09,-1.00,-0.98
2024-10-19T10:20:43Z,"0002cc0100000eb0","36543e4a7bf93575111527c48b000000006301000000ffffffffff33777ffcd5",2,3.34,,17,21.15,76.78,,0.00,,1,99,0,0,,,,-0.60,0.47,-0.90,-1.00,-1.00
2024-10-19T10:26:39Z,"0002cc0100000eb0","36543e4bdff9356511152bc4e0000000006300000000f7deffe4ffffffffffa6edc9",2,3.34,,17,21.17,76.91,,0.00,,0,99,0,0,,,-0.18,-0.96,-1.00,-1.00,-0.99,-0.49
2024-10-19T10:32:35Z,"0002cc0100000eb0","36543e4d43f9356d11153ec4a60000000065020000007cb5fd1875be77277ce5",2,3.34,,17,21.24,76.82,,0.00,,2,101,0,0,,,,0.61,0.45,0.36,-0.64,0.59
2024-10-19T10:38:31Z,"0002cc0100000eb0","36543e4ea7f93569111536c44d000000006500000000ffddfffdffff7537ff3bff56",2,3.34,,17,21.21,76.68,,0.00,,0,101,0,0,,,-0.92,-0.90,0.33,-1.00,-1.00,-0.98
2024-10-19T10:44:27Z,"0002cc0100000eb0","36543e500bf93571111530c3cb000000006500000000fef8fe3effffffffffff",2,3.34,,17,21.18,76.48,,0.00,,0,101,0,0,,,,-1.00,-1.00,-1.00,-0.78,-0.87
2024-10-19T10:50:23Z,"0002cc0100000eb0","36543e516ff9356111152bc3b3000000006500000000ee33fffffffffff9ffdf",2,3.34,,17,21.17,76.45,,0.00,,0,101,0,0,,,,-0.98,-1.00,-1.00,-1.00,-0.19
2024-10-19T10:56:19Z,"0002cc0100000eb0","36543e52d3f9356911152bc3ff000000006601000000f4f27c7dfc38ffffffa9ffff",2,3.34,,17,21.17,76.56,,0.00,,1,102,0,0,,,-1.00,-0.96,-1.00,-0.53,0.56,-0.31
2024-10-19T11:02:15Z,"0002cc0100000eb0","36543e5437f93565111530c46b3d8ab9006701000000ffffff6cff82ffff76a5",2,3.34,,17,21.18,76.73,,0.39,,1,103,0,0,,,,0.42,-1.00,-0.94,-0.93,-1.00
2024-10-19T11:08:11Z,"0002cc0100000eb0","36543e559bf9357511154cc9123d91da006801000000742adc907d417d447dd7",2,3.34,,17,21.30,78.54,,0.39,,1,104,0,0,,,,0.73,0.66,0.66,-0.04,0.26
2024-10-19T11:14:07Z,"0002cc0100000eb0","36543e56fff93579111569c72c3d98fb00690100000075ad77a7761dc603ff46fcf9",2,3.34,,17,21.41,77.80,,0.40,,1,105,0,0,,,-0.62,-0.91,-0.01,0.38,0.48,0.35
2024-10-19T11:20:03Z,"0002cc0100000eb0","36543e5863f9356d11155ec71d3d91da006a01000000ffff4eb87c6af51a6e16",2,3.34,,17,21.37,77.78,,0.39,,1,106,0,0,,,,0.19,-0.32,0.55,0.01,-1.00
2024-10-19T11:25:59Z,"0002cc0100000eb0","36543e59c7f9357511155ec6d83d91da006b010000006da87d59ff4d6776749c",2,3.34,,17,21.37,77.67,,0.39,,1,107,0,0,,,,0.29,0.12,-0.91,0.67,0.18
2024-10-19T11:31:55Z,"0002cc0100000eb0","36543e5b2bf93575111557c5583d8ab9006c01000000e53e6d596f917e746758ff64",2,3.34,,17,21.34,77.09,,0.39,,1,108,0,0,,,-0.92,0.11,0.81,0.24,0.17,-0.08
2024-10-19T11:37:51Z,"0002cc0100000eb0","36543e5c8ff9357911155ec75c3d5712006d01000000ff3a6df27c8aefee7e7c",2,3.34,,17,21.37,77.88,,0.34,,1,109,0,0,,,,0.81,-0.25,0.57,0.19,-0.90
2024-10-19T11:43:46Z,"0002cc0100000eb0","36543e5df2f9357511155bc4e23d98fb006d00000000f5b1f4dae53ffd2ffe09",2,3.34,,17,21.35,76.91,,0.40,,0,109,0,0,,,,-0.75,-0.65,-0.08,-0.30,-0.36
2024-10-19T11:49:42Z,"0002cc0100000eb0","36543e5f56f93579111550c4643d5712006d00000000f5ebfcbdfc8bfea2fd69",2,3.34,,17,21.31,76.72,,0.34,,0,109,0,0,,,,-0.68,-0.83,-0.57,-0.59,-0.37
2024-10-19T11:55:38Z,"0002cc0100000eb0","36543e60baf9357d111533c3fe3d98fb006d00000000fee3feeffffffffffef4ffff",2,3.34,,17,21.20,76.56,,0.40,,0,109,0,0,,,-1.00,-0.87,-1.00,-1.00,-0.87,-0.86
2024-10-19T12:01:34Z,"0002cc0100000eb0","36543e621ef2020402001530c3e73d5712006d00000000ffffffffffdcffffffff",2,,2.4.2.0,,21.18,76.53,,0.34,,0,109,0,0,,,,-1.00,-1.00,-0.98,-1.00,-1.00
2024-10-19T12:07:30Z,"0002cc0100000eb0","36543e6382f9356d111524c3cb3d98fb006d00000000ffffffffffffffffff24",2,3.34,,17,21.14,76.48,,0.40,,0,109,0,0,,,,-0.89,-1.00,-1.00,-1.00,-1.00
2024-10-19T12:13:26Z,"0002cc0100000eb0","36543e64e6f9356d111524c4023d5712006d00000000fffffc68fffffefcffffffff",2,3.34,,17,21.14,76.57,,0.34,,0,109,0,0,,,-1.00,-1.00,-0.87,-1.00,-0.55,-1.00
2024-10-19T12:19:22Z,"0002cc0100000eb0","36543e664af93586111516c37b3d5712006d00000000fffffffffd30ffffff47",2,3.35,,17,21.08,76.36,,0.34,,0,109,0,0,,,,-0.91,-1.00,-0.65,-1.00,-1.00
2024-10-19T12:25:18Z,"0002cc0100000eb0","36543e67aef9356d11151cc3803d5712006d00000000fffffffffc64fc77ffff",2,3.34,,17,21.11,76.37,,0.34,,0,109,0,0,,,,-1.00,-0.56,-0.55,-1.00,-1.00
2024-10-19T12:31:14Z,"0002cc0100000eb0","36543e6912f93575111512c3243d91da006d00000000ffffffffffffff25fc3b",2,3.34,,17,21.07,76.23,,0.39,,0,109,0,0,,,,-0.53,-0.89,-1.00,-1.00,-1.00
2024-10-19T12:37:10Z,"0002cc0100000eb0","36543e6a76f9356911151cc42e3d91da006d00000000f6b6feeeed247425d54a74e9",2,3.34,,17,21.11,76.63,,0.39,,0,109,0,0,,,0.31,-0.02,0.26,-0.16,-0.87,-0.42
2024-10-19T12:43:06Z,"0002cc0100000eb0","36543e6bdaf9357911152bc48c3d8ab9006d000000007d1d740567e4eef4f4d1",2,3.34,,17,21.17,76.78,,0.39,,0,109,0,0,,,,-0.30,-0.22,0.12,0.25,0.64
2024-10-19T12:49:02Z,"0002cc0100000eb0","36543e6d3ef9356d111536c73b3d8ab9006d000000007ce3fc4ce4306f1874877cc6",2,3.34,,17,21.21,77.83,,0.39,,0,109,0,0,,,0.60,0.28,0.22,-0.07,-0.54,0.61
2024-10-19T12:54:58Z,"0002cc0100000eb0","36543e6ea2f9356d111553c85a3d8ab9006e01000000f6ee7c63f6eff7edfeb1",2,3.34,,17,21.32,78.26,,0.39,,1,110,0,0,,,,-0.84,-0.50,-0.43,0.55,-0.43
2024-10-19T13:00:54Z,"0002cc0100000eb0","36543e7006f93579111545c6113d8ab9006e00000000ff38fea5ffffffffffffffff",2,3.34,,17,21.27,77.37,,0.39,,0,110,0,0,,,-1.00,-1.00,-1.00,-1.00,-0.83,-0.90
2024-10-19T13:06:50Z,"0002cc0100000eb0","36543e716af9357d111530c4eb3d8ab9006e00000000ffffffffffa8fef3ffff",2,3.34,,17,21.18,76.92,,0.39,,0,110,0,0,,,,-1.00,-0.87,-0.96,-1.00,-1.00
2024-10-19T13:12:46Z,"0002cc0100000eb0","36543e72cef93575111521c4403d8ab9006e00000000ffffffebfffdffc7ffff",2,3.34,,17,21.13,76.66,,0.39,,0,110,0,0,,,,-1.00,-0.97,-1.00,-0.99,-1.00
2024-10-19T13:18:42Z,"0002cc0100000eb0","36543e7432f93571111516c3f23d8ab9006e00000000ffffff50ffa9ffbfffff",2,3.34,,17,21.08,76.54,,0.39,,0,110,0,0,,,,-1.00,-0.97,-0.96,-0.91,-1.00
2024-10-19T13:24:38Z,"0002cc0100000eb0","36543e7596f93561111512c50f3d5712006e00000000ffffffffffe2f592fe13fd1c",2,3.34,,17,21.07,76.98,,0.34,,0,110,0,0,,,-0.64,-0.76,-0.35,-0.99,-1.00,-1.00
2024-10-19T13:30:34Z,"0002cc0100000eb0","36543e76faf93579111512c43d3d5712006e00000000ffffffffffffffffffdc",2,3.34,,17,21.07,76.66,,0.34,,0,110,0,0,,,,-0.98,-1.00,-1.00,-1.00,-1.00
2024-10-19T13:36:30Z,"0002cc0100000eb0","36543e785ef93579111512c4523d5712006e00000000ffffffffffffffffff3d",2,3.34,,17,21.07,76.69,,0.34,,0,110,0,0,,,,-0.90,-1.00,-1.00,-1.00,-1.00
2024-10-19T13:42:25Z,"0002cc0100000eb0","36543e79c1f93579111512c3aa3d8ab9006e00000000fffffffffffffffffeed",2,3.34,,17,21.07,76.43,,0.39,,0,110,0,0,,,,-0.87,-1.00,-1.00,-1.00,-1.00
2024-10-19T13:48:22Z,"0002cc0100000eb0","36543e7b26f9357d11150bc36e3d91da006e00000000fffffffffff6fc3bff43ffff",2,3.34,,17,21.04,76.34,,0.39,,0,110,0,0,,,-1.00,-0.91,-0.53,-0.99,-1.00,-1.00
2024-10-19T13:54:17Z,"0002cc0100000eb0","36543e7c89f9357511150bc4013d5712006e00000000fffffffffed3fd46df3b",2,3.34,,17,21.04,76.57,,0.34,,0,110,0,0,,,,-0.06,-0.66,-0.85,-1.00,-1.00
2024-10-19T14:00:13Z,"0002cc0100000eb0","36543e7dedf9356111150bc2fd3d5712006e00000000ffffffffffffffbbffff",2,3.34,,17,21.04,76.17,,0.34,,0,110,0,0,,,,-1.00,-0.97,-1.00,-1.00,-1.00
2024-10-19T14:06:09Z,"0002cc0100000eb0","36543e7f51f9356d11150bc2fd3d8ab9006e00000000fffffeb9ffffffadff3dffff",2,3.34,,17,21.04,76.17,,0.39,,0,110,0,0,,,-1.00,-0.90,-0.96,-1.00,-0.84,-1.00
2024-10-19T14:12:06Z,"0002cc0100000eb0","36543e80b6f93565111507c2ca3d5712006e00000000fffffffffffffffffffffcb4",2,3.34,,17,21.03,76.09,,0.34,,0,110,0,0,,,-0.59,-1.00,-1.00,-1.00,-1.00,-1.00
2024-10-19T14:18:01Z,"0002cc0100000eb0","36543e8219f9356d11150bc2e13d1495006e00000000ffffd7c6fc83ff9bffff",2,3.34,,17,21.04,76.13,,0.27,,0,110,0,0,,,,-1.00,-0.95,-0.56,-0.03,-1.00
2024-10-19T14:23:57Z,"0002cc0100000eb0","36543e837df93579111512c2a63d6fdb006e00000000ff0dfff5ff87ffffffff",2,3.34,,17,21.07,76.04,,0.36,,0,110,0,0,,,,-1.00,-1.00,-0.94,-0.99,-0.88
2024-10-19T14:29:53Z,"0002cc0100000eb0","36543e84e1f93571111516c3ba3c8c94006f01000000ffffff37fffff5fb7ca47c2f",2,3.34,,17,21.08,76.46,,0.19,,1,111,0,0,,,0.52,0.58,-0.37,-1.00,-0.90,-1.00
2024-10-19T14:35:49Z,"0002cc0100000eb0","36543e8645f9356d11152bc1733bd8e3006f000000007caf76297d0a6c237ce8",2,3.34,,17,21.17,75.57,,0.12,,0,111,0,0,,,,0.61,0.13,0.63,0.38,0.59
2024-10-19T14:41:46Z,"0002cc0100000eb0","36543e87aa7202040200155bc198000000000000000000",2,,2.4.2.0,,21.35,75.62,,0.00,,0,0,0,0,,,,,,,,
2024-10-19T14:45:58Z,"0002cc0100000eb0","36543e88a672020402001569c089000000000000000000",2,,2.4.2.0,,21.41,75.21,,0.00,,0,0,0,0,,,,,,,,
2024-10-19T14:46:53Z,"0002cc0100000eb0","36543e88dd79357113155ec0b33aac0f000000000000",2,3.34,,19,21.37,75.27,,0.05,,0,0,0,0,,,,,,,,
2024-10-19T14:47:52Z,"0002cc0100000eb0","36543e891879357913155ec0b33d91da000000000000",2,3.34,,19,21.37,75.27,,0.39,,0,0,0,0,,,,,,,,
2024-10-19T14:48:51Z,"0002cc0100000eb0","36543e8953f93579131566c10b3d5712000000000000f4ea",2,3.34,,19,21.40,75.41,,0.34,,0,0,0,0,,,,,,,,-0.31
2024-10-19T14:49:51Z,"0002cc0100000eb0","36543e898f793569131566c1353c3826000000000000",2,3.34,,19,21.40,75.47,,0.15,,0,0,0,0,,,,,,,,
2024-10-19T14:50:50Z,"0002cc0100000eb0","36543e89caf9356d131569c1403cb6480000000000006429",2,3.34,,19,21.41,75.49,,0.21,,0,0,0,0,,,,,,,,0.06
2024-10-19T14:51:49Z,"0002cc0100000eb0","36543e8a0579355913156cc1643c124c000101000000",2,3.33,,19,21.42,75.54,,0.13,,1,1,0,0,,,,,,,,
2024-10-19T14:52:49Z,"0002cc0100000eb0","36543e8a41793579131571c1443b8c94000100000000",2,3.34,,19,21.44,75.50,,0.10,,0,1,0,0,,,,,,,,
2024-10-19T14:53:48Z,"0002cc0100000eb0","36543e8a7cf9356d13156cc14f3b392c0002010000007686",2,3.34,,19,21.42,75.51,,0.08,,1,2,0,0,,,,,,,,0.41
2024-10-19T14:54:48Z,"0002cc0100000eb0","36543e8ab879357913157bc2003cf07b000200000000",2,3.34,,19,21.48,75.78,,0.24,,0,2,0,0,,,,,,,,
2024-10-19T15:00:44Z,"0002cc0100000eb0","36543e8c1cf9356d131577c33b3d84b500030100000067ca66307da07cb8ffff7cf2",2,3.34,,19,21.46,76.26,,0.38,,1,3,0,0,,,0.62,-1.00,0.59,0.70,0.10,0.12
2024-10-19T15:06:39Z,"0002cc0100000eb0","36543e8d7ff9356d131577c3a43d84b500040100000074176e7274a8efb67446",2,3.34,,19,21.46,76.42,,0.38,,1,4,0,0,,,,0.27,-0.24,0.29,0.20,0.26
2024-10-19T15:12:35Z,"0002cc0100000eb0","36543e8ee3f9356d131562c1fe3d57120004000000006f51fdaffdcabd52eda2",2,3.34,,19,21.38,75.78,,0.34,,0,4,0,0,,,,-0.18,-0.00,-0.72,-0.71,0.23
2024-10-19T15:18:31Z,"0002cc0100000eb0","36543e9047f93579131553c2493d4238000400000000eca5fc60fda4f7fcfdd9ffeb",2,3.34,,19,21.32,75.89,,0.31,,0,4,0,0,,,-0.99,-0.73,-0.50,-0.71,-0.55,-0.15
2024-10-19T15:24:27Z,"0002cc0100000eb0","36543e91abf9356d131541c2543d4238000400000000fffffebfffffffafffff",2,3.34,,19,21.25,75.91,,0.31,,0,4,0,0,,,,-1.00,-0.96,-1.00,-0.84,-1.00
2024-10-19T15:30:23Z,"0002cc0100000eb0","36543e930ff93575131533c22e3d4238000400000000ffe3fffffec8ffffffff",2,3.34,,19,21.20,75.85,,0.31,,0,4,0,0,,,,-1.00,-1.00,-0.85,-1.00,-0.99
2024-10-19T15:36:19Z,"0002cc0100000eb0","36543e9473f9357513152bc2553d5712000400000000ffffffffffffffffff51",2,3.34,,19,21.17,75.91,,0.34,,0,4,0,0,,,,-0.91,-1.00,-1.00,-1.00,-1.00
2024-10-19T15:42:15Z,"0002cc0100000eb0","36543e95d7f9356d13151cc2363d91da000400000000fffffe97ff4fffffffff",2,3.34,,19,21.11,75.86,,0.39,,0,4,0,0,,,,-1.00,-1.00,-0.91,-0.82,-1.00
2024-10-19T15:48:11Z,"0002cc0100000eb0","36543e973bf93575131519c2103d8ab9000400000000fee4ffffffffffffffffff85",2,3.34,,19,21.10,75.81,,0.39,,0,4,0,0,,,-0.94,-1.00,-1.00,-1.00,-1.00,-0.86
2024-10-19T15:54:07Z,"0002cc0100000eb0","36543e989ff9357513150bc1fa3d5712000400000000ffffffffffffffffffff",2,3.34,,19,21.04,75.77,,0.34,,0,4,0,0,,,,-1.00,-1.00,-1.00,-1.00,-1.00
2024-10-19T16:00:03Z,"0002cc0100000eb0","36543e9a03f93579131500c1df3d8ab9000400000000fffffffffee9fe8bffff",2,3.34,,19,21.00,75.73,,0.39,,0,4,0,0,,,,-1.00,-0.82,-0.86,-1.00,-1.00
2024-10-19T16:05:59Z,"0002cc0100000eb0","36543e9b67f9356d131503c1a93d5712000400000000ffffffffff2cffffffffffff",2,3.34,,19,21.01,75.65,,0.34,,0,4,0,0,,,-1.00,-1.00,-1.00,-0.90,-1.00,-1.00
2024-10-19T16:11:55Z,"0002cc0100000eb0","36543e9ccbf935751314f5c17c3d8ab9000400000000ffaeffffffc4ffffffb0",2,3.34,,19,20.95,75.58,,0.39,,0,4,0,0,,,,-0.96,-1.00,-0.97,-1.00,-0.96
2024-10-19T16:17:51Z,"0002cc0100000eb0","36543e9e2ff9356d1314eec1b83d8ab9000400000000ffffff21fc08fffffdeb64c0",2,3.34,,19,20.93,75.67,,0.39,,0,4,0,0,,,0.07,-0.74,-1.00,-0.50,-0.89,-1.00
2024-10-19T16:23:47Z,"0002cc0100000eb0","36543e9f93f9356d1314f5c26a3d8ab9000400000000ffffffffffffff8efc80",2,3.34,,19,20.95,75.94,,0.39,,0,4,0,0,,,,-0.56,-0.94,-1.00,-1.00,-1.00
2024-10-19T16:29:43Z,"0002cc0100000eb0","36543ea0f7f935791314f5c1df3d8ab9000400000000fdf0ffffffffffecffff",2,3.34,,19,20.95,75.73,,0.39,,0,4,0,0,,,,-1.00,-0.99,-1.00,-1.00,-0.74
2024-10-19T16:35:39Z,"0002cc0100000eb0","36543ea25bf9356d1314eec1da3d5712000400000000fffffffffec4ffffffffffff",2,3.34,,19,20.93,75.72,,0.34,,0,4,0,0,,,-1.00,-1.00,-1.00,-0.85,-1.00,-1.00
2024-10-19T16:41:35Z,"0002cc0100000eb0","36543ea3bff935651314f1c2c43d5712000400000000ffffffffffffffff5c77",2,3.34,,19,20.94,76.08,,0.34,,0,4,0,0,,,,0.03,-1.00,-1.00,-1.00,-1.00
2024-10-19T16:47:31Z,"0002cc0100000eb0","36543ea523f9356d1314f1c21b3d5712000400000000ffffffffffffffffffffffff",2,3.34,,19,20.94,75.82,,0.34,,0,4,0,0,,,-1.00,-1.00,-1.00,-1.00,-1.00,-1.00
2024-10-19T16:53:27Z,"0002cc0100000eb0","36543ea687f9356d1314f1c1dc3d91da000400000000fffffeb2ffffffffffff",2,3.34,,19,20.94,75.73,,0.39,,0,4,0,0,,,,-1.00,-1.00,-1.00,-0.84,-1.00
2024-10-19T16:59:23Z,"0002cc0100000eb0","36543ea7ebf9356d1314eec1e83d98fb000400000000fc18fe67ff006c18f7f9f576",2,3.34,,19,20.93,75.75,,0.40,,0,4,0,0,,,-0.34,-0.50,0.13,-0.88,-0.80,-0.51
2024-10-19T17:05:18Z,"0002cc0100000eb0","36543ea94ef935691314eec1863d5712000400000000fd0dfffaffc8ffffffe9",2,3.34,,19,20.93,75.60,,0.34,,0,4,0,0,,,,-0.99,-1.00,-0.97,-1.00,-0.63
2024-10-19T17:11:14Z,"0002cc0100000eb0","36543eaab2f9356d1314f5c1523d5712000400000000ffffffffff09ffa4ffffffda",2,3.34,,19,20.95,75.52,,0.34,,0,4,0,0,,,-0.98,-1.00,-0.95,-0.88,-1.00,-1.00
2024-10-19T17:17:10Z,"0002cc0100000eb0","36543eac16f9356d1314f8c12b3d8ab9000400000000ff3dffecffffffffff2c",2,3.34,,19,20.97,75.46,,0.39,,0,4,0,0,,,,-0.90,-1.00,-1.00,-0.99,-0.90
2024-10-19T17:23:06Z,"0002cc0100000eb0","36543ead7af9356d1314fcc1173d91da000400000000ffffff0fffffffffffff",2,3.34,,19,20.98,75.43,,0.39,,0,4,0,0,,,,-1.00,-1.00,-1.00,-0.88,-1.00
2024-10-19T17:29:02Z,"0002cc0100000eb0","36543eaedef935791314f8c1313d91da000400000000fc07fe07ffffffffffffffff",2,3.34,,19,20.97,75.47,,0.39,,0,4,0,0,,,-1.00,-1.00,-1.00,-1.00,-0.75,-0.50
2024-10-19T17:34:58Z,"0002cc0100000eb0","36543eb042f93579131500c1593d91da000400000000fccffffbfd9cfcd4feac",2,3.34,,19,21.00,75.53,,0.39,,0,4,0,0,,,,-0.83,-0.60,-0.70,-1.00,-0.60
2024-10-19T17:40:54Z,"0002cc0100000eb0","36543eb1a6f93575131503c1d13d5712000400000000fffffff6fffffed0e6da",2,3.34,,19,21.01,75.71,,0.34,,0,4,0,0,,,,-0.11,-0.85,-1.00,-0.99,-1.00
2024-10-19T17:46:50Z,"0002cc0100000eb0","36543eb30af9356d131503c1073d8ab9000400000000ffffffffffffffecfc38ffff",2,3.34,,19,21.01,75.40,,0.39,,0,4,0,0,,,-1.00,-0.53,-0.99,-1.00,-1.00,-1.00
2024-10-19T17:52:46Z,"0002cc0100000eb0","36543eb46ef93561131507c13b3d5712000400000000ffffffffffffffffff9e",2,3.34,,19,21.03,75.48,,0.34,,0,4,0,0,,,,-0.95,-1.00,-1.00,-1.00,-1.00
2024-10-19T17:58:42Z,"0002cc0100000eb0","36543eb5d2f9358213150bc12e3d5712000400000000ffffffffffffff84ff4f",2,3.34,,19,21.04,75.46,,0.34,,0,4,0,0,,,,-0.91,-0.94,-1.00,-1.00,-1.00
2024-10-19T18:04:38Z,"0002cc0100000eb0","36543eb736f9356913150ec1a13d5712000400000000fcfc77e1fe25f65afde5ff27",2,3.34,,19,21.05,75.64,,0.34,,0,4,0,0,,,-0.89,-0.74,-0.40,-0.77,0.49,-0.62
2024-10-19T18:10:34Z,"0002cc0100000eb0","36543eb89af93579131519c2663b8c94000602000000f725fd2e4fe77c9f7cc5",2,3.34,,19,21.10,75.94,,0.10,,2,6,0,0,,,,0.60,0.58,0.02,-0.65,-0.45
2024-10-19T18:16:30Z,"0002cc0100000eb0","36543eb9fef9356d131530c6963befb9000701000000775474b8f433e5e87c92",2,3.34,,19,21.18,77.57,,0.12,,1,7,0,0,,,,0.57,-0.09,-0.26,0.29,0.46
2024-10-19T18:22:26Z,"0002cc0100000eb0","36543ebb62f9356d131541c4293d98fb0008010000005fd7774feceaf4bc5de8669a",2,3.34,,19,21.25,76.63,,0.40,,1,8,0,0,,,0.10,0.05,-0.30,-0.15,0.46,0.06
2024-10-19T18:28:22Z,"0002cc0100000eb0","36543ebcc6f9357d131549c5073d57120008000000006e1775c1edcefc0f7618",2,3.34,,19,21.28,76.96,,0.34,,0,8,0,0,,,,0.38,-0.51,-0.18,0.36,0.19
2024-10-19T18:34:18Z,"0002cc0100000eb0","36543ebe2af9357913153ac3293d6c00000800000000ffff748dfc84ff25fda2",2,3.34,,19,21.22,76.24,,0.36,,0,8,0,0,,,,-0.70,-0.89,-0.56,0.28,-1.00
2024-10-19T18:40:14Z,"0002cc0100000eb0","36543ebf8ef9356d13152bc2463d5712000800000000fd4dff26fd5afc83fcdaf5bb",2,3.34,,19,21.17,75.89,,0.34,,0,8,0,0,,,-0.36,-0.61,-0.56,-0.67,-0.89,-0.66
2024-10-19T18:46:10Z,"0002cc0100000eb0","36543ec0f2f2020402001519c2343d5712000800000000fec2ffffffffff9dffff",2,,2.4.2.0,,21.10,75.86,,0.34,,0,8,0,0,,,,-1.00,-0.95,-1.00,-1.00,-0.84
2024-10-19T18:52:05Z,"0002cc0100000eb0","36543ec255f93575131512c2363d5712000800000000ffbffffffec8ffffffff",2,3.34,,19,21.07,75.86,,0.34,,0,8,0,0,,,,-1.00,-1.00,-0.85,-1.00,-0.97
2024-10-19T18:58:01Z,"0002cc0100000eb0","36543ec3b9f93579131503c2183d5712000800000000fffffd9cffcdffffffffffff",2,3.34,,19,21.01,75.82,,0.34,,0,8,0,0,,,-1.00,-1.00,-1.00,-0.98,-0.70,-1.00
2024-10-19T19:03:57Z,"0002cc0100000eb0","36543ec51df9356d131500c2163d8ab9000800000000ffffffe3ffffffffffff",2,3.34,,19,21.00,75.82,,0.39,,0,8,0,0,,,,-1.00,-1.00,-1.00,-0.99,-1.00
2024-10-19T19:09:53Z,"0002cc0100000eb0","36543ec681f9356d1314f8c21f3d5712000800000000fffffffffffffffffe0b",2,3.34,,19,20.97,75.83,,0.34,,0,8,0,0,,,,-0.76,-1.00,-1.00,-1.00,-1.00
2024-10-19T19:15:49Z,"0002cc0100000eb0","36543ec7e5f935791314f1c1f83d8ab9000800000000ffffffffffa5ffffff5d",2,3.34,,19,20.94,75.77,,0.39,,0,8,0,0,,,,-0.92,-1.00,-0.96,-1.00,-1.00
2024-10-19T19:21:45Z,"0002cc0100000eb0","36543ec949f9356d1314f8c1be3d5712000800000000fffffffffe84fffffeedf731",2,3.34,,19,20.97,75.68,,0.34,,0,8,0,0,,,-0.45,-0.87,-1.00,-0.81,-1.00,-1.00
2024-10-19T19:27:41Z,"0002cc0100000eb0","36543ecaadf935691314f5c1e53d5712000800000000fd0cffffffffffffffff",2,3.34,,19,20.95,75.74,,0.34,,0,8,0,0,,,,-1.00,-1.00,-1.00,-1.00,-0.63
2024-10-19T19:33:37Z,"0002cc0100000eb0","36543ecc11f935791314f1c1dc3d5712000800000000ffffffffffffffffffffffea",2,3.34,,19,20.94,75.73,,0.34,,0,8,0,0,,,-0.99,-1.00,-1.00,-1.00,-1.00,-1.00
2024-10-19T19:39:33Z,"0002cc0100000eb0","36543ecd75f9356d1314f1c1e33d91da000800000000fffffffffed9ffffffff",2,3.34,,19,20.94,75.74,,0.39,,0,8,0,0,,,,-1.00,-1.00,-0.86,-1.00,-1.00
2024-10-19T19:45:29Z,"0002cc0100000eb0","36543eced9f9356d1314f1c24c3d5712000800000000fd54fffffd96ff27ffffffff",2,3.34,,19,20.94,75.90,,0.34,,0,8,0,0,,,-1.00,-1.00,-0.89,-0.70,-1.00,-0.67
2024-10-19T19:51:25Z,"0002cc0100000eb0","36543ed03df935791314f1c1733d5712000800000000fffffffffffffffffed3",2,3.34,,19,20.94,75.57,,0.34,,0,8,0,0,,,,-0.85,-1.00,-1.00,-1.00,-1.00
2024-10-19T19:57:21Z,"0002cc0100000eb0","36543ed1a1f9356d1314f1c1583d8ab9000800000000ffffffffffdcff62ffc3ff1d",2,3.34,,19,20.94,75.53,,0.39,,0,8,0,0,,,-0.89,-0.97,-0.92,-0.98,-1.00,-1.00
2024-10-19T20:03:17Z,"0002cc0100000eb0","36543ed305f935751314f1c1653d8ab9000800000000ffffffffffffffffffff",2,3.34,,19,20.94,75.55,,0.39,,0,8,0,0,,,,-1.00,-1.00,-1.00,-1.00,-1.00
2024-10-19T20:09:13Z,"0002cc0100000eb0","36543ed469f935711314f1c1c73d8ab9000800000000fd32fe6bf6cafc35f6b8",2,3.34,,19,20.94,75.70,,0.39,,0,8,0,0,,,,-0.42,-0.53,-0.42,-0.80,-0.65
2024-10-19T20:15:09Z,"0002cc0100000eb0","36543ed5cdf935791314f5c2243d91da000800000000fde9fef7fcedff8cf7fef6e7",2,3.34,,19,20.95,75.84,,0.39,,0,8,0,0,,,-0.43,-0.50,-0.94,-0.62,-0.87,-0.74
2024-10-19T20:21:05Z,"0002cc0100000eb0","36543ed731f93575131507c37a3d8ab9000901000000ff92ff1afcb8f79f7699",2,3.34,,19,21.03,76.36,,0.39,,1,9,0,0,,,,0.41,-0.48,-0.59,-0.89,-0.95
2024-10-19T20:27:01Z,"0002cc0100000eb0","36543ed895f93575131507c2303d8ab9000900000000ffffffcdf74fff94ffb1ffa2",2,3.34,,19,21.03,75.86,,0.39,,0,9,0,0,,,-0.95,-0.96,-0.95,-0.46,-0.98,-1.00
2024-10-19T20:32:57Z,"0002cc0100000eb0","36543ed9f9f93575131503c1cb3d8ab9000900000000ffffff74ffffffffffff",2,3.34,,19,21.01,75.70,,0.39,,0,9,0,0,,,,-1.00,-1.00,-1.00,-0.93,-1.00
2024-10-19T20:38:53Z,"0002cc0100000eb0","36543edb5df93575131507c1a33d8ab9000900000000ff5cffffffffff13ffff",2,3.34,,19,21.03,75.64,,0.39,,0,9,0,0,,,,-1.00,-0.88,-1.00,-1.00,-0.92
2024-10-19T20:44:48Z,"0002cc0100000eb0","36543edcc0f935751314fcc1e93d7321000900000000fffffffffe93ffffffff",2,3.34,,19,20.98,75.75,,0.36,,0,9,0,0,,,,-1.00,-1.00,-0.82,-1.00,-1.00
2024-10-19T20:50:44Z,"0002cc0100000eb0","36543ede24f9356d131516c62a3d98fb000900000000fd13fc74ffe9ffffffcafe82",2,3.34,,19,21.08,77.41,,0.40,,0,9,0,0,,,-0.81,-0.97,-1.00,-0.99,-0.56,-0.63
2024-10-19T20:56:41Z,"0002cc0100000eb0","36543edf89f9356913150ec5913d5712000900000000ffffff80ffffffbeffc3ffff",2,3.34,,19,21.05,77.18,,0.34,,0,9,0,0,,,-1.00,-0.97,-0.97,-1.00,-0.94,-1.00
2024-10-19T21:02:36Z,"0002cc0100000eb0","36543ee0ecf9356d131507c4bc3d8ab9000900000000ffffff81ffffffffffff",2,3.34,,19,21.03,76.85,,0.39,,0,9,0,0,,,,-1.00,-1.00,-1.00,-0.94,-1.00
2024-10-19T21:08:32Z,"0002cc0100000eb0","36543ee250f93575131507c39c3d5712000900000000fffffffffffffffffe85",2,3.34,,19,21.03,76.41,,0.34,,0,9,0,0,,,,-0.81,-1.00,-1.00,-1.00,-1.00
2024-10-19T21:14:28Z,"0002cc0100000eb0","36543ee3b4f935751314fcc37a3d8ab9000900000000ffffff05ffffffd8ffff",2,3.34,,19,20.98,76.36,,0.39,,0,9,0,0,,,,-1.00,-0.98,-1.00,-0.88,-1.00
2024-10-19T21:20:24Z,"0002cc0100000eb0","36543ee518f9357d131500c3833d5712000900000000fffffffffe38ffdaffff",2,3.34,,19,21.00,76.37,,0.34,,0,9,0,0,,,,-1.00,-0.98,-0.78,-1.00,-1.00
2024-10-19T21:26:20Z,"0002cc0100000eb0","36543ee67cf93575131503c3293d8ab9000900000000fceefd88ff09ffffffffffda",2,3.34,,19,21.01,76.24,,0.39,,0,9,0,0,,,-0.98,-1.00,-1.00,-0.88,-0.69,-0.62
2024-10-19T21:32:16Z,"0002cc0100000eb0","36543ee7e0f9356d1314fcc2ca3d5712000900000000fffffffffe82ff58ffff",2,3.34,,19,20.98,76.09,,0.34,,0,9,0,0,,,,-1.00,-0.92,-0.81,-1.00,-1.00
2024-10-19T21:38:12Z,"0002cc0100000eb0","36543ee944f935751314fcc3423d91da000900000000ffffffffff58ffffefe8",2,3.34,,19,20.98,76.27,,0.39,,0,9,0,0,,,,-0.25,-1.00,-0.92,-1.00,-1.00
2024-10-19T21:44:08Z,"0002cc0100000eb0","36543eeaa8f935751314f8c3303d5712000900000000ffffffffffffffffffff",2,3.34,,19,20.97,76.25,,0.34,,0,9,0,0,,,,-1.00,-1.00,-1.00,-1.00,-1.00
2024-10-19T21:50:04Z,"0002cc0100000eb0","36543eec0cf9357d1314f8c3233d8ab9000900000000ffffffffffffffb3ffff",2,3.34,,19,20.97,76.23,,0.39,,0,9,0,0,,,,-1.00,-0.96,-1.00,-1.00,-1.00
2024-10-19T21:56:00Z,"0002cc0100000eb0","36543eed70f935651314f5c3123d5712000900000000fe42ffffffffdf90fdfd",2,3.34,,19,20.95,76.20,,0.34,,0,9,0,0,,,,-0.75,-0.06,-1.00,-1.00,-0.78
2024-10-19T22:01:56Z,"0002cc0100000eb0","36543eeed4f9356d131500c47139cb89000a01000000fd35fd85f4d6d7a775e7",2,3.34,,19,21.00,76.74,,0.03,,1,10,0,0,,,,0.37,-0.03,-0.30,-0.69,-0.65
2024-10-19T22:07:52Z,"0002cc0100000eb0","36543ef038f9356d131519c5d83d98fb000c0200000076397cd1757d77587e2175b3",2,3.34,,19,21.10,77.28,,0.40,,2,12,0,0,,,0.36,0.77,0.46,0.34,0.60,0.39
2024-10-19T22:13:48Z,"0002cc0100000eb0","36543ef19cf9356d131521c45c3d91da000d01000000ffff677bfe0e7c2c5df6",2,3.34,,19,21.13,76.70,,0.39,,1,13,0,0,,,,0.05,0.52,-0.76,0.12,-1.00
2024-10-19T22:19:44Z,"0002cc0100000eb0","36543ef300f93569131541ca463d8ab9000f020000007d6a76547c68776a74557caa",2,3.34,,19,21.25,79.01,,0.39,,2,15,0,0,,,0.58,0.27,0.46,0.55,0.40,0.68
2024-10-19T22:25:40Z,"0002cc0100000eb0","36543ef464f93569131566cad03d571200100100000075c3cf16fd76455f6c64",2,3.34,,19,21.40,79.22,,0.34,,1,16,0,0,,,,0.14,0.01,-0.68,-0.01,0.36
2024-10-19T22:31:36Z,"0002cc0100000eb0","36543ef5c8f9356d13154cc7673d91da001000000000fde1ffe9ffcafe80f69f",2,3.34,,19,21.30,77.89,,0.39,,0,16,0,0,,,,-0.41,-0.81,-0.97,-0.99,-0.73
2024-10-19T22:37:32Z,"0002cc0100000eb0","36543ef72cf9356d131536c63f3d91da001000000000fffffed7fd39efd0ffe1",2,3.34,,19,21.21,77.44,,0.39,,0,16,0,0,,,,-0.98,-0.24,-0.65,-0.86,-1.00
2024-10-19T22:43:28Z,"0002cc0100000eb0","36543ef890f93579131527c55b3d9da6001000000000ffffffffffffffffffff",2,3.34,,19,21.15,77.09,,0.40,,0,16,0,0,,,,-1.00,-1.00,-1.00,-1.00,-1.00
2024-10-19T22:49:23Z,"0002cc0100000eb0","36543ef9f3f2020402001516c4d33d5712001000000000ffffffffffffffb4ffff",2,,2.4.2.0,,21.08,76.89,,0.34,,0,16,0,0,,,,-1.00,-0.96,-1.00,-1.00,-1.00
2024-10-19T22:55:20Z,"0002cc0100000eb0","36543efb58f93575131516c6aa3b8c94001000000000ffffffffffffffff6618f585",2,3.34,,19,21.08,77.60,,0.10,,0,16,0,0,,,-0.35,0.10,-1.00,-1.00,-1.00,-1.00
2024-10-19T23:01:16Z,"0002cc0100000eb0","36543efcbcf9356d13151cc74f0000000011010000006c13fd59ec52ff57feb4ffc5",2,3.34,,19,21.11,77.86,,0.00,,1,17,0,0,,,-0.97,-0.84,-0.92,-0.13,-0.67,0.13
2024-10-19T23:07:11Z,"0002cc0100000eb0","36543efe1ff9357513151cc6b4000000001100000000ffffffffffffff9bfeca",2,3.34,,19,21.11,77.62,,0.00,,0,17,0,0,,,,-0.85,-0.95,-1.00,-1.00,-1.00
2024-10-19T23:13:07Z,"0002cc0100000eb0","36543eff83f93575131512c636000000001100000000ffffff9ffffffff3ffffffe1",2,3.34,,19,21.07,77.43,,0.00,,0,17,0,0,,,-0.99,-1.00,-0.99,-1.00,-0.95,-1.00
2024-10-19T23:19:03Z,"0002cc0100000eb0","36543f00e7f9356d131507c65a000000001100000000ffffffffffffffffffff",2,3.34,,19,21.03,77.48,,0.00,,0,17,0,0,,,,-1.00,-1.00,-1.00,-1.00,-1.00
2024-10-19T23:24:59Z,"0002cc0100000eb0","36543f024bf9357513150ec6b9000000001100000000fdcdfc8cffffffffffff",2,3.34,,19,21.05,77.63,,0.00,,0,17,0,0,,,,-1.00,-1.00,-1.00,-0.57,-0.73
2024-10-19T23:30:55Z,"0002cc0100000eb0","36543f03aff9356d13150bc590000000001100000000ff3afee6fe51ffffffff",2,3.34,,19,21.04,77.17,,0.00,,0,17,0,0,,,,-1.00,-1.00,-0.79,-0.86,-0.90
2024-10-19T23:36:51Z,"0002cc0100000eb0","36543f0513f93565131507c476000000001100000000ffffffffffffffffffe2",2,3.34,,19,21.03,76.74,,0.00,,0,17,0,0,,,,-0.99,-1.00,-1.00,-1.00,-1.00
2024-10-19T23:42:47Z,"0002cc0100000eb0","36543f0677f935751314fcc3d5000000001100000000ffffffffffffffffffffffff",2,3.34,,19,20.98,76.50,,0.00,,0,17,0,0,,,-1.00,-1.00,-1.00,-1.00,-1.00,-1.00
2024-10-19T23:48:43Z,"0002cc0100000eb0","36543f07dbf9356d13150bc312000000001100000000ffffffff64f3fda5fdd5",2,3.34,,19,21.04,76.20,,0.00,,0,17,0,0,,,,-0.73,-0.71,0.08,-1.00,-1.00
2024-10-19T23:54:39Z,"0002cc0100000eb0","36543f093ff9356d131507c2a0000000001100000000fe61fffffffffffffca4",2,3.34,,19,21.03,76.03,,0.00,,0,17,0,0,,,,-0.58,-1.00,-1.00,-1.00,-0.80
