Time,DevEUI,Raw,Port,Vbat,Version,BootCount,T,RH,P,Light,CO2,P[0].delta,P[0].total,P[1].delta,P[1].total,Act[7],Act[6],Act[5],Act[4],Act[3],Act[2],Act[1],Act[0]
2024-10-13T00:02:07Z,"0002cc0100000eb0","365435d07ff935650a157fcc150000000008000000006fa4de63eea76e9b7c21",2,3.34,,10,21.49,79.72,,0.00,,0,8,0,0,,,,0.52,0.21,-0.21,-0.05,0.24
2024-10-13T00:08:04Z,"0002cc0100000eb0","365435d1e4f935690a1582cc65000000000800000000751774457d28767277d77c3e",2,3.34,,10,21.51,79.84,,0.00,,0,8,0,0,,,0.53,0.49,0.40,0.64,0.27,0.32
2024-10-13T00:13:59Z,"0002cc0100000eb0","365435d347f935690a158acccc000000000800000000765077777c0876c876b0",2,3.34,,10,21.54,80.00,,0.00,,0,8,0,0,,,,0.42,0.42,0.50,0.47,0.39
2024-10-13T00:19:55Z,"0002cc0100000eb0","365435d4abf935710a1591cd1000000000080000000077e47c7f7c857c077d047c49",2,3.34,,10,21.56,80.10,,0.00,,0,8,0,0,,,0.54,0.63,0.50,0.57,0.56,0.49
2024-10-13T00:25:51Z,"0002cc0100000eb0","365435d60ff935610a1591cd6b000000000800000000670bedf676e675a56f22",2,3.34,,10,21.56,80.24,,0.00,,0,8,0,0,,,,0.22,0.35,0.43,-0.19,0.11
2024-10-13T00:31:47Z,"0002cc0100000eb0","365435d773f935690a1598cd9b00000000080000000076807c356e58742c76ab7ce4",2,3.34,,10,21.59,80.32,,0.00,,0,8,0,0,,,0.61,0.42,0.26,0.20,0.53,0.41
2024-10-13T00:37:43Z,"0002cc0100000eb0","365435d8d7f935710a1591cd080000000008000000007c1f7c007c23641e75f5",2,3.34,,10,21.56,80.09,,0.00,,0,8,0,0,,,,0.37,0.06,0.52,0.50,0.51
2024-10-13T00:43:39Z,"0002cc0100000eb0","365435da3bf935710a1594cdad000000000800000000775e7571f64775477d28",2,3.34,,10,21.58,80.34,,0.00,,0,8,0,0,,,,0.64,0.33,-0.39,0.34,0.46
2024-10-13T00:49:35Z,"0002cc0100000eb0","365435db9ff935690a159ccdd40000000008000000005df57cc97c13eed576ac761f",2,3.34,,10,21.61,80.40,,0.00,,0,8,0,0,,,0.38,0.42,-0.21,0.51,0.60,0.05
2024-10-13T00:55:31Z,"0002cc0100000eb0","365435dd03f9356d0a159cce370000000008000000007d007543e583ef4857f4",2,3.34,,10,21.61,80.55,,0.00,,0,8,0,0,,,,0.03,-0.23,-0.09,0.33,0.62
2024-10-13T01:01:27Z,"0002cc0100000eb0","365435de67f935690a159cce4600000000080000000075f47c4f6e4e76287582",2,3.34,,10,21.61,80.58,,0.00,,0,8,0,0,,,,0.34,0.38,0.20,0.54,0.37
2024-10-13T01:07:23Z,"0002cc0100000eb0","365435dfcbf935650a1598cd8c0000000008000000006c6cfc21ee667cbe7ccd7ca8",2,3.34,,10,21.59,80.29,,0.00,,0,8,0,0,,,0.58,0.60,0.59,-0.20,-0.52,0.14
2024-10-13T01:13:19Z,"0002cc0100000eb0","365435e12ff935710a159ccdb90000000008000000007d4a75317c997ce27763",2,3.34,,10,21.61,80.36,,0.00,,0,8,0,0,,,,0.46,0.61,0.57,0.32,0.66
2024-10-13T01:19:15Z,"0002cc0100000eb0","365435e293f9356d0a1594cd67000000000800000000efc8ecc7759f76db754b",2,3.34,,10,21.58,80.24,,0.00,,0,8,0,0,,,,0.33,0.43,0.35,-0.15,-0.24
2024-10-13T01:25:11Z,"0002cc0100000eb0","365435e3f7f935690a1594cd8900000000080000000076a4769b6dc47c0b77a4",2,3.34,,10,21.58,80.29,,0.00,,0,8,0,0,,,,0.48,0.51,0.18,0.41,0.41
2024-10-13T01:31:06Z,"0002cc0100000eb0","365435e55af935650a159fcd5900000000080000000074a87c1574beeecbff84",2,3.34,,10,21.62,80.22,,0.00,,0,8,0,0,,,,-0.94,-0.21,0.30,0.51,0.29
2024-10-13T01:37:03Z,"0002cc0100000eb0","365435e6bff935690a1598cd7f000000000800000000ff137cd47c4a74fe77f4774f",2,3.34,,10,21.59,80.27,,0.00,,0,8,0,0,,,0.46,0.50,0.31,0.54,0.60,-0.88
2024-10-13T01:42:58Z,"0002cc0100000eb0","365435e822f935790a159cce690000000008000000007608f5a3fc287cec7425",2,3.34,,10,21.61,80.63,,0.00,,0,8,0,0,,,,0.26,0.61,-0.52,-0.35,0.38
2024-10-13T01:48:54Z,"0002cc0100000eb0","365435e986f935690a159ccd790000000008000000007c206d1974b47c1477dc",2,3.34,,10,21.61,80.26,,0.00,,0,8,0,0,,,,0.49,0.51,0.29,0.16,0.52
2024-10-13T01:54:50Z,"0002cc0100000eb0","365435eaeaf935610a159ccd730000000008000000007cf47c447c9e779777a6",2,3.34,,10,21.61,80.25,,0.00,,0,8,0,0,,,,0.48,0.47,0.58,0.53,0.62
2024-10-13T02:00:46Z,"0002cc0100000eb0","365435ec4ef9356d0a15a2cd7d000000000800000000f569df4177937c866e757c3b",2,3.34,,10,21.63,80.27,,0.00,,0,8,0,0,,,0.53,0.20,0.57,0.47,-0.06,-0.34
2024-10-13T02:06:42Z,"0002cc0100000eb0","365435edb2f935690a159fcda60000000008000000007cf67ca075bb7cf175f8",2,3.34,,10,21.62,80.33,,0.00,,0,8,0,0,,,,0.37,0.62,0.36,0.58,0.62
2024-10-13T02:12:38Z,"0002cc0100000eb0","365435ef16f935690a15a2cd9a0000000008000000007c4775c77c1576e37dfe",2,3.34,,10,21.63,80.31,,0.00,,0,8,0,0,,,,0.75,0.43,0.51,0.36,0.53
2024-10-13T02:18:34Z,"0002cc0100000eb0","365435f07af935650a159ccd730000000008000000006c737c4377f667dd774a",2,3.34,,10,21.61,80.25,,0.00,,0,8,0,0,,,,0.46,0.12,0.50,0.53,0.14
2024-10-13T02:24:30Z,"0002cc0100000eb0","365435f1def935690a159cce1b00000000080000000074056cfb7473ec1275156f36",2,3.34,,10,21.61,80.51,,0.00,,0,8,0,0,,,0.23,0.32,-0.13,0.28,0.16,0.25
2024-10-13T02:30:26Z,"0002cc0100000eb0","365435f342f9356d0a15a2ce2e00000000080000000074a375dd7c577c456f1e",2,3.34,,10,21.63,80.54,,0.00,,0,8,0,0,,,,0.22,0.53,0.54,0.37,0.29
2024-10-13T02:36:22Z,"0002cc0100000eb0","365435f4a6f935650a159cce220000000008000000007d1a77d17cae75a17cf2",2,3.34,,10,21.61,80.52,,0.00,,0,8,0,0,,,,0.62,0.35,0.59,0.49,0.64
2024-10-13T02:42:18Z,"0002cc0100000eb0","365435f60af935690a15a7cdce000000000800000000766c760f7cab7e2f7cd97c7d",2,3.34,,10,21.65,80.39,,0.00,,0,8,0,0,,,0.56,0.61,0.77,0.58,0.38,0.40
2024-10-13T02:48:14Z,"0002cc0100000eb0","365435f76ef935690a15a2cdf500000000080000000077d776e7769f76c4d719",2,3.34,,10,21.63,80.45,,0.00,,0,8,0,0,,,,-0.03,0.42,0.41,0.43,0.49
2024-10-13T02:54:10Z,"0002cc0100000eb0","365435f8d2f9356d0a15a2ced60000000008000000007d0c7d107cc47ce27c2b7d1a",2,3.34,,10,21.63,80.80,,0.00,,0,8,0,0,,,0.64,0.52,0.61,0.60,0.63,0.63
2024-10-13T03:00:06Z,"0002cc0100000eb0","365435fa36f935690a15bccfad0000000008000000007d707cc2775a6cb075a3",2,3.34,,10,21.73,81.12,,0.00,,0,8,0,0,,,,0.35,0.15,0.46,0.59,0.68
2024-10-13T03:06:02Z,"0002cc0100000eb0","365435fb9af20204020015b6ceeb0000000008000000007d6a7c9875c9743ee77ae790",2,,2.4.2.0,,21.71,80.83,,0.00,,0,8,0,0,,,-0.12,-0.12,0.27,0.36,0.57,0.68
2024-10-13T03:11:57Z,"0002cc0100000eb0","365435fcfdf9356d0a15aacfef0000000008000000007c4d75dd74986f0c7687",2,3.34,,10,21.66,81.23,,0.00,,0,8,0,0,,,,0.41,0.22,0.29,0.37,0.54
2024-10-13T03:17:53Z,"0002cc0100000eb0","365435fe61f9356d0a15aacf4500000000080000000077b177cb7c2477627d1f",2,3.34,,10,21.66,80.97,,0.00,,0,8,0,0,,,,0.64,0.46,0.52,0.49,0.48
2024-10-13T03:23:49Z,"0002cc0100000eb0","365435ffc5f935690a15aacf210000000008000000007c3d7c3e77a37cb274947544",2,3.34,,10,21.66,80.91,,0.00,,0,8,0,0,,,0.33,0.29,0.59,0.48,0.53,0.53
2024-10-13T03:29:45Z,"0002cc0100000eb0","3654360129f935690a159fcf6f000000000800000000fc3e6d43f7f57cb57c6a",2,3.34,,10,21.62,81.03,,0.00,,0,8,0,0,,,,0.55,0.59,-0.50,0.16,-0.53
2024-10-13T03:35:41Z,"0002cc0100000eb0","365436028df9356d0a15adcf800000000008000000007d3074c17c107c567c3c7e34",2,3.34,,10,21.68,81.06,,0.00,,0,8,0,0,,,0.78,0.53,0.54,0.51,0.30,0.65
2024-10-13T03:41:37Z,"0002cc0100000eb0","36543603f1f9356d0a15a7cf03000000000800000000776b65197563ec3a7c75",2,3.34,,10,21.65,80.87,,0.00,,0,8,0,0,,,,0.56,-0.13,0.34,0.08,0.46
2024-10-13T03:47:33Z,"0002cc0100000eb0","3654360555f935690a15adce6700000000080000000076027c966f9777797549775c",2,3.34,,10,21.68,80.63,,0.00,,0,8,0,0,,,0.46,0.33,0.47,0.24,0.57,0.38
2024-10-13T03:53:29Z,"0002cc0100000eb0","36543606b9f935650a15aace3a00000000080000000074df7453740c77cd7ccc",2,3.34,,10,21.66,80.56,,0.00,,0,8,0,0,,,,0.60,0.49,0.25,0.27,0.30
2024-10-13T03:59:25Z,"0002cc0100000eb0","365436081df935690a15aacee4000000000800000000778ee5ea6fa276ed7c49",2,3.34,,10,21.66,80.82,,0.00,,0,8,0,0,,,,0.54,0.43,0.24,-0.09,0.47
2024-10-13T04:05:21Z,"0002cc0100000eb0","3654360981f9357d0a15aacf1400000000080000000075cd77586f5275fc7d127e28",2,3.34,,10,21.66,80.89,,0.00,,0,8,0,0,,,0.77,0.63,0.37,0.23,0.46,0.36
2024-10-13T04:11:17Z,"0002cc0100000eb0","3654360ae5f9356d0a15a7cf44000000000800000000f7fd6d8275987c3d77ad",2,3.34,,10,21.65,80.96,,0.00,,0,8,0,0,,,,0.48,0.53,0.35,0.17,-0.50
2024-10-13T04:17:13Z,"0002cc0100000eb0","3654360c49f935710a15a7ce7600000000080000000077a376d17da3672e6c77",2,3.34,,10,21.65,80.65,,0.00,,0,8,0,0,,,,0.14,0.11,0.70,0.43,0.48
2024-10-13T04:23:09Z,"0002cc0100000eb0","3654360dadf935690a15a7ce8b00000000080000000076157cd5653fe6b2762fed52",2,3.34,,10,21.65,80.68,,0.00,,0,8,0,0,,,-0.17,0.39,-0.10,0.08,0.60,0.38
2024-10-13T04:29:05Z,"0002cc0100000eb0","3654360f11f935790a15a2cf47000000000800000000de9377827663765876fb",2,3.34,,10,21.63,80.97,,0.00,,0,8,0,0,,,,0.44,0.40,0.40,0.47,-0.05
2024-10-13T04:35:00Z,"0002cc0100000eb0","3654361074f935650a15aad09700000000080000000077a9dec57c917c797654",2,3.34,,10,21.66,81.48,,0.00,,0,8,0,0,,,,0.40,0.56,0.57,-0.05,0.48
2024-10-13T04:40:56Z,"0002cc0100000eb0","36543611d8f935790a15b2cf980000000008000000007cbf7c9777b57d0b7457",2,3.34,,10,21.69,81.09,,0.00,,0,8,0,0,,,,0.27,0.63,0.48,0.57,0.59
2024-10-13T04:46:53Z,"0002cc0100000eb0","365436133df935690a15adcfaa000000000800000000ed4c6c74ef60f4ec77777558",2,3.34,,10,21.68,81.12,,0.00,,0,8,0,0,,,0.33,0.47,-0.31,-0.23,0.14,-0.17
2024-10-13T04:52:48Z,"0002cc0100000eb0","36543614a0f935690a15b2cef60000000008000000007cdb7c3776f275a275a1",2,3.34,,10,21.69,80.85,,0.00,,0,8,0,0,,,,0.35,0.35,0.43,0.53,0.61
2024-10-13T04:58:44Z,"0002cc0100000eb0","3654361604f935690a15adcf78000000000800000000768dfc847521edbb7629",2,3.34,,10,21.68,81.04,,0.00,,0,8,0,0,,,,0.39,-0.18,0.32,-0.56,0.41
2024-10-13T05:04:40Z,"0002cc0100000eb0","3654361768f935650a15add0050000000008000000007d5c764e7cf1756077f175bf",2,3.34,,10,21.68,81.26,,0.00,,0,8,0,0,,,0.36,0.50,0.34,0.62,0.39,0.67
2024-10-13T05:10:36Z,"0002cc0100000eb0","36543618ccf9356d0a15adceed0000000008000000007d2f75ed745d5d996dc3",2,3.34,,10,21.68,80.83,,0.00,,0,8,0,0,,,,0.18,0.04,0.27,0.37,0.65
2024-10-13T05:16:32Z,"0002cc0100000eb0","3654361a30f9356d0a15adcf480000000008000000007cb3770474e275d27dbf7c67",2,3.34,,10,21.68,80.97,,0.00,,0,8,0,0,,,0.55,0.72,0.36,0.31,0.44,0.59
2024-10-13T05:22:28Z,"0002cc0100000eb0","3654361b94f935690a15b6cf450000000008000000007d117d9074bd6fed7c5c",2,3.34,,10,21.71,80.97,,0.00,,0,8,0,0,,,,0.54,0.25,0.30,0.70,0.63
2024-10-13T05:28:24Z,"0002cc0100000eb0","3654361cf8f935710a15bccf9f0000000008000000007d8d75267d517dbc7cbe7d04",2,3.34,,10,21.73,81.10,,0.00,,0,8,0,0,,,0.63,0.59,0.72,0.66,0.32,0.69
2024-10-13T05:34:20Z,"0002cc0100000eb0","3654361e5cf935690a15b6cf1b00000000080000000077407c32f47ff5bff69a",2,3.34,,10,21.71,80.90,,0.00,,0,8,0,0,,,,-0.41,-0.36,-0.28,0.52,0.45
2024-10-13T05:40:16Z,"0002cc0100000eb0","3654361fc0f935650a15adcf4800000000080000000066277c6b7c72777d7763777e",2,3.34,,10,21.68,80.97,,0.00,,0,8,0,0,,,0.47,0.46,0.47,0.56,0.55,0.10
2024-10-13T05:46:12Z,"0002cc0100000eb0","3654362124f935690a15b6cfb60000000008000000007ca46f967cb77c887d49",2,3.34,,10,21.71,81.14,,0.00,,0,8,0,0,,,,0.66,0.57,0.59,0.24,0.58
2024-10-13T05:52:08Z,"0002cc0100000eb0","3654362288f935690a15b2cee10000000008000000007cc57dd57d267cfd777c",2,3.34,,10,21.69,80.81,,0.00,,0,8,0,0,,,,0.47,0.62,0.64,0.73,0.60
2024-10-13T05:58:04Z,"0002cc0100000eb0","36543623ecf9356d0a15aacec70000000008000000006f247593777d766575b97459",2,3.34,,10,21.66,80.77,,0.00,,0,8,0,0,,,0.27,0.36,0.40,0.47,0.35,0.22
2024-10-13T06:03:59Z,"0002cc0100000eb0","365436254ff935610a159fceb1000000000800000000750d7c33eddfedef7456",2,3.34,,10,21.62,80.74,,0.00,,0,8,0,0,,,,0.27,-0.19,-0.18,0.52,0.32
2024-10-13T06:09:55Z,"0002cc0100000eb0","36543626b3f935710a15a2cf08000000000800000000742d7e477d7e77b975b7",2,3.34,,10,21.63,80.87,,0.00,,0,8,0,0,,,,0.36,0.48,0.69,0.78,0.26
2024-10-13T06:15:51Z,"0002cc0100000eb0","3654362817f9356d0a15aacf360000000008000000004df97d467c2e7c2f7db17d8c",2,3.34,,10,21.66,80.94,,0.00,,0,8,0,0,,,0.69,0.71,0.52,0.52,0.66,0.01
2024-10-13T06:21:44Z,"0002cc0100000eb0","3654362978f9356d0a15aace9d0000000008000000007cbe7c337d3f7d10ec3f",3,3.34,,10,21.66,80.71,,0.00,,0,8,0,0,,,,-0.13,0.63,0.66,0.53,0.59
2024-10-13T06:27:40Z,"0002cc0100000eb0","3654362adcf935710a15a7cf03000000000800000000ecf4dcff56dd779c757f6cbc",2,3.34,,10,21.65,80.87,,0.00,,0,8,0,0,,,0.15,0.34,0.48,0.03,-0.04,-0.15
2024-10-13T06:33:36Z,"0002cc0100000eb0","3654362c40f935710a15add0440000000008000000007c787cdd74f67d1376e1",2,3.34,,10,21.68,81.35,,0.00,,0,8,0,0,,,,0.43,0.63,0.31,0.61,0.56
2024-10-13T06:39:32Z,"0002cc0100000eb0","3654362da4f935710a15a7cf96000000000800000000fe15f74cdc526f436e717561",2,3.34,,10,21.65,81.09,,0.00,,0,8,0,0,,,0.34,0.20,0.23,-0.03,-0.46,-0.76
2024-10-13T06:45:28Z,"0002cc0100000eb0","3654362f08f935710a15aacf30000000000800000000746be4fd6e4acff87664",2,3.34,,10,21.66,80.93,,0.00,,0,8,0,0,,,,0.40,-0.02,0.20,-0.08,0.28
2024-10-13T06:51:24Z,"0002cc0100000eb0","365436306cf935690a15a7cfa500000000080000000075a874017c16769b6eba",2,3.34,,10,21.65,81.11,,0.00,,0,8,0,0,,,,0.21,0.41,0.51,0.25,0.35
2024-10-13T06:57:20Z,"0002cc0100000eb0","36543631d0f935750a159fce9c0000000008000000005f2ff6efde92ee956d56effe",2,3.34,,10,21.62,80.71,,0.00,,0,8,0,0,,,-0.25,0.17,-0.21,-0.05,-0.43,0.06
2024-10-13T07:03:16Z,"0002cc0100000eb0","3654363334f935710a1591ceb5000000000800000000765a6e245f1dfffbff34",2,3.34,,10,21.56,80.75,,0.00,,0,8,0,0,,,,-0.90,-1.00,0.06,0.19,0.40
2024-10-13T07:09:12Z,"0002cc0100000eb0","3654363498f202040200158ace94000000000800000000fcd8f524fd8affffffff",2,,2.4.2.0,,21.54,80.70,,0.00,,0,8,0,0,,,,-1.00,-1.00,-0.69,-0.32,-0.61
2024-10-13T07:15:08Z,"0002cc0100000eb0","36543635fcf935710a157fce3f000000000800000000ffffff61ffffffffffffffff",2,3.34,,10,21.49,80.57,,0.00,,0,8,0,0,,,-1.00,-1.00,-1.00,-1.00,-0.92,-1.00
2024-10-13T07:21:04Z,"0002cc0100000eb0","3654363760f9356d0a157bce21000000000800000000fffff4f5ff4dffffffff",2,3.34,,10,21.48,80.52,,0.00,,0,8,0,0,,,,-1.00,-1.00,-0.91,-0.31,-1.00
2024-10-13T07:27:00Z,"0002cc0100000eb0","36543638c4f9356d0a157fcde3000000000800000000ffffffffffffffffffff",2,3.34,,10,21.49,80.43,,0.00,,0,8,0,0,,,,-1.00,-1.00,-1.00,-1.00,-1.00
2024-10-13T07:32:56Z,"0002cc0100000eb0","3654363a28f935750a1577cdc2000000000800000000ffffffffffffffffffff",2,3.34,,10,21.46,80.38,,0.00,,0,8,0,0,,,,-1.00,-1.00,-1.00,-1.00,-1.00
2024-10-13T07:38:52Z,"0002cc0100000eb0","3654363b8cf935690a1571cdc5000000000800000000ffffffffffffffffffffff83",2,3.34,,10,21.44,80.38,,0.00,,0,8,0,0,,,-0.94,-1.00,-1.00,-1.00,-1.00,-1.00
2024-10-13T07:44:48Z,"0002cc0100000eb0","3654363cf0f935710a1569cd9d000000000800000000fffffffffffffff0ffff",2,3.34,,10,21.41,80.32,,0.00,,0,8,0,0,,,,-1.00,-0.99,-1.00,-1.00,-1.00
2024-10-13T07:50:44Z,"0002cc0100000eb0","3654363e54f9356d0a1571cdb8000000000800000000fffffffffffffffff4ff",2,3.34,,10,21.44,80.36,,0.00,,0,8,0,0,,,,-0.31,-1.00,-1.00,-1.00,-1.00
2024-10-13T07:56:40Z,"0002cc0100000eb0","3654363fb8f935690a1571cd95000000000800000000ffffffffffffffffffffffff",2,3.34,,10,21.44,80.31,,0.00,,0,8,0,0,,,-1.00,-1.00,-1.00,-1.00,-1.00,-1.00
2024-10-13T08:02:35Z,"0002cc0100000eb0","365436411bf9356d0a156ccda0000000000800000000ffffffffffffeff0ff8f",2,3.34,,10,21.42,80.32,,0.00,,0,8,0,0,,,,-0.94,-0.25,-1.00,-1.00,-1.00
2024-10-13T08:08:32Z,"0002cc0100000eb0","3654364280f9356d0a156ccd83000000000800000000ffffffffffffffffffffffaf",2,3.34,,10,21.42,80.28,,0.00,,0,8,0,0,,,-0.96,-1.00,-1.00,-1.00,-1.00,-1.00
2024-10-13T08:14:28Z,"0002cc0100000eb0","36543643e4f935650a1569cd41000000000800000000ffffffffffffffffffff",2,3.34,,10,21.41,80.18,,0.00,,0,8,0,0,,,,-1.00,-1.00,-1.00,-1.00,-1.00
2024-10-13T08:20:24Z,"0002cc0100000eb0","3654364548f935790a1569cd2e000000000800000000ffffffffffffffffff16",2,3.34,,10,21.41,80.15,,0.00,,0,8,0,0,,,,-0.89,-1.00,-1.00,-1.00,-1.00
2024-10-13T08:26:19Z,"0002cc0100000eb0","36543646abf9356d0a1566cd23000000000800000000ffffffffffffffffffff",2,3.34,,10,21.40,80.13,,0.00,,0,8,0,0,,,,-1.00,-1.00,-1.00,-1.00,-1.00
2024-10-13T08:32:15Z,"0002cc0100000eb0","365436480ff9356d0a1566cd01000000000800000000fffffffffd98fe62ffff",2,3.34,,10,21.40,80.08,,0.00,,0,8,0,0,,,,-1.00,-0.80,-0.70,-1.00,-1.00
2024-10-13T08:38:11Z,"0002cc0100000eb0","3654364973f9356d0a1566ccd7000000000800000000ffffffffffffffffff7d",2,3.34,,10,21.40,80.02,,0.00,,0,8,0,0,,,,-0.94,-1.00,-1.00,-1.00,-1.00
2024-10-13T08:44:07Z,"0002cc0100000eb0","3654364ad7f935690a156ccdf4000000000800000000ffffffffff55f61f7e077c90",2,3.34,,10,21.42,80.45,,0.00,,0,8,0,0,,,0.57,0.75,-0.38,-0.92,-1.00,-1.00
2024-10-13T08:50:03Z,"0002cc0100000eb0","3654364c3bf935690a1577cddf0000000008000000007df07dc45d4d648bde0c76bb",2,3.34,,10,21.46,80.42,,0.00,,0,8,0,0,,,0.42,-0.05,0.07,0.04,0.72,0.74
2024-10-13T08:55:59Z,"0002cc0100000eb0","3654364d9ff935710a157bcde2000000000800000000e51e7c79742374f97d7d",2,3.34,,10,21.48,80.42,,0.00,,0,8,0,0,,,,0.69,0.31,0.26,0.56,-0.08
2024-10-13T09:01:55Z,"0002cc0100000eb0","3654364f03f935710a1586cd7300000000080000000077f87cd57770dd05e723",2,3.34,,10,21.52,80.25,,0.00,,0,8,0,0,,,,-0.11,-0.04,0.46,0.60,0.50
2024-10-13T09:07:51Z,"0002cc0100000eb0","3654365067f9356d0a158acedb000000000800000000f43d675974e4754d74296c16",2,3.34,,10,21.54,80.80,,0.00,,0,8,0,0,,,0.13,0.26,0.33,0.31,0.11,-0.26
2024-10-13T09:13:47Z,"0002cc0100000eb0","36543651cbf935710a1598cf24000000000800000000eda56fe77c8a7cdf7cc0",2,3.34,,10,21.59,80.92,,0.00,,0,8,0,0,,,,0.59,0.61,0.57,0.25,-0.18
2024-10-13T09:19:43Z,"0002cc0100000eb0","365436532ff9356d0a159fcdb50000000008000000007c3275b76fc467c46cf3",2,3.34,,10,21.62,80.36,,0.00,,0,8,0,0,,,,0.15,0.12,0.24,0.36,0.52
2024-10-13T09:25:39Z,"0002cc0100000eb0","3654365493f935690a159cced9000000000800000000f464776974bd760277f06d72",2,3.34,,10,21.61,80.80,,0.00,,0,8,0,0,,,0.17,0.50,0.38,0.30,0.46,-0.27
2024-10-13T09:31:35Z,"0002cc0100000eb0","36543655f7f9356d0a159fce7f0000000008000000007c357ca374356c32754d",2,3.34,,10,21.62,80.66,,0.00,,0,8,0,0,,,,0.33,0.13,0.26,0.58,0.53
2024-10-13T09:37:31Z,"0002cc0100000eb0","365436575bf935690a159cce370000000008000000006e7776e07787779d7c07",2,3.34,,10,21.61,80.55,,0.00,,0,8,0,0,,,,0.50,0.48,0.47,0.43,0.20
2024-10-13T09:43:27Z,"0002cc0100000eb0","36543658bff9356d0a1598cdcb0000000008000000006c80e424f4de64f06f9f7c67",2,3.34,,10,21.59,80.39,,0.00,,0,8,0,0,,,0.55,0.24,0.08,-0.30,-0.06,0.14
2024-10-13T09:49:23Z,"0002cc0100000eb0","3654365a23f935690a1598cde80000000008000000007c467c3d7cb97c7e7cb6",2,3.34,,10,21.59,80.43,,0.00,,0,8,0,0,,,,0.59,0.56,0.59,0.53,0.53
2024-10-13T09:55:19Z,"0002cc0100000eb0","3654365b87f9354c0a159cce00000000000800000000fc936d596d4c77d376e1",2,3.33,,10,21.61,80.47,,0.00,,0,8,0,0,,,,0.43,0.49,0.17,0.17,-0.57
2024-10-13T10:01:15Z,"0002cc0100000eb0","3654365cebf935650a1594cdb300000000080000000064bdf4215cd0eecbddb0e799",2,3.34,,10,21.58,80.35,,0.00,,0,8,0,0,,,-0.12,-0.04,-0.21,0.04,-0.26,0.07
2024-10-13T10:07:11Z,"0002cc0100000eb0","3654365e4ff935650a1598ce82000000000800000000748076c26d0b761d7cef",2,3.34,,10,21.59,80.67,,0.00,,0,8,0,0,,,,0.62,0.38,0.16,0.42,0.28
2024-10-13T10:13:06Z,"0002cc0100000eb0","3654365fb2f935690a15a2cee5000000000800000000765f7cee7712773b6c6c",2,3.34,,10,21.63,80.82,,0.00,,0,8,0,0,,,,0.14,0.45,0.44,0.62,0.40
2024-10-13T10:19:02Z,"0002cc0100000eb0","3654366116f9356d0a159cce5b0000000008000000006d57743ee7ceed91f701dce7",2,3.34,,10,21.61,80.61,,0.00,,0,8,0,0,,,-0.04,-0.44,-0.17,-0.12,0.27,0.17
2024-10-13T10:24:58Z,"0002cc0100000eb0","365436627af935690a159cced20000000008000000006cf77cc7ec757c1b7587",2,3.34,,10,21.61,80.79,,0.00,,0,8,0,0,,,,0.35,0.51,-0.14,0.60,0.16
2024-10-13T10:30:54Z,"0002cc0100000eb0","36543663def935690a159cce3d0000000008000000006fb77d396ca557a67d09",2,3.34,,10,21.61,80.56,,0.00,,0,8,0,0,,,,0.63,0.03,0.15,0.65,0.24
2024-10-13T10:36:50Z,"0002cc0100000eb0","3654366542f935650a1598cd920000000008000000007d5675c067d9ff9afc87",2,3.34,,10,21.59,80.30,,0.00,,0,8,0,0,,,,-0.57,-0.95,0.12,0.36,0.67
2024-10-13T10:42:46Z,"0002cc0100000eb0","36543666a6f935690a1591cdcd0000000008000000007e11ec3c7c36de5cffffff76",2,3.34,,10,21.56,80.39,,0.00,,0,8,0,0,,,-0.93,-1.00,-0.05,0.53,-0.13,0.76
2024-10-13T10:48:42Z,"0002cc0100000eb0","365436680af935690a1586cd8e000000000800000000ffffff97ffffffe6ffff",2,3.34,,10,21.52,80.30,,0.00,,0,8,0,0,,,,-1.00,-0.99,-1.00,-0.95,-1.00
2024-10-13T10:54:38Z,"0002cc0100000eb0","365436696ef935710a1582cd9a000000000800000000ffffffeefdb4fd14ffff",2,3.34,,10,21.51,80.31,,0.00,,0,8,0,0,,,,-1.00,-0.63,-0.71,-0.99,-1.00
2024-10-13T11:00:34Z,"0002cc0100000eb0","3654366ad2f935650a157bcd863e2e8e000800000000ffffffffffffff93ffff",2,3.34,,10,21.48,80.28,,0.59,,0,8,0,0,,,,-1.00,-0.95,-1.00,-1.00,-1.00
2024-10-13T11:06:30Z,"0002cc0100000eb0","3654366c36f935710a1577cd9a3e2e8e000800000000fffffffffffffffffe3bf6b9",2,3.34,,10,21.46,80.31,,0.59,,0,8,0,0,,,-0.42,-0.78,-1.00,-1.00,-1.00,-1.00
2024-10-13T11:12:26Z,"0002cc0100000eb0","3654366d9af202040200156ccdad3e2e8e000800000000ffffffffffffffffffff",2,,2.4.2.0,,21.42,80.34,,0.59,,0,8,0,0,,,,-1.00,-1.00,-1.00,-1.00,-1.00
2024-10-13T11:18:22Z,"0002cc0100000eb0","3654366efef935690a156ccd6e3e2e8e000800000000ffffffc5ffffffffffff",2,3.34,,10,21.42,80.25,,0.59,,0,8,0,0,,,,-1.00,-1.00,-1.00,-0.97,-1.00
2024-10-13T11:24:18Z,"0002cc0100000eb0","3654367062f935690a156ccd7d3e0cb6000800000000ff78ffffffffffffffffffff",2,3.34,,10,21.42,80.27,,0.52,,0,8,0,0,,,-1.00,-1.00,-1.00,-1.00,-1.00,-0.93
2024-10-13T11:30:14Z,"0002cc0100000eb0","36543671c6f935650a1571cd803e2afd000800000000fffffe99ffb4ffffffff",2,3.34,,10,21.44,80.27,,0.58,,0,8,0,0,,,,-1.00,-1.00,-0.96,-0.82,-1.00
2024-10-13T11:36:10Z,"0002cc0100000eb0","365436732af935710a156ccd133e2517000800000000fcfaffffffffffffffb1",2,3.34,,10,21.42,80.11,,0.57,,0,8,0,0,,,,-0.96,-1.00,-1.00,-1.00,-0.62
2024-10-13T11:42:06Z,"0002cc0100000eb0","365436748ef935710a1569cd103e2e8e000800000000fffffffffdedfe8dffff",2,3.34,,10,21.41,80.10,,0.59,,0,8,0,0,,,,-1.00,-0.82,-0.74,-1.00,-1.00
2024-10-13T11:48:02Z,"0002cc0100000eb0","36543675f2f935690a1566cd4d3e0cb6000800000000fffffffffe93ffffff6effff",2,3.34,,10,21.40,80.20,,0.52,,0,8,0,0,,,-1.00,-0.93,-1.00,-0.82,-1.00,-1.00
2024-10-13T11:53:58Z,"0002cc0100000eb0","3654367756f935690a1562cce13e2517000800000000ffe7ffd1ffffffffffff",2,3.34,,10,21.38,80.03,,0.57,,0,8,0,0,,,,-1.00,-1.00,-1.00,-0.98,-0.99
2024-10-13T11:59:54Z,"0002cc0100000eb0","36543678baf935690a1562cce93e0cb6000800000000ffffffffffffffffffffffbf",2,3.34,,10,21.38,80.04,,0.52,,0,8,0,0,,,-0.97,-1.00,-1.00,-1.00,-1.00,-1.00
2024-10-13T12:05:50Z,"0002cc0100000eb0","3654367a1ef935690a1569ccb63e2e8e000800000000ffffffffffffffffffff",2,3.34,,10,21.41,79.97,,0.59,,0,8,0,0,,,,-1.00,-1.00,-1.00,-1.00,-1.00
2024-10-13T12:11:46Z,"0002cc0100000eb0","3654367b82f9356d0a155ecc5a3e2e8e000800000000fffffffffffffe02ffe9ffff",2,3.34,,10,21.37,79.83,,0.59,,0,8,0,0,,,-1.00,-0.99,-0.75,-1.00,-1.00,-1.00
2024-10-13T12:17:42Z,"0002cc0100000eb0","3654367ce6f9356d0a1569cc693e2517000800000000ffffffffffffffffffff",2,3.34,,10,21.41,79.85,,0.57,,0,8,0,0,,,,-1.00,-1.00,-1.00,-1.00,-1.00
2024-10-13T12:23:38Z,"0002cc0100000eb0","3654367e4af935690a1562cc6b3e2517000800000000ffffffffffe2ffffffbb",2,3.34,,10,21.38,79.85,,0.57,,0,8,0,0,,,,-0.97,-1.00,-0.99,-1.00,-1.00
2024-10-13T12:29:34Z,"0002cc0100000eb0","3654367faef935610a1562cc393e2e8e000800000000ff15fffffc29f654fd38fd89",2,3.34,,10,21.38,79.78,,0.59,,0,8,0,0,,,-0.69,-0.65,-0.40,-0.52,-1.00,-0.89
2024-10-13T12:35:29Z,"0002cc0100000eb0","3654368111f935690a155ecc753e0cb6000800000000ffbafd69ff5fffffffff",2,3.34,,10,21.37,79.87,,0.52,,0,8,0,0,,,,-1.00,-1.00,-0.92,-0.68,-0.97
2024-10-13T12:41:25Z,"0002cc0100000eb0","3654368275f935710a1566cbfd3e2517000800000000ffffffffffffffffff5a",2,3.34,,10,21.40,79.68,,0.57,,0,8,0,0,,,,-0.92,-1.00,-1.00,-1.00,-1.00
2024-10-13T12:47:21Z,"0002cc0100000eb0","36543683d9f935690a155bcc813d5468000800000000ffffffffffffffadffff77b9",2,3.34,,10,21.35,79.89,,0.33,,0,8,0,0,,,0.48,-1.00,-0.96,-1.00,-1.00,-1.00
2024-10-13T12:53:17Z,"0002cc0100000eb0","365436853df935650a1569cccb3e0cb60008000000006c79ec165daf7c9476bd",2,3.34,,10,21.41,80.00,,0.52,,0,8,0,0,,,,0.42,0.57,0.04,-0.13,0.14
2024-10-13T12:59:13Z,"0002cc0100000eb0","36543686a1f935790a1571cd643e2e8e00080000000076617c1367817c557c63",2,3.34,,10,21.44,80.23,,0.59,,0,8,0,0,,,,0.55,0.54,0.12,0.51,0.40
2024-10-13T13:05:09Z,"0002cc0100000eb0","3654368805f935710a1577ccce3e2e8e000800000000fc43f5a7ec0975027691",2,3.34,,10,21.46,80.00,,0.59,,0,8,0,0,,,,0.41,0.31,-0.13,-0.35,-0.53
2024-10-13T13:11:05Z,"0002cc0100000eb0","3654368969f935690a157bcd4d3e1ba10008000000007c2477b26ffdfc4eedcbf43a",2,3.34,,10,21.48,80.20,,0.55,,0,8,0,0,,,-0.26,-0.18,-0.54,0.25,0.48,0.52
2024-10-13T13:17:01Z,"0002cc0100000eb0","3654368acdf935690a1586cdd43e2517000800000000f66365607c85754bee10edeb",2,3.34,,10,21.52,80.40,,0.57,,0,8,0,0,,,-0.18,-0.19,0.33,0.57,0.08,-0.40
2024-10-13T13:22:57Z,"0002cc0100000eb0","3654368c31f9356d0a1594d0953e2afd0008000000007ca47cb9741f7c1c7cb7",2,3.34,,10,21.58,81.48,,0.58,,0,8,0,0,,,,0.59,0.51,0.26,0.59,0.58
2024-10-13T13:28:53Z,"0002cc0100000eb0","3654368d95f935710a1594cef03ce2390008000000005c5ae4ab67d4ee32759d",2,3.34,,10,21.58,80.84,,0.24,,0,8,0,0,,,,0.35,-0.19,0.12,-0.07,0.03
2024-10-13T13:34:49Z,"0002cc0100000eb0","3654368ef9f9356d0a1591ceae3e191b000800000000dc05edc3664ae6e0dc3e6d2a",2,3.34,,10,21.56,80.74,,0.55,,0,8,0,0,,,0.16,-0.03,-0.11,0.10,-0.18,-0.03
2024-10-13T13:40:45Z,"0002cc0100000eb0","365436905df935690a158ace163e1ba1000800000000758275d1f5ceec8467f2",2,3.34,,10,21.54,80.50,,0.55,,0,8,0,0,,,,0.12,-0.14,-0.36,0.36,0.34
2024-10-13T13:46:41Z,"0002cc0100000eb0","36543691c1f935690a158ace403e2afd000800000000e42be4897434e629f441ff3b",2,3.34,,10,21.54,80.57,,0.58,,0,8,0,0,,,-0.90,-0.27,-0.10,0.26,-0.07,-0.07
2024-10-13T13:52:37Z,"0002cc0100000eb0","3654369325f935690a157bce043e2e8e000800000000fffffffffec1f7edf7de",2,3.34,,10,21.48,80.48,,0.59,,0,8,0,0,,,,-0.49,-0.50,-0.84,-1.00,-1.00
2024-10-13T13:58:33Z,"0002cc0100000eb0","3654369489f935690a1577ce183e2e8e000800000000ff43ffffffffffffff76ffe2",2,3.34,,10,21.46,80.51,,0.59,,0,8,0,0,,,-0.99,-0.93,-1.00,-1.00,-1.00,-0.91
2024-10-13T14:04:29Z,"0002cc0100000eb0","36543695edf935750a1574cdeb3e2e8e000800000000ffffff8dffffffffffff",2,3.34,,10,21.45,80.44,,0.59,,0,8,0,0,,,,-1.00,-1.00,-1.00,-0.94,-1.00
2024-10-13T14:10:25Z,"0002cc0100000eb0","3654369751f9356d0a1569ce1b3e2e8e000800000000ffffffffffffffffffffffff",2,3.34,,10,21.41,80.51,,0.59,,0,8,0,0,,,-1.00,-1.00,-1.00,-1.00,-1.00,-1.00
2024-10-13T14:16:21Z,"0002cc0100000eb0","36543698b5f935690a1569ce3f3e2e8e000800000000ff8bffffffffffffffff",2,3.34,,10,21.41,80.57,,0.59,,0,8,0,0,,,,-1.00,-1.00,-1.00,-1.00,-0.94
2024-10-13T14:22:17Z,"0002cc0100000eb0","3654369a19f935790a1569ce0d3e2e8e000800000000ffffffffffffff2fffff",2,3.34,,10,21.41,80.49,,0.59,,0,8,0,0,,,,-1.00,-0.90,-1.00,-1.00,-1.00
2024-10-13T14:28:12Z,"0002cc0100000eb0","3654369b7cf935690a155ece0d3e2afd000800000000ff6affffffffffffffff",2,3.34,,10,21.37,80.49,,0.58,,0,8,0,0,,,,-1.00,-1.00,-1.00,-1.00,-0.93
2024-10-13T14:34:08Z,"0002cc0100000eb0","3654369ce0f935650a155ece453e2e8e000800000000fffffffffffffee0fe7bff47",2,3.34,,10,21.37,80.58,,0.59,,0,8,0,0,,,-0.91,-0.81,-0.86,-1.00,-1.00,-1.00
2024-10-13T14:40:04Z,"0002cc0100000eb0","3654369e44f935710a155ece453e0cb6000800000000ffffffffffffffffffb7",2,3.34,,10,21.37,80.58,,0.52,,0,8,0,0,,,,-0.96,-1.00,-1.00,-1.00,-1.00
2024-10-13T14:46:00Z,"0002cc0100000eb0","3654369fa8f9356d0a155ece133e2e8e000800000000ffffffffffffffffffff",2,3.34,,10,21.37,80.50,,0.59,,0,8,0,0,,,,-1.00,-1.00,-1.00,-1.00,-1.00
2024-10-13T14:51:56Z,"0002cc0100000eb0","365436a10cf935690a155ece313e2e8e000800000000ffffffffffffffffffff",2,3.34,,10,21.37,80.54,,0.59,,0,8,0,0,,,,-1.00,-1.00,-1.00,-1.00,-1.00
2024-10-13T14:57:52Z,"0002cc0100000eb0","365436a270f935790a1557ce093e2e8e000800000000ffffffffffffffffffff",2,3.34,,10,21.34,80.48,,0.59,,0,8,0,0,,,,-1.00,-1.00,-1.00,-1.00,-1.00
2024-10-13T15:03:48Z,"0002cc0100000eb0","365436a3d4f935610a155ecdf83e2e8e000800000000fcedffffffffff1effff",2,3.34,,10,21.37,80.46,,0.59,,0,8,0,0,,,,-1.00,-0.89,-1.00,-1.00,-0.62
2024-10-13T15:09:44Z,"0002cc0100000eb0","365436a538f9356d0a1557cdec3e0cb6000800000000fffffefbfffdffffff22ffff",2,3.34,,10,21.34,80.44,,0.52,,0,8,0,0,,,-1.00,-0.89,-1.00,-1.00,-0.87,-1.00
2024-10-13T15:15:40Z,"0002cc0100000eb0","365436a69cf202040200155bcd5c3e2e8e000800000000ff68ffffffffffffffff",2,,2.4.2.0,,21.35,80.22,,0.59,,0,8,0,0,,,,-1.00,-1.00,-1.00,-1.00,-0.93
2024-10-13T15:21:36Z,"0002cc0100000eb0","365436a800f935710a155bcd7f3debca000800000000ffd3ffffffffffffffff",2,3.34,,10,21.35,80.27,,0.48,,0,8,0,0,,,,-1.00,-1.00,-1.00,-1.00,-0.98
2024-10-13T15:27:32Z,"0002cc0100000eb0","365436a964f935690a155bcda93e2e8e000800000000ffffffffffffffffffff",2,3.34,,10,21.35,80.34,,0.59,,0,8,0,0,,,,-1.00,-1.00,-1.00,-1.00,-1.00
2024-10-13T15:33:28Z,"0002cc0100000eb0","365436aac8f935690a155bcd2b3e3dea000800000000fdc9fc66ffcbff2cf7d4",2,3.34,,10,21.35,80.14,,0.62,,0,8,0,0,,,,-0.49,-0.90,-0.97,-0.55,-0.72
2024-10-13T15:39:24Z,"0002cc0100000eb0","365436ac2cf935650a1557cd283e3a5a000800000000fe2efed7fe79fd4afcbcf6cc",2,3.34,,10,21.34,80.14,,0.61,,0,8,0,0,,,-0.42,-0.59,-0.66,-0.81,-0.86,-0.77
2024-10-13T15:45:20Z,"0002cc0100000eb0","365436ad90f935710a155ecd6b3e43d00008000000006526777ef52c4e77644d",2,3.34,,10,21.37,80.24,,0.63,,0,8,0,0,,,,0.07,0.01,-0.32,0.47,0.08
2024-10-13T15:51:16Z,"0002cc0100000eb0","365436aef4f935690a155ecc9f3e43d0000800000000fc4bf51af67af5defcd1f716",2,3.34,,10,21.37,79.93,,0.63,,0,8,0,0,,,-0.44,-0.60,-0.37,-0.40,-0.32,-0.54
2024-10-13T15:57:12Z,"0002cc0100000eb0","365436b058f935710a156ccd6e3e43d0000800000000f45e769ccee8f49c7685",2,3.34,,10,21.42,80.25,,0.63,,0,8,0,0,,,,0.41,-0.29,-0.01,0.41,-0.27
2024-10-13T16:03:08Z,"0002cc0100000eb0","365436b1bcf935610a156ccdad3e3a5a0008000000006cdaf7c9fe09fc1bffd6",2,3.34,,10,21.42,80.34,,0.61,,0,8,0,0,,,,-0.98,-0.51,-0.75,-0.49,0.15
2024-10-13T16:09:04Z,"0002cc0100000eb0","365436b320f935690a1562cd763e2e8e000800000000ffffffffffffffffffff",2,3.34,,10,21.38,80.26,,0.59,,0,8,0,0,,,,-1.00,-1.00,-1.00,-1.00,-1.00
2024-10-13T16:15:00Z,"0002cc0100000eb0","365436b484f935790a1562cd8b3e2e8e000800000000ffccfffffffffeefffff",2,3.34,,10,21.38,80.29,,0.59,,0,8,0,0,,,,-1.00,-0.87,-1.00,-1.00,-0.97
2024-10-13T16:20:56Z,"0002cc0100000eb0","365436b5e8f935690a1557cd763e0cb6000800000000ffffffffffffffffff05ffff",2,3.34,,10,21.34,80.26,,0.52,,0,8,0,0,,,-1.00,-0.88,-1.00,-1.00,-1.00,-1.00
2024-10-13T16:26:52Z,"0002cc0100000eb0","365436b74cf935650a1557cd4a3e2e8e000800000000ffffffffffffffffffa6",2,3.34,,10,21.34,80.19,,0.59,,0,8,0,0,,,,-0.96,-1.00,-1.00,-1.00,-1.00
2024-10-13T16:32:48Z,"0002cc0100000eb0","365436b8b0f935690a1557cd443e2517000800000000ffffffffff73ff85ffffffff",2,3.34,,10,21.34,80.18,,0.57,,0,8,0,0,,,-1.00,-1.00,-0.94,-0.93,-1.00,-1.00
2024-10-13T16:38:44Z,"0002cc0100000eb0","365436ba14f935690a154cccb03e2e8e000800000000ffffffeaffffffffffffffff",2,3.34,,10,21.30,79.96,,0.59,,0,8,0,0,,,-1.00,-1.00,-1.00,-1.00,-0.99,-1.00
2024-10-13T16:44:39Z,"0002cc0100000eb0","365436bb77f935710a1553cc923e0cb6000800000000fcb0ff0dffffffffffff",2,3.34,,10,21.32,79.91,,0.52,,0,8,0,0,,,,-1.00,-1.00,-1.00,-0.88,-0.59
2024-10-13T16:50:35Z,"0002cc0100000eb0","365436bcdbf9356d0a1553cc4b3e2e8e000800000000ff1dffffff01ffffffff",2,3.34,,10,21.32,79.80,,0.59,,0,8,0,0,,,,-1.00,-1.00,-0.88,-1.00,-0.89
2024-10-13T16:56:31Z,"0002cc0100000eb0","365436be3ff935710a1550cc033e2e8e000800000000fffffffffffffffffffffef8",2,3.34,,10,21.31,79.69,,0.59,,0,8,0,0,,,-0.87,-1.00,-1.00,-1.00,-1.00,-1.00
2024-10-13T17:02:27Z,"0002cc0100000eb0","365436bfa3f9357d0a154ccbeb3e2e8e000800000000ffffff63ffffffffffff",2,3.34,,10,21.30,79.66,,0.59,,0,8,0,0,,,,-1.00,-1.00,-1.00,-0.92,-1.00
2024-10-13T17:08:23Z,"0002cc0100000eb0","365436c107f935750a154ccbd63e2e8e000800000000ffffffffffffffffffee",2,3.34,,10,21.30,79.62,,0.59,,0,8,0,0,,,,-0.99,-1.00,-1.00,-1.00,-1.00
2024-10-13T17:14:19Z,"0002cc0100000eb0","365436c26bf935690a1550cbf63e3dea000800000000ffffffffffbfffffff33",2,3.34,,10,21.31,79.67,,0.62,,0,8,0,0,,,,-0.90,-1.00,-0.97,-1.00,-1.00
2024-10-13T17:20:15Z,"0002cc0100000eb0","365436c3cff9356d0a1550cbf63e3a5a000800000000fffffffffffffffffe9a",2,3.34,,10,21.31,79.67,,0.61,,0,8,0,0,,,,-0.82,-1.00,-1.00,-1.00,-1.00
2024-10-13T17:26:11Z,"0002cc0100000eb0","365436c533f9356d0a154ccc473e43d0000800000000ffffffffffffffdaffffffff",2,3.34,,10,21.30,79.80,,0.63,,0,8,0,0,,,-1.00,-1.00,-0.98,-1.00,-1.00,-1.00
2024-10-13T17:32:07Z,"0002cc0100000eb0","365436c697f9356d0a1553cbd53e3a5a000800000000ffffffffff9effffffff",2,3.34,,10,21.32,79.62,,0.61,,0,8,0,0,,,,-1.00,-1.00,-0.95,-1.00,-1.00
2024-10-13T17:38:03Z,"0002cc0100000eb0","365436c7fbf935710a1550cb703e2e8e000800000000fde3ffffff20fce0fd61",2,3.34,,10,21.31,79.47,,0.59,,0,8,0,0,,,,-0.67,-0.61,-0.89,-1.00,-0.74
2024-10-13T17:43:54Z,"0002cc0100000eb0","365436c95af935650a154ccb213e0cb6000800000000fe45ffffff94fd64fd5bff3d",3,3.34,,10,21.30,79.35,,0.52,,0,8,0,0,,,-0.90,-0.67,-0.67,-0.95,-1.00,-0.78
2024-10-13T17:49:50Z,"0002cc0100000eb0","365436cabef935690a1553cb2b3ccaa1000800000000ffffffffffffffffffff",2,3.34,,10,21.32,79.36,,0.22,,0,8,0,0,,,,-1.00,-1.00,-1.00,-1.00,-1.00
2024-10-13T17:55:46Z,"0002cc0100000eb0","365436cc22f935690a1557ca8e3c8c94000800000000dd19fd4eff7affdfec4075da",2,3.34,,10,21.34,79.12,,0.19,,0,8,0,0,,,0.37,-0.13,-0.98,-0.93,-0.66,-0.04
2024-10-13T18:01:42Z,"0002cc0100000eb0","365436cd86f935650a155eca3d3e1b130008000000007d5676277d064c2477b8",2,3.34,,10,21.37,79.00,,0.55,,0,8,0,0,,,,0.48,0.01,0.63,0.38,0.67
2024-10-13T18:07:38Z,"0002cc0100000eb0","365436ceeaf935690a155ec9a43e2580000800000000f7caf6fafcecfe11ff09feec",2,3.34,,10,21.37,78.77,,0.57,,0,8,0,0,,,-0.87,-0.88,-0.76,-0.62,-0.44,-0.49
2024-10-13T18:13:34Z,"0002cc0100000eb0","365436d04ef935690a1569cacb3e3a5a000800000000fffffdcf7773ae73f737",2,3.34,,10,21.41,79.22,,0.61,,0,8,0,0,,,,-0.45,-0.00,0.47,-0.73,-1.00
2024-10-13T18:19:30Z,"0002cc0100000eb0","365436d1b2f9356d0a1566ca353e3dea000800000000fffffffffffffc64fc1e",2,3.34,,10,21.40,78.99,,0.62,,0,8,0,0,,,,-0.51,-0.55,-1.00,-1.00,-1.00
2024-10-13T18:25:26Z,"0002cc0100000eb0","365436d316f9356d0a155eca6e3e3a5a000800000000ff35ffffffffffffffff",2,3.34,,10,21.37,79.08,,0.61,,0,8,0,0,,,,-1.00,-1.00,-1.00,-1.00,-0.90
2024-10-13T18:31:22Z,"0002cc0100000eb0","365436d47af935610a1557ca5c3e0cb6000800000000ffffffffffffffffffffff99",2,3.34,,10,21.34,79.05,,0.52,,0,8,0,0,,,-0.95,-1.00,-1.00,-1.00,-1.00,-1.00
2024-10-13T18:37:18Z,"0002cc0100000eb0","365436d5def935710a1557ca8e3e2e8e000800000000ffeeffffffffffffff69",2,3.34,,10,21.34,79.12,,0.59,,0,8,0,0,,,,-0.93,-1.00,-1.00,-1.00,-0.99
2024-10-13T18:43:14Z,"0002cc0100000eb0","365436d742f935690a154cca773e2e8e000800000000ffffffc4ffffffffffa6",2,3.34,,10,21.30,79.09,,0.59,,0,8,0,0,,,,-0.96,-1.00,-1.00,-0.97,-1.00
2024-10-13T18:49:09Z,"0002cc0100000eb0","365436d8a5f935750a1553ca673e2517000800000000fffffffffffffdcfffff",2,3.34,,10,21.32,79.06,,0.57,,0,8,0,0,,,,-1.00,-0.73,-1.00,-1.00,-1.00
2024-10-13T18:55:06Z,"0002cc0100000eb0","365436da0af935690a154cc9743e2e8e000800000000ffffffe4ffffffa3ffffffff",2,3.34,,10,21.30,78.69,,0.59,,0,8,0,0,,,-1.00,-1.00,-0.95,-1.00,-0.99,-1.00
2024-10-13T19:01:01Z,"0002cc0100000eb0","365436db6df935710a154cc9903e2e8e000800000000ffffffffffffffffffff",2,3.34,,10,21.30,78.74,,0.59,,0,8,0,0,,,,-1.00,-1.00,-1.00,-1.00,-1.00
2024-10-13T19:06:57Z,"0002cc0100000eb0","365436dcd1f935790a1553c9aa3e2e8e000800000000ffffffffffffffffffff",2,3.34,,10,21.32,78.78,,0.59,,0,8,0,0,,,,-1.00,-1.00,-1.00,-1.00,-1.00
2024-10-13T19:12:54Z,"0002cc0100000eb0","365436de36f935650a154cc9203e2e8e000800000000ffffffffffffffffffffff1d",2,3.34,,10,21.30,78.57,,0.59,,0,8,0,0,,,-0.89,-1.00,-1.00,-1.00,-1.00,-1.00
2024-10-13T19:18:49Z,"0002cc0100000eb0","365436df99f202040200154cc9573e2afd000800000000fdfcffdaff28fdaafe78",2,,2.4.2.0,,21.30,78.65,,0.58,,0,8,0,0,,,,-0.81,-0.71,-0.89,-0.98,-0.75
2024-10-13T19:24:45Z,"0002cc0100000eb0","365436e0fdf935650a1549c8ed3e2e8e000800000000fffffd76ffffffffffff",2,3.34,,10,21.28,78.49,,0.59,,0,8,0,0,,,,-1.00,-1.00,-1.00,-0.68,-1.00
2024-10-13T19:30:41Z,"0002cc0100000eb0","365436e261f935690a1549c8843e2e8e000800000000fffffffffcb5ffffffff",2,3.34,,10,21.28,78.33,,0.59,,0,8,0,0,,,,-1.00,-1.00,-0.59,-1.00,-1.00
2024-10-13T19:36:37Z,"0002cc0100000eb0","365436e3c5f9356d0a153ec8213e2e8e000800000000fffffffffc6bffffffff",2,3.34,,10,21.24,78.18,,0.59,,0,8,0,0,,,,-1.00,-1.00,-0.55,-1.00,-1.00
2024-10-13T19:42:33Z,"0002cc0100000eb0","365436e529f9356d0a1541c7893e2517000800000000f7d9fce4fe27f6a1ff22ff24",2,3.34,,10,21.25,77.94,,0.57,,0,8,0,0,,,-0.89,-0.89,-0.41,-0.77,-0.61,-0.49
2024-10-13T19:48:29Z,"0002cc0100000eb0","365436e68df935690a1549c6d13e0cb6000800000000fd0ff708fccbee58fe3e",2,3.34,,10,21.28,77.66,,0.52,,0,8,0,0,,,,-0.78,-0.20,-0.60,-0.44,-0.63
2024-10-13T19:54:25Z,"0002cc0100000eb0","365436e7f1f935650a155bc7383e476100080000000076f1752f6fc17c0b7cb1767b",2,3.34,,10,21.35,77.82,,0.64,,0,8,0,0,,,0.40,0.59,0.51,0.24,0.32,0.43
2024-10-13T20:00:21Z,"0002cc0100000eb0","365436e955f935710a1566c62c3debca0008000000006c487c547c7c7d157c06",2,3.34,,10,21.40,77.41,,0.48,,0,8,0,0,,,,0.50,0.64,0.56,0.54,0.13
2024-10-13T20:06:17Z,"0002cc0100000eb0","365436eab9f935610a1562c60e3e3dea000800000000eecfec7775b1ec85fd0dfd94",2,3.34,,10,21.38,77.37,,0.62,,0,8,0,0,,,-0.70,-0.63,-0.14,0.36,-0.14,-0.21
2024-10-13T20:12:13Z,"0002cc0100000eb0","365436ec1df935690a1569c6513e4d47000800000000ff545dd97cde651074556faa",2,3.34,,10,21.41,77.47,,0.65,,0,8,0,0,,,0.24,0.27,0.08,0.61,0.05,-0.92
2024-10-13T20:18:09Z,"0002cc0100000eb0","365436ed81f935690a1574c69f3dee040008000000007cd77cfaeed57c1b7588",2,3.34,,10,21.45,77.59,,0.48,,0,8,0,0,,,,0.35,0.51,-0.21,0.62,0.60
2024-10-13T20:24:05Z,"0002cc0100000eb0","365436eee5f935690a1577c5ea3e661a0008000000007d5876967ce97d3376187c8b",2,3.34,,10,21.46,77.31,,0.70,,0,8,0,0,,,0.57,0.38,0.65,0.61,0.41,0.67
2024-10-13T20:30:01Z,"0002cc0100000eb0","365436f049f935650a1582bfc63e4d470008000000007c5e7dc47e136cfb7c6e",2,3.34,,10,21.51,74.91,,0.65,,0,8,0,0,,,,0.55,0.16,0.76,0.72,0.55
2024-10-13T20:35:57Z,"0002cc0100000eb0","365436f1adf935710a1594c4d63ed1a10009010000007d937c307cc57d8e7c29",2,3.34,,10,21.58,76.89,,0.91,,1,9,0,0,,,,0.52,0.69,0.60,0.52,0.70
2024-10-13T20:41:53Z,"0002cc0100000eb0","365436f311f935650a15a2c55d3cbe270009000000007c5c773977787ca66f6d7d18",2,3.34,,10,21.63,77.10,,0.22,,0,9,0,0,,,0.64,0.23,0.58,0.47,0.45,0.54
2024-10-13T20:47:48Z,"0002cc0100000eb0","365436f474f935690a15a7c5fc3e62890009000000007c8d7dff7cd07c706c1c",2,3.34,,10,21.65,77.34,,0.69,,0,9,0,0,,,,0.13,0.55,0.60,0.75,0.57
2024-10-13T20:53:44Z,"0002cc0100000eb0","365436f5d8f935690a1594c58d3e5ca3000900000000f714fd5af7eddd5b7dc0",2,3.34,,10,21.58,77.17,,0.68,,0,9,0,0,,,,0.72,-0.04,-0.50,-0.67,-0.44
2024-10-13T20:59:40Z,"0002cc0100000eb0","365436f73cf935690a158dc5dc3e5ca30009000000007c8575c35e536d3c761d",2,3.34,,10,21.55,77.29,,0.68,,0,9,0,0,,,,0.38,0.16,0.05,0.36,0.57
2024-10-13T21:05:36Z,"0002cc0100000eb0","365436f8a0f9356d0a1582c5823e31e400090000000075fa76616668763e6e66",2,3.34,,10,21.51,77.15,,0.60,,0,9,0,0,,,,0.20,0.39,0.10,0.40,0.37
2024-10-13T21:11:32Z,"0002cc0100000eb0","365436fa04f935690a157fc6123e3805000900000000eee67cfb77a4776965fc",2,3.34,,10,21.49,77.37,,0.61,,0,9,0,0,,,,0.09,0.46,0.48,0.62,-0.22
2024-10-13T21:17:28Z,"0002cc0100000eb0","365436fb68f935690a1574c6053d35af0009000000007417fcd6ff2776415fed",2,3.34,,10,21.45,77.35,,0.30,,0,9,0,0,,,,0.06,0.39,-0.89,-0.60,0.26
2024-10-13T21:23:24Z,"0002cc0100000eb0","365436fcccf935690a1569c5d33e0eae00090000000076c87c5c76506c24f694",2,3.34,,10,21.41,77.28,,0.53,,0,9,0,0,,,,-0.41,0.13,0.39,0.55,0.42
2024-10-13T21:29:20Z,"0002cc0100000eb0","365436fe30f9356d0a1566c6113e43d0000900000000ff17ff7effb6ffffffff",2,3.34,,10,21.40,77.37,,0.63,,0,9,0,0,,,,-1.00,-1.00,-0.96,-0.94,-0.89
2024-10-13T21:35:16Z,"0002cc0100000eb0","365436ff94f935790a1553c6b33e43d0000900000000ffffffffffffff53ffa1",2,3.34,,10,21.32,77.62,,0.63,,0,9,0,0,,,,-0.95,-0.92,-1.00,-1.00,-1.00
2024-10-13T21:41:12Z,"0002cc0100000eb0","36543700f8f9356d0a1550c67a3e43d0000900000000ffffffffffffffffffff",2,3.34,,10,21.31,77.53,,0.63,,0,9,0,0,,,,-1.00,-1.00,-1.00,-1.00,-1.00
2024-10-13T21:47:08Z,"0002cc0100000eb0","365437025cf935710a1549c7083e0eae000900000000ff99ffffffffffffffffffff",2,3.34,,10,21.28,77.75,,0.53,,0,9,0,0,,,-1.00,-1.00,-1.00,-1.00,-1.00,-0.95
2024-10-13T21:53:04Z,"0002cc0100000eb0","36543703c0f9356d0a1536c6e73c314e000900000000ffcdffffffffffffffff",2,3.34,,10,21.21,77.70,,0.15,,0,9,0,0,,,,-1.00,-1.00,-1.00,-1.00,-0.98
2024-10-13T21:59:00Z,"0002cc0100000eb0","3654370524f9356d0a1536c7203e43d0000900000000fe3dffffffffffffffff",2,3.34,,10,21.21,77.78,,0.63,,0,9,0,0,,,,-1.00,-1.00,-1.00,-1.00,-0.78
2024-10-13T22:04:56Z,"0002cc0100000eb0","3654370688f935690a1530c77d3e0eae000900000000ffffffffffffffffffb4ffff",2,3.34,,10,21.18,77.93,,0.53,,0,9,0,0,,,-1.00,-0.96,-1.00,-1.00,-1.00,-1.00
2024-10-13T22:10:52Z,"0002cc0100000eb0","36543707ecf935690a1530c7c23e0eae000900000000ffffffffff5cffffffff",2,3.34,,10,21.18,78.03,,0.53,,0,9,0,0,,,,-1.00,-1.00,-0.92,-1.00,-1.00
2024-10-13T22:16:48Z,"0002cc0100000eb0","3654370950f935690a152bc7dd3e43d0000900000000ffffffffffffff22ffffffff",2,3.34,,10,21.17,78.07,,0.63,,0,9,0,0,,,-1.00,-1.00,-0.89,-1.00,-1.00,-1.00
2024-10-13T22:22:44Z,"0002cc0100000eb0","3654370ab4f935790a1530c7a03e43d0000900000000fffffffffd6df5a3fd19",2,3.34,,10,21.18,77.98,,0.63,,0,9,0,0,,,,-0.64,-0.35,-0.68,-1.00,-1.00
2024-10-13T22:28:40Z,"0002cc0100000eb0","3654370c18f9356d0a153ac7143e43d0000900000000fd29f4187c7f74a7fd5a",2,3.34,,10,21.22,77.77,,0.63,,0,9,0,0,,,,-0.67,0.29,0.56,-0.26,-0.64
2024-10-13T22:34:35Z,"0002cc0100000eb0","3654370d7bf935610a1545c6b13e0eae000900000000ffe9fedfffbafea6ffc9",2,3.34,,10,21.27,77.62,,0.53,,0,9,0,0,,,,-0.97,-0.83,-0.97,-0.86,-0.99
2024-10-13T22:40:31Z,"0002cc0100000eb0","3654370edff9356d0a153ec6e63e43d0000900000000ffffffffffffffffffff",2,3.34,,10,21.24,77.70,,0.63,,0,9,0,0,,,,-1.00,-1.00,-1.00,-1.00,-1.00
2024-10-13T22:46:28Z,"0002cc0100000eb0","3654371044f935690a1541c6ef3e0eae000900000000ffffffffffb3ffffffffffff",2,3.34,,10,21.25,77.71,,0.53,,0,9,0,0,,,-1.00,-1.00,-1.00,-0.96,-1.00,-1.00
2024-10-13T22:52:23Z,"0002cc0100000eb0","36543711a7f935650a1541c7113e43d0000900000000ffffff99ffffffffffff",2,3.34,,10,21.25,77.76,,0.63,,0,9,0,0,,,,-1.00,-1.00,-1.00,-0.95,-1.00
2024-10-13T22:58:20Z,"0002cc0100000eb0","365437130cf935790a1545c6ff3e43d0000900000000ffffffffffffffffffffffff",2,3.34,,10,21.27,77.73,,0.63,,0,9,0,0,,,-1.00,-1.00,-1.00,-1.00,-1.00,-1.00
2024-10-13T23:04:15Z,"0002cc0100000eb0","365437146ff935690a1541c6cc000000000900000000fffffffffffffffffeea",2,3.34,,10,21.25,77.66,,0.00,,0,9,0,0,,,,-0.86,-1.00,-1.00,-1.00,-1.00
2024-10-13T23:10:11Z,"0002cc0100000eb0","36543715d3f935650a154cc64d0000000009000000007c90edf8fc62fdd1ff9c",2,3.34,,10,21.30,77.46,,0.00,,0,9,0,0,,,,-0.95,-0.73,-0.55,-0.19,0.57
2024-10-13T23:16:07Z,"0002cc0100000eb0","3654371737f935650a1550c6c0000000000900000000fd2d546274cbe6fb5c117cac",2,3.34,,10,21.31,77.64,,0.00,,0,9,0,0,,,0.58,0.03,-0.11,0.30,0.02,-0.65
2024-10-13T23:22:03Z,"0002cc0100000eb0","365437189bf202040200155ec64400000000090000000076a36c0e57c77cd27c1d",2,,2.4.2.0,,21.37,77.45,,0.00,,0,9,0,0,,,,0.51,0.60,0.03,0.13,0.41
2024-10-13T23:27:59Z,"0002cc0100000eb0","36543719fff935710a1569c5c60000000009000000005d9767306e6975747603",2,3.34,,10,21.41,77.26,,0.00,,0,9,0,0,,,,0.38,0.34,0.20,0.11,0.04
2024-10-13T23:33:55Z,"0002cc0100000eb0","3654371b63f935610a1574c5940000000009000000007c5d751d7c7076187cf9",2,3.34,,10,21.45,77.18,,0.00,,0,9,0,0,,,,0.62,0.38,0.55,0.32,0.55
2024-10-13T23:39:51Z,"0002cc0100000eb0","3654371cc7f9356d0a1569c524000000000900000000f41bf460f796fc46fd46",2,3.34,,10,21.41,77.01,,0.00,,0,9,0,0,,,,-0.66,-0.53,-0.47,-0.27,-0.26
2024-10-13T23:45:47Z,"0002cc0100000eb0","3654371e2bf935750a157bc5f30000000009000000006ea066796e3276967c34",2,3.34,,10,21.48,77.33,,0.00,,0,9,0,0,,,,0.53,0.41,0.19,0.10,0.21
2024-10-13T23:51:43Z,"0002cc0100000eb0","3654371f8ff935710a157fc6600000000009000000005e4977127c94740d77e7",2,3.34,,10,21.49,77.49,,0.00,,0,9,0,0,,,,0.49,0.25,0.57,0.44,0.05
2024-10-13T23:57:39Z,"0002cc0100000eb0","36543720f3f935610a158dc6b6000000000900000000740277a27c54dd3ef5ae",2,3.34,,10,21.55,77.62,,0.00,,0,9,0,0,,,,-0.36,-0.04,0.54,0.48,0.25
