Time,DevEUI,Raw,Port,Vbat,Version,BootCount,T,RH,P,Light,CO2,P[0].delta,P[0].total,P[1].delta,P[1].total,Act[7],Act[6],Act[5],Act[4],Act[3],Act[2],Act[1],Act[0]
2024-10-24T00:00:16Z,"0002cc0100000eb0","3654445090f93565131521c35f00000001a100000000ffffffffffffffffffffffff",2,3.34,,19,21.13,76.32,,0.00,,0,417,0,0,,,-1.00,-1.00,-1.00,-1.00,-1.00,-1.00
2024-10-24T00:06:12Z,"0002cc0100000eb0","36544451f4f202040200151cc32400000001a100000000ffffff07ffffffffffff",2,,2.4.2.0,,21.11,76.23,,0.00,,0,417,0,0,,,,-1.00,-1.00,-1.00,-0.88,-1.00
2024-10-24T00:12:08Z,"0002cc0100000eb0","3654445358f93579131519c35a00000001a100000000fffffffffffffcb5ffa1",2,3.34,,19,21.10,76.31,,0.00,,0,417,0,0,,,,-0.95,-0.59,-1.00,-1.00,-1.00
2024-10-24T00:18:04Z,"0002cc0100000eb0","36544454bcf93565131521c40100000001a201000000ffffffffff72ffc2fd5f",2,3.34,,19,21.13,76.57,,0.00,,1,418,0,0,,,,-0.67,-0.97,-0.93,-1.00,-1.00
2024-10-24T00:24:00Z,"0002cc0100000eb0","3654445620f93565131545c68100000001a6040000007c617c28f64877827d0e",2,3.34,,19,21.27,77.54,,0.00,,4,422,0,0,,,,0.63,0.47,-0.39,0.52,0.55
2024-10-24T00:29:56Z,"0002cc0100000eb0","3654445784f93569131541c40e00000001a600000000fd49fdcbfe44ff1efd1cfc1d",2,3.34,,19,21.25,76.59,,0.00,,0,422,0,0,,,-0.51,-0.64,-0.89,-0.78,-0.72,-0.66
2024-10-24T00:35:52Z,"0002cc0100000eb0","36544458e8d9350b131550c68001a9030000007ccf7492ddc9ef516d0c",2,3.32,,19,21.31,77.54,,,,3,425,0,0,,,,0.16,-0.23,-0.05,0.29,0.60
2024-10-24T00:41:48Z,"0002cc0100000eb0","3654445a4cf9356d131569c84300000001ab02000000763576667c9074c47da8ec5f",2,3.34,,19,21.41,78.23,,0.00,,2,427,0,0,,,-0.14,0.71,0.30,0.57,0.40,0.39
2024-10-24T00:47:44Z,"0002cc0100000eb0","3654445bb0f93569131577c77400000001ac010000007cb57c0e7cb17cf97dca",2,3.34,,19,21.46,77.91,,0.00,,1,428,0,0,,,,0.72,0.62,0.59,0.51,0.59
2024-10-24T00:53:40Z,"0002cc0100000eb0","3654445d14f93569131586c90600000001ad0100000077a16dbcf705744c7779",2,3.34,,19,21.52,78.53,,0.00,,1,429,0,0,,,,0.47,0.27,-0.44,0.18,0.48
2024-10-24T00:59:35Z,"0002cc0100000eb0","3654445e77f9357913157fc7a300000001af02000000fd81ffff647c651ffe33",2,3.34,,19,21.49,77.98,,0.00,,2,431,0,0,,,,-0.77,0.08,0.07,-1.00,-0.69
2024-10-24T01:05:31Z,"0002cc0100000eb0","3654445fdbf93575131577c7d000000001b1020000006fc8657975ec6d92fee0ffff",2,3.34,,19,21.46,78.05,,0.00,,2,433,0,0,,,-1.00,-0.86,0.17,0.37,0.09,0.24
2024-10-24T01:11:27Z,"0002cc0100000eb0","365444613ff9356d131582c9b400000001b201000000ef45f73b673f3ee6fc86",2,3.34,,19,21.51,78.79,,0.00,,1,434,0,0,,,,-0.57,0.00,0.11,-0.45,-0.23
2024-10-24T01:17:23Z,"0002cc0100000eb0","36544462a3f93569131591c92a00000001b4020000006c5076927d657db16410",2,3.34,,19,21.56,78.58,,0.00,,2,436,0,0,,,,0.06,0.71,0.67,0.41,0.13
2024-10-24T01:23:19Z,"0002cc0100000eb0","3654446407f93571131577c70400000001b4000000007cf6fdf2ffffff0c74e54ed7",2,3.34,,19,21.46,77.74,,0.00,,0,436,0,0,,,0.01,0.31,-0.88,-1.00,-0.74,0.62
2024-10-24T01:29:15Z,"0002cc0100000eb0","365444656bf93571131569c5a300000001b400000000fffffd72fef5fe33fc10",2,3.34,,19,21.41,77.20,,0.00,,0,436,0,0,,,,-0.51,-0.77,-0.87,-0.68,-1.00
2024-10-24T01:35:11Z,"0002cc0100000eb0","36544466cff93579131569c65100000001b501000000479e75a676fed6ae7d5f",2,3.34,,19,21.41,77.47,,0.00,,1,437,0,0,,,,0.67,-0.03,0.44,0.35,0.01
2024-10-24T01:41:07Z,"0002cc0100000eb0","3654446833f93579131574c84500000001b60100000077c3f4347ca874146e047cbb",2,3.34,,19,21.45,78.23,,0.00,,1,438,0,0,,,0.59,0.19,0.25,0.58,-0.26,0.48
2024-10-24T01:47:03Z,"0002cc0100000eb0","3654446997f93559131574c78600000001b8020000007c4076e164b07c8f75ed",2,3.33,,19,21.45,77.94,,0.00,,2,440,0,0,,,,0.37,0.57,0.07,0.43,0.53
2024-10-24T01:52:59Z,"0002cc0100000eb0","3654446afbf9356d131586ca2000000001b901000000f7056ca76d6a7d4f775be40f",2,3.34,,19,21.52,78.96,,0.00,,1,441,0,0,,,-0.06,0.46,0.66,0.17,0.15,-0.44
2024-10-24T01:58:55Z,"0002cc0100000eb0","3654446c5ff93569131574c79b00000001b900000000fc8afe2df650ffdaffff",2,3.34,,19,21.45,77.97,,0.00,,0,441,0,0,,,,-1.00,-0.98,-0.39,-0.77,-0.57
2024-10-24T02:04:51Z,"0002cc0100000eb0","3654446dc3f9356d131566c64a00000001b900000000f747f482fe33fdb7fff3",2,3.34,,19,21.40,77.46,,0.00,,0,441,0,0,,,,-0.99,-0.71,-0.77,-0.28,-0.45
2024-10-24T02:10:47Z,"0002cc0100000eb0","3654446f27f9356d131553c5a900000001b900000000ffffffffffffff55ffff",2,3.34,,19,21.32,77.21,,0.00,,0,441,0,0,,,,-1.00,-0.92,-1.00,-1.00,-1.00
2024-10-24T02:16:43Z,"0002cc0100000eb0","365444708bf9356d131545c53000000001b900000000ff60ffc6ffb3fffffc56",2,3.34,,19,21.27,77.03,,0.00,,0,441,0,0,,,,-0.54,-1.00,-0.96,-0.97,-0.92
2024-10-24T02:22:39Z,"0002cc0100000eb0","36544471eff9356913153ec51600000001b900000000ffffffffffffffffffff",2,3.34,,19,21.24,76.99,,0.00,,0,441,0,0,,,,-1.00,-1.00,-1.00,-1.00,-1.00
2024-10-24T02:28:35Z,"0002cc0100000eb0","3654447353f93569131533c50900000001b900000000ffffffffffffff63ffff",2,3.34,,19,21.20,76.97,,0.00,,0,441,0,0,,,,-1.00,-0.92,-1.00,-1.00,-1.00
2024-10-24T02:34:30Z,"0002cc0100000eb0","36544474b6f9356513152bc4be00000001b900000000fd7affffffffffffffff",2,3.34,,19,21.17,76.85,,0.00,,0,441,0,0,,,,-1.00,-1.00,-1.00,-1.00,-0.68
2024-10-24T02:40:26Z,"0002cc0100000eb0","365444761af93579131527c49100000001b900000000ffb5fd31ff09ffffffff",2,3.34,,19,21.15,76.78,,0.00,,0,441,0,0,,,,-1.00,-1.00,-0.88,-0.65,-0.96
2024-10-24T02:46:22Z,"0002cc0100000eb0","365444777ef9356d131524c41f00000001b900000000ffffff4fffe5ffffffffffd4",2,3.34,,19,21.14,76.61,,0.00,,0,441,0,0,,,-0.98,-1.00,-1.00,-0.99,-0.91,-1.00
2024-10-24T02:52:18Z,"0002cc0100000eb0","36544478e2f93569131524c42c00000001b900000000fd22ffffffffffffffff",2,3.34,,19,21.14,76.63,,0.00,,0,441,0,0,,,,-1.00,-1.00,-1.00,-1.00,-0.64
2024-10-24T02:58:10Z,"0002cc0100000eb0","3654447a42f9356d131524c4b900000001b900000000eec8fd37f788fcb5f6f5fd24",3,3.34,,19,21.14,76.85,,0.00,,0,441,0,0,,,-0.64,-0.43,-0.59,-0.47,-0.65,-0.21
2024-10-24T03:04:06Z,"0002cc0100000eb0","3654447ba6f9356d131536c6cb00000001ba01000000e4c7d7967c73773a7cd1",2,3.34,,19,21.21,77.65,,0.00,,1,442,0,0,,,,0.60,0.45,0.56,-0.03,-0.07
2024-10-24T03:10:02Z,"0002cc0100000eb0","3654447d0af9356d13155bc8e400000001bd03000000fd40fc026e9a7d507c35",2,3.34,,19,21.35,78.47,,0.00,,3,445,0,0,,,,0.53,0.66,0.21,-0.50,-0.66
2024-10-24T03:15:58Z,"0002cc0100000eb0","3654447e6ef9357113155ec81b00000001c0030000006dc27c29fc826cd776b1",2,3.34,,19,21.37,78.17,,0.00,,3,448,0,0,,,,0.42,0.15,-0.56,0.52,0.18
2024-10-24T03:21:54Z,"0002cc0100000eb0","3654447fd2f9356d131577c97d00000001c3030000007421777a6fd26f8a751c",2,3.34,,19,21.46,78.71,,0.00,,3,451,0,0,,,,0.32,0.24,0.24,0.47,0.26
2024-10-24T03:27:50Z,"0002cc0100000eb0","3654448136f93579131574c85a00000001c401000000fec0df70f79ff7fa7525",2,3.34,,19,21.45,78.26,,0.00,,1,452,0,0,,,,0.32,-0.50,-0.48,-0.06,-0.84
2024-10-24T03:33:46Z,"0002cc0100000eb0","365444829af93569131569c78e00000001c6020000006e5176487c2a7dde76e47598",2,3.34,,19,21.41,77.95,,0.00,,2,454,0,0,,,0.35,0.43,0.73,0.52,0.39,0.20
2024-10-24T03:39:42Z,"0002cc0100000eb0","36544483fef93565131569c69800000001c70100000076fe7404f490fc2c768b",2,3.34,,19,21.41,77.58,,0.00,,1,455,0,0,,,,0.41,-0.52,-0.29,0.25,0.44
2024-10-24T03:45:38Z,"0002cc0100000eb0","3654448562f93561131574c97200000001ca03000000dec57cb876ef6cd77776",2,3.34,,19,21.45,78.69,,0.00,,3,458,0,0,,,,0.47,0.15,0.43,0.59,-0.05
2024-10-24T03:51:34Z,"0002cc0100000eb0","36544486c6f93569131574c77100000001cb010000007706772aed277cd05cc57695",2,3.34,,19,21.45,77.91,,0.00,,1,459,0,0,,,0.41,0.04,0.60,-0.16,0.45,0.44
2024-10-24T03:57:30Z,"0002cc0100000eb0","365444882af9356d131571c6b300000001cd02000000754476ce7c8b6ddb74ec",2,3.34,,19,21.44,77.62,,0.00,,2,461,0,0,,,,0.31,0.18,0.57,0.43,0.33
2024-10-24T04:03:25Z,"0002cc0100000eb0","365444898df93579131562c5dc00000001ce010000007d9cdec2f43dfc39f617",2,3.34,,19,21.38,77.29,,0.00,,1,462,0,0,,,,-0.38,-0.53,-0.26,-0.05,0.70
2024-10-24T04:09:22Z,"0002cc0100000eb0","3654448af2f2020402001553c5a200000001ce00000000fd1dfc8bfc07ffffffa8ffff",2,,2.4.2.0,,21.32,77.20,,0.00,,0,462,0,0,,,-1.00,-0.96,-1.00,-0.50,-0.57,-0.64
2024-10-24T04:15:18Z,"0002cc0100000eb0","3654448c56f93575131541c53a00000001ce00000000ffffffffffffffffffff",2,3.34,,19,21.25,77.04,,0.00,,0,462,0,0,,,,-1.00,-1.00,-1.00,-1.00,-1.00
2024-10-24T04:21:13Z,"0002cc0100000eb0","3654448db9f9356913153ac4f100000001ce00000000ffffffdaffffffb1ffff",2,3.34,,19,21.22,76.93,,0.00,,0,462,0,0,,,,-1.00,-0.96,-1.00,-0.98,-1.00
2024-10-24T04:27:09Z,"0002cc0100000eb0","3654448f1df9356d131536c53400000001ce00000000fffffd69fdcfff54fd10",2,3.34,,19,21.21,77.03,,0.00,,0,462,0,0,,,,-0.63,-0.92,-0.73,-0.68,-1.00
2024-10-24T04:33:05Z,"0002cc0100000eb0","3654449081f93575131536c4af00000001ce00000000ffffffffffffffffffff",2,3.34,,19,21.21,76.83,,0.00,,0,462,0,0,,,,-1.00,-1.00,-1.00,-1.00,-1.00
2024-10-24T04:39:01Z,"0002cc0100000eb0","36544491e5f9356d131530c48f00000001ce00000000ffafffffff3cfe64ffdaffff",2,3.34,,19,21.18,76.78,,0.00,,0,462,0,0,,,-1.00,-0.98,-0.80,-0.90,-1.00,-0.96
2024-10-24T04:44:57Z,"0002cc0100000eb0","3654449349f93565131530c48800000001ce00000000ffffffffff1affffff58",2,3.34,,19,21.18,76.77,,0.00,,0,462,0,0,,,,-0.92,-1.00,-0.89,-1.00,-1.00
2024-10-24T04:50:53Z,"0002cc0100000eb0","36544494adf9357513152bc47000000001ce00000000ffb1fffeffccfedbffff",2,3.34,,19,21.17,76.73,,0.00,,0,462,0,0,,,,-1.00,-0.86,-0.97,-1.00,-0.96
2024-10-24T04:56:49Z,"0002cc0100000eb0","3654449611f9356d131527c46700000001ce00000000ffffff14fffffed4ffc0ffff",2,3.34,,19,21.15,76.72,,0.00,,0,462,0,0,,,-1.00,-0.97,-0.85,-1.00,-0.88,-1.00
2024-10-24T05:02:45Z,"0002cc0100000eb0","3654449775f93571131527c46e00000001ce00000000ffffffffffaaff4affff",2,3.34,,19,21.15,76.73,,0.00,,0,462,0,0,,,,-1.00,-0.91,-0.96,-1.00,-1.00
2024-10-24T05:08:41Z,"0002cc0100000eb0","36544498d9f93571131527c47c00000001ce00000000fffffca7ff23fee9ffbfffff",2,3.34,,19,21.15,76.75,,0.00,,0,462,0,0,,,-1.00,-0.97,-0.86,-0.89,-0.58,-1.00
2024-10-24T05:14:37Z,"0002cc0100000eb0","3654449a3df9356d13152bc4af00000001ce00000000dd36f543fd49fe61f68b",2,3.34,,19,21.17,76.83,,0.00,,0,462,0,0,,,,-0.41,-0.80,-0.66,-0.33,-0.04
2024-10-24T05:20:33Z,"0002cc0100000eb0","3654449ba1f93561131536c57300000001d103000000e5dc75b97c176c54decb",2,3.34,,19,21.21,77.13,,0.00,,3,465,0,0,,,,-0.05,0.14,0.51,0.36,-0.09
2024-10-24T05:26:29Z,"0002cc0100000eb0","3654449d05f93569131545c6db00000001d403000000f7dfee6bec0b6c756783",2,3.34,,19,21.27,77.68,,0.00,,3,468,0,0,,,,0.12,0.14,-0.13,-0.20,-0.49
2024-10-24T05:32:25Z,"0002cc0100000eb0","3654449e69f93569131562c7d000000001d602000000749b6df6f66b759bfc30f7ae",2,3.34,,19,21.38,78.05,,0.00,,2,470,0,0,,,-0.48,-0.52,0.35,-0.40,0.19,0.29
2024-10-24T05:38:21Z,"0002cc0100000eb0","3654449fcdf9356d13155bc5a600000001d6000000007d29742bd7fef5eff6ee",2,3.34,,19,21.35,77.21,,0.00,,0,470,0,0,,,,-0.43,-0.37,-0.03,0.26,0.64
2024-10-24T05:44:17Z,"0002cc0100000eb0","365444a131f93569131553c61200000001d903000000ecc16e2b7dab760b6dd3",2,3.34,,19,21.32,77.37,,0.00,,3,473,0,0,,,,0.18,0.38,0.71,0.19,-0.15
2024-10-24T05:50:13Z,"0002cc0100000eb0","365444a295f9356913156cc7ac00000001db02000000764c7c6475ea7d547644ee8d",2,3.34,,19,21.42,78.00,,0.00,,2,475,0,0,,,-0.20,0.39,0.67,0.37,0.55,0.39
2024-10-24T05:56:09Z,"0002cc0100000eb0","365444a3f9f9357513156cc6bd00000001de03000000f4b07dbb75b97c17cf5b",2,3.34,,19,21.42,77.63,,0.00,,3,478,0,0,,,,-0.01,0.51,0.36,0.72,-0.29
2024-10-24T06:02:05Z,"0002cc0100000eb0","365444a55df93571131574c68300000001e002000000d4ea7d277d757cbbe5da",2,3.34,,19,21.45,77.54,,0.00,,2,480,0,0,,,,-0.09,0.59,0.68,0.64,-0.02
2024-10-24T06:08:01Z,"0002cc0100000eb0","365444a6c1d9356d131569c68301e2020000007c16765f7da76da66d0d",2,3.34,,19,21.41,77.54,,,,2,482,0,0,,,,0.16,0.18,0.71,0.40,0.51
2024-10-24T06:13:56Z,"0002cc0100000eb0","365444a824f93569131574c7f700000001e3010000007e677cd665ae75e676ba",2,3.34,,19,21.45,78.11,,0.00,,1,483,0,0,,,,0.42,0.37,0.09,0.60,0.80
2024-10-24T06:19:52Z,"0002cc0100000eb0","365444a988f93571131574c6a700000001e50200000076c7f50b7d817d23641b",2,3.34,,19,21.45,77.60,,0.00,,2,485,0,0,,,,0.06,0.64,0.69,-0.32,0.42
2024-10-24T06:25:48Z,"0002cc0100000eb0","365444aaecf93569131574c53900000001e6010000007de87c2a7513655af5385764",2,3.34,,19,21.45,77.04,,0.00,,1,486,0,0,,,0.03,-0.33,0.08,0.32,0.52,0.74
2024-10-24T06:31:44Z,"0002cc0100000eb0","365444ac50f9344213156cc5cf00000001e701000000762677927ce1758af56c",2,3.27,,19,21.42,77.27,,0.00,,1,487,0,0,,,,-0.34,0.35,0.61,0.47,0.38
2024-10-24T06:37:40Z,"0002cc0100000eb0","365444adb4f9356d13156cc50300000001e902000000ef537d507c217deb771e7d2f",2,3.34,,19,21.42,76.96,,0.00,,2,489,0,0,,,0.65,0.44,0.74,0.52,0.66,-0.23
2024-10-24T06:43:36Z,"0002cc0100000eb0","365444af18f93579131571c7e600000001ea0100000077727c88d568761a7ca7",2,3.34,,19,21.44,78.09,,0.00,,1,490,0,0,,,,0.58,0.38,-0.02,0.57,0.47
2024-10-24T06:49:32Z,"0002cc0100000eb0","365444b07cf93565131586c94d00000001ec020000007c387cc07d0956507654",2,3.34,,19,21.52,78.63,,0.00,,2,492,0,0,,,,0.40,0.02,0.63,0.59,0.53
2024-10-24T06:55:28Z,"0002cc0100000eb0","365444b1e0f93569131586c66500000001ed010000007dce7d9175737ceafc107c4f",2,3.34,,19,21.52,77.50,,0.00,,1,493,0,0,,,0.54,-0.51,0.61,0.34,0.70,0.73
2024-10-24T07:01:24Z,"0002cc0100000eb0","365444b344f93565131586c8f300000001ed000000007d347d036d517c62772d",2,3.34,,19,21.52,78.50,,0.00,,0,493,0,0,,,,0.45,0.55,0.17,0.63,0.65
2024-10-24T07:07:20Z,"0002cc0100000eb0","365444b4a8f93565131586c7b600000001ef020000007c4f76cafc28f50a679b7752",2,3.34,,19,21.52,78.01,,0.00,,2,495,0,0,,,0.46,0.12,-0.31,-0.52,0.42,0.54
2024-10-24T07:13:16Z,"0002cc0100000eb0","365444b60cf9357113158dc88700000001f10200000077306cb0fe117c1a7c47",2,3.34,,19,21.55,78.33,,0.00,,2,497,0,0,,,,0.53,0.51,-0.76,0.15,0.45
2024-10-24T07:19:12Z,"0002cc0100000eb0","365444b770f9356913158ac76400000001f1000000007d9c758f7d1165116ee0",2,3.34,,19,21.54,77.89,,0.00,,0,497,0,0,,,,0.21,0.08,0.63,0.35,0.70
2024-10-24T07:25:07Z,"0002cc0100000eb0","365444b8d3f9356d13158dc82400000001f3020000007d06752175e07e0e6f38",2,3.34,,19,21.55,78.18,,0.00,,2,499,0,0,,,,0.23,0.76,0.37,0.32,0.63
2024-10-24T07:31:04Z,"0002cc0100000eb0","365444ba38f9356913158dc86400000001f50200000077cb7c357d6d75c75da37d63",2,3.34,,19,21.55,78.28,,0.00,,2,501,0,0,,,0.67,0.04,0.36,0.68,0.53,0.49
2024-10-24T07:36:59Z,"0002cc0100000eb0","365444bb9bf93569131591c8ab00000001f7020000006ccc6c5ff4a864567c91",2,3.34,,19,21.56,78.39,,0.00,,2,503,0,0,,,,0.57,0.07,-0.29,0.14,0.15
2024-10-24T07:42:55Z,"0002cc0100000eb0","365444bcfff9356913158dc7ce00000001f9020000007e587d365dee77c2744d",2,3.34,,19,21.55,78.05,,0.00,,2,505,0,0,,,,0.27,0.48,0.05,0.65,0.79
2024-10-24T07:48:51Z,"0002cc0100000eb0","365444be63f93569131586c71400000001fa0100000077827d3475bd7c6574e0",2,3.34,,19,21.52,77.77,,0.00,,1,506,0,0,,,,0.30,0.55,0.36,0.65,0.47
2024-10-24T07:54:47Z,"0002cc0100000eb0","365444bfc7f93569131582c62300000001fb01000000ef277419776eedf0ffff",2,3.34,,19,21.51,77.40,,0.00,,1,507,0,0,,,,-1.00,-0.19,0.46,0.26,-0.22
2024-10-24T08:00:43Z,"0002cc0100000eb0","365444c12bf93569131571c55200000001fb00000000ffffffc9fe97fda6fe80e766",2,3.34,,19,21.44,77.08,,0.00,,0,507,0,0,,,-0.12,-0.81,-0.71,-0.82,-0.97,-1.00
2024-10-24T08:06:39Z,"0002cc0100000eb0","365444c28ff9356913156cc6bd00000001fc01000000761cf545fe5a6dec7ca5",2,3.34,,19,21.42,77.63,,0.00,,1,508,0,0,,,,0.58,0.19,-0.79,-0.33,0.38
2024-10-24T08:12:35Z,"0002cc0100000eb0","365444c3f3f2020402001574c5a900000001fd01000000776374a47719debef5e6",2,,2.4.2.0,,21.45,77.21,,0.00,,1,509,0,0,,,,-0.37,-0.05,0.44,0.29,0.46
2024-10-24T08:18:31Z,"0002cc0100000eb0","365444c557f93579131571c4b800000001fe01000000de816cb2e56e75147c67",2,3.34,,19,21.44,76.84,,0.00,,1,510,0,0,,,,0.55,0.32,-0.08,0.15,-0.05
2024-10-24T08:24:27Z,"0002cc0100000eb0","365444c6bbf93565131569c82100000001fe00000000774cf6e2ff1176356f9d",2,3.34,,19,21.41,78.18,,0.00,,0,510,0,0,,,,0.24,0.39,-0.88,-0.43,0.46
2024-10-24T08:30:23Z,"0002cc0100000eb0","365444c81ff9356913157bc8490000000200020000006c547515ec0ffda1fc3d",2,3.34,,19,21.48,78.24,,0.00,,2,512,0,0,,,,-0.53,-0.70,-0.13,0.32,0.14
2024-10-24T08:36:19Z,"0002cc0100000eb0","365444c983f9356913157bc737000000020000000000ffffffffffffffdeffff",2,3.34,,19,21.48,77.82,,0.00,,0,512,0,0,,,,-1.00,-0.98,-1.00,-1.00,-1.00
2024-10-24T08:42:15Z,"0002cc0100000eb0","365444cae7f93569131566c6a4000000020000000000fffffffffffffffffffff5ac",2,3.34,,19,21.40,77.60,,0.00,,0,512,0,0,,,-0.35,-1.00,-1.00,-1.00,-1.00,-1.00
2024-10-24T08:48:11Z,"0002cc0100000eb0","365444cc4bf9356d131562c60600000002000000000074886fc26f9c74cb7c03",2,3.34,,19,21.38,77.35,,0.00,,0,512,0,0,,,,0.50,0.30,0.24,0.24,0.28
2024-10-24T08:54:06Z,"0002cc0100000eb0","365444cdaef9356d131566c768000000020000000000e68b5cfbf6ccffffffff",2,3.34,,19,21.40,77.89,,0.00,,0,512,0,0,,,,-1.00,-1.00,-0.42,0.04,-0.10
2024-10-24T09:00:03Z,"0002cc0100000eb0","365444cf13f9356913156cc774000000020101000000fffff78f74acfe9d5fa3d501",2,3.34,,19,21.42,77.91,,0.00,,1,513,0,0,,,-0.02,0.06,-0.83,0.29,-0.47,-1.00
2024-10-24T09:05:58Z,"0002cc0100000eb0","365444d076f93565131569c779000000020100000000f60fff92fd6dfe5fffff",2,3.34,,19,21.41,77.92,,0.00,,0,513,0,0,,,,-1.00,-0.80,-0.68,-0.95,-0.38
2024-10-24T09:11:54Z,"0002cc0100000eb0","365444d1daf9356913155ec6b40000000202010000007e247cceffc76f34fe19fc82",2,3.34,,19,21.37,77.62,,0.00,,1,514,0,0,,,-0.56,-0.76,0.23,-0.97,0.60,0.77
2024-10-24T09:17:50Z,"0002cc0100000eb0","365444d33ef9356d13155bc4dc000000020200000000fffffffffffffffffd1a",2,3.34,,19,21.35,76.90,,0.00,,0,514,0,0,,,,-0.64,-1.00,-1.00,-1.00,-1.00
2024-10-24T09:23:46Z,"0002cc0100000eb0","365444d4a2f93569131553c4c8000000020200000000fe04f5f4fdedf678ff5b",2,3.34,,19,21.32,76.87,,0.00,,0,514,0,0,,,,-0.92,-0.40,-0.74,-0.37,-0.75
2024-10-24T09:29:42Z,"0002cc0100000eb0","365444d606f93579131549c483000000020200000000fe92fff9ffffffffff7efe11",2,3.34,,19,21.28,76.76,,0.00,,0,514,0,0,,,-0.76,-0.94,-1.00,-1.00,-1.00,-0.82
2024-10-24T09:35:38Z,"0002cc0100000eb0","365444d76af9354c131545c465000000020200000000fffffffffffffffffff5ffff",2,3.33,,19,21.27,76.72,,0.00,,0,514,0,0,,,-1.00,-0.99,-1.00,-1.00,-1.00,-1.00
2024-10-24T09:41:34Z,"0002cc0100000eb0","365444d8cef93571131541c46a000000020200000000fd9affffffffffffffff",2,3.34,,19,21.25,76.73,,0.00,,0,514,0,0,,,,-1.00,-1.00,-1.00,-1.00,-0.70
2024-10-24T09:47:30Z,"0002cc0100000eb0","365444da32f9357913153ac488000000020200000000fffffffffddeff02ffff",2,3.34,,19,21.22,76.77,,0.00,,0,514,0,0,,,,-1.00,-0.88,-0.73,-1.00,-1.00
2024-10-24T09:53:26Z,"0002cc0100000eb0","365444db96f93569131536c438000000020200000000ffffffffffffffffffff",2,3.34,,19,21.21,76.65,,0.00,,0,514,0,0,,,,-1.00,-1.00,-1.00,-1.00,-1.00
2024-10-24T09:59:22Z,"0002cc0100000eb0","365444dcfaf93569131533c3fe000000020200000000ffe2ffffffffffffffec",2,3.34,,19,21.20,76.56,,0.00,,0,514,0,0,,,,-0.99,-1.00,-1.00,-1.00,-0.99
2024-10-24T10:05:18Z,"0002cc0100000eb0","365444de5ef93569131536c3f9000000020200000000fda97cd6fe76ff14ffffff52",2,3.34,,19,21.21,76.55,,0.00,,0,514,0,0,,,-0.91,-1.00,-0.88,-0.81,0.60,-0.71
2024-10-24T10:11:14Z,"0002cc0100000eb0","365444dfc2f9356913153ec540000000020301000000fc57f566670efd315f49",2,3.34,,19,21.24,77.05,,0.00,,1,515,0,0,,,,0.06,-0.65,0.11,-0.34,-0.54
2024-10-24T10:17:10Z,"0002cc0100000eb0","365444e126f93559131545c626000000020502000000f5f97c7affc1ffff552c6f3e",2,3.33,,19,21.27,77.40,,0.00,,2,517,0,0,,,0.23,0.02,-1.00,-0.97,0.56,-0.37
2024-10-24T10:23:06Z,"0002cc0100000eb0","365444e28af93575131549c4830000000205000000007511eecfff7cffbffe63",2,3.34,,19,21.28,76.76,,0.00,,0,517,0,0,,,,-0.80,-0.97,-0.94,-0.21,0.32
2024-10-24T10:29:02Z,"0002cc0100000eb0","365444e3eef93569131545c3c9000000020500000000fff2fe46fffffffffdc9",2,3.34,,19,21.27,76.48,,0.00,,0,517,0,0,,,,-0.72,-1.00,-1.00,-0.78,-0.99
2024-10-24T10:34:58Z,"0002cc0100000eb0","365444e552f9356d131536c38f000000020500000000fc60ff15fff4fff6ffffffff",2,3.34,,19,21.21,76.39,,0.00,,0,517,0,0,,,-1.00,-1.00,-0.99,-0.99,-0.89,-0.55
2024-10-24T10:40:54Z,"0002cc0100000eb0","365444e6b6f9357d13153ac3ad000000020500000000ffffffffffb4ffffffff",2,3.34,,19,21.22,76.44,,0.00,,0,517,0,0,,,,-1.00,-1.00,-0.96,-1.00,-1.00
2024-10-24T10:46:49Z,"0002cc0100000eb0","365444e819f93569131536c3c0000000020500000000fffffef3ffffffdaffff",2,3.34,,19,21.21,76.47,,0.00,,0,517,0,0,,,,-1.00,-0.98,-1.00,-0.87,-1.00
2024-10-24T10:52:45Z,"0002cc0100000eb0","365444e97df9356d131530c3a7000000020500000000ffffffffffffff96fffb",2,3.34,,19,21.18,76.43,,0.00,,0,517,0,0,,,,-1.00,-0.95,-1.00,-1.00,-1.00
2024-10-24T10:58:42Z,"0002cc0100000eb0","365444eae2f9357913152bc3a4000000020500000000fffffffffffffde4ffffffff",2,3.34,,19,21.17,76.42,,0.00,,0,517,0,0,,,-1.00,-1.00,-0.74,-1.00,-1.00,-1.00
2024-10-24T11:04:37Z,"0002cc0100000eb0","365444ec45f9357513152bc3963d4238020500000000ffffffc4ffffffdaffff",2,3.34,,19,21.17,76.40,,0.31,,0,517,0,0,,,,-1.00,-0.98,-1.00,-0.97,-1.00
2024-10-24T11:10:33Z,"0002cc0100000eb0","365444eda9f9357d131527c3713d1495020500000000f6c1ffffffffffffffff",2,3.34,,19,21.15,76.35,,0.27,,0,517,0,0,,,,-1.00,-1.00,-1.00,-1.00,-0.42
2024-10-24T11:16:29Z,"0002cc0100000eb0","365444ef0df93579131524c33e3d5712020500000000fffffffffffffffffffffefa",2,3.34,,19,21.14,76.27,,0.34,,0,517,0,0,,,-0.87,-1.00,-1.00,-1.00,-1.00,-1.00
2024-10-24T11:22:25Z,"0002cc0100000eb0","365444f071f93579131524c3063d1495020500000000ffffffffffffffffffff",2,3.34,,19,21.14,76.18,,0.27,,0,517,0,0,,,,-1.00,-1.00,-1.00,-1.00,-1.00
2024-10-24T11:28:21Z,"0002cc0100000eb0","365444f1d5f93569131524c3063d5712020500000000ffffffa2ffffffffffbe",2,3.34,,19,21.14,76.18,,0.34,,0,517,0,0,,,,-0.97,-1.00,-1.00,-0.95,-1.00
2024-10-24T11:34:17Z,"0002cc0100000eb0","365444f339f9356d131524c41f3d91da020500000000f589fcd97439f43265de",2,3.34,,19,21.14,76.61,,0.39,,0,517,0,0,,,,0.09,-0.26,0.26,-0.61,-0.35
2024-10-24T11:40:13Z,"0002cc0100000eb0","365444f49df93571131533c55d3b392c020702000000dfb66d187698776b768dcc16",2,3.34,,19,21.20,77.10,,0.08,,2,519,0,0,,,-0.01,0.41,0.46,0.41,0.16,-0.06
2024-10-24T11:46:09Z,"0002cc0100000eb0","365444f601f93569131541c5963d57120207000000006d38ff08fc5c75627d4a",2,3.34,,19,21.25,77.18,,0.34,,0,519,0,0,,,,0.66,0.34,-0.55,-0.88,0.16
2024-10-24T11:52:05Z,"0002cc0100000eb0","365444f765f93569131545c42c3d98fb0207000000006cf664f7ecb0def777ac",2,3.34,,19,21.27,76.63,,0.40,,0,519,0,0,,,,0.48,-0.05,-0.15,0.08,0.16
2024-10-24T11:58:01Z,"0002cc0100000eb0","365444f8c9f9356d13155bc6ff3c5b02020700000000778f7592642f6f027c14",2,3.34,,19,21.35,77.73,,0.17,,0,519,0,0,,,,0.51,0.22,0.07,0.35,0.47
2024-10-24T12:03:57Z,"0002cc0100000eb0","365444fa2df9356d13155ec8363d8ab9020700000000f4cdf7bdfee1ffcaff99",2,3.34,,19,21.37,78.21,,0.39,,0,519,0,0,,,,-0.95,-0.97,-0.86,-0.48,-0.30
2024-10-24T12:09:53Z,"0002cc0100000eb0","365444fb91f9356d131557c59d3d98fb020700000000ffc8ff50efd37dd06e25",2,3.34,,19,21.34,77.19,,0.40,,0,519,0,0,,,,0.19,0.73,-0.24,-0.91,-0.97
2024-10-24T12:15:49Z,"0002cc0100000eb0","365444fcf5f2020402001541c51f3d5712020700000000ff04ff66fffffeddffffffff",2,,2.4.2.0,,21.25,77.00,,0.34,,0,519,0,0,,,-1.00,-1.00,-0.86,-1.00,-0.92,-0.88
2024-10-24T12:21:45Z,"0002cc0100000eb0","365444fe59f9357513153ac5363d8ab9020700000000ffffffffffffffffffc0ffff",2,3.34,,19,21.22,77.04,,0.39,,0,519,0,0,,,-1.00,-0.97,-1.00,-1.00,-1.00,-1.00
2024-10-24T12:27:41Z,"0002cc0100000eb0","365444ffbdf9356513152bc5733d5712020700000000ffffffffffffffffffff",2,3.34,,19,21.17,77.13,,0.34,,0,519,0,0,,,,-1.00,-1.00,-1.00,-1.00,-1.00
2024-10-24T12:33:37Z,"0002cc0100000eb0","3654450121f9356d131524c5ae3d5712020700000000ffffffffffffffffffffffff",2,3.34,,19,21.14,77.22,,0.34,,0,519,0,0,,,-1.00,-1.00,-1.00,-1.00,-1.00,-1.00
2024-10-24T12:39:30Z,"0002cc0100000eb0","3654450282f93571131521c5123d5712020700000000ffffff49fffffef2ffff",3,3.34,,19,21.13,76.98,,0.34,,0,519,0,0,,,,-1.00,-0.87,-1.00,-0.91,-1.00
2024-10-24T12:45:26Z,"0002cc0100000eb0","36544503e6f93561131519c4883d5712020700000000ffffffffffffff23ffffffff",2,3.34,,19,21.10,76.77,,0.34,,0,519,0,0,,,-1.00,-1.00,-0.89,-1.00,-1.00,-1.00
2024-10-24T12:51:21Z,"0002cc0100000eb0","3654450549f93571131512c3d43d8ab9020700000000ffffffffffffffffffff",2,3.34,,19,21.07,76.50,,0.39,,0,519,0,0,,,,-1.00,-1.00,-1.00,-1.00,-1.00
2024-10-24T12:57:18Z,"0002cc0100000eb0","36544506aef93569131512c3d43d5712020700000000ff7cffdcfe26ffffffffffff",2,3.34,,19,21.07,76.50,,0.34,,0,519,0,0,,,-1.00,-1.00,-1.00,-0.77,-0.98,-0.94
2024-10-24T13:03:13Z,"0002cc0100000eb0","3654450811f93569131516c3e63d8ab9020700000000fffffffffffffea6ffff",2,3.34,,19,21.08,76.52,,0.39,,0,519,0,0,,,,-1.00,-0.83,-1.00,-1.00,-1.00
2024-10-24T13:09:09Z,"0002cc0100000eb0","3654450975f9356d13150ec41f3d5712020700000000ffffffffffffffffffffff3b",2,3.34,,19,21.05,76.61,,0.34,,0,519,0,0,,,-0.90,-1.00,-1.00,-1.00,-1.00,-1.00
2024-10-24T13:15:05Z,"0002cc0100000eb0","3654450ad9f9356913150bc3d73d91da020700000000fcfbff4effdaffffffff",2,3.34,,19,21.04,76.50,,0.39,,0,519,0,0,,,,-1.00,-1.00,-0.98,-0.91,-0.62
2024-10-24T13:21:01Z,"0002cc0100000eb0","3654450c3df9356d13150bc3d73d5712020700000000ffffffffffffff9dffff",2,3.34,,19,21.04,76.50,,0.34,,0,519,0,0,,,,-1.00,-0.95,-1.00,-1.00,-1.00
2024-10-24T13:26:57Z,"0002cc0100000eb0","3654450da1f9356d131516c3f23d5712020700000000ffffffffffffffffffff",2,3.34,,19,21.08,76.54,,0.34,,0,519,0,0,,,,-1.00,-1.00,-1.00,-1.00,-1.00
2024-10-24T13:32:53Z,"0002cc0100000eb0","3654450f05f9356d131507c3b93d5712020700000000ff89ffffffffffffffff",2,3.34,,19,21.03,76.46,,0.34,,0,519,0,0,,,,-1.00,-1.00,-1.00,-1.00,-0.94
2024-10-24T13:38:49Z,"0002cc0100000eb0","3654451069f9356d13150ec33f3d5712020700000000ffc1fffffffffffffffffe79",2,3.34,,19,21.05,76.27,,0.34,,0,519,0,0,,,-0.81,-1.00,-1.00,-1.00,-1.00,-0.97
2024-10-24T13:44:45Z,"0002cc0100000eb0","36544511cdf93569131512c3803d5712020700000000fe45e5e2fdb7fcdcfcf8",2,3.34,,19,21.07,76.37,,0.34,,0,519,0,0,,,,-0.62,-0.61,-0.71,-0.09,-0.78
2024-10-24T13:50:41Z,"0002cc0100000eb0","3654451331f9357913150ec2f93d5712020700000000fe23fc27ffffffffffff",2,3.34,,19,21.05,76.16,,0.34,,0,519,0,0,,,,-1.00,-1.00,-1.00,-0.52,-0.77
2024-10-24T13:56:37Z,"0002cc0100000eb0","3654451495f93579131507c2ca3d5712020700000000ffffffffffffffffffff",2,3.34,,19,21.03,76.09,,0.34,,0,519,0,0,,,,-1.00,-1.00,-1.00,-1.00,-1.00
2024-10-24T14:02:33Z,"0002cc0100000eb0","36544515f9f9356d13150bc2a93d5712020700000000ffffffffffffffffffff",2,3.34,,19,21.04,76.04,,0.34,,0,519,0,0,,,,-1.00,-1.00,-1.00,-1.00,-1.00
2024-10-24T14:08:29Z,"0002cc0100000eb0","365445175df9357513150ec2903d91da020700000000ffffffffffffff98ffff",2,3.34,,19,21.05,76.00,,0.39,,0,519,0,0,,,,-1.00,-0.95,-1.00,-1.00,-1.00
2024-10-24T14:14:25Z,"0002cc0100000eb0","36544518c1f93571131507c26f3d8ab9020700000000ffffffffffffff21ffff",2,3.34,,19,21.03,75.95,,0.39,,0,519,0,0,,,,-1.00,-0.89,-1.00,-1.00,-1.00
2024-10-24T14:20:21Z,"0002cc0100000eb0","3654451a25f9357513150ec2433d8ab9020700000000fffffffffffffffffffff5dd",2,3.34,,19,21.05,75.88,,0.39,,0,519,0,0,,,-0.37,-1.00,-1.00,-1.00,-1.00,-1.00
2024-10-24T14:26:17Z,"0002cc0100000eb0","3654451b89f93569131507c2763d5712020700000000ffffffca7685fcc0fe3d",2,3.34,,19,21.03,75.96,,0.34,,0,519,0,0,,,,-0.78,-0.59,0.41,-0.97,-1.00
2024-10-24T14:32:13Z,"0002cc0100000eb0","3654451cedf9356513150bc1a63d91da020700000000ffffffffffffffffffffffff",2,3.34,,19,21.04,75.65,,0.39,,0,519,0,0,,,-1.00,-1.00,-1.00,-1.00,-1.00,-1.00
2024-10-24T14:38:09Z,"0002cc0100000eb0","3654451e51f9356d131507c1493d4238020700000000fed7fdbbffffffffffff",2,3.34,,19,21.03,75.50,,0.31,,0,519,0,0,,,,-1.00,-1.00,-1.00,-0.72,-0.86
2024-10-24T14:44:05Z,"0002cc0100000eb0","3654451fb5f9356913150bc13d3d4238020700000000ffffffffffffff8effff",2,3.34,,19,21.04,75.48,,0.31,,0,519,0,0,,,,-1.00,-0.94,-1.00,-1.00,-1.00
2024-10-24T14:50:01Z,"0002cc0100000eb0","3654452119f93579131503c1293d4238020700000000ffffffffffffffffff31",2,3.34,,19,21.01,75.45,,0.31,,0,519,0,0,,,,-0.90,-1.00,-1.00,-1.00,-1.00
2024-10-24T14:55:57Z,"0002cc0100000eb0","365445227df93575131500c1353d4238020700000000ffffffffffffffffffff",2,3.34,,19,21.00,75.47,,0.31,,0,519,0,0,,,,-1.00,-1.00,-1.00,-1.00,-1.00
2024-10-24T15:01:53Z,"0002cc0100000eb0","36544523e1f93569131500c13d3d5712020700000000ffffffd2fffffffffffffe48",2,3.34,,19,21.00,75.48,,0.34,,0,519,0,0,,,-0.79,-1.00,-1.00,-1.00,-0.98,-1.00
2024-10-24T15:07:49Z,"0002cc0100000eb0","3654452545f93575131507c1103d5712020700000000ffcd6dd2fdfdffffffb0",2,3.34,,19,21.03,75.42,,0.34,,0,519,0,0,,,,-0.96,-1.00,-0.75,0.18,-0.98
2024-10-24T15:13:45Z,"0002cc0100000eb0","36544526a9f9356d131503c1233d5712020700000000f5fff7cefd08ffa8ffeaffff",2,3.34,,19,21.01,75.45,,0.34,,0,519,0,0,,,-1.00,-0.99,-0.96,-0.63,-0.49,-0.37
2024-10-24T15:19:41Z,"0002cc0100000eb0","365445280df9356d131503c0c83d5712020700000000ffc9fffffe53ffffff74",2,3.34,,19,21.01,75.31,,0.34,,0,519,0,0,,,,-0.93,-1.00,-0.79,-1.00,-0.97
2024-10-24T15:25:36Z,"0002cc0100000eb0","3654452970f93565131500c0aa3d5712020700000000ff9ffffffed1ffffffc6",2,3.34,,19,21.00,75.26,,0.34,,0,519,0,0,,,,-0.97,-1.00,-0.85,-1.00,-0.95
2024-10-24T15:31:32Z,"0002cc0100000eb0","3654452ad4f93579131507c07d3d5712020700000000ffffff4cfffffffffeedffff",2,3.34,,19,21.03,75.19,,0.34,,0,519,0,0,,,-1.00,-0.87,-1.00,-1.00,-0.91,-1.00
2024-10-24T15:37:28Z,"0002cc0100000eb0","3654452c38f9357113150ec3a13d5712020700000000ffffff6be616fcf9fff4",2,3.34,,19,21.05,76.42,,0.34,,0,519,0,0,,,,-0.99,-0.62,-0.10,-0.93,-1.00
2024-10-24T15:43:24Z,"0002cc0100000eb0","3654452d9cf9356d131516c2e13d5712020700000000f51cfe06ffbefd05ff7e",2,3.34,,19,21.08,76.13,,0.34,,0,519,0,0,,,,-0.94,-0.63,-0.97,-0.75,-0.32
2024-10-24T15:49:20Z,"0002cc0100000eb0","3654452f00f93569131516c2013d5712020700000000ffffffffffffffffffffffff",2,3.34,,19,21.08,75.78,,0.34,,0,519,0,0,,,-1.00,-1.00,-1.00,-1.00,-1.00,-1.00
2024-10-24T15:55:16Z,"0002cc0100000eb0","3654453064f9357113150ec1853d5712020700000000fffffe7effffffffff68",2,3.34,,19,21.05,75.59,,0.34,,0,519,0,0,,,,-0.93,-1.00,-1.00,-0.81,-1.00
2024-10-24T16:01:12Z,"0002cc0100000eb0","36544531c8f9356d131507c1413d8ab9020700000000ffffffffffffffffffff",2,3.34,,19,21.03,75.49,,0.39,,0,519,0,0,,,,-1.00,-1.00,-1.00,-1.00,-1.00
2024-10-24T16:07:08Z,"0002cc0100000eb0","365445332cf9356d13150bc1373d4238020700000000ffffffffff99ffffffffffe2",2,3.34,,19,21.04,75.48,,0.31,,0,519,0,0,,,-0.99,-1.00,-1.00,-0.95,-1.00,-1.00
2024-10-24T16:13:04Z,"0002cc0100000eb0","3654453490f93575131507c10a3d4238020700000000fec4ffffffffffffffff",2,3.34,,19,21.03,75.41,,0.31,,0,519,0,0,,,,-1.00,-1.00,-1.00,-1.00,-0.85
2024-10-24T16:19:00Z,"0002cc0100000eb0","36544535f4f2020402001503c0a53d4238020700000000fffffca3fea1fce85fa4fd13",2,,2.4.2.0,,21.01,75.25,,0.31,,0,519,0,0,,,-0.63,0.06,-0.61,-0.83,-0.58,-1.00
2024-10-24T16:24:56Z,"0002cc0100000eb0","3654453758f93575131507c0683d4238020700000000fedaffffffffffffffff",2,3.34,,19,21.03,75.16,,0.31,,0,519,0,0,,,,-1.00,-1.00,-1.00,-1.00,-0.86
2024-10-24T16:30:52Z,"0002cc0100000eb0","36544538bcf93569131507c03f3db093020700000000ffffffffffffffffffffffff",2,3.34,,19,21.03,75.10,,0.42,,0,519,0,0,,,-1.00,-1.00,-1.00,-1.00,-1.00,-1.00
2024-10-24T16:36:48Z,"0002cc0100000eb0","3654453a20f93579131500c0243d4238020700000000ffffffffffffffffffef",2,3.34,,19,21.00,75.06,,0.31,,0,519,0,0,,,,-0.99,-1.00,-1.00,-1.00,-1.00
2024-10-24T16:42:44Z,"0002cc0100000eb0","3654453b84f93571131500c0093d6fdb020700000000ffe1ffffffffff70ffda",2,3.34,,19,21.00,75.01,,0.36,,0,519,0,0,,,,-0.98,-0.93,-1.00,-1.00,-0.98
2024-10-24T16:48:40Z,"0002cc0100000eb0","3654453ce8f93559131500c0093d4238020700000000ffffffffffffffffffff",2,3.33,,19,21.00,75.01,,0.31,,0,519,0,0,,,,-1.00,-1.00,-1.00,-1.00,-1.00
2024-10-24T16:54:36Z,"0002cc0100000eb0","3654453e4cf935651314f8bff63d4238020700000000ffffffffffffffffffffffff",2,3.34,,19,20.97,74.99,,0.31,,0,519,0,0,,,-1.00,-1.00,-1.00,-1.00,-1.00,-1.00
2024-10-24T17:00:32Z,"0002cc0100000eb0","3654453fb0f935691314fcbfff3d9da6020700000000ffff5e5bf699fd0bf453",2,3.34,,19,20.98,75.00,,0.40,,0,519,0,0,,,,-0.27,-0.63,-0.41,0.05,-1.00
2024-10-24T17:06:28Z,"0002cc0100000eb0","3654454114f935751314f8c0893d6fdb020700000000fffffc71fe66fd8afd38ec32",2,3.34,,19,20.97,75.21,,0.36,,0,519,0,0,,,-0.13,-0.65,-0.69,-0.80,-0.56,-1.00
2024-10-24T17:12:24Z,"0002cc0100000eb0","3654454278f935791314f8c0663d2d5e020700000000fd0ef77dfe12fe6afeeb",2,3.34,,19,20.97,75.16,,0.29,,0,519,0,0,,,,-0.86,-0.80,-0.76,-0.47,-0.63
2024-10-24T17:18:20Z,"0002cc0100000eb0","36544543dcf9356d1314f8bffe3db093020700000000ffffffffffffffffff42ffff",2,3.34,,19,20.97,75.00,,0.42,,0,519,0,0,,,-1.00,-0.91,-1.00,-1.00,-1.00,-1.00
2024-10-24T17:24:16Z,"0002cc0100000eb0","3654454540f935711314fcbfcf3d6fdb020700000000ffffffffffabffffffff",2,3.34,,19,20.98,74.93,,0.36,,0,519,0,0,,,,-1.00,-1.00,-0.96,-1.00,-1.00
2024-10-24T17:30:12Z,"0002cc0100000eb0","36544546a4f9356d1314f8c1013d4238020700000000ff9ffffffefafffffc1ef7c4",2,3.34,,19,20.97,75.39,,0.31,,0,519,0,0,,,-0.49,-0.51,-1.00,-0.87,-1.00,-0.95
2024-10-24T17:36:08Z,"0002cc0100000eb0","3654454808f93569131500c0173d4238020700000000f6b0ffffffffffffffff",2,3.34,,19,21.00,75.04,,0.31,,0,519,0,0,,,,-1.00,-1.00,-1.00,-1.00,-0.42
2024-10-24T17:42:04Z,"0002cc0100000eb0","365445496cf935751314fcbfb93d6fdb020700000000ffffff68ffffffffffff",2,3.34,,19,20.98,74.89,,0.36,,0,519,0,0,,,,-1.00,-1.00,-1.00,-0.93,-1.00
2024-10-24T17:47:59Z,"0002cc0100000eb0","3654454acff9357d1314f8bfbf3d6fdb020700000000ffffffffffffffffffff",2,3.34,,19,20.97,74.90,,0.36,,0,519,0,0,,,,-1.00,-1.00,-1.00,-1.00,-1.00
2024-10-24T17:53:55Z,"0002cc0100000eb0","3654454c33f935691314f5bf993d6fdb020700000000fffffdc5ffffffffffffffff",2,3.34,,19,20.95,74.84,,0.36,,0,519,0,0,,,-1.00,-1.00,-1.00,-1.00,-0.72,-1.00
2024-10-24T17:59:51Z,"0002cc0100000eb0","3654454d97f9356d131507c3b93d6fdb020700000000ffffffffe69df57bed78",2,3.34,,19,21.03,76.46,,0.36,,0,519,0,0,,,,-0.17,-0.34,-0.10,-1.00,-1.00
2024-10-24T18:05:47Z,"0002cc0100000eb0","3654454efbf9357913150ec3e73d9da6020700000000ffffffbfff4cffffff3effff",2,3.34,,19,21.05,76.53,,0.40,,0,519,0,0,,,-1.00,-0.91,-1.00,-0.91,-0.97,-1.00
2024-10-24T18:11:43Z,"0002cc0100000eb0","365445505ff9357513150bc3a53d9da6020700000000ffffff4affffffffffff",2,3.34,,19,21.04,76.42,,0.40,,0,519,0,0,,,,-1.00,-1.00,-1.00,-0.91,-1.00
2024-10-24T18:17:39Z,"0002cc0100000eb0","36544551c3f93571131507c3483d6fdb020700000000ffffffffff52fffffee3",2,3.34,,19,21.03,76.28,,0.36,,0,519,0,0,,,,-0.86,-1.00,-0.92,-1.00,-1.00
2024-10-24T18:23:35Z,"0002cc0100000eb0","3654455327f9356d131507c2613d4238020700000000ffafff8cfffffffffffffd12",2,3.34,,19,21.03,75.93,,0.31,,0,519,0,0,,,-0.63,-1.00,-1.00,-1.00,-0.94,-0.96
2024-10-24T18:29:31Z,"0002cc0100000eb0","365445548bf93575131500c16e3d4238020700000000fcdfec82f420fcb5ff3c",2,3.34,,19,21.00,75.56,,0.31,,0,519,0,0,,,,-0.90,-0.59,-0.26,-0.14,-0.61
2024-10-24T18:35:27Z,"0002cc0100000eb0","36544555eff93571131500c1353d4238020700000000f76ff706f59afcd6fd9a",2,3.34,,19,21.00,75.47,,0.31,,0,519,0,0,,,,-0.70,-0.60,-0.35,-0.44,-0.46
2024-10-24T18:41:23Z,"0002cc0100000eb0","3654455753f935651314fcc1173d4238020700000000ffffff1bffffffeaffffffff",2,3.34,,19,20.98,75.43,,0.31,,0,519,0,0,,,-1.00,-1.00,-0.99,-1.00,-0.89,-1.00
2024-10-24T18:47:19Z,"0002cc0100000eb0","36544558b7f9356d1314f8c0de3d6fdb020700000000fee6ffc8ffffffb3feac",2,3.34,,19,20.97,75.34,,0.36,,0,519,0,0,,,,-0.83,-0.96,-1.00,-0.97,-0.86
2024-10-24T18:53:15Z,"0002cc0100000eb0","3654455a1bf9356d1314fcc0bd3d84b5020700000000fffffffffe70ffffffff",2,3.34,,19,20.98,75.29,,0.38,,0,519,0,0,,,,-1.00,-1.00,-0.80,-1.00,-1.00
2024-10-24T18:59:11Z,"0002cc0100000eb0","3654455b7ff93569131500c1133d5712020801000000fd3effc0fe6e7514f407ff52",2,3.34,,19,21.00,75.42,,0.34,,1,520,0,0,,,-0.91,-0.25,0.32,-0.80,-0.97,-0.66
2024-10-24T19:05:07Z,"0002cc0100000eb0","3654455ce3f93575131503c0ab3d5712020800000000fffffffffffffe59ffff",2,3.34,,19,21.01,75.26,,0.34,,0,520,0,0,,,,-1.00,-0.79,-1.00,-1.00,-1.00
2024-10-24T19:11:03Z,"0002cc0100000eb0","3654455e47f9356d131507c0ed3d5712020800000000ffffff2bffffe6d2f72d",2,3.34,,19,21.03,75.36,,0.34,,0,520,0,0,,,,-0.45,-0.11,-1.00,-0.90,-1.00
2024-10-24T19:16:59Z,"0002cc0100000eb0","3654455fabf93569131503c06e3d91da020800000000fffffffffeb2ff46ffffffff",2,3.34,,19,21.01,75.17,,0.39,,0,520,0,0,,,-1.00,-1.00,-0.91,-0.84,-1.00,-1.00
2024-10-24T19:22:55Z,"0002cc0100000eb0","365445610ff93571131503c02d3d5712020800000000ffffffffffffffffffffffff",2,3.34,,19,21.01,75.07,,0.34,,0,520,0,0,,,-1.00,-1.00,-1.00,-1.00,-1.00,-1.00
2024-10-24T19:28:51Z,"0002cc0100000eb0","3654456273f935751314fcc0233d5712020800000000ffffffffff67ffffffd1",2,3.34,,19,20.98,75.05,,0.34,,0,520,0,0,,,,-0.98,-1.00,-0.93,-1.00,-1.00
2024-10-24T19:34:47Z,"0002cc0100000eb0","36544563d7f93571131503c2f93d91da020800000000fffffffffffffea7f4ca",2,3.34,,19,21.01,76.16,,0.39,,0,520,0,0,,,,-0.30,-0.83,-1.00,-1.00,-1.00
2024-10-24T19:40:43Z,"0002cc0100000eb0","365445653bf9357913150bc20f3d5712020800000000ffffffbfffffffffffac",2,3.34,,19,21.04,75.81,,0.34,,0,520,0,0,,,,-0.96,-1.00,-1.00,-0.97,-1.00
2024-10-24T19:46:39Z,"0002cc0100000eb0","365445669ff9356d13150bc0d43d2d5e020800000000ffffff89fffffe76fdbe",2,3.34,,19,21.04,75.32,,0.29,,0,520,0,0,,,,-0.72,-0.81,-1.00,-0.94,-1.00
2024-10-24T19:52:34Z,"0002cc0100000eb0","3654456802f9356913150bc0413d2d5e020800000000ffffffffffffffffffff",2,3.34,,19,21.04,75.10,,0.29,,0,520,0,0,,,,-1.00,-1.00,-1.00,-1.00,-1.00
2024-10-24T19:58:30Z,"0002cc0100000eb0","3654456966f93569131512c0143f0f38020901000000fe1476df7c107c477454",2,3.34,,19,21.07,75.03,,1.06,,1,521,0,0,,,,0.27,0.53,0.51,0.43,-0.76
2024-10-24T20:04:26Z,"0002cc0100000eb0","3654456acaf9356d131536c00039cb89020b020000006f0f7e507cb07d567d947d7a",2,3.34,,19,21.21,75.00,,0.03,,2,523,0,0,,,0.68,0.70,0.67,0.59,0.79,0.22
2024-10-24T20:10:22Z,"0002cc0100000eb0","3654456c2ef9356d13155ec4fa3d9da6020e030000007d2474e9fd8c74586c1b",2,3.34,,19,21.37,76.95,,0.40,,3,526,0,0,,,,0.13,0.27,-0.69,0.31,0.64
2024-10-24T20:16:18Z,"0002cc0100000eb0","3654456d92f93561131569c5f03d314e02110300000077bc7c9976b07c357460",2,3.34,,19,21.41,77.32,,0.30,,3,529,0,0,,,,0.27,0.53,0.42,0.57,0.48
2024-10-24T20:22:14Z,"0002cc0100000eb0","3654456ef6f2020402001574c5f73d6fdb021201000000f6fbec8177247db4df7c7c43",2,,2.4.2.0,,21.45,77.33,,0.36,,1,530,0,0,,,0.53,-0.06,0.71,0.45,-0.14,-0.44
2024-10-24T20:28:10Z,"0002cc0100000eb0","365445705af9356d131571c5523aac0f021301000000670efee4fffffd1c7ea6",2,3.34,,19,21.44,77.08,,0.05,,1,531,0,0,,,,0.83,-0.64,-1.00,-0.86,0.11
2024-10-24T20:34:06Z,"0002cc0100000eb0","36544571bef9356d131569c45f3d91da021502000000759f2ee0ee2f5c84778b",2,3.34,,19,21.41,76.71,,0.39,,2,533,0,0,,,,0.47,0.04,-0.19,0.00,0.35
2024-10-24T20:40:02Z,"0002cc0100000eb0","3654457322f93565131571c58a3da4c70215000000006f03472a779c75e5fe49ecb8",2,3.34,,19,21.44,77.16,,0.41,,0,533,0,0,,,-0.15,-0.79,0.37,0.48,0.01,0.22
2024-10-24T20:45:58Z,"0002cc0100000eb0","3654457486f93565131574c74f3d57120218030000007d2667b4edfad50876f67ca7",2,3.34,,19,21.45,77.86,,0.34,,3,536,0,0,,,0.58,0.43,-0.02,-0.19,0.12,0.64
2024-10-24T20:51:54Z,"0002cc0100000eb0","36544575eaf93579131582c6c53d5712021901000000662d7d9af40effff65bb",2,3.34,,19,21.51,77.65,,0.34,,1,537,0,0,,,,0.09,-1.00,-0.25,0.70,0.10
2024-10-24T20:57:50Z,"0002cc0100000eb0","365445774ef93565131562c3723d57120219000000006c54edeaf6ebf547f6d6",2,3.34,,19,21.38,76.35,,0.34,,0,537,0,0,,,,-0.43,-0.33,-0.43,-0.18,0.14
2024-10-24T21:03:46Z,"0002cc0100000eb0","36544578b2f9356513154cc1f83d5712021900000000fc23ed366f8975c46f77",2,3.34,,19,21.30,75.77,,0.34,,0,537,0,0,,,,0.23,0.36,0.24,-0.16,-0.52
2024-10-24T21:09:42Z,"0002cc0100000eb0","3654457a16f9356d131530c1533d5712021900000000ffebfd6cf53eff3fff85ffff",2,3.34,,19,21.18,75.52,,0.34,,0,537,0,0,,,-1.00,-0.94,-0.91,-0.33,-0.68,-0.99
2024-10-24T21:15:38Z,"0002cc0100000eb0","3654457b7af93579131519c0d53d5712021900000000ffffffffff52ff51ffff",2,3.34,,19,21.10,75.33,,0.34,,0,537,0,0,,,,-1.00,-0.91,-0.92,-1.00,-1.00
2024-10-24T21:21:34Z,"0002cc0100000eb0","3654457cdef9356913150ec0b33cff76021900000000fffffffffefdffffffff",2,3.34,,19,21.05,75.27,,0.25,,0,537,0,0,,,,-1.00,-1.00,-0.87,-1.00,-1.00
2024-10-24T21:27:30Z,"0002cc0100000eb0","3654457e42f9356d131503c0f83d4238021900000000ffffff5ffd35ffbcfe8c645b",2,3.34,,19,21.01,75.38,,0.31,,0,537,0,0,,,0.07,-0.82,-0.97,-0.65,-0.92,-1.00
2024-10-24T21:33:25Z,"0002cc0100000eb0","3654457fa5f93579131503c0e43d4238021900000000feb0fe9effffffffffff",2,3.34,,19,21.01,75.35,,0.31,,0,537,0,0,,,,-1.00,-1.00,-1.00,-0.83,-0.84
2024-10-24T21:39:21Z,"0002cc0100000eb0","3654458109f9356d1314fcc0993d4238021900000000ffffff98fe4fffffffff",2,3.34,,19,20.98,75.23,,0.31,,0,537,0,0,,,,-1.00,-1.00,-0.79,-0.95,-1.00
2024-10-24T21:45:17Z,"0002cc0100000eb0","365445826df935751314fcc0a13d4238021900000000ffffffffffffffffffff",2,3.34,,19,20.98,75.25,,0.31,,0,537,0,0,,,,-1.00,-1.00,-1.00,-1.00,-1.00
2024-10-24T21:51:13Z,"0002cc0100000eb0","36544583d1f9356d1314f8c06e3d4238021900000000ffffffffffffffbfffff",2,3.34,,19,20.97,75.17,,0.31,,0,537,0,0,,,,-1.00,-0.97,-1.00,-1.00,-1.00
2024-10-24T21:57:09Z,"0002cc0100000eb0","3654458535f9356d1314f1c0063d4238021900000000ffffffd6fc9bfec2fe44ffff",2,3.34,,19,20.94,75.01,,0.31,,0,537,0,0,,,-1.00,-0.78,-0.84,-0.58,-0.98,-1.00
2024-10-24T22:03:05Z,"0002cc0100000eb0","3654458699f935711314f5bfed3d4238021900000000ff84fee6ffffff49ffff",2,3.34,,19,20.95,74.97,,0.31,,0,537,0,0,,,,-1.00,-0.91,-1.00,-0.86,-0.94
2024-10-24T22:09:01Z,"0002cc0100000eb0","36544587fdf935541314fcc06f3d4238021900000000ffffffffffffff44fc9b",2,3.33,,19,20.98,75.17,,0.31,,0,537,0,0,,,,-0.58,-0.91,-1.00,-1.00,-1.00
2024-10-24T22:14:53Z,"0002cc0100000eb0","365445895df93579131500c04e3d84b5021900000000ff02ff86fe66fd82fcef",3,3.34,,19,21.00,75.12,,0.38,,0,537,0,0,,,,-0.62,-0.69,-0.80,-0.94,-0.88
2024-10-24T22:20:49Z,"0002cc0100000eb0","3654458ac1f9356d131500c0b13d6bec021900000000fc6df705f56cff48ffffffff",2,3.34,,19,21.00,75.27,,0.36,,0,537,0,0,,,-1.00,-1.00,-0.91,-0.34,-0.44,-0.55
2024-10-24T22:26:45Z,"0002cc0100000eb0","3654458c25f93569131503c06e3d4238021900000000ff7bffffff9eff8cffa2",2,3.34,,19,21.01,75.17,,0.31,,0,537,0,0,,,,-0.95,-0.94,-0.95,-1.00,-0.94
2024-10-24T22:32:41Z,"0002cc0100000eb0","3654458d89f9356d131503c02d3d4238021900000000ffffff2efe09ffd5ffff",2,3.34,,19,21.01,75.07,,0.31,,0,537,0,0,,,,-1.00,-0.98,-0.75,-0.90,-1.00
2024-10-24T22:38:37Z,"0002cc0100000eb0","3654458eedf9357d131507c18e3d5712021900000000fffffffffffffc2cfe22",2,3.34,,19,21.03,75.61,,0.34,,0,537,0,0,,,,-0.77,-0.52,-1.00,-1.00,-1.00
2024-10-24T22:44:33Z,"0002cc0100000eb0","3654459051f9356d13150bc0723d5712021900000000ffffffffffffffffffb0ffff",2,3.34,,19,21.04,75.18,,0.34,,0,537,0,0,,,-1.00,-0.96,-1.00,-1.00,-1.00,-1.00
2024-10-24T22:50:29Z,"0002cc0100000eb0","36544591b5f93579131507c01b3d5712021900000000fffffffffcbfffd8ffff",2,3.34,,19,21.03,75.04,,0.34,,0,537,0,0,,,,-1.00,-0.98,-0.59,-1.00,-1.00
2024-10-24T22:56:25Z,"0002cc0100000eb0","3654459319f9356913150ebff53d5712021900000000ffffffffffffffbeffdb",2,3.34,,19,21.05,74.98,,0.34,,0,537,0,0,,,,-0.98,-0.97,-1.00,-1.00,-1.00
2024-10-24T23:02:21Z,"0002cc0100000eb0","365445947df9357913150ec012000000021900000000fffffd5dfd92ecf4ffff",2,3.34,,19,21.05,75.03,,0.00,,0,537,0,0,,,,-1.00,-0.15,-0.70,-0.67,-1.00
2024-10-24T23:08:17Z,"0002cc0100000eb0","36544595e1f9357913150bbfc2000000021900000000fffffff6fffffffffef5",2,3.34,,19,21.04,74.91,,0.00,,0,537,0,0,,,,-0.87,-1.00,-1.00,-0.99,-1.00
2024-10-24T23:14:13Z,"0002cc0100000eb0","3654459745f9356d131507bf8f000000021900000000ffffffffffbbfc85f486",2,3.34,,19,21.03,74.83,,0.00,,0,537,0,0,,,,-0.28,-0.56,-0.97,-1.00,-1.00
2024-10-24T23:20:09Z,"0002cc0100000eb0","36544598a9f9356913150ec0ec000000021b02000000fff1fe62fc59fc267762e737",2,3.34,,19,21.05,75.36,,0.00,,2,539,0,0,,,-0.11,0.46,-0.52,-0.54,-0.80,-0.99
2024-10-24T23:26:05Z,"0002cc0100000eb0","3654459a0df93569131521c17c00000002200500000075696f3e665d7c217684",2,3.34,,19,21.13,75.58,,0.00,,5,544,0,0,,,,0.41,0.52,0.10,0.23,0.34
2024-10-24T23:32:00Z,"0002cc0100000eb0","3654459b70f9357913153ac36f00000002250500000074f2e7116d5276c0efa8",2,3.34,,19,21.22,76.34,,0.00,,5,549,0,0,,,,-0.24,0.42,0.17,-0.11,0.31
2024-10-24T23:37:56Z,"0002cc0100000eb0","3654459cd4f93569131545c383000000022803000000773766f2dd1676d275457d20",2,3.34,,19,21.27,76.37,,0.00,,3,552,0,0,,,0.64,0.33,0.43,-0.04,0.11,0.45
2024-10-24T23:43:52Z,"0002cc0100000eb0","3654459e38f93565131557c3f2000000022a02000000757eee827d197c86f6fe",2,3.34,,19,21.34,76.54,,0.00,,2,554,0,0,,,,-0.44,0.57,0.64,-0.20,0.34
2024-10-24T23:49:48Z,"0002cc0100000eb0","3654459f9cf9357113155bc375000000022b010000007d2ee644f795745cf565",2,3.34,,19,21.35,76.35,,0.00,,1,555,0,0,,,,-0.34,0.27,-0.47,-0.10,0.65
2024-10-24T23:55:44Z,"0002cc0100000eb0","365445a100f93561131545c144000000022b00000000fdfceff0f5aaf5a9fd46fcf4",2,3.34,,19,21.27,75.50,,0.00,,0,555,0,0,,,-0.62,-0.66,-0.35,-0.35,-0.25,-0.75
