Time,DevEUI,Raw,Port,Vbat,Version,BootCount,T,RH,P,Light,CO2,P[0].delta,P[0].total,P[1].delta,P[1].total,Act[7],Act[6],Act[5],Act[4],Act[3],Act[2],Act[1],Act[0]
2024-10-15T00:05:03Z,"0002cc0100000eb0","365438742ff935690a1519c5ae000000000e00000000dc9a7d107dc477e8773774ec",2,3.34,,10,21.10,77.22,,0.00,,0,14,0,0,,,0.31,0.45,0.49,0.72,0.63,-0.04
2024-10-15T00:10:59Z,"0002cc0100000eb0","3654387593f9356d0a150bc5d6000000000e00000000fd355feef5aeed026592",2,3.34,,10,21.04,77.28,,0.00,,0,14,0,0,,,,0.09,-0.16,-0.35,0.06,-0.65
2024-10-15T00:16:55Z,"0002cc0100000eb0","36543876f7f935690a1512c6c9000000000f010000006f98766576806f2de5267ce2",2,3.34,,10,21.07,77.65,,0.00,,1,15,0,0,,,0.61,-0.08,0.22,0.41,0.40,0.24
2024-10-15T00:22:51Z,"0002cc0100000eb0","365438785bf9356d0a1512c692000000000f000000007cc177e974b177297671",2,3.34,,10,21.07,77.57,,0.00,,0,15,0,0,,,,0.40,0.45,0.29,0.49,0.59
2024-10-15T00:28:47Z,"0002cc0100000eb0","36543879bff935710a150ec648000000000f00000000fc4fee3276e5770375b7",2,3.34,,10,21.05,77.45,,0.00,,0,15,0,0,,,,0.36,0.44,0.43,-0.19,-0.54
2024-10-15T00:34:43Z,"0002cc0100000eb0","3654387b23f935610a1512c7620000000012030000006cea7cfe753c74c576ec772d",2,3.34,,10,21.07,77.89,,0.00,,3,18,0,0,,,0.45,0.43,0.30,0.33,0.62,0.15
2024-10-15T00:40:39Z,"0002cc0100000eb0","3654387c87f935690a1521c7dd0000000014020000007cfc77905f546fc4dd39",2,3.34,,10,21.13,78.07,,0.00,,2,20,0,0,,,,-0.04,0.24,0.06,0.47,0.62
2024-10-15T00:46:35Z,"0002cc0100000eb0","3654387debf935690a1519c65d000000001400000000fcfcf5d5fc1cfcd6ef9a",2,3.34,,10,21.10,77.49,,0.00,,0,20,0,0,,,,-0.24,-0.60,-0.51,-0.36,-0.62
2024-10-15T00:52:31Z,"0002cc0100000eb0","3654387f4ff935650a1521c800000000001501000000e63e77e9dfe77749749c",2,3.34,,10,21.13,78.13,,0.00,,1,21,0,0,,,,0.29,0.46,-0.06,0.49,-0.10
2024-10-15T00:58:27Z,"0002cc0100000eb0","36543880b3f935690a152bc85b00000000180300000074d174e86db66dad75257d30",2,3.34,,10,21.17,78.27,,0.00,,3,24,0,0,,,0.65,0.32,0.18,0.18,0.31,0.30
2024-10-15T01:04:23Z,"0002cc0100000eb0","3654388217f935610a1524c6810000000019010000007485751f7ca1fc62f769",2,3.34,,10,21.14,77.54,,0.00,,1,25,0,0,,,,-0.46,-0.55,0.58,0.32,0.28
2024-10-15T01:10:18Z,"0002cc0100000eb0","365438837af935610a1524c7b5000000001b02000000fe4dfe96578e4fc97c66",2,3.34,,10,21.14,78.01,,0.00,,2,27,0,0,,,,0.55,0.02,0.03,-0.82,-0.79
2024-10-15T01:16:14Z,"0002cc0100000eb0","36543884def935710a1527c6f3000000001b0000000076e57ce67d4b76b63d86",2,3.34,,10,21.15,77.72,,0.00,,0,27,0,0,,,,0.00,0.42,0.66,0.61,0.43
2024-10-15T01:22:10Z,"0002cc0100000eb0","3654388642f935710a1530c68f000000001e0300000076347c457c8b76cd6405fc14",2,3.34,,10,21.18,77.56,,0.00,,3,30,0,0,,,-0.51,0.06,0.42,0.57,0.53,0.39
2024-10-15T01:28:06Z,"0002cc0100000eb0","36543887a6f935690a1530c729000000001f01000000fca0fe09f7e474377721",2,3.34,,10,21.18,77.80,,0.00,,1,31,0,0,,,,0.45,0.26,-0.49,-0.75,-0.58
2024-10-15T01:34:02Z,"0002cc0100000eb0","365438890af935650a153ec9fe0000000021020000007c6f5c597cb97c757769",2,3.34,,10,21.24,78.90,,0.00,,2,33,0,0,,,,0.46,0.56,0.59,0.03,0.55
2024-10-15T01:39:58Z,"0002cc0100000eb0","3654388a6ef935690a153ec89f0000000022010000007c557d1ddee374b35f8e75af",2,3.34,,10,21.24,78.37,,0.00,,1,34,0,0,,,0.36,0.06,0.29,-0.05,0.64,0.54
2024-10-15T01:45:54Z,"0002cc0100000eb0","3654388bd2f9356d0a1549c8a600000000230100000076b87d8177a975e37cb9",2,3.34,,10,21.28,78.38,,0.00,,1,35,0,0,,,,0.59,0.37,0.48,0.69,0.42
2024-10-15T01:51:50Z,"0002cc0100000eb0","3654388d36f935710a153ec75c0000000024010000007488e676e794deb9f4f6fd36",2,3.34,,10,21.24,77.88,,0.00,,1,36,0,0,,,-0.65,-0.31,-0.05,-0.12,-0.10,0.28
2024-10-15T01:57:46Z,"0002cc0100000eb0","3654388e9af935690a153ec8b40000000026020000007c547c866ef37cf774d8",2,3.34,,10,21.24,78.40,,0.00,,2,38,0,0,,,,0.30,0.62,0.22,0.57,0.54
2024-10-15T02:03:42Z,"0002cc0100000eb0","3654388ffef9356d0a1541c81c0000000026000000007d7b7c2a7cb17dc26cf16d6c",2,3.34,,10,21.25,78.17,,0.00,,0,38,0,0,,,0.17,0.15,0.72,0.59,0.52,0.69
2024-10-15T02:09:38Z,"0002cc0100000eb0","3654389162f935710a153ec7160000000026000000007c04fcc7ed9bfcc46492",2,3.34,,10,21.24,77.77,,0.00,,0,38,0,0,,,,0.07,-0.60,-0.18,-0.60,0.50
2024-10-15T02:15:34Z,"0002cc0100000eb0","36543892c6f935610a1536c8a90000000029030000006dc776d66f1e667aed767774",2,3.34,,10,21.21,78.38,,0.00,,3,41,0,0,,,0.47,-0.17,0.10,0.22,0.43,0.18
2024-10-15T02:21:30Z,"0002cc0100000eb0","365438942af935710a1541c735000000002b020000007d60759f77917c917d65",2,3.34,,10,21.25,77.82,,0.00,,2,43,0,0,,,,0.67,0.57,0.47,0.35,0.67
2024-10-15T02:27:26Z,"0002cc0100000eb0","365438958ef935690a1536c68d000000002b000000007612d68bf551e652f588",2,3.34,,10,21.21,77.56,,0.00,,0,43,0,0,,,,-0.35,-0.10,-0.33,-0.03,0.38
2024-10-15T02:33:22Z,"0002cc0100000eb0","36543896f2f935690a1533c786000000002d02000000eddced38749b76dc7c7a7d03",2,3.34,,10,21.20,77.94,,0.00,,2,45,0,0,,,0.63,0.56,0.43,0.29,-0.16,-0.18
2024-10-15T02:39:18Z,"0002cc0100000eb0","3654389856f934360a153ec94e000000002f0200000076e1745a6ded750d7c36",2,3.26,,10,21.24,78.64,,0.00,,2,47,0,0,,,,0.53,0.32,0.19,0.27,0.43
2024-10-15T02:45:13Z,"0002cc0100000eb0","36543899b9f9356d0a153ac6ab000000002f000000007c0a7662f7c4f570f689",2,3.34,,10,21.22,77.61,,0.00,,0,47,0,0,,,,-0.41,-0.34,-0.49,0.40,0.50
2024-10-15T02:51:10Z,"0002cc0100000eb0","3654389b1ef935690a1533c87c000000003102000000fd0ffc0bfda06e927c777dad",2,3.34,,10,21.20,78.32,,0.00,,2,49,0,0,,,0.71,0.56,0.21,-0.70,-0.51,-0.63
2024-10-15T02:57:05Z,"0002cc0100000eb0","3654389c81f935710a153ec75c00000000320100000077df66756d1474326f14",2,3.34,,10,21.24,77.88,,0.00,,1,50,0,0,,,,0.22,0.26,0.16,0.10,0.49
2024-10-15T03:03:01Z,"0002cc0100000eb0","3654389de5f935710a153ac78b000000003301000000770d7784f79974757525",2,3.34,,10,21.22,77.95,,0.00,,1,51,0,0,,,,0.32,0.28,-0.47,0.47,0.44
2024-10-15T03:08:57Z,"0002cc0100000eb0","3654389f49f935690a1533c80c000000003300000000fdedfff6e4b7e4bd6fa677fe",2,3.34,,10,21.20,78.14,,0.00,,0,51,0,0,,,0.50,0.24,-0.07,-0.07,-0.99,-0.74
2024-10-15T03:14:53Z,"0002cc0100000eb0","365438a0adf935650a1530c6c6000000003300000000fcc8fd8bfe48f5bffe5a",2,3.34,,10,21.18,77.65,,0.00,,0,51,0,0,,,,-0.79,-0.36,-0.79,-0.69,-0.60
2024-10-15T03:20:49Z,"0002cc0100000eb0","365438a211f935650a153ac842000000003401000000fd9ff6b2f4cd76727c01",2,3.34,,10,21.22,78.23,,0.00,,1,52,0,0,,,,0.50,0.40,-0.30,-0.42,-0.70
2024-10-15T03:26:45Z,"0002cc0100000eb0","365438a375f935540a153ec884000000003400000000776a749964626dd07698",2,3.33,,10,21.24,78.33,,0.00,,0,52,0,0,,,,0.41,0.18,0.07,0.29,0.46
2024-10-15T03:32:41Z,"0002cc0100000eb0","365438a4d9f935710a153ac70500000000340000000075a377c87770efb2fc87",2,3.34,,10,21.22,77.74,,0.00,,0,52,0,0,,,,-0.57,-0.24,0.46,0.49,0.35
2024-10-15T03:38:37Z,"0002cc0100000eb0","365438a63df935650a1530c70d000000003400000000f77ee4b8e49b76d877a4dc7b",2,3.34,,10,21.18,77.76,,0.00,,0,52,0,0,,,-0.04,0.48,0.43,-0.07,-0.07,-0.47
2024-10-15T03:44:33Z,"0002cc0100000eb0","365438a7a1f2020402001530c61e000000003400000000742375f2fed0f6e9fef2",2,,2.4.2.0,,21.18,77.39,,0.00,,0,52,0,0,,,,-0.87,-0.43,-0.85,0.37,0.26
2024-10-15T03:50:29Z,"0002cc0100000eb0","365438a905f935710a1536c8000000000037030000007cd06e79778e7c79f7f4",2,3.34,,10,21.21,78.13,,0.00,,3,55,0,0,,,,-0.50,0.56,0.47,0.20,0.60
2024-10-15T03:56:25Z,"0002cc0100000eb0","365438aa69f935710a1541c81c0000000037000000006f53dcbe76986e1c75a3",2,3.34,,10,21.25,78.17,,0.00,,0,55,0,0,,,,0.35,0.19,0.41,-0.04,0.23
2024-10-15T04:02:21Z,"0002cc0100000eb0","365438abcdf935650a153ec6a50000000037000000007c5b6fe275e6fde3f6c5f7b8",2,3.34,,10,21.24,77.60,,0.00,,0,55,0,0,,,-0.48,-0.42,-0.74,0.37,0.25,0.54
2024-10-15T04:08:17Z,"0002cc0100000eb0","365438ad31f935690a153ac810000000003700000000f5e8feddf67274fa74be",2,3.34,,10,21.22,78.15,,0.00,,0,55,0,0,,,,0.30,0.31,-0.40,-0.86,-0.37
2024-10-15T04:14:13Z,"0002cc0100000eb0","365438ae95f935650a153ac72900000000380100000075dd7c5c7c96f487d6d5ffff",2,3.34,,10,21.22,77.80,,0.00,,1,56,0,0,,,-1.00,-0.03,-0.28,0.57,0.54,0.37
2024-10-15T04:20:08Z,"0002cc0100000eb0","365438aff8f9356d0a152bc5e4000000003800000000fe3efffffeef77b2773c",2,3.34,,10,21.17,77.30,,0.00,,0,56,0,0,,,,0.45,0.48,-0.87,-1.00,-0.78
2024-10-15T04:26:05Z,"0002cc0100000eb0","365438b15df9356d0a1530c6810000000038000000007411ff8ed6f5f47afc19fd34",2,3.34,,10,21.18,77.54,,0.00,,0,56,0,0,,,-0.65,-0.51,-0.28,-0.03,-0.94,0.25
2024-10-15T04:32:00Z,"0002cc0100000eb0","365438b2c0f935690a152bc6bd000000003800000000fffff62e75677ca6ff41",2,3.34,,10,21.17,77.63,,0.00,,0,56,0,0,,,,-0.91,0.58,0.34,-0.39,-1.00
2024-10-15T04:37:56Z,"0002cc0100000eb0","365438b424f935690a1521c60e000000003800000000fdccfeccfeadffffffff",2,3.34,,10,21.13,77.37,,0.00,,0,56,0,0,,,,-1.00,-1.00,-0.83,-0.85,-0.72
2024-10-15T04:43:52Z,"0002cc0100000eb0","365438b588f935710a1516c527000000003800000000ffffffffffffffffff4d",2,3.34,,10,21.08,77.01,,0.00,,0,56,0,0,,,,-0.91,-1.00,-1.00,-1.00,-1.00
2024-10-15T04:49:48Z,"0002cc0100000eb0","365438b6ecf935750a150ec4e3000000003800000000ffffff53ffffffffffff",2,3.34,,10,21.05,76.91,,0.00,,0,56,0,0,,,,-1.00,-1.00,-1.00,-0.92,-1.00
2024-10-15T04:55:44Z,"0002cc0100000eb0","365438b850f9356d0a150ec4b9000000003800000000ffffffffff7bffffffffffff",2,3.34,,10,21.05,76.85,,0.00,,0,56,0,0,,,-1.00,-1.00,-1.00,-0.93,-1.00,-1.00
2024-10-15T05:01:40Z,"0002cc0100000eb0","365438b9b4f935750a1503c458000000003800000000fffffea7ffffffffffff",2,3.34,,10,21.01,76.70,,0.00,,0,56,0,0,,,,-1.00,-1.00,-1.00,-0.83,-1.00
2024-10-15T05:07:36Z,"0002cc0100000eb0","365438bb18f935790a1500c462000000003800000000ffffffffffffffffffffffff",2,3.34,,10,21.00,76.71,,0.00,,0,56,0,0,,,-1.00,-1.00,-1.00,-1.00,-1.00,-1.00
2024-10-15T05:13:32Z,"0002cc0100000eb0","365438bc7cf935710a1500c3e4000000003800000000ffffffffffffffffffff",2,3.34,,10,21.00,76.52,,0.00,,0,56,0,0,,,,-1.00,-1.00,-1.00,-1.00,-1.00
2024-10-15T05:19:28Z,"0002cc0100000eb0","365438bde0f935790a14f8c42c000000003800000000ffffffffffbfffffffff",2,3.34,,10,20.97,76.63,,0.00,,0,56,0,0,,,,-1.00,-1.00,-0.97,-1.00,-1.00
2024-10-15T05:25:24Z,"0002cc0100000eb0","365438bf44f935710a14f5c40e000000003800000000fffffffffffffebbffff",2,3.34,,10,20.95,76.59,,0.00,,0,56,0,0,,,,-1.00,-0.84,-1.00,-1.00,-1.00
2024-10-15T05:31:20Z,"0002cc0100000eb0","365438c0a8f935690a14f8c42c000000003800000000ffffffffffffffffffff",2,3.34,,10,20.97,76.63,,0.00,,0,56,0,0,,,,-1.00,-1.00,-1.00,-1.00,-1.00
2024-10-15T05:37:16Z,"0002cc0100000eb0","365438c20cf935790a14f1c3c6000000003800000000ffffffffffffffffff85ffff",2,3.34,,10,20.94,76.48,,0.00,,0,56,0,0,,,-1.00,-0.94,-1.00,-1.00,-1.00,-1.00
2024-10-15T05:43:12Z,"0002cc0100000eb0","365438c370f935710a14f8c3bd000000003800000000ffffffffffffffffffff",2,3.34,,10,20.97,76.46,,0.00,,0,56,0,0,,,,-1.00,-1.00,-1.00,-1.00,-1.00
2024-10-15T05:49:08Z,"0002cc0100000eb0","365438c4d4f9356d0a14f5c36e000000003800000000ffffffffffffffffffff",2,3.34,,10,20.95,76.34,,0.00,,0,56,0,0,,,,-1.00,-1.00,-1.00,-1.00,-1.00
2024-10-15T05:55:04Z,"0002cc0100000eb0","365438c638f9356d0a14f1c348000000003800000000ffffffffffffffffffff",2,3.34,,10,20.94,76.28,,0.00,,0,56,0,0,,,,-1.00,-1.00,-1.00,-1.00,-1.00
2024-10-15T06:01:00Z,"0002cc0100000eb0","365438c79cf9356d0a14f5c351000000003800000000fe3cfe7afcbcfeb6fe19ff6f",2,3.34,,10,20.95,76.30,,0.00,,0,56,0,0,,,-0.93,-0.76,-0.84,-0.59,-0.81,-0.78
2024-10-15T06:06:56Z,"0002cc0100000eb0","365438c900f935690a14f1c43d000000003800000000ff49fc7cffc8fc0ffd41",2,3.34,,10,20.94,76.66,,0.00,,0,56,0,0,,,,-0.66,-0.51,-0.97,-0.56,-0.91
2024-10-15T06:12:52Z,"0002cc0100000eb0","365438ca64f935650a14fcc5940000000038000000007c59749e6d9f77636d3b",2,3.34,,10,20.98,77.18,,0.00,,0,56,0,0,,,,0.16,0.46,0.18,0.29,0.54
2024-10-15T06:18:48Z,"0002cc0100000eb0","365438cbc8f935610a150bc63800000000380000000077287c515e7075df760e",2,3.34,,10,21.04,77.43,,0.00,,0,56,0,0,,,,0.38,0.37,0.05,0.54,0.45
2024-10-15T06:24:44Z,"0002cc0100000eb0","365438cd2cf9356d0a150bc53c00000000390100000075d5773b6e6eeda0ec2175d4",2,3.34,,10,21.04,77.05,,0.00,,1,57,0,0,,,0.36,-0.13,-0.18,0.20,0.45,0.36
2024-10-15T06:30:40Z,"0002cc0100000eb0","365438ce90f935610a1519c626000000003c03000000764f76cf745e6ddf7cce",2,3.34,,10,21.10,77.40,,0.00,,3,60,0,0,,,,0.60,0.18,0.27,0.43,0.39
2024-10-15T06:36:36Z,"0002cc0100000eb0","365438cff4f935690a1521c54b000000003d0100000074a57cb57cdc5f7ef474",2,3.34,,10,21.13,77.07,,0.00,,1,61,0,0,,,,-0.28,0.06,0.61,0.59,0.29
2024-10-15T06:42:32Z,"0002cc0100000eb0","365438d158f935690a151cc5a3000000003f020000006f82f5edee9f7ccb6d90",2,3.34,,10,21.11,77.20,,0.00,,2,63,0,0,,,,0.17,0.60,-0.21,-0.37,0.23
2024-10-15T06:48:28Z,"0002cc0100000eb0","365438d2bcf935690a1533c72b0000000042030000007cd07c24eda8648166d176c2",2,3.34,,10,21.20,77.80,,0.00,,3,66,0,0,,,0.42,0.11,0.07,-0.18,0.52,0.60
2024-10-15T06:54:24Z,"0002cc0100000eb0","365438d420f935690a1530c5b5000000004200000000747576faf526f643fc21",2,3.34,,10,21.18,77.23,,0.00,,0,66,0,0,,,,-0.52,-0.39,-0.32,0.44,0.28
2024-10-15T07:00:19Z,"0002cc0100000eb0","365438d583f935690a1536c60e0000000042000000007c576d976e7176527d26",2,3.34,,10,21.21,77.37,,0.00,,0,66,0,0,,,,0.64,0.39,0.20,0.17,0.54
2024-10-15T07:06:15Z,"0002cc0100000eb0","365438d6e7f9356d0a1527c5e2000000004200000000776b74b36748e40a740aece5",2,3.34,,10,21.15,77.30,,0.00,,0,66,0,0,,,-0.15,0.25,-0.06,0.11,0.29,0.46
2024-10-15T07:12:11Z,"0002cc0100000eb0","365438d84bf935710a1521c57b0000000042000000007cbc75c7e78fef9de481",2,3.34,,10,21.13,77.14,,0.00,,0,66,0,0,,,,-0.07,-0.24,-0.12,0.36,0.59
2024-10-15T07:18:07Z,"0002cc0100000eb0","365438d9aff935650a1524c8a3000000004200000000f5ef779f7c8a6f8c6c977441",2,3.34,,10,21.14,78.37,,0.00,,0,66,0,0,,,0.27,0.14,0.24,0.57,0.48,-0.37
2024-10-15T07:24:03Z,"0002cc0100000eb0","365438db13f935790a1536c6e7000000004402000000652d6c576dff749cfe89",2,3.34,,10,21.21,77.70,,0.00,,2,68,0,0,,,,-0.82,0.29,0.19,0.14,0.08
2024-10-15T07:29:59Z,"0002cc0100000eb0","365438dc77f935690a1533c75c392ed00044000000007758f63d76136e94f5eb",2,3.34,,10,21.20,77.88,,0.02,,0,68,0,0,,,,-0.37,0.21,0.38,-0.39,0.46
2024-10-15T07:35:55Z,"0002cc0100000eb0","365438dddbf935690a1533c6e40000000047030000007c5e7d6276bb67ef7d107c4b",2,3.34,,10,21.20,77.69,,0.00,,3,71,0,0,,,0.54,0.63,0.12,0.42,0.67,0.55
2024-10-15T07:41:51Z,"0002cc0100000eb0","365438df3ff935710a152bc5c9000000004700000000f66c66e4f5c3f4c2eeb8",2,3.34,,10,21.17,77.26,,0.00,,0,71,0,0,,,,-0.21,-0.30,-0.36,0.11,-0.40
2024-10-15T07:47:47Z,"0002cc0100000eb0","365438e0a3f2020402001527c63e0000000047000000006d0eed7bf598e4f07d42750d",2,,2.4.2.0,,21.15,77.44,,0.00,,0,71,0,0,,,0.32,0.66,-0.08,-0.35,-0.17,0.16
2024-10-15T07:53:43Z,"0002cc0100000eb0","365438e207f935710a152bc6b7000000004700000000dece76de7c8f6c9e661a",2,3.34,,10,21.17,77.62,,0.00,,0,71,0,0,,,,0.10,0.14,0.57,0.43,-0.05
2024-10-15T07:59:39Z,"0002cc0100000eb0","365438e36bf935710a151cc5db000000004700000000ffffff14fd917d87f440ffff",2,3.34,,10,21.11,77.29,,0.00,,0,71,0,0,,,-1.00,-0.27,0.69,-0.70,-0.88,-1.00
2024-10-15T08:05:35Z,"0002cc0100000eb0","365438e4cff935690a1516c527000000004700000000fc99ff58ff75ffffffff",2,3.34,,10,21.08,77.01,,0.00,,0,71,0,0,,,,-1.00,-1.00,-0.93,-0.92,-0.57
2024-10-15T08:11:31Z,"0002cc0100000eb0","365438e633f9356d0a150ec507000000004700000000ffffffffffffffffffff",2,3.34,,10,21.05,76.96,,0.00,,0,71,0,0,,,,-1.00,-1.00,-1.00,-1.00,-1.00
2024-10-15T08:17:27Z,"0002cc0100000eb0","365438e797f935710a1507c476000000004700000000ffffffffffffffffffff",2,3.34,,10,21.03,76.74,,0.00,,0,71,0,0,,,,-1.00,-1.00,-1.00,-1.00,-1.00
2024-10-15T08:23:23Z,"0002cc0100000eb0","365438e8fbf935710a14fcc3f8000000004700000000ffffffffffffffffffff",2,3.34,,10,20.98,76.55,,0.00,,0,71,0,0,,,,-1.00,-1.00,-1.00,-1.00,-1.00
2024-10-15T08:29:12Z,"0002cc0100000eb0","365438ea58f9355d0a14f8c330000000004700000000ffffffffffffffffffffff46",3,3.34,,10,20.97,76.25,,0.00,,0,71,0,0,,,-0.91,-1.00,-1.00,-1.00,-1.00,-1.00
2024-10-15T08:35:08Z,"0002cc0100000eb0","365438ebbcf9356d0a14f1c39c000000004700000000ffa3ffffffdaffffffff",2,3.34,,10,20.94,76.41,,0.00,,0,71,0,0,,,,-1.00,-1.00,-0.98,-1.00,-0.95
2024-10-15T08:41:04Z,"0002cc0100000eb0","365438ed20f935690a14f5c398000000004700000000fffffe70ffffffffffffffff",2,3.34,,10,20.95,76.40,,0.00,,0,71,0,0,,,-1.00,-1.00,-1.00,-1.00,-0.80,-1.00
2024-10-15T08:47:00Z,"0002cc0100000eb0","365438ee84f935690a14f5c359000000004700000000ffffffffff94ffffffff",2,3.34,,10,20.95,76.31,,0.00,,0,71,0,0,,,,-1.00,-1.00,-0.95,-1.00,-1.00
2024-10-15T08:52:56Z,"0002cc0100000eb0","365438efe8f9356d0a14f1c302000000004700000000ffffffffffc4ffffffffffff",2,3.34,,10,20.94,76.18,,0.00,,0,71,0,0,,,-1.00,-1.00,-1.00,-0.97,-1.00,-1.00
2024-10-15T08:58:52Z,"0002cc0100000eb0","365438f14cf935690a14eec330000000004700000000ffffffffffffffffffff",2,3.34,,10,20.93,76.25,,0.00,,0,71,0,0,,,,-1.00,-1.00,-1.00,-1.00,-1.00
2024-10-15T09:04:47Z,"0002cc0100000eb0","365438f2aff935710a14eec2e4000000004700000000fffffd3fffdeffffffff",2,3.34,,10,20.93,76.13,,0.00,,0,71,0,0,,,,-1.00,-1.00,-0.98,-0.66,-1.00
2024-10-15T09:10:43Z,"0002cc0100000eb0","365438f413f935690a14eac29c000000004700000000ffffffffffffffffffff",2,3.34,,10,20.91,76.02,,0.00,,0,71,0,0,,,,-1.00,-1.00,-1.00,-1.00,-1.00
2024-10-15T09:16:39Z,"0002cc0100000eb0","365438f577f935690a14f1c311000000004700000000fce6f523ffcdffffffffffff",2,3.34,,10,20.94,76.20,,0.00,,0,71,0,0,,,-1.00,-1.00,-1.00,-0.97,-0.32,-0.61
2024-10-15T09:22:35Z,"0002cc0100000eb0","365438f6dbf9356d0a14f5c2e8000000004700000000ffffffffffffffffffff",2,3.34,,10,20.95,76.14,,0.00,,0,71,0,0,,,,-1.00,-1.00,-1.00,-1.00,-1.00
2024-10-15T09:28:32Z,"0002cc0100000eb0","365438f840f935650a14eec26d000000004700000000ffffffffff43ffffffffffff",2,3.34,,10,20.93,75.95,,0.00,,0,71,0,0,,,-1.00,-1.00,-1.00,-0.91,-1.00,-1.00
2024-10-15T09:34:27Z,"0002cc0100000eb0","365438f9a3f935650a14eec2ba000000004700000000ffffffffff3fffffffff",2,3.34,,10,20.93,76.07,,0.00,,0,71,0,0,,,,-1.00,-1.00,-0.91,-1.00,-1.00
2024-10-15T09:40:23Z,"0002cc0100000eb0","365438fb07f935710a14eec2e4000000004700000000ffffffbcffffffffffffffff",2,3.34,,10,20.93,76.13,,0.00,,0,71,0,0,,,-1.00,-1.00,-1.00,-1.00,-0.97,-1.00
2024-10-15T09:46:19Z,"0002cc0100000eb0","365438fc6bf935610a14eec290000000004700000000ffffffffff36fd59e483",2,3.34,,10,20.93,76.00,,0.00,,0,71,0,0,,,,-0.07,-0.67,-0.90,-1.00,-1.00
2024-10-15T09:52:15Z,"0002cc0100000eb0","365438fdcff935610a14f8c3ae000000004a0300000066ff76e8757a7c5b7571",2,3.34,,10,20.97,76.44,,0.00,,3,74,0,0,,,,0.34,0.54,0.34,0.43,0.11
2024-10-15T09:58:11Z,"0002cc0100000eb0","365438ff33f935610a150bc549000000004d030000007d7a7c387c486fee7502",2,3.34,,10,21.04,77.07,,0.00,,3,77,0,0,,,,0.31,0.25,0.54,0.53,0.68
2024-10-15T10:04:07Z,"0002cc0100000eb0","3654390097f9356d0a1512c3f6000000004d00000000751bf569f47bed82df37eed8",2,3.34,,10,21.07,76.55,,0.00,,0,77,0,0,,,-0.21,-0.06,-0.17,-0.28,-0.34,0.32
2024-10-15T10:10:03Z,"0002cc0100000eb0","36543901fbf935750a150ec537000000004d00000000fc9dfd1c5780f4966ecc",2,3.34,,10,21.05,77.04,,0.00,,0,77,0,0,,,,0.21,-0.29,0.03,-0.64,-0.58
2024-10-15T10:15:59Z,"0002cc0100000eb0","365439035ff935690a1516c504000000005003000000f48877c077cb7660769776a9",2,3.34,,10,21.08,76.96,,0.00,,3,80,0,0,,,0.42,0.41,0.40,0.49,0.48,-0.28
2024-10-15T10:21:55Z,"0002cc0100000eb0","36543904c3f9356d0a1512c46100000000500000000067766ef77635fdc3fc10",2,3.34,,10,21.07,76.71,,0.00,,0,80,0,0,,,,-0.51,-0.72,0.39,0.22,0.12
2024-10-15T10:27:51Z,"0002cc0100000eb0","3654390627f9356d0a1516c4d3000000005101000000fd9b754a6f4a6e64766a7478",2,3.34,,10,21.08,76.89,,0.00,,1,81,0,0,,,0.28,0.40,0.20,0.23,0.33,-0.70
2024-10-15T10:33:47Z,"0002cc0100000eb0","365439078bf935750a1516c53400000000510000000064f1f761f4e1fd0d4521",2,3.34,,10,21.08,77.03,,0.00,,0,81,0,0,,,,0.01,-0.63,-0.31,-0.46,0.08
2024-10-15T10:39:43Z,"0002cc0100000eb0","36543908eff935650a1519c3bd000000005201000000775bee2cfd82ffd0fc32f7bb",2,3.34,,10,21.10,76.46,,0.00,,1,82,0,0,,,-0.48,-0.52,-0.98,-0.69,-0.19,0.46
2024-10-15T10:45:39Z,"0002cc0100000eb0","3654390a53f935690a1512c4670000000052000000006d63f57d76f37c8cfc85",2,3.34,,10,21.07,76.72,,0.00,,0,82,0,0,,,,-0.56,0.57,0.43,-0.34,0.17
2024-10-15T10:51:35Z,"0002cc0100000eb0","3654390bb7f935650a150ec4560000000052000000006722744dfe58ff2effff",2,3.34,,10,21.05,76.69,,0.00,,0,82,0,0,,,,-1.00,-0.90,-0.79,0.27,0.11
2024-10-15T10:57:31Z,"0002cc0100000eb0","3654390d1bf935690a150bc3f2000000005200000000fe59fffbfe50ffd1fffffeb0",2,3.34,,10,21.04,76.54,,0.00,,0,82,0,0,,,-0.84,-1.00,-0.98,-0.79,-1.00,-0.79
2024-10-15T11:03:26Z,"0002cc0100000eb0","3654390e7ef935650a14fcc38f3e15bb005200000000ffffffffffffffffffe2",2,3.34,,10,20.98,76.39,,0.54,,0,82,0,0,,,,-0.99,-1.00,-1.00,-1.00,-1.00
2024-10-15T11:09:23Z,"0002cc0100000eb0","3654390fe3f935690a14f8c3ae3e1ba1005200000000ffffffffffffffffffffffff",2,3.34,,10,20.97,76.44,,0.55,,0,82,0,0,,,-1.00,-1.00,-1.00,-1.00,-1.00,-1.00
2024-10-15T11:15:18Z,"0002cc0100000eb0","3654391146f9356d0a14f5c3603dd300005200000000fffffed6fff6ffffffff",2,3.34,,10,20.95,76.32,,0.46,,0,82,0,0,,,,-1.00,-1.00,-1.00,-0.85,-1.00
2024-10-15T11:21:15Z,"0002cc0100000eb0","36543912abf935650a14f5c2cd3e15bb005200000000ffffffffffffffffffffffff",2,3.34,,10,20.95,76.10,,0.54,,0,82,0,0,,,-1.00,-1.00,-1.00,-1.00,-1.00,-1.00
2024-10-15T11:27:10Z,"0002cc0100000eb0","365439140ef9356d0a14eec2883e0c45005200000000ffffffffffffffffffff",2,3.34,,10,20.93,75.99,,0.52,,0,82,0,0,,,,-1.00,-1.00,-1.00,-1.00,-1.00
2024-10-15T11:33:07Z,"0002cc0100000eb0","3654391573f935690a14f1c3023e15bb005200000000fffffe4dffffffffffffffff",2,3.34,,10,20.94,76.18,,0.54,,0,82,0,0,,,-1.00,-1.00,-1.00,-1.00,-0.79,-1.00
2024-10-15T11:39:02Z,"0002cc0100000eb0","36543916d6f935710a14eec2513e15bb005200000000ffffff76ffffffffffff",2,3.34,,10,20.93,75.91,,0.54,,0,82,0,0,,,,-1.00,-1.00,-1.00,-0.93,-1.00
2024-10-15T11:44:58Z,"0002cc0100000eb0","365439183af9356d0a14eac27f3dd300005200000000fea7ffffffffffffffffffff",2,3.34,,10,20.91,75.98,,0.46,,0,82,0,0,,,-1.00,-1.00,-1.00,-1.00,-1.00,-0.83
2024-10-15T11:50:54Z,"0002cc0100000eb0","365439199ef20204020014eec26d3dd300005200000000ff16ffffffffffffffff",2,,2.4.2.0,,20.93,75.95,,0.46,,0,82,0,0,,,,-1.00,-1.00,-1.00,-1.00,-0.89
2024-10-15T11:56:50Z,"0002cc0100000eb0","3654391b02f9356d0a14eec2513dd300005200000000ffffffffff61ffffff48",2,3.34,,10,20.93,75.91,,0.46,,0,82,0,0,,,,-0.91,-1.00,-0.92,-1.00,-1.00
2024-10-15T12:02:46Z,"0002cc0100000eb0","3654391c66f9356d0a14eec1af3e0c45005200000000ffffffffffffffffffffffff",2,3.34,,10,20.93,75.66,,0.52,,0,82,0,0,,,-1.00,-1.00,-1.00,-1.00,-1.00,-1.00
2024-10-15T12:08:42Z,"0002cc0100000eb0","3654391dcaf935790a14e3c21f3e15bb005200000000ff24ffffffffffffffff",2,3.34,,10,20.89,75.83,,0.54,,0,82,0,0,,,,-1.00,-1.00,-1.00,-1.00,-0.89
2024-10-15T12:14:38Z,"0002cc0100000eb0","3654391f2ef935710a14e6c1d63da55d005200000000ff9bfc27ffe7ff6bffff",2,3.34,,10,20.90,75.72,,0.41,,0,82,0,0,,,,-1.00,-0.93,-0.99,-0.52,-0.95
2024-10-15T12:20:34Z,"0002cc0100000eb0","3654392092f935710a14e6c1ce3e0c45005200000000ffffffffffffffffffffffff",2,3.34,,10,20.90,75.71,,0.52,,0,82,0,0,,,-1.00,-1.00,-1.00,-1.00,-1.00,-1.00
2024-10-15T12:26:30Z,"0002cc0100000eb0","36543921f6f935710a14e3c2123da55d005200000000fffffffffeb5ffffffff",2,3.34,,10,20.89,75.81,,0.41,,0,82,0,0,,,,-1.00,-1.00,-0.84,-1.00,-1.00
2024-10-15T12:32:26Z,"0002cc0100000eb0","365439235af935480a14e3c1713dd300005200000000ffffffffffffffaffff6",2,3.33,,10,20.89,75.56,,0.46,,0,82,0,0,,,,-1.00,-0.96,-1.00,-1.00,-1.00
2024-10-15T12:38:22Z,"0002cc0100000eb0","36543924bef935710a14e0c1443e0c45005200000000ffffffaafedcffffffffffcb",2,3.34,,10,20.87,75.50,,0.52,,0,82,0,0,,,-0.97,-1.00,-1.00,-0.86,-0.96,-1.00
2024-10-15T12:44:18Z,"0002cc0100000eb0","3654392622f935710a14e6c1a43e15bb005200000000ffffffffffffffffffa3",2,3.34,,10,20.90,75.64,,0.54,,0,82,0,0,,,,-0.95,-1.00,-1.00,-1.00,-1.00
2024-10-15T12:50:14Z,"0002cc0100000eb0","3654392786f9356d0a14e0c1613dd300005200000000fdaafd99ffffffffffc1",2,3.34,,10,20.87,75.54,,0.46,,0,82,0,0,,,,-0.97,-1.00,-1.00,-0.70,-0.71
2024-10-15T12:56:10Z,"0002cc0100000eb0","36543928eaf935690a14e6c1bf3de7da005200000000fe16fcb3fefaff3afe20",2,3.34,,10,20.90,75.68,,0.48,,0,82,0,0,,,,-0.77,-0.90,-0.87,-0.59,-0.76
2024-10-15T13:02:06Z,"0002cc0100000eb0","3654392a4ef935710a14eec3473dd30000530100000055247523f49277226e82",2,3.34,,10,20.93,76.28,,0.46,,1,83,0,0,,,,0.20,0.45,-0.29,0.32,0.02
2024-10-15T13:08:02Z,"0002cc0100000eb0","3654392bb2f9356d0a14f8c4343e1ba100530000000074ed6f7874ab77c16dea7c62",2,3.34,,10,20.97,76.64,,0.55,,0,83,0,0,,,0.55,0.18,0.48,0.29,0.23,0.31
2024-10-15T13:13:58Z,"0002cc0100000eb0","3654392d16f935650a1503c3383debca00550200000077a97c46e5f46fd0ffff",2,3.34,,10,21.01,76.26,,0.48,,2,85,0,0,,,,-1.00,0.24,-0.09,0.53,0.48
2024-10-15T13:19:54Z,"0002cc0100000eb0","3654392e7af935650a1503c41f3e1ba100550000000074e0750267c47c1a7cb975b5",2,3.34,,10,21.01,76.61,,0.55,,0,85,0,0,,,0.36,0.59,0.51,0.12,0.31,0.30
2024-10-15T13:25:50Z,"0002cc0100000eb0","3654392fdef935710a150ec3b63cbe270056010000007cfd7402ef607596edd7",2,3.34,,10,21.05,76.45,,0.22,,1,86,0,0,,,,-0.18,0.35,-0.23,0.25,0.62
2024-10-15T13:31:45Z,"0002cc0100000eb0","3654393141f935690a150ec3993dd6f00056000000006ecc7715654e7c06defa",2,3.34,,10,21.05,76.41,,0.46,,0,86,0,0,,,,-0.05,0.50,0.08,0.44,0.21
2024-10-15T13:37:42Z,"0002cc0100000eb0","36543932a6f935710a1507c3263e2afd005600000000ef9a7d4b6731fcbcf4595de5",2,3.34,,10,21.03,76.23,,0.58,,0,86,0,0,,,0.05,-0.27,-0.59,0.11,0.66,-0.24
2024-10-15T13:43:37Z,"0002cc0100000eb0","3654393409f9356d0a150bc3b43debca0056000000007c1574345763fce56c3d",2,3.34,,10,21.04,76.45,,0.48,,0,86,0,0,,,,0.13,-0.61,0.03,0.26,0.51
2024-10-15T13:49:33Z,"0002cc0100000eb0","365439356df935650a14fcc3173dbe27005600000000f420fd4cfffffde9ffaeffff",2,3.34,,10,20.98,76.21,,0.44,,0,86,0,0,,,-1.00,-0.96,-0.74,-1.00,-0.66,-0.26
2024-10-15T13:55:29Z,"0002cc0100000eb0","36543936d1f935650a14f5c3273e1ba1005600000000ffffffffffffffffffff",2,3.34,,10,20.95,76.23,,0.55,,0,86,0,0,,,,-1.00,-1.00,-1.00,-1.00,-1.00
2024-10-15T14:01:25Z,"0002cc0100000eb0","3654393835f935790a14eac2fd3debca005600000000ffffffffffffffffffffffff",2,3.34,,10,20.91,76.17,,0.48,,0,86,0,0,,,-1.00,-1.00,-1.00,-1.00,-1.00,-1.00
2024-10-15T14:07:21Z,"0002cc0100000eb0","3654393999f9356d0a14eec2b43e15bb005600000000fffffffffffffffffebf",2,3.34,,10,20.93,76.06,,0.54,,0,86,0,0,,,,-0.84,-1.00,-1.00,-1.00,-1.00
2024-10-15T14:13:17Z,"0002cc0100000eb0","3654393afdf9356d0a14e6c2763e2517005600000000ffffffffffffffffff14ffff",2,3.34,,10,20.90,75.96,,0.57,,0,86,0,0,,,-1.00,-0.88,-1.00,-1.00,-1.00,-1.00
2024-10-15T14:19:13Z,"0002cc0100000eb0","3654393c61f9356d0a14eac20f3e2517005600000000ffffffffffffffffffff",2,3.34,,10,20.91,75.81,,0.57,,0,86,0,0,,,,-1.00,-1.00,-1.00,-1.00,-1.00
2024-10-15T14:25:09Z,"0002cc0100000eb0","3654393dc5f935480a14eac2553debca005600000000ffffffffffffffffffffffff",2,3.33,,10,20.91,75.91,,0.48,,0,86,0,0,,,-1.00,-1.00,-1.00,-1.00,-1.00,-1.00
2024-10-15T14:31:05Z,"0002cc0100000eb0","3654393f29f935690a14eac2403e1ba1005600000000ffffffffffffffffffff",2,3.34,,10,20.91,75.88,,0.55,,0,86,0,0,,,,-1.00,-1.00,-1.00,-1.00,-1.00
2024-10-15T14:37:01Z,"0002cc0100000eb0","365439408df9356d0a14eac2703e1ba1005600000000ffffffffffffffffffffffff",2,3.34,,10,20.91,75.95,,0.55,,0,86,0,0,,,-1.00,-1.00,-1.00,-1.00,-1.00,-1.00
2024-10-15T14:42:57Z,"0002cc0100000eb0","36543941f1f935710a14e6c28b3e2517005600000000ffffffffffffff10ff0c",2,3.34,,10,20.90,75.99,,0.57,,0,86,0,0,,,,-0.88,-0.88,-1.00,-1.00,-1.00
2024-10-15T14:48:53Z,"0002cc0100000eb0","3654394355f935790a14e3c26d3e2517005600000000ffffffffffffffffffffffff",2,3.34,,10,20.89,75.95,,0.57,,0,86,0,0,,,-1.00,-1.00,-1.00,-1.00,-1.00,-1.00
2024-10-15T14:54:49Z,"0002cc0100000eb0","36543944b9f935690a14eac2403dbe27005600000000f7eaf58aff95ffffffff",2,3.34,,10,20.91,75.88,,0.44,,0,86,0,0,,,,-1.00,-1.00,-0.95,-0.35,-0.49
2024-10-15T15:00:45Z,"0002cc0100000eb0","365439461df935710a14e3c2433dbe27005600000000ffffffffffffffffffff",2,3.34,,10,20.89,75.88,,0.44,,0,86,0,0,,,,-1.00,-1.00,-1.00,-1.00,-1.00
2024-10-15T15:06:41Z,"0002cc0100000eb0","3654394781f935610a14e6c1dc3e0052005600000000ffffffffffffffffffffffff",2,3.34,,10,20.90,75.73,,0.50,,0,86,0,0,,,-1.00,-1.00,-1.00,-1.00,-1.00,-1.00
2024-10-15T15:12:37Z,"0002cc0100000eb0","36543948e5f935690a14e3c16a3e2517005600000000ffffffffffffff92ffff",2,3.34,,10,20.89,75.55,,0.57,,0,86,0,0,,,,-1.00,-0.95,-1.00,-1.00,-1.00
2024-10-15T15:18:33Z,"0002cc0100000eb0","3654394a49f935710a14dcc2153debca005600000000ff40f71ffca5f7a2fee2",2,3.34,,10,20.86,75.81,,0.48,,0,86,0,0,,,,-0.86,-0.48,-0.58,-0.45,-0.91
2024-10-15T15:24:29Z,"0002cc0100000eb0","3654394badf935710a14f5c3ad3debca005600000000747a7c62763075977cb1",2,3.34,,10,20.95,76.44,,0.48,,0,86,0,0,,,,0.59,0.35,0.39,0.55,0.28
2024-10-15T15:30:25Z,"0002cc0100000eb0","3654394d11f935690a14f5c2d33dd6f000560000000074ffee94f701fc68f7a1e536",2,3.34,,10,20.95,76.10,,0.46,,0,86,0,0,,,-0.08,-0.48,-0.55,-0.44,-0.21,0.31
2024-10-15T15:36:21Z,"0002cc0100000eb0","3654394e75f935610a14fcc3f83e2afd005600000000ed2efffff62e777ef640",2,3.34,,10,20.98,76.55,,0.58,,0,86,0,0,,,,-0.39,0.47,-0.39,-1.00,-0.16
2024-10-15T15:42:17Z,"0002cc0100000eb0","3654394fd9f935610a1507c3873e2afd005701000000d78d6ebf6fcb6ce2750d",2,3.34,,10,21.03,76.38,,0.58,,1,87,0,0,,,,0.32,0.15,0.24,0.21,-0.03
2024-10-15T15:48:13Z,"0002cc0100000eb0","365439513df935650a1503c2343e3dea005700000000fffffd88ffccffffee14",2,3.34,,10,21.01,75.86,,0.62,,0,87,0,0,,,,-0.19,-1.00,-0.97,-0.69,-1.00
2024-10-15T15:54:09Z,"0002cc0100000eb0","36543952a1f2020402001507c3563e2afd005700000000ecb2ec05ef48e46f7cd675d7",2,,2.4.2.0,,21.03,76.30,,0.58,,0,87,0,0,,,0.37,0.60,-0.07,-0.23,-0.13,-0.15
2024-10-15T16:00:05Z,"0002cc0100000eb0","3654395405f935710a1507c3963e34740057000000007c05772477857c457daf",2,3.34,,10,21.03,76.40,,0.60,,0,87,0,0,,,,0.71,0.53,0.47,0.45,0.50
2024-10-15T16:06:01Z,"0002cc0100000eb0","3654395569f9356d0a150ec42e3e1ba1005700000000cc23f6126c3275c477797488",2,3.34,,10,21.05,76.63,,0.55,,0,87,0,0,,,0.28,0.47,0.36,0.13,-0.38,-0.01
2024-10-15T16:11:57Z,"0002cc0100000eb0","36543956cdf935710a1521c1913e3a5a00590200000074ef766d7c5f7cb47c74",2,3.34,,10,21.13,75.61,,0.61,,2,89,0,0,,,,0.56,0.59,0.55,0.40,0.31
2024-10-15T16:17:52Z,"0002cc0100000eb0","3654395830f935650a1530c2cd3e0249005b02000000770077176f3c74d476b2",2,3.34,,10,21.18,76.10,,0.50,,2,91,0,0,,,,0.42,0.30,0.23,0.44,0.44
2024-10-15T16:23:49Z,"0002cc0100000eb0","3654395995f935690a153ac6b13e3474005c010000007e0d7cd27ceb74ce7d69d6ba",2,3.34,,10,21.22,77.62,,0.60,,1,92,0,0,,,-0.03,0.68,0.30,0.61,0.60,0.76
2024-10-15T16:29:44Z,"0002cc0100000eb0","3654395af8f935690a1533c3e13e3474005c0000000076bd7c3ee6bffc92ffff",2,3.34,,10,21.20,76.52,,0.60,,0,92,0,0,,,,-1.00,-0.57,-0.11,0.53,0.42
2024-10-15T16:35:40Z,"0002cc0100000eb0","3654395c5cf9357d0a1519c1ee3e0249005c00000000ffffffffff7dffffffff",2,3.34,,10,21.10,75.75,,0.50,,0,92,0,0,,,,-1.00,-1.00,-0.94,-1.00,-1.00
2024-10-15T16:41:36Z,"0002cc0100000eb0","3654395dc0f9356d0a1500c1df3e2afd005c00000000ffffffffffffffffffff",2,3.34,,10,21.00,75.73,,0.58,,0,92,0,0,,,,-1.00,-1.00,-1.00,-1.00,-1.00
2024-10-15T16:47:32Z,"0002cc0100000eb0","3654395f24f935690a14f1c1653e3474005c00000000ffffffffffffffffffffffff",2,3.34,,10,20.94,75.55,,0.60,,0,92,0,0,,,-1.00,-1.00,-1.00,-1.00,-1.00,-1.00
2024-10-15T16:53:28Z,"0002cc0100000eb0","3654396088f935650a14dcc16d3e2388005c00000000ffffffffffffffffffff",2,3.34,,10,20.86,75.56,,0.57,,0,92,0,0,,,,-1.00,-1.00,-1.00,-1.00,-1.00
2024-10-15T16:59:24Z,"0002cc0100000eb0","36543961ecf935690a14d8c1403e2afd005c00000000ffffffffffffffffffff",2,3.34,,10,20.84,75.49,,0.58,,0,92,0,0,,,,-1.00,-1.00,-1.00,-1.00,-1.00
2024-10-15T17:05:20Z,"0002cc0100000eb0","3654396350f9356d0a14cdc0f33e0249005c00000000ffffffffffffffffffff",2,3.34,,10,20.80,75.37,,0.50,,0,92,0,0,,,,-1.00,-1.00,-1.00,-1.00,-1.00
2024-10-15T17:11:16Z,"0002cc0100000eb0","36543964b4f935690a14c6c0aa3e2388005c00000000ffffffffffffffffffff",2,3.34,,10,20.77,75.26,,0.57,,0,92,0,0,,,,-1.00,-1.00,-1.00,-1.00,-1.00
2024-10-15T17:17:12Z,"0002cc0100000eb0","3654396618f935710a14b8c05a3e3474005c00000000ffffffffffffffffffff",2,3.34,,10,20.72,75.14,,0.60,,0,92,0,0,,,,-1.00,-1.00,-1.00,-1.00,-1.00
2024-10-15T17:23:08Z,"0002cc0100000eb0","365439677cf935750a14bbc0953e0249005c00000000ffffffffffffffffffff",2,3.34,,10,20.73,75.23,,0.50,,0,92,0,0,,,,-1.00,-1.00,-1.00,-1.00,-1.00
2024-10-15T17:29:04Z,"0002cc0100000eb0","36543968e0f935690a14b4c0f83e3474005c00000000ffffffffffffffffffff",2,3.34,,10,20.70,75.38,,0.60,,0,92,0,0,,,,-1.00,-1.00,-1.00,-1.00,-1.00
2024-10-15T17:35:00Z,"0002cc0100000eb0","3654396a44f935610a14b0c1053e3474005c00000000ffffffffffa4ffffffffffff",2,3.34,,10,20.69,75.40,,0.60,,0,92,0,0,,,-1.00,-1.00,-1.00,-0.96,-1.00,-1.00
2024-10-15T17:40:56Z,"0002cc0100000eb0","3654396ba8f935710a14bbc1353e3474005c00000000ffffffffffffffffffff",2,3.34,,10,20.73,75.47,,0.60,,0,92,0,0,,,,-1.00,-1.00,-1.00,-1.00,-1.00
2024-10-15T17:46:52Z,"0002cc0100000eb0","3654396d0cf935790a14bfc14d3e3474005c00000000ffffffffffffffffffffffff",2,3.34,,10,20.74,75.51,,0.60,,0,92,0,0,,,-1.00,-1.00,-1.00,-1.00,-1.00,-1.00
2024-10-15T17:52:48Z,"0002cc0100000eb0","3654396e70f935690a14c2c19b3e3a5a005d01000000fffffffffffffccb5d33",2,3.34,,10,20.76,75.63,,0.61,,1,93,0,0,,,,0.04,-0.60,-1.00,-1.00,-1.00
2024-10-15T17:58:44Z,"0002cc0100000eb0","3654396fd4f935690a14cac1bc3e3474005d00000000ffffff0affffff4fff69",2,3.34,,10,20.79,75.68,,0.60,,0,93,0,0,,,,-0.93,-0.91,-1.00,-0.88,-1.00
2024-10-15T18:04:40Z,"0002cc0100000eb0","3654397138f935710a14d1c5b13e3474005d00000000fffffddafffffeca75ee",2,3.34,,10,20.81,77.22,,0.60,,0,93,0,0,,,,0.37,-0.85,-1.00,-0.73,-1.00
2024-10-15T18:10:32Z,"0002cc0100000eb0","3654397298f935690a14e6c41a3e3474005d000000007c6e6fa4fe9ffd97fc2b",3,3.34,,10,20.90,76.60,,0.60,,0,93,0,0,,,,-0.52,-0.70,-0.83,0.24,0.55
2024-10-15T18:16:28Z,"0002cc0100000eb0","36543973fcf935710a14f5c33e3d0fd5005d00000000fc3877b47513ef2efc10",2,3.34,,10,20.95,76.27,,0.27,,0,93,0,0,,,,-0.51,-0.22,0.32,0.48,-0.53
2024-10-15T18:22:24Z,"0002cc0100000eb0","3654397560f9357d0a14f8c49d3dd6f0005d00000000f669e7a46f886d74fd99",2,3.34,,10,20.97,76.80,,0.46,,0,93,0,0,,,,-0.70,0.17,0.24,-0.12,-0.40
2024-10-15T18:28:20Z,"0002cc0100000eb0","36543976c4f935710a14fcc3b13e1723005e0100000076fbef506e1ffc497475",2,3.34,,10,20.98,76.44,,0.55,,1,94,0,0,,,,0.28,-0.54,0.19,-0.23,0.44
2024-10-15T18:34:16Z,"0002cc0100000eb0","3654397828f935710a1512c52b3debca005e00000000ffbbf497d40cee5ef69df671",2,3.34,,10,21.07,77.02,,0.48,,0,94,0,0,,,-0.40,-0.41,-0.20,-0.02,-0.29,-0.97
2024-10-15T18:40:12Z,"0002cc0100000eb0","365439798cf935710a1512c4593e2517005e00000000651a74d6ffa0ff1cfc58",2,3.34,,10,21.07,76.70,,0.57,,0,94,0,0,,,,-0.54,-0.89,-0.95,0.30,0.08
2024-10-15T18:46:08Z,"0002cc0100000eb0","3654397af0f9356d0a150bc3183e2517005e00000000fe07feaeffffffffffa0",2,3.34,,10,21.04,76.21,,0.57,,0,94,0,0,,,,-0.95,-1.00,-1.00,-0.84,-0.75
2024-10-15T18:52:04Z,"0002cc0100000eb0","3654397c54f935690a14fcc2a03e2517005e00000000ffffffffffffffffffffffff",2,3.34,,10,20.98,76.03,,0.57,,0,94,0,0,,,-1.00,-1.00,-1.00,-1.00,-1.00,-1.00
2024-10-15T18:58:00Z,"0002cc0100000eb0","3654397db8f935710a14f5c2093debca005e00000000ffffffffffffffffffff",2,3.34,,10,20.95,75.80,,0.48,,0,94,0,0,,,,-1.00,-1.00,-1.00,-1.00,-1.00
2024-10-15T19:03:56Z,"0002cc0100000eb0","3654397f1cf935710a14f1c1c13e1723005e00000000ffffffffffffffffffff",2,3.34,,10,20.94,75.69,,0.55,,0,94,0,0,,,,-1.00,-1.00,-1.00,-1.00,-1.00
2024-10-15T19:09:52Z,"0002cc0100000eb0","3654398080f935710a14e6c1733da94d005e00000000ffffffffffffffffffff",2,3.34,,10,20.90,75.57,,0.42,,0,94,0,0,,,,-1.00,-1.00,-1.00,-1.00,-1.00
2024-10-15T19:15:48Z,"0002cc0100000eb0","36543981e4f935690a14e6c1653e2afd005e00000000ffffffffffffffffffffffff",2,3.34,,10,20.90,75.55,,0.58,,0,94,0,0,,,-1.00,-1.00,-1.00,-1.00,-1.00,-1.00
2024-10-15T19:21:44Z,"0002cc0100000eb0","3654398348f935690a14e3c1083debca005e00000000ffffffffffffffffffff",2,3.34,,10,20.89,75.40,,0.48,,0,94,0,0,,,,-1.00,-1.00,-1.00,-1.00,-1.00
2024-10-15T19:27:40Z,"0002cc0100000eb0","36543984acf935690a14dcc12e3e2517005e00000000ffffffffffffffffffffffff",2,3.34,,10,20.86,75.46,,0.57,,0,94,0,0,,,-1.00,-1.00,-1.00,-1.00,-1.00,-1.00
2024-10-15T19:33:35Z,"0002cc0100000eb0","365439860ff935690a14e0c0f83debca005e00000000ffffffffffffffffffff",2,3.34,,10,20.87,75.38,,0.48,,0,94,0,0,,,,-1.00,-1.00,-1.00,-1.00,-1.00
2024-10-15T19:39:31Z,"0002cc0100000eb0","3654398773f935690a14d8c0b43d417b005e00000000fffffffffcc7ee2cffff",2,3.34,,10,20.84,75.28,,0.31,,0,94,0,0,,,,-1.00,-0.19,-0.60,-1.00,-1.00
2024-10-15T19:45:28Z,"0002cc0100000eb0","36543988d8f9356d0a14eec1fd3e3474005e000000006dec75a37cba6ec36e337785",2,3.34,,10,20.93,75.78,,0.60,,0,94,0,0,,,0.47,0.19,0.21,0.59,0.35,0.19
2024-10-15T19:51:24Z,"0002cc0100000eb0","3654398a3cf935650a1503c2033dd6f0005e00000000fe1acc907c44647c6c556d46",2,3.34,,10,21.01,75.79,,0.46,,0,94,0,0,,,0.16,0.14,0.07,0.53,-0.01,-0.76
2024-10-15T19:57:19Z,"0002cc0100000eb0","3654398b9ff2020402001521c3e43bff76006002000000763dee926d44ed157ce9",2,,2.4.2.0,,21.13,76.52,,0.12,,2,96,0,0,,,,0.61,-0.16,0.16,-0.21,0.39
2024-10-15T20:03:15Z,"0002cc0100000eb0","3654398d03f935750a153ac23a3e6377006000000000dcb0c49167d2df8e75a9ffff",2,3.34,,10,21.22,75.87,,0.69,,0,96,0,0,,,-1.00,0.35,-0.06,0.12,-0.00,-0.04
2024-10-15T20:09:11Z,"0002cc0100000eb0","3654398e67f935710a153ec3323e31e4006000000000ffff6d5e6df0fec2ff56",2,3.34,,10,21.24,76.25,,0.60,,0,96,0,0,,,,-0.92,-0.84,0.19,0.17,-1.00
2024-10-15T20:15:07Z,"0002cc0100000eb0","3654398fcbf935690a1536c2f63e2777006000000000fd57ffd0ff8effffffff",2,3.34,,10,21.21,76.16,,0.58,,0,96,0,0,,,,-1.00,-1.00,-0.94,-0.98,-0.67
2024-10-15T20:21:03Z,"0002cc0100000eb0","365439912ff935790a1527c2913e5ca3006000000000ffffffffffffffbbffff",2,3.34,,10,21.15,76.00,,0.68,,0,96,0,0,,,,-1.00,-0.97,-1.00,-1.00,-1.00
2024-10-15T20:26:59Z,"0002cc0100000eb0","3654399293f935690a151cc2bb3e48b6006000000000ffffff93ffffffffffff",2,3.34,,10,21.11,76.07,,0.64,,0,96,0,0,,,,-1.00,-1.00,-1.00,-0.95,-1.00
2024-10-15T20:32:55Z,"0002cc0100000eb0","36543993f7f935690a151cc2ca3e2777006000000000ffffffffffffffffffffffff",2,3.34,,10,21.11,76.09,,0.58,,0,96,0,0,,,-1.00,-1.00,-1.00,-1.00,-1.00,-1.00
2024-10-15T20:38:51Z,"0002cc0100000eb0","365439955bf9356d0a1516c3743c8c94006000000000fffffffffffffc29f4c1",2,3.34,,10,21.08,76.35,,0.19,,0,96,0,0,,,,-0.30,-0.52,-1.00,-1.00,-1.00
2024-10-15T20:44:47Z,"0002cc0100000eb0","36543996bff935710a1516c3cf3e3e4900600000000054e1ffff5cb5fd96ff20",2,3.34,,10,21.08,76.49,,0.62,,0,96,0,0,,,,-0.89,-0.70,0.04,-1.00,0.02
2024-10-15T20:50:43Z,"0002cc0100000eb0","3654399823f935650a1512c4983e5ca3006000000000fc114e5efffffffff57dffff",2,3.34,,10,21.07,76.80,,0.68,,0,96,0,0,,,-1.00,-0.34,-1.00,-1.00,0.01,-0.51
2024-10-15T20:56:39Z,"0002cc0100000eb0","3654399987f935690a1512c4283e31e4006000000000ffa4fd47f63ff7a4ff8a",2,3.34,,10,21.07,76.62,,0.60,,0,96,0,0,,,,-0.94,-0.48,-0.39,-0.66,-0.96
2024-10-15T21:02:35Z,"0002cc0100000eb0","3654399aebf935690a1512c7a93e31e4006000000000fffffdffec45ffa8ffff",2,3.34,,10,21.07,77.99,,0.60,,0,96,0,0,,,,-1.00,-0.96,-0.13,-0.75,-1.00
2024-10-15T21:08:31Z,"0002cc0100000eb0","3654399c4ff935710a150ec7ee3e31e4006000000000ffd8fffffffffffffffffff5",2,3.34,,10,21.05,78.10,,0.60,,0,96,0,0,,,-0.99,-1.00,-1.00,-1.00,-1.00,-0.98
2024-10-15T21:14:27Z,"0002cc0100000eb0","3654399db3f935710a1507c80c3e31e4006000000000ffffffffffffffffffff",2,3.34,,10,21.03,78.14,,0.60,,0,96,0,0,,,,-1.00,-1.00,-1.00,-1.00,-1.00
2024-10-15T21:20:23Z,"0002cc0100000eb0","3654399f17f935690a14f8c8403e31e4006000000000ffffffffffffffffffffffff",2,3.34,,10,20.97,78.22,,0.60,,0,96,0,0,,,-1.00,-1.00,-1.00,-1.00,-1.00,-1.00
2024-10-15T21:26:19Z,"0002cc0100000eb0","365439a07bf935710a14f8c8483e2777006000000000ffffffffffffffffffff",2,3.34,,10,20.97,78.24,,0.58,,0,96,0,0,,,,-1.00,-1.00,-1.00,-1.00,-1.00
2024-10-15T21:32:15Z,"0002cc0100000eb0","365439a1dff935710a14eac84c3e6c00006000000000ffffffffffffffffffff",2,3.34,,10,20.91,78.24,,0.71,,0,96,0,0,,,,-1.00,-1.00,-1.00,-1.00,-1.00
2024-10-15T21:38:11Z,"0002cc0100000eb0","365439a343f935750a14eac8373e2777006000000000ffffffffffffff65ff55",2,3.34,,10,20.91,78.21,,0.58,,0,96,0,0,,,,-0.92,-0.92,-1.00,-1.00,-1.00
2024-10-15T21:44:07Z,"0002cc0100000eb0","365439a4a7f935710a14e0c7ac3e5ca3006000000000fe28ff2effffffffffffff9a",2,3.34,,10,20.87,78.00,,0.68,,0,96,0,0,,,-0.95,-1.00,-1.00,-1.00,-0.90,-0.77
2024-10-15T21:50:03Z,"0002cc0100000eb0","365439a60bf9357d0a14d5c6f53e31e4006000000000ffffffffff41fffffe92",2,3.34,,10,20.83,77.72,,0.60,,0,96,0,0,,,,-0.82,-1.00,-0.91,-1.00,-1.00
2024-10-15T21:55:59Z,"0002cc0100000eb0","365439a76ff935710a14d8c60b3e31e4006000000000fffff4cffffffffffdd1fe4a",2,3.34,,10,20.84,77.36,,0.60,,0,96,0,0,,,-0.79,-0.73,-1.00,-1.00,-0.30,-1.00
2024-10-15T22:01:54Z,"0002cc0100000eb0","365439a8d2f935650a14d8c5e73e31e4006000000000fd71fc94fd10ff6df768",2,3.34,,10,20.84,77.31,,0.60,,0,96,0,0,,,,-0.46,-0.93,-0.63,-0.57,-0.68
2024-10-15T22:07:50Z,"0002cc0100000eb0","365439aa36f9356d0a14dcc5f03e31e4006000000000ffffffffffffffdcffff",2,3.34,,10,20.86,77.32,,0.60,,0,96,0,0,,,,-1.00,-0.98,-1.00,-1.00,-1.00
2024-10-15T22:13:46Z,"0002cc0100000eb0","365439ab9af935690a14dcc6603e31e4006000000000ffeefffff40eff62ffffffff",2,3.34,,10,20.86,77.49,,0.60,,0,96,0,0,,,-1.00,-1.00,-0.92,-0.25,-1.00,-0.99
2024-10-15T22:19:42Z,"0002cc0100000eb0","365439acfef935690a14dcc53a3e5ca3006000000000ffffffcbff5bfd2fffff",2,3.34,,10,20.86,77.04,,0.68,,0,96,0,0,,,,-1.00,-0.65,-0.92,-0.97,-1.00
2024-10-15T22:25:38Z,"0002cc0100000eb0","365439ae62f935690a14e0c5433e2777006000000000ffffffffffffffffffff",2,3.34,,10,20.87,77.06,,0.58,,0,96,0,0,,,,-1.00,-1.00,-1.00,-1.00,-1.00
2024-10-15T22:31:34Z,"0002cc0100000eb0","365439afc6f935650a14e0c47f3e1d0a006000000000fffffffffffffd63ffffffff",2,3.34,,10,20.87,76.76,,0.56,,0,96,0,0,,,-1.00,-1.00,-0.67,-1.00,-1.00,-1.00
2024-10-15T22:37:30Z,"0002cc0100000eb0","365439b12af935710a14e6c4c23e656e006000000000fcd87763de91ed04fe61",2,3.34,,10,20.90,76.86,,0.70,,0,96,0,0,,,,-0.80,-0.16,-0.05,0.46,-0.61
2024-10-15T22:43:26Z,"0002cc0100000eb0","365439b28ef935610a14eac4323e656e006000000000ff1bfec7fe0ffe68ff50",2,3.34,,10,20.91,76.64,,0.70,,0,96,0,0,,,,-0.91,-0.80,-0.76,-0.85,-0.89
2024-10-15T22:49:22Z,"0002cc0100000eb0","365439b3f2f9356d0a14eec3863ea7ec006000000000ffffffb4ffffffd1ffff",2,3.34,,10,20.93,76.38,,0.83,,0,96,0,0,,,,-1.00,-0.98,-1.00,-0.96,-1.00
2024-10-15T22:55:18Z,"0002cc0100000eb0","365439b556f935650a14eac3053e656e006000000000ff1affffffffffffffffffaf",2,3.34,,10,20.91,76.18,,0.70,,0,96,0,0,,,-0.96,-1.00,-1.00,-1.00,-1.00,-0.89
2024-10-15T23:01:14Z,"0002cc0100000eb0","365439b6baf935690a14f1c612000000006000000000fffffffffffff4c8f4f6",2,3.34,,10,20.94,77.37,,0.00,,0,96,0,0,,,,-0.31,-0.30,-1.00,-1.00,-1.00
2024-10-15T23:07:10Z,"0002cc0100000eb0","365439b81ef9356d0a14fcc5d5000000006000000000ffffffe9fffffffffef9",2,3.34,,10,20.98,77.28,,0.00,,0,96,0,0,,,,-0.87,-1.00,-1.00,-0.99,-1.00
2024-10-15T23:13:06Z,"0002cc0100000eb0","365439b982f935710a1500c57b000000006000000000ffffffffff8effffffff",2,3.34,,10,21.00,77.14,,0.00,,0,96,0,0,,,,-1.00,-1.00,-0.94,-1.00,-1.00
2024-10-15T23:19:02Z,"0002cc0100000eb0","365439bae6f935710a14fcc476000000006000000000fff2fffffffffdb3e534",2,3.34,,10,20.98,76.74,,0.00,,0,96,0,0,,,,-0.08,-0.71,-1.00,-1.00,-0.99
2024-10-15T23:24:58Z,"0002cc0100000eb0","365439bc4af935710a14f5c3ec0000000060000000006ce3ffb7f5a7fcbafd6e",2,3.34,,10,20.95,76.53,,0.00,,0,96,0,0,,,,-0.68,-0.59,-0.35,-0.96,0.15
2024-10-15T23:30:54Z,"0002cc0100000eb0","365439bdaef935610a14fcc50f000000006000000000ffffffdcfd7ae412fd49",2,3.34,,10,20.98,76.98,,0.00,,0,96,0,0,,,,-0.66,-0.06,-0.68,-0.98,-1.00
2024-10-15T23:36:50Z,"0002cc0100000eb0","365439bf12f935750a14fcc46e000000006000000000ffffffffffb4ffffffff",2,3.34,,10,20.98,76.73,,0.00,,0,96,0,0,,,,-1.00,-1.00,-0.96,-1.00,-1.00
2024-10-15T23:42:45Z,"0002cc0100000eb0","365439c075f935690a1500c431000000006000000000ff67ffefffdaffffffff",2,3.34,,10,21.00,76.64,,0.00,,0,96,0,0,,,,-1.00,-1.00,-0.98,-0.99,-0.93
2024-10-15T23:48:41Z,"0002cc0100000eb0","365439c1d9f9356d0a1500c4da000000006000000000f488fef4ffffeef2ff53fdca",2,3.34,,10,21.00,76.90,,0.00,,0,96,0,0,,,-0.72,-0.92,-0.22,-1.00,-0.87,-0.28
2024-10-15T23:54:37Z,"0002cc0100000eb0","365439c33df935690a1500c494000000006000000000fe2afd94fc85f509fc77fee3",2,3.34,,10,21.00,76.79,,0.00,,0,96,0,0,,,-0.86,-0.56,-0.31,-0.57,-0.70,-0.77
