Time,DevEUI,Raw,Port,Vbat,Version,BootCount,T,RH,P,Light,CO2,P[0].delta,P[0].total,P[1].delta,P[1].total,Act[7],Act[6],Act[5],Act[4],Act[3],Act[2],Act[1],Act[0]
2024-10-18T00:03:24Z,"0002cc0100000eb0","36543c684cf9356d0a1545c47900000000e000000000fdd2febaffffffffffff",2,3.34,,10,21.27,76.75,,0.00,,0,224,0,0,,,,-1.00,-1.00,-1.00,-0.84,-0.73
2024-10-18T00:09:20Z,"0002cc0100000eb0","36543c69b0f9356d0a1530c40a00000000e000000000ffffff89ffffff2cffffffff",2,3.34,,10,21.18,76.58,,0.00,,0,224,0,0,,,-1.00,-1.00,-0.90,-1.00,-0.94,-1.00
2024-10-18T00:15:16Z,"0002cc0100000eb0","36543c6b14f9356d0a1524c3a100000000e000000000ffffffffffa3ffffffff",2,3.34,,10,21.14,76.42,,0.00,,0,224,0,0,,,,-1.00,-1.00,-0.95,-1.00,-1.00
2024-10-18T00:21:12Z,"0002cc0100000eb0","36543c6c78f935710a1524c40200000000e000000000fc46fd15ffffffffffff",2,3.34,,10,21.14,76.57,,0.00,,0,224,0,0,,,,-1.00,-1.00,-1.00,-0.64,-0.53
2024-10-18T00:27:08Z,"0002cc0100000eb0","36543c6ddcf935690a151cc3bf00000000e000000000fffffffffffffeb9ffff",2,3.34,,10,21.11,76.46,,0.00,,0,224,0,0,,,,-1.00,-0.84,-1.00,-1.00,-1.00
2024-10-18T00:33:04Z,"0002cc0100000eb0","36543c6f40f935690a1521c3d700000000e101000000fd367ce4ffa6ffffffff",2,3.34,,10,21.13,76.50,,0.00,,1,225,0,0,,,,-1.00,-1.00,-0.96,0.61,-0.65
2024-10-18T00:39:00Z,"0002cc0100000eb0","36543c70a4f2020402001521c39800000000e100000000fffffffffffff702fe9a",2,,2.4.2.0,,21.13,76.40,,0.00,,0,225,0,0,,,,-0.83,-0.44,-1.00,-1.00,-1.00
2024-10-18T00:44:56Z,"0002cc0100000eb0","36543c7208f935690a1524c3c300000000e100000000fdc4ffbfffffffffffffffff",2,3.34,,10,21.14,76.47,,0.00,,0,225,0,0,,,-1.00,-1.00,-1.00,-1.00,-0.97,-0.72
2024-10-18T00:50:52Z,"0002cc0100000eb0","36543c736cf935710a1521c3c800000000e100000000ffffff74ffffffc8fd9c",2,3.34,,10,21.13,76.48,,0.00,,0,225,0,0,,,,-0.70,-0.97,-1.00,-0.93,-1.00
2024-10-18T00:56:48Z,"0002cc0100000eb0","36543c74d0f935690a1521c34a00000000e100000000ffffff9affffffffffffffff",2,3.34,,10,21.13,76.29,,0.00,,0,225,0,0,,,-1.00,-1.00,-1.00,-1.00,-0.95,-1.00
2024-10-18T01:02:44Z,"0002cc0100000eb0","36543c7634f935650a1527c35600000000e100000000ff0cffff76cffd96ffff",2,3.34,,10,21.15,76.30,,0.00,,0,225,0,0,,,,-1.00,-0.70,0.43,-1.00,-0.88
2024-10-18T01:08:40Z,"0002cc0100000eb0","36543c7798f9356d0a151cc39b00000000e100000000ffffffffffd4ff43ffff",2,3.34,,10,21.11,76.41,,0.00,,0,225,0,0,,,,-1.00,-0.91,-0.98,-1.00,-1.00
2024-10-18T01:14:36Z,"0002cc0100000eb0","36543c78fcf935790a1530c37e00000000e30200000074ef773f75d576e47c0e769c",2,3.34,,10,21.18,76.37,,0.00,,2,227,0,0,,,0.41,0.51,0.43,0.36,0.45,0.31
2024-10-18T01:20:32Z,"0002cc0100000eb0","36543c7a60f935710a1549c47c00000000e3000000007c8174c15cde7c7b7c20",2,3.34,,10,21.28,76.75,,0.00,,0,227,0,0,,,,0.52,0.56,0.04,0.30,0.56
2024-10-18T01:26:27Z,"0002cc0100000eb0","36543c7bc3f935690a155ec4bb00000000e60300000076016f636d94e4177c03",2,3.34,,10,21.37,76.85,,0.00,,3,230,0,0,,,,0.50,-0.06,0.17,0.23,0.38
2024-10-18T01:32:23Z,"0002cc0100000eb0","36543c7d27f9356d0a1569c4df00000000e70100000074e17e137cdd7c667d48f66a",2,3.34,,10,21.41,76.90,,0.00,,1,231,0,0,,,-0.40,0.66,0.55,0.61,0.76,0.31
2024-10-18T01:38:19Z,"0002cc0100000eb0","36543c7e8bf9356d0a1574c59c00000000e7000000006e627ce66dde76347545",2,3.34,,10,21.45,77.19,,0.00,,0,231,0,0,,,,0.33,0.39,0.18,0.61,0.20
2024-10-18T01:44:15Z,"0002cc0100000eb0","36543c7feff935690a156cc5ab00000000e80100000067be7dc67d927d737d56d5b2",2,3.34,,10,21.42,77.22,,0.00,,1,232,0,0,,,-0.02,0.67,0.68,0.70,0.72,0.12
2024-10-18T01:50:11Z,"0002cc0100000eb0","36543c8153f9356d0a1569c50f00000000e901000000f6e57c977cb07c92fcfd",2,3.34,,10,21.41,76.98,,0.00,,1,233,0,0,,,,-0.62,0.57,0.59,0.57,-0.43
2024-10-18T01:56:07Z,"0002cc0100000eb0","36543c82b7f9356d0a1557c47d00000000e900000000ffc5ff83fdeafe75fecb",2,3.34,,10,21.34,76.75,,0.00,,0,233,0,0,,,,-0.85,-0.81,-0.74,-0.94,-0.97
2024-10-18T02:02:03Z,"0002cc0100000eb0","36543c841bf935480a1557c63800000000ea01000000fe50fe51ed5977516f4c",2,3.33,,10,21.34,77.43,,0.00,,1,234,0,0,,,,0.23,0.46,-0.17,-0.79,-0.79
2024-10-18T02:07:59Z,"0002cc0100000eb0","36543c857ff9355d0a155bc4c700000000eb010000007db87c87749b7cc27cfe7d97",2,3.34,,10,21.35,76.87,,0.00,,1,235,0,0,,,0.70,0.62,0.59,0.29,0.57,0.71
2024-10-18T02:13:55Z,"0002cc0100000eb0","36543c86e3f935690a1550c46b00000000ec010000007c6a7d427df37e7d7401",2,3.34,,10,21.31,76.73,,0.00,,1,236,0,0,,,,0.25,0.81,0.74,0.66,0.55
2024-10-18T02:19:51Z,"0002cc0100000eb0","36543c8847f935690a155bc67400000000ed010000007c937d7ae7b96f357d9b",2,3.34,,10,21.35,77.52,,0.00,,1,237,0,0,,,,0.70,0.23,-0.12,0.68,0.57
2024-10-18T02:25:47Z,"0002cc0100000eb0","36543c89abf935690a1557c57b00000000ed000000007d8f7dc17cd67d777d3f7e1d",2,3.34,,10,21.34,77.14,,0.00,,0,237,0,0,,,0.76,0.66,0.68,0.60,0.72,0.69
2024-10-18T02:31:43Z,"0002cc0100000eb0","36543c8b0ff935690a155bc58400000000ee0100000077137d26775b7d657d94",2,3.34,,10,21.35,77.16,,0.00,,1,238,0,0,,,,0.70,0.67,0.46,0.64,0.44
2024-10-18T02:37:39Z,"0002cc0100000eb0","36543c8c73f935690a155ec72b00000000ee00000000fd0fe59c7ccf5d41f4ff",2,3.34,,10,21.37,77.80,,0.00,,0,238,0,0,,,,-0.31,0.04,0.60,-0.09,-0.63
2024-10-18T02:43:34Z,"0002cc0100000eb0","36543c8dd6f935690a1562c7c800000000ef010000007e3f7df47dcc75a86e0c",2,3.34,,10,21.38,78.04,,0.00,,1,239,0,0,,,,0.19,0.35,0.72,0.74,0.78
2024-10-18T02:49:30Z,"0002cc0100000eb0","36543c8f3af935650a1571c7f500000000ef00000000cd4277d27ddc762d7d817d3b",2,3.34,,10,21.44,78.11,,0.00,,0,239,0,0,,,0.65,0.69,0.39,0.73,0.49,-0.01
2024-10-18T02:55:26Z,"0002cc0100000eb0","36543c909ef935710a1569c6a500000000ef000000007e6375a5f694f4216fda",2,3.34,,10,21.41,77.60,,0.00,,0,239,0,0,,,,0.25,-0.26,-0.41,0.35,0.80
2024-10-18T03:01:22Z,"0002cc0100000eb0","36543c9202f935610a155bc55a00000000ef00000000fedcfd24fc06fcdfffcb",2,3.34,,10,21.35,77.09,,0.00,,0,239,0,0,,,,-0.97,-0.61,-0.50,-0.64,-0.86
2024-10-18T03:07:18Z,"0002cc0100000eb0","36543c9366f935690a1541c54900000000ef00000000fcf1fffffffffebbfffffe35",2,3.34,,10,21.25,77.07,,0.00,,0,239,0,0,,,-0.78,-1.00,-0.84,-1.00,-1.00,-0.62
2024-10-18T03:13:14Z,"0002cc0100000eb0","36543c94caf935690a153ac4c700000000ef00000000ffffffffffffffffffff",2,3.34,,10,21.22,76.87,,0.00,,0,239,0,0,,,,-1.00,-1.00,-1.00,-1.00,-1.00
2024-10-18T03:19:10Z,"0002cc0100000eb0","36543c962ef9356d0a1530c47a00000000ef00000000ffe1ffffffffffa6ffff",2,3.34,,10,21.18,76.75,,0.00,,0,239,0,0,,,,-1.00,-0.96,-1.00,-1.00,-0.98
2024-10-18T03:25:06Z,"0002cc0100000eb0","36543c9792f9356d0a1527c49800000000ef00000000fe76ffffffffffffffff",2,3.34,,10,21.15,76.80,,0.00,,0,239,0,0,,,,-1.00,-1.00,-1.00,-1.00,-0.81
2024-10-18T03:31:02Z,"0002cc0100000eb0","36543c98f6f935650a1524c42c00000000ef00000000fd8effa3ffffffffffffffff",2,3.34,,10,21.14,76.63,,0.00,,0,239,0,0,,,-1.00,-1.00,-1.00,-1.00,-0.95,-0.69
2024-10-18T03:36:58Z,"0002cc0100000eb0","36543c9a5af935650a1527c48b00000000ef00000000ffffffffffffffffff2c",2,3.34,,10,21.15,76.78,,0.00,,0,239,0,0,,,,-0.90,-1.00,-1.00,-1.00,-1.00
2024-10-18T03:42:54Z,"0002cc0100000eb0","36543c9bbef935710a1533c51e00000000ef000000006d784d44e48afc68f618",2,3.34,,10,21.20,77.00,,0.00,,0,239,0,0,,,,-0.38,-0.55,-0.07,0.01,0.17
2024-10-18T03:48:50Z,"0002cc0100000eb0","36543c9d22f935610a1541c70400000000f1020000007da45dfb7709f7e37c0afce9",2,3.34,,10,21.25,77.74,,0.00,,2,241,0,0,,,-0.61,0.50,-0.49,0.44,0.05,0.71
2024-10-18T03:54:46Z,"0002cc0100000eb0","36543c9e86f935650a154cc7f200000000f201000000742d7c80fd12f53f7c89",2,3.34,,10,21.30,78.10,,0.00,,1,242,0,0,,,,0.57,-0.33,-0.63,0.56,0.26
2024-10-18T04:00:42Z,"0002cc0100000eb0","36543c9feaf935480a1557c6f600000000f20000000066346fe86ddbf6aff4d4",2,3.33,,10,21.34,77.72,,0.00,,0,242,0,0,,,,-0.30,-0.42,0.18,0.25,0.10
2024-10-18T04:06:38Z,"0002cc0100000eb0","36543ca14ef935750a155bc72200000000f200000000764275c8f4f97e367c7f",2,3.34,,10,21.35,77.79,,0.00,,0,242,0,0,,,,0.56,0.78,-0.31,0.36,0.39
2024-10-18T04:12:34Z,"0002cc0100000eb0","36543ca2b2f935690a156cc92700000000f3010000007d47fd7d769a74bff6a87740",2,3.34,,10,21.42,78.58,,0.00,,1,243,0,0,,,0.45,-0.42,0.30,0.41,-0.69,0.66
2024-10-18T04:18:29Z,"0002cc0100000eb0","36543ca415f935610a1566c62600000000f4010000006f7ffd7cec1d7c717da8",2,3.34,,10,21.40,77.40,,0.00,,1,244,0,0,,,,0.71,0.56,-0.13,-0.69,0.23
2024-10-18T04:24:25Z,"0002cc0100000eb0","36543ca579f935710a1566c5ca00000000f5010000007d4476a076b87cb37c3e",2,3.34,,10,21.40,77.26,,0.00,,1,245,0,0,,,,0.53,0.59,0.42,0.41,0.66
2024-10-18T04:30:21Z,"0002cc0100000eb0","36543ca6ddf935690a155bc58400000000f601000000eef5763f7c107cb27cfe7655",2,3.34,,10,21.35,77.16,,0.00,,1,246,0,0,,,0.40,0.62,0.59,0.51,0.39,-0.22
2024-10-18T04:36:17Z,"0002cc0100000eb0","36543ca841f935690a155ec5f000000000f7010000005f86fcbb7cde7d967cb7",2,3.34,,10,21.37,77.32,,0.00,,1,247,0,0,,,,0.59,0.70,0.61,-0.59,0.06
2024-10-18T04:42:13Z,"0002cc0100000eb0","36543ca9a5f2020402001562c70400000000f700000000e73d756ee4f1673c7ce9",2,,2.4.2.0,,21.38,77.74,,0.00,,0,247,0,0,,,,0.61,0.11,-0.08,0.34,-0.11
2024-10-18T04:48:09Z,"0002cc0100000eb0","36543cab09f935650a1566c6ab00000000f801000000774f7dfa7e4c7d3eed3be41f",2,3.34,,10,21.40,77.61,,0.00,,1,248,0,0,,,-0.06,-0.16,0.66,0.79,0.75,0.46
2024-10-18T04:54:05Z,"0002cc0100000eb0","36543cac6df935610a1566c60300000000fa02000000eee06f746e2a7d4e77aa",2,3.34,,10,21.40,77.35,,0.00,,2,250,0,0,,,,0.48,0.66,0.19,0.23,-0.21
2024-10-18T05:00:01Z,"0002cc0100000eb0","36543cadd1f935690a1569c66800000000fb010000007dad768a75f97d277d2d",2,3.34,,10,21.41,77.50,,0.00,,1,251,0,0,,,,0.65,0.64,0.37,0.41,0.71
2024-10-18T05:05:53Z,"0002cc0100000eb0","36543caf31f935610a1562c55e00000000fc010000007e5c7c9d7da87c1e46a1ec2b",3,3.34,,10,21.38,77.10,,0.00,,1,252,0,0,,,-0.13,0.01,0.51,0.71,0.58,0.79
2024-10-18T05:11:49Z,"0002cc0100000eb0","36543cb095f935690a155ec60500000000fd010000007c8575237d5a7e6c764a",2,3.34,,10,21.37,77.35,,0.00,,1,253,0,0,,,,0.39,0.80,0.67,0.32,0.56
2024-10-18T05:17:45Z,"0002cc0100000eb0","36543cb1f9f935650a155ec5f600000000fd000000007e467e867c1e7d12e7ad",2,3.34,,10,21.37,77.33,,0.00,,0,253,0,0,,,,-0.12,0.63,0.51,0.82,0.78
2024-10-18T05:23:41Z,"0002cc0100000eb0","36543cb35df935610a1566c5f400000000ff020000007c5475fc75307cb17c64",2,3.34,,10,21.40,77.33,,0.00,,2,255,0,0,,,,0.55,0.59,0.32,0.37,0.54
2024-10-18T05:29:37Z,"0002cc0100000eb0","36543cb4c1f935610a155ec6050000000101020000007771efaeed637ca4ef407c7c",2,3.34,,10,21.37,77.35,,0.00,,2,257,0,0,,,0.56,-0.23,0.58,-0.17,-0.24,0.47
2024-10-18T05:35:33Z,"0002cc0100000eb0","36543cb625f935690a1577c85b0000000102010000007c5c7d0e760275a07dcc",2,3.34,,10,21.46,78.27,,0.00,,1,258,0,0,,,,0.72,0.35,0.38,0.63,0.54
2024-10-18T05:41:29Z,"0002cc0100000eb0","36543cb789f935610a1577c6bd0000000103010000007e857e4afc297c2b7d85",2,3.34,,10,21.46,77.63,,0.00,,1,259,0,0,,,,0.69,0.52,-0.52,0.79,0.82
2024-10-18T05:47:24Z,"0002cc0100000eb0","36543cb8ecf935690a1577c82b00000001030000000077ec667575e97d70deff",2,3.34,,10,21.46,78.19,,0.00,,0,259,0,0,,,,-0.05,0.68,0.37,0.10,0.50
2024-10-18T05:53:20Z,"0002cc0100000eb0","36543cba50f935690a157bc7760000000104010000007c4f6f837c225dcb774f7629",2,3.34,,10,21.48,77.92,,0.00,,1,260,0,0,,,0.38,0.46,0.05,0.52,0.23,0.54
2024-10-18T05:59:16Z,"0002cc0100000eb0","36543cbbb4f935650a1577c74a00000001040000000075c86d837ca8763a7d28",2,3.34,,10,21.46,77.85,,0.00,,0,260,0,0,,,,0.64,0.39,0.58,0.17,0.36
2024-10-18T06:05:12Z,"0002cc0100000eb0","36543cbd18f935650a157bc7850000000106020000007cb8ee986e2c7cdc7c577cd5",2,3.34,,10,21.48,77.94,,0.00,,2,262,0,0,,,0.60,0.54,0.61,0.19,-0.21,0.59
2024-10-18T06:11:08Z,"0002cc0100000eb0","36543cbe7cf935690a1574c67b00000001080200000076f97d45de9af4476657",2,3.34,,10,21.45,77.53,,0.00,,2,264,0,0,,,,0.10,-0.27,-0.05,0.66,0.44
2024-10-18T06:17:04Z,"0002cc0100000eb0","36543cbfe0f935650a1586ccd700000001080000000077be774776b8556dfd1276ea",2,3.34,,10,21.52,80.02,,0.00,,0,264,0,0,,,0.43,-0.63,0.02,0.42,0.45,0.48
2024-10-18T06:23:00Z,"0002cc0100000eb0","36543cc144f9355d0a158dc966392ed0010b030000007e167cbf6651ec1bffff",2,3.34,,10,21.55,78.67,,0.02,,3,267,0,0,,,,-1.00,-0.13,0.10,0.59,0.76
2024-10-18T06:28:56Z,"0002cc0100000eb0","36543cc2a8f935690a158dc8e8000000010c010000007ca17c7f7e1f7eac7d1a7ed3",2,3.34,,10,21.55,78.48,,0.00,,1,268,0,0,,,0.85,0.64,0.83,0.77,0.56,0.58
2024-10-18T06:34:52Z,"0002cc0100000eb0","36543cc40cf935710a158ac884000000010e020000006de974a37c4f7ca57ce4",2,3.34,,10,21.54,78.33,,0.00,,2,270,0,0,,,,0.61,0.58,0.54,0.29,0.18
2024-10-18T06:40:48Z,"0002cc0100000eb0","36543cc570f935690a1577c822000000010f01000000f415ecc2ee596d087cd2",2,3.34,,10,21.46,78.18,,0.00,,1,271,0,0,,,,0.60,0.16,-0.20,-0.15,-0.26
2024-10-18T06:46:44Z,"0002cc0100000eb0","36543cc6d4f935750a156cc69b0000000112030000007d21ef57741f7dc0e46b",2,3.34,,10,21.42,77.58,,0.00,,3,274,0,0,,,,-0.07,0.72,0.26,-0.23,0.64
2024-10-18T06:52:40Z,"0002cc0100000eb0","36543cc838f935650a1577c8a9000000011301000000ff12ee027e5e75367cea",2,3.34,,10,21.46,78.38,,0.00,,1,275,0,0,,,,0.61,0.33,0.80,-0.19,-0.88
2024-10-18T06:58:36Z,"0002cc0100000eb0","36543cc99cf935610a1577c8690000000113000000006fb4f75577a77dcc7e7776db",2,3.34,,10,21.46,78.29,,0.00,,0,275,0,0,,,0.43,0.81,0.72,0.48,-0.46,0.24
2024-10-18T07:04:31Z,"0002cc0100000eb0","36543ccafff935690a157bc7e00000000113000000007e6e7e0877487cfa77e3",2,3.34,,10,21.48,78.08,,0.00,,0,275,0,0,,,,0.49,0.62,0.46,0.75,0.80
2024-10-18T07:10:28Z,"0002cc0100000eb0","36543ccc64f935690a157bc8030000000114010000007dfbdf4e74c67d397c297ca9",2,3.34,,10,21.48,78.13,,0.00,,1,276,0,0,,,0.58,0.52,0.65,0.30,-0.06,0.75
2024-10-18T07:16:23Z,"0002cc0100000eb0","36543ccdc7f9356d0a157fc8e500000001150100000075f97d26773f7c5e7662",2,3.34,,10,21.49,78.48,,0.00,,1,277,0,0,,,,0.40,0.55,0.45,0.64,0.37
2024-10-18T07:22:19Z,"0002cc0100000eb0","36543ccf2bf935710a1582c69300000001160100000077f977eb7c706d3c758e",2,3.34,,10,21.51,77.57,,0.00,,1,278,0,0,,,,0.35,0.16,0.55,0.49,0.50
2024-10-18T07:28:15Z,"0002cc0100000eb0","36543cd08ff935690a156cc645000000011600000000c489ee51f6adfc41ffa4fc84",2,3.34,,10,21.42,77.45,,0.00,,0,278,0,0,,,-0.56,-0.96,-0.53,-0.42,-0.20,-0.00
2024-10-18T07:34:11Z,"0002cc0100000eb0","36543cd1f3f935690a1562c704000000011701000000f63bee9fefcf74497697",2,3.34,,10,21.38,77.74,,0.00,,1,279,0,0,,,,0.41,0.27,-0.24,-0.21,-0.39
2024-10-18T07:40:07Z,"0002cc0100000eb0","36543cd357f935710a1562c7260000000118010000005d51efb37c47775cf5af",2,3.34,,10,21.38,77.79,,0.00,,1,280,0,0,,,,-0.36,0.46,0.53,-0.24,0.04
2024-10-18T07:46:03Z,"0002cc0100000eb0","36543cd4bbf9356d0a1574ca92000000011800000000776e7709ffff7c9675b37cdf",2,3.34,,10,21.45,79.13,,0.00,,0,280,0,0,,,0.61,0.36,0.57,-1.00,0.44,0.46
2024-10-18T07:51:59Z,"0002cc0100000eb0","36543cd61ff935690a158dcaf1000000011901000000754b7c1f7ca67c777d4a",2,3.34,,10,21.55,79.28,,0.00,,1,281,0,0,,,,0.66,0.56,0.58,0.51,0.33
2024-10-18T07:57:55Z,"0002cc0100000eb0","36543cd783f935690a157fc89f0000000119000000006fadee10fc1dff86fe93",2,3.34,,10,21.49,78.37,,0.00,,0,281,0,0,,,,-0.82,-0.94,-0.51,-0.19,0.24
2024-10-18T08:03:51Z,"0002cc0100000eb0","36543cd8e7f935790a1569c708000000011900000000fcbcfffbffffff81ffffffff",2,3.34,,10,21.41,77.75,,0.00,,0,281,0,0,,,-1.00,-1.00,-0.94,-1.00,-1.00,-0.59
2024-10-18T08:09:47Z,"0002cc0100000eb0","36543cda4bf935690a1557c671000000011900000000ffffff53ff70ffffffa6",2,3.34,,10,21.34,77.52,,0.00,,0,281,0,0,,,,-0.96,-1.00,-0.93,-0.92,-1.00
2024-10-18T08:15:43Z,"0002cc0100000eb0","36543cdbaff9356d0a1545c5d0000000011900000000ffffffffffffffffffff",2,3.34,,10,21.27,77.27,,0.00,,0,281,0,0,,,,-1.00,-1.00,-1.00,-1.00,-1.00
2024-10-18T08:21:39Z,"0002cc0100000eb0","36543cdd13f935710a1536c518000000011900000000fedffdbbffffffffff98ffff",2,3.34,,10,21.21,76.99,,0.00,,0,281,0,0,,,-1.00,-0.95,-1.00,-1.00,-0.72,-0.86
2024-10-18T08:27:35Z,"0002cc0100000eb0","36543cde77f935690a1536c4cb000000011900000000ffffff2dffffffffffff",2,3.34,,10,21.21,76.87,,0.00,,0,281,0,0,,,,-1.00,-1.00,-1.00,-0.90,-1.00
2024-10-18T08:33:31Z,"0002cc0100000eb0","36543cdfdbf935690a1530c4c1000000011900000000ffffff87fc51ffffffffffff",2,3.34,,10,21.18,76.86,,0.00,,0,281,0,0,,,-1.00,-1.00,-1.00,-0.54,-0.94,-1.00
2024-10-18T08:39:26Z,"0002cc0100000eb0","36543ce13ef935650a1527c491000000011900000000ffffffffffffff02ffff",2,3.34,,10,21.15,76.78,,0.00,,0,281,0,0,,,,-1.00,-0.88,-1.00,-1.00,-1.00
2024-10-18T08:45:23Z,"0002cc0100000eb0","36543ce2a3f202040200152bc414000000011900000000fcccffffffffffffff42ffff",2,,2.4.2.0,,21.17,76.59,,0.00,,0,281,0,0,,,-1.00,-0.91,-1.00,-1.00,-1.00,-0.60
2024-10-18T08:51:18Z,"0002cc0100000eb0","36543ce406f935610a1536c6d2000000011a01000000fee0fc91ffff6d4ffc84",2,3.34,,10,21.21,77.67,,0.00,,1,282,0,0,,,,-0.56,0.17,-1.00,-0.57,-0.86
2024-10-18T08:57:14Z,"0002cc0100000eb0","36543ce56af935610a153ac67a000000011c02000000fc1b551d6ecef6044e16ec1a",2,3.34,,10,21.22,77.53,,0.00,,2,284,0,0,,,-0.13,0.01,-0.38,0.21,0.02,-0.51
2024-10-18T09:03:10Z,"0002cc0100000eb0","36543ce6cef935610a153ec60c000000011c000000006eb37c05f662ffd1ff49",2,3.34,,10,21.24,77.36,,0.00,,0,284,0,0,,,,-0.91,-0.98,-0.40,0.50,0.21
2024-10-18T09:09:06Z,"0002cc0100000eb0","36543ce832f9356d0a1536c56d000000011c00000000ffa7fffffff3fffff770",2,3.34,,10,21.21,77.12,,0.00,,0,284,0,0,,,,-0.46,-1.00,-0.99,-1.00,-0.96
2024-10-18T09:15:02Z,"0002cc0100000eb0","36543ce996f9356d0a1545c5f4000000011e02000000fffffffff4036ea2f6d6",2,3.34,,10,21.27,77.33,,0.00,,2,286,0,0,,,,-0.43,0.21,-0.25,-1.00,-1.00
2024-10-18T09:20:58Z,"0002cc0100000eb0","36543ceafaf935690a1541c5e4000000011f010000007507ef18f46dfcfcf6c7",2,3.34,,10,21.25,77.30,,0.00,,1,287,0,0,,,,-0.42,-0.62,-0.28,-0.22,0.31
2024-10-18T09:26:54Z,"0002cc0100000eb0","36543cec5ef935710a1553c75c0000000120010000007c9c643f7d6b7d0975aa",2,3.34,,10,21.32,77.88,,0.00,,1,288,0,0,,,,0.35,0.63,0.68,0.07,0.58
2024-10-18T09:32:50Z,"0002cc0100000eb0","36543cedc2f9356d0a156cc9f30000000121010000007d39f672ee407d0cf72ffcc0",2,3.34,,10,21.42,78.89,,0.00,,1,289,0,0,,,-0.59,-0.45,0.63,-0.20,-0.40,0.65
2024-10-18T09:38:46Z,"0002cc0100000eb0","36543cef26f935690a1569c7f1000000012201000000f4af7769ecda7d3e7d05",2,3.34,,10,21.41,78.10,,0.00,,1,290,0,0,,,,0.63,0.66,-0.15,0.46,-0.29
2024-10-18T09:44:42Z,"0002cc0100000eb0","36543cf08af935610a1557c632000000012200000000ffffffd3ffffffcfffff",2,3.34,,10,21.34,77.42,,0.00,,0,290,0,0,,,,-1.00,-0.98,-1.00,-0.98,-1.00
2024-10-18T09:50:38Z,"0002cc0100000eb0","36543cf1eef935690a1549c58e000000012200000000ffffffffffffffffffffffff",2,3.34,,10,21.28,77.17,,0.00,,0,290,0,0,,,-1.00,-1.00,-1.00,-1.00,-1.00,-1.00
2024-10-18T09:56:34Z,"0002cc0100000eb0","36543cf352f935710a153ac567000000012200000000ffffffffffffffffffff",2,3.34,,10,21.22,77.11,,0.00,,0,290,0,0,,,,-1.00,-1.00,-1.00,-1.00,-1.00
2024-10-18T10:02:30Z,"0002cc0100000eb0","36543cf4b6f9356d0a1527c4f4000000012200000000ffffff9fffffffffffffffff",2,3.34,,10,21.15,76.94,,0.00,,0,290,0,0,,,-1.00,-1.00,-1.00,-1.00,-0.95,-1.00
2024-10-18T10:08:26Z,"0002cc0100000eb0","36543cf61af935690a1524c4f7000000012200000000fffffffffffffffffc67ffff",2,3.34,,10,21.14,76.94,,0.00,,0,290,0,0,,,-1.00,-0.55,-1.00,-1.00,-1.00,-1.00
2024-10-18T10:14:22Z,"0002cc0100000eb0","36543cf77ef935690a152bc65c000000012301000000f718767cfd59ff2b4cc7",2,3.34,,10,21.17,77.49,,0.00,,1,291,0,0,,,,0.01,-0.90,-0.67,0.41,-0.44
2024-10-18T10:20:18Z,"0002cc0100000eb0","36543cf8e2f935710a1549c740000000012401000000f62177707c697d9ce5dc",2,3.34,,10,21.28,77.83,,0.00,,1,292,0,0,,,,-0.09,0.70,0.55,0.46,-0.38
2024-10-18T10:26:13Z,"0002cc0100000eb0","36543cfa45f935690a1553c5fd000000012400000000dcbad7367de974047d6d",2,3.34,,10,21.32,77.34,,0.00,,0,292,0,0,,,,0.68,0.25,0.74,-0.03,-0.04
2024-10-18T10:32:09Z,"0002cc0100000eb0","36543cfba9f935650a1562c7bb0000000124000000007d177e59f587ecfee469",2,3.34,,10,21.38,78.02,,0.00,,0,292,0,0,,,,-0.07,-0.16,-0.35,0.79,0.64
2024-10-18T10:38:05Z,"0002cc0100000eb0","36543cfd0df935610a1571caf80000000125010000005e197de47c5a746b7cb17781",2,3.34,,10,21.44,79.29,,0.00,,1,293,0,0,,,0.47,0.59,0.28,0.54,0.74,0.05
2024-10-18T10:44:01Z,"0002cc0100000eb0","36543cfe71f935690a1574c8450000000125000000007c0975c96f1d7d617d74",2,3.34,,10,21.45,78.23,,0.00,,0,293,0,0,,,,0.68,0.67,0.22,0.36,0.50
2024-10-18T10:49:57Z,"0002cc0100000eb0","36543cffd5f935610a1574c84b0000000125000000007cd07d517d817cb4ed87",2,3.34,,10,21.45,78.24,,0.00,,0,293,0,0,,,,-0.17,0.59,0.69,0.66,0.60
2024-10-18T10:55:53Z,"0002cc0100000eb0","36543d0139f935650a1571c7cb0000000127020000007cb27c817557742d7691",2,3.34,,10,21.44,78.05,,0.00,,2,295,0,0,,,,0.41,0.26,0.33,0.56,0.59
2024-10-18T11:01:49Z,"0002cc0100000eb0","36543d029df935610a1571c6d53b8c940127000000007cc3de3e7517f4d5e5b47d08",2,3.34,,10,21.44,77.67,,0.10,,0,295,0,0,,,0.63,-0.09,-0.30,0.32,-0.05,0.60
2024-10-18T11:07:45Z,"0002cc0100000eb0","36543d0401f935690a156cc5ff3f4e720129020000007c1175717d6477c574d9",2,3.34,,10,21.42,77.34,,1.31,,2,297,0,0,,,,0.30,0.49,0.67,0.34,0.51
2024-10-18T11:13:41Z,"0002cc0100000eb0","36543d0565f935610a156cc5cf3b5e00012b0200000076c57e06769f779d7cda",2,3.34,,10,21.42,77.27,,0.09,,2,299,0,0,,,,0.61,0.48,0.41,0.75,0.42
2024-10-18T11:19:37Z,"0002cc0100000eb0","36543d06c9f935690a156cc76d3f46c3012b00000000ff007c987cb9dcdcf659",2,3.34,,10,21.42,77.90,,1.28,,0,299,0,0,,,,-0.40,-0.04,0.59,0.57,-0.88
2024-10-18T11:25:33Z,"0002cc0100000eb0","36543d082df935710a1574c7b83eabdb012b00000000f6a06d887c07ed7975ae76e9",2,3.34,,10,21.45,78.02,,0.84,,0,299,0,0,,,0.43,0.36,-0.17,0.50,0.17,-0.41
2024-10-18T11:31:29Z,"0002cc0100000eb0","36543d0991f935710a156cc5cf3ee0fd012b0000000076e477ea75bcc628efba",2,3.34,,10,21.42,77.27,,0.94,,0,299,0,0,,,,-0.24,-0.01,0.36,0.49,0.43
2024-10-18T11:37:25Z,"0002cc0100000eb0","36543d0af5f9356d0a1566c5763ecf11012b00000000dfa86481ff076ca465ffefad",2,3.34,,10,21.40,77.13,,0.90,,0,299,0,0,,,-0.24,0.09,0.15,-0.88,0.07,-0.06
2024-10-18T11:43:21Z,"0002cc0100000eb0","36543d0c59f935690a1557c5423eb83f012b00000000ffe0ffb2fc33fd31f453",2,3.34,,10,21.34,77.06,,0.86,,0,299,0,0,,,,-0.27,-0.65,-0.52,-0.96,-0.98
2024-10-18T11:49:17Z,"0002cc0100000eb0","36543d0dbdf9355d0a154cc5423ef05a012b00000000fd2cf5cafff8ffffffffffff",2,3.34,,10,21.30,77.06,,0.97,,0,299,0,0,,,-1.00,-1.00,-1.00,-1.00,-0.36,-0.65
2024-10-18T11:55:12Z,"0002cc0100000eb0","36543d0f20f935710a1541c5343ef05a012b00000000ffffffffffffffffffff",2,3.34,,10,21.25,77.03,,0.97,,0,299,0,0,,,,-1.00,-1.00,-1.00,-1.00,-1.00
2024-10-18T12:01:09Z,"0002cc0100000eb0","36543d1085f9356d0a1536c4fd3eb83f012b00000000ffffffffffffffffff9afef4",2,3.34,,10,21.21,76.95,,0.86,,0,299,0,0,,,-0.87,-0.95,-1.00,-1.00,-1.00,-1.00
2024-10-18T12:07:04Z,"0002cc0100000eb0","36543d11e8f935790a1533c4ad3ef05a012b00000000ffffffffffffffffffff",2,3.34,,10,21.20,76.83,,0.97,,0,299,0,0,,,,-1.00,-1.00,-1.00,-1.00,-1.00
2024-10-18T12:13:00Z,"0002cc0100000eb0","36543d134cf935790a152bc4a93eb83f012b00000000ffffffffffffffffffff",2,3.34,,10,21.17,76.82,,0.86,,0,299,0,0,,,,-1.00,-1.00,-1.00,-1.00,-1.00
2024-10-18T12:18:56Z,"0002cc0100000eb0","36543d14b0f935710a1524c45e3eb83f012b00000000ffffff0cffffffdcffff",2,3.34,,10,21.14,76.71,,0.86,,0,299,0,0,,,,-1.00,-0.98,-1.00,-0.88,-1.00
2024-10-18T12:24:52Z,"0002cc0100000eb0","36543d1614f9356d0a151cc4373eb83f012b00000000feb9ff31ffffffffffff",2,3.34,,10,21.11,76.65,,0.86,,0,299,0,0,,,,-1.00,-1.00,-1.00,-0.90,-0.84
2024-10-18T12:30:48Z,"0002cc0100000eb0","36543d1778f935690a151cc4913eba37012b00000000fd1dfffff59df5beffff",2,3.34,,10,21.11,76.78,,0.86,,0,299,0,0,,,,-1.00,-0.36,-0.35,-1.00,-0.64
2024-10-18T12:36:44Z,"0002cc0100000eb0","36543d18dcf935710a1516c4163ec4a4012b00000000fffffea1ffdaffffffff",2,3.34,,10,21.08,76.60,,0.88,,0,299,0,0,,,,-1.00,-1.00,-0.98,-0.83,-1.00
2024-10-18T12:42:40Z,"0002cc0100000eb0","36543d1a40f935690a1512c3d43ec4a4012b00000000ffffff89ffffffffffffffff",2,3.34,,10,21.07,76.50,,0.88,,0,299,0,0,,,-1.00,-1.00,-1.00,-1.00,-0.94,-1.00
2024-10-18T12:48:36Z,"0002cc0100000eb0","36543d1ba4f2020402001512c40b3effb6012b00000000ffffffe6ff30ffffffff",2,,2.4.2.0,,21.07,76.58,,1.00,,0,299,0,0,,,,-1.00,-1.00,-0.90,-0.99,-1.00
2024-10-18T12:54:32Z,"0002cc0100000eb0","36543d1d08f935710a150ec3cb3ec4a4012b00000000fffffe35ffffffffffffffff",2,3.34,,10,21.05,76.48,,0.88,,0,299,0,0,,,-1.00,-1.00,-1.00,-1.00,-0.78,-1.00
2024-10-18T13:00:28Z,"0002cc0100000eb0","36543d1e6cf935710a150ec37e3effb6012b00000000ffffffffffffffffffff",2,3.34,,10,21.05,76.37,,1.00,,0,299,0,0,,,,-1.00,-1.00,-1.00,-1.00,-1.00
2024-10-18T13:06:24Z,"0002cc0100000eb0","36543d1fd0f935610a150bc3183ec4a4012b00000000ffffffffffffffffffffff53",2,3.34,,10,21.04,76.21,,0.88,,0,299,0,0,,,-0.92,-1.00,-1.00,-1.00,-1.00,-1.00
2024-10-18T13:12:20Z,"0002cc0100000eb0","36543d2134f935650a150bc3c93ec4a4012b0000000077c9fea3ffffff8dffff",2,3.34,,10,21.04,76.48,,0.88,,0,299,0,0,,,,-1.00,-0.94,-1.00,-0.83,0.49
2024-10-18T13:18:16Z,"0002cc0100000eb0","36543d2298f935690a151cc3f63effb6012c01000000edb676c17c8074f1ef41",2,3.34,,10,21.11,76.55,,1.00,,1,300,0,0,,,,-0.23,0.31,0.56,0.42,-0.18
2024-10-18T13:24:12Z,"0002cc0100000eb0","36543d23fcf9356d0a152bc4703eebca012f03000000edf37cc07cd87d6a7e2a",2,3.34,,10,21.17,76.73,,0.96,,3,303,0,0,,,,0.77,0.68,0.61,0.59,-0.19
2024-10-18T13:30:08Z,"0002cc0100000eb0","36543d2560f9354c0a153ac4fe3aac0f013001000000ecb0e7d47c98ee6ddce96f8b",2,3.33,,10,21.22,76.95,,0.05,,1,304,0,0,,,0.24,-0.04,-0.20,0.57,-0.12,-0.15
2024-10-18T13:36:04Z,"0002cc0100000eb0","36543d26c4f935690a1550c9e03ee9d20130000000006e956c42ce1d745b74e1",2,3.34,,10,21.31,78.86,,0.96,,0,304,0,0,,,,0.31,0.27,-0.01,0.13,0.21
2024-10-18T13:41:59Z,"0002cc0100000eb0","36543d2827f935690a1557c6c53f3e490131010000007d56ed916da36fc275c9",2,3.34,,10,21.34,77.65,,1.24,,1,305,0,0,,,,0.36,0.24,0.18,-0.17,0.67
2024-10-18T13:47:56Z,"0002cc0100000eb0","36543d298cf935610a154cc6473f6289013100000000ef38fe7afc8ffe23ec00fc00",2,3.34,,10,21.30,77.45,,1.38,,0,305,0,0,,,-0.50,-0.12,-0.77,-0.57,-0.81,-0.23
2024-10-18T13:53:51Z,"0002cc0100000eb0","36543d2aeff9357d0a153ac5453f3d4d013100000000f4326f38fceeffaeffff",2,3.34,,10,21.22,77.06,,1.24,,0,305,0,0,,,,-1.00,-0.96,-0.62,0.23,-0.26
2024-10-18T13:59:47Z,"0002cc0100000eb0","36543d2c53f9356d0a1527c4833f3d4d013100000000fcf2fef7ffc1ffffffffffff",2,3.34,,10,21.15,76.76,,1.24,,0,305,0,0,,,-1.00,-1.00,-1.00,-0.97,-0.87,-0.62
2024-10-18T14:05:43Z,"0002cc0100000eb0","36543d2db7f935710a1521c4553f437f013100000000ffffffffffa8ffc4ffff",2,3.34,,10,21.13,76.69,,1.26,,0,305,0,0,,,,-1.00,-0.97,-0.96,-1.00,-1.00
2024-10-18T14:11:39Z,"0002cc0100000eb0","36543d2f1bf935540a1516c4163f437f013100000000ffffffffff8affffffff",2,3.33,,10,21.08,76.60,,1.26,,0,305,0,0,,,,-1.00,-1.00,-0.94,-1.00,-1.00
2024-10-18T14:17:35Z,"0002cc0100000eb0","36543d307ff935690a150ec3fc3f437f013100000000fffffffffec1ffffffffffff",2,3.34,,10,21.05,76.56,,1.26,,0,305,0,0,,,-1.00,-1.00,-1.00,-0.84,-1.00,-1.00
2024-10-18T14:23:31Z,"0002cc0100000eb0","36543d31e3f935690a1507c3db3f437f013100000000fffffffffe49ffffffff",2,3.34,,10,21.03,76.51,,1.26,,0,305,0,0,,,,-1.00,-1.00,-0.79,-1.00,-1.00
2024-10-18T14:29:27Z,"0002cc0100000eb0","36543d3347f935690a1507c3c63f437f013100000000ffffff76ffffffffffff",2,3.34,,10,21.03,76.48,,1.26,,0,305,0,0,,,,-1.00,-1.00,-1.00,-0.93,-1.00
2024-10-18T14:35:23Z,"0002cc0100000eb0","36543d34abf935690a1507c38d3f437f013100000000ffffffe9ffffffffffffffff",2,3.34,,10,21.03,76.39,,1.26,,0,305,0,0,,,-1.00,-1.00,-1.00,-1.00,-0.99,-1.00
2024-10-18T14:41:19Z,"0002cc0100000eb0","36543d360ff935710a1503c3623f64be013100000000fffffffffffffffffd6b",2,3.34,,10,21.01,76.32,,1.39,,0,305,0,0,,,,-0.68,-1.00,-1.00,-1.00,-1.00
2024-10-18T14:47:11Z,"0002cc0100000eb0","36543d376ff935790a1503c31b3f437f013100000000ffffffffffffffffffff",3,3.34,,10,21.01,76.21,,1.26,,0,305,0,0,,,,-1.00,-1.00,-1.00,-1.00,-1.00
2024-10-18T14:53:07Z,"0002cc0100000eb0","36543d38d3f935690a1503c3003f437f013100000000ffffffffffffffffffffffff",2,3.34,,10,21.01,76.17,,1.26,,0,305,0,0,,,-1.00,-1.00,-1.00,-1.00,-1.00,-1.00
2024-10-18T14:59:03Z,"0002cc0100000eb0","36543d3a37f9355d0a1503c3cb3f5f87013100000000fffffffffc7efe9cfc18",2,3.34,,10,21.01,76.48,,1.37,,0,305,0,0,,,,-0.51,-0.83,-0.56,-1.00,-1.00
2024-10-18T15:04:59Z,"0002cc0100000eb0","36543d3b9bf935690a1503c2f93f437f013100000000f768ffeaffffffffffffffff",2,3.34,,10,21.01,76.16,,1.26,,0,305,0,0,,,-1.00,-1.00,-1.00,-1.00,-0.99,-0.46
2024-10-18T15:10:55Z,"0002cc0100000eb0","36543d3cfff935690a1507c2ae3f437f013100000000ffffffffffa4fe62fece",2,3.34,,10,21.03,76.05,,1.26,,0,305,0,0,,,,-0.85,-0.80,-0.95,-1.00,-1.00
2024-10-18T15:16:51Z,"0002cc0100000eb0","36543d3e63f935690a1503c29d3f3e49013100000000ffffffa6ffffffcfffff",2,3.34,,10,21.01,76.02,,1.24,,0,305,0,0,,,,-1.00,-0.98,-1.00,-0.96,-1.00
2024-10-18T15:22:47Z,"0002cc0100000eb0","36543d3fc7f9356d0a1503c26d3f64be013100000000ffffffffffffffffffffff55",2,3.34,,10,21.01,75.95,,1.39,,0,305,0,0,,,-0.92,-1.00,-1.00,-1.00,-1.00,-1.00
2024-10-18T15:28:43Z,"0002cc0100000eb0","36543d412bf935690a1507c27c3f3e49013100000000ffffffffffffffffffff",2,3.34,,10,21.03,75.97,,1.24,,0,305,0,0,,,,-1.00,-1.00,-1.00,-1.00,-1.00
2024-10-18T15:34:39Z,"0002cc0100000eb0","36543d428ff9356d0a1507c3503f4ee8013100000000ffb2ff41ffffff2c765bf7cc",2,3.34,,10,21.03,76.30,,1.31,,0,305,0,0,,,-0.49,0.40,-0.90,-1.00,-0.91,-0.96
2024-10-18T15:40:35Z,"0002cc0100000eb0","36543d43f3f935610a150bc2f63f48b6013100000000fe8afe5affffff4cffff",2,3.34,,10,21.04,76.16,,1.28,,0,305,0,0,,,,-1.00,-0.91,-1.00,-0.79,-0.82
2024-10-18T15:46:30Z,"0002cc0100000eb0","36543d4556f935610a1503c27b3f48b6013100000000ffffffffffffffefffff",2,3.34,,10,21.01,75.97,,1.28,,0,305,0,0,,,,-1.00,-0.99,-1.00,-1.00,-1.00
2024-10-18T15:52:27Z,"0002cc0100000eb0","36543d46bbf935690a150bc2553f3e49013100000000ff94fffffffffffffffffef8",2,3.34,,10,21.04,75.91,,1.24,,0,305,0,0,,,-0.87,-1.00,-1.00,-1.00,-1.00,-0.95
2024-10-18T15:58:22Z,"0002cc0100000eb0","36543d481ef935650a150bc24e3f7851013100000000ffffffffff84ff3effff",2,3.34,,10,21.04,75.90,,1.47,,0,305,0,0,,,,-1.00,-0.91,-0.94,-1.00,-1.00
2024-10-18T16:04:18Z,"0002cc0100000eb0","36543d4982f935690a1507c2133f6a37013100000000ffffff99ffffffffffdaffff",2,3.34,,10,21.03,75.81,,1.41,,0,305,0,0,,,-1.00,-0.98,-1.00,-1.00,-0.95,-1.00
2024-10-18T16:10:14Z,"0002cc0100000eb0","36543d4ae6f9356d0a1503c1e03f4ee8013100000000ffffffffffd9ffffffff",2,3.34,,10,21.01,75.73,,1.31,,0,305,0,0,,,,-1.00,-1.00,-0.98,-1.00,-1.00
2024-10-18T16:16:10Z,"0002cc0100000eb0","36543d4c4af935710a150ec3993f3e49013100000000feb6dee0fd67fc26fc36ffec",2,3.34,,10,21.05,76.41,,1.24,,0,305,0,0,,,-0.99,-0.53,-0.52,-0.68,-0.05,-0.84
2024-10-18T16:22:06Z,"0002cc0100000eb0","36543d4daef935710a150ec2eb3f6289013100000000ff23fe1eff0cffdaffff",2,3.34,,10,21.05,76.14,,1.38,,0,305,0,0,,,,-1.00,-0.98,-0.88,-0.76,-0.89
2024-10-18T16:28:02Z,"0002cc0100000eb0","36543d4f12f935790a150ec2c13f48b6013100000000fe1ffffffe9cffffffff",2,3.34,,10,21.05,76.08,,1.28,,0,305,0,0,,,,-1.00,-1.00,-0.83,-1.00,-0.77
2024-10-18T16:33:58Z,"0002cc0100000eb0","36543d5076f935690a150bc2403f6289013100000000ffffffffffffffa6ffff",2,3.34,,10,21.04,75.88,,1.38,,0,305,0,0,,,,-1.00,-0.96,-1.00,-1.00,-1.00
2024-10-18T16:39:54Z,"0002cc0100000eb0","36543d51daf935650a150bc1d73f6289013100000000ffffffffffffffffffff",2,3.34,,10,21.04,75.72,,1.38,,0,305,0,0,,,,-1.00,-1.00,-1.00,-1.00,-1.00
2024-10-18T16:45:50Z,"0002cc0100000eb0","36543d533ef9356d0a1503c1b63f48b6013100000000fffffffffffffffffd08feb3",2,3.34,,10,21.01,75.67,,1.28,,0,305,0,0,,,-0.84,-0.63,-1.00,-1.00,-1.00,-1.00
2024-10-18T16:51:46Z,"0002cc0100000eb0","36543d54a2f2020402001512c28a3d0cb6013201000000ef86f51a752174807c04",2,,2.4.2.0,,21.07,75.99,,0.26,,1,306,0,0,,,,0.50,0.28,0.32,-0.32,-0.24
2024-10-18T16:57:42Z,"0002cc0100000eb0","36543d5606f935690a1524c2ff3bbc5e0133010000006d107cdc755afe017c78",2,3.34,,10,21.14,76.17,,0.11,,1,307,0,0,,,,0.56,-0.75,0.33,0.61,0.16
2024-10-18T17:03:38Z,"0002cc0100000eb0","36543d576af935690a1527c2bb3c5b02013401000000f684fffffc94fca2ed267cef",2,3.34,,10,21.15,76.07,,0.17,,1,308,0,0,,,0.62,-0.16,-0.58,-0.57,-1.00,-0.41
2024-10-18T17:10:13Z,"0002cc0100000eb0","36543d58f572020402001557c3e4000000000000000000",2,,2.4.2.0,,21.34,76.52,,0.00,,0,0,0,0,,,,,,,,
2024-10-18T17:11:07Z,"0002cc0100000eb0","36543d592b7935690c154cc15e3f4761000000000000",2,3.34,,12,21.30,75.54,,1.28,,0,0,0,0,,,,,,,,
2024-10-18T17:12:06Z,"0002cc0100000eb0","36543d5966f935690c154cbe133aac0f0000000000006f1f",2,3.34,,12,21.30,74.25,,0.05,,0,0,0,0,,,,,,,,0.22
2024-10-18T17:13:06Z,"0002cc0100000eb0","36543d59a279356d0c1550bf303b9c51000000000000",2,3.34,,12,21.31,74.68,,0.10,,0,0,0,0,,,,,,,,
2024-10-18T17:14:05Z,"0002cc0100000eb0","36543d59ddf935690c1557c03f3cb648000000000000cd67",2,3.34,,12,21.34,75.10,,0.21,,0,0,0,0,,,,,,,,-0.01
2024-10-18T17:15:04Z,"0002cc0100000eb0","36543d5a187935690c155ec1463befb9000101000000",2,3.34,,12,21.37,75.50,,0.12,,1,1,0,0,,,,,,,,
2024-10-18T17:16:04Z,"0002cc0100000eb0","36543d5a5479355d0c1562c1883c1ba1000201000000",2,3.34,,12,21.38,75.60,,0.14,,1,2,0,0,,,,,,,,
2024-10-18T17:17:03Z,"0002cc0100000eb0","36543d5a8ff935610c1566c21e3c53230003010000007cd1",2,3.34,,12,21.40,75.83,,0.17,,1,3,0,0,,,,,,,,0.60
2024-10-18T17:18:03Z,"0002cc0100000eb0","36543d5acb7935610c156cc20c3e28a8000300000000",2,3.34,,12,21.42,75.80,,0.58,,0,3,0,0,,,,,,,,
2024-10-18T17:19:02Z,"0002cc0100000eb0","36543d5b06f935690c156cc1b93cb648000300000000743a",2,3.34,,12,21.42,75.67,,0.21,,0,3,0,0,,,,,,,,0.26
2024-10-18T17:24:58Z,"0002cc0100000eb0","36543d5c6af935610c1566c28d3c296f0004010000006df475a075186ce77c9b",2,3.34,,12,21.40,76.00,,0.15,,1,4,0,0,,,,0.58,0.15,0.32,0.35,0.19
2024-10-18T17:30:54Z,"0002cc0100000eb0","36543d5dcef935750c1569c3473b8c940005010000007e0e7d887c397cbc7dbc7cb5",2,3.34,,12,21.41,76.28,,0.10,,1,5,0,0,,,0.59,0.72,0.59,0.53,0.69,0.76
2024-10-18T17:36:50Z,"0002cc0100000eb0","36543d5f32f935710c155ec2493d417b0005000000007761f6f57504fe32fc1dfd14",2,3.34,,12,21.37,75.89,,0.31,,0,5,0,0,,,-0.63,-0.51,-0.77,0.31,-0.43,0.46
2024-10-18T17:42:46Z,"0002cc0100000eb0","36543d6096f935650c1541c1a43cefb9000500000000ff6afc8efe0ef770fec9",2,3.34,,12,21.25,75.64,,0.24,,0,5,0,0,,,,-0.85,-0.46,-0.76,-0.57,-0.93
2024-10-18T17:48:42Z,"0002cc0100000eb0","36543d61faf935690c1530c1cb3cefb9000500000000ffffff67fffffffffffffff3",2,3.34,,12,21.18,75.70,,0.24,,0,5,0,0,,,-0.99,-1.00,-1.00,-1.00,-0.93,-1.00
2024-10-18T17:54:38Z,"0002cc0100000eb0","36543d635ef9356d0c1521c1bb3cefb9000500000000fc41ffffffffffffffad",2,3.34,,12,21.13,75.68,,0.24,,0,5,0,0,,,,-0.96,-1.00,-1.00,-1.00,-0.53
2024-10-18T18:00:33Z,"0002cc0100000eb0","36543d64c1f935690c150ec1a13cefb9000500000000ffffffffffffffffffff",2,3.34,,12,21.05,75.64,,0.24,,0,5,0,0,,,,-1.00,-1.00,-1.00,-1.00,-1.00
2024-10-18T18:06:29Z,"0002cc0100000eb0","36543d6625f9356d0c1507c17a3cefb9000500000000fffffffffffffdccfe79",2,3.34,,12,21.03,75.58,,0.24,,0,5,0,0,,,,-0.81,-0.72,-1.00,-1.00,-1.00
2024-10-18T18:12:25Z,"0002cc0100000eb0","36543d6789f935790c1500c17c3cefb9000500000000fd73ffdeffffffffffff",2,3.34,,12,21.00,75.58,,0.24,,0,5,0,0,,,,-1.00,-1.00,-1.00,-0.98,-0.68
2024-10-18T18:18:21Z,"0002cc0100000eb0","36543d68edf935690c14f8c17f3cefb9000500000000ffffffffffffffffffffff39",2,3.34,,12,20.97,75.59,,0.24,,0,5,0,0,,,-0.90,-1.00,-1.00,-1.00,-1.00,-1.00
2024-10-18T18:24:17Z,"0002cc0100000eb0","36543d6a51f935690c14f1c1733cefb9000500000000ffffff1efd9cffffffff",2,3.34,,12,20.94,75.57,,0.24,,0,5,0,0,,,,-1.00,-1.00,-0.70,-0.89,-1.00
2024-10-18T18:30:13Z,"0002cc0100000eb0","36543d6bb5f9356d0c14eac16e3cefb9000500000000fffffffffed4ffffffff",2,3.34,,12,20.91,75.56,,0.24,,0,5,0,0,,,,-1.00,-1.00,-0.85,-1.00,-1.00
2024-10-18T18:36:09Z,"0002cc0100000eb0","36543d6d19f935690c14e6c1113d3a5a000500000000fffffff6ffffffffffff",2,3.34,,12,20.90,75.42,,0.31,,0,5,0,0,,,,-1.00,-1.00,-1.00,-0.99,-1.00
2024-10-18T18:42:05Z,"0002cc0100000eb0","36543d6e7df935650c14e6c1883cefb9000500000000feb9fe6efffffc6df66c",2,3.34,,12,20.90,75.60,,0.24,,0,5,0,0,,,,-0.40,-0.55,-1.00,-0.80,-0.84
2024-10-18T18:48:01Z,"0002cc0100000eb0","36543d6fe1f935690c14e6c0e03cefb9000500000000ffffffffffffffffffffffff",2,3.34,,12,20.90,75.34,,0.24,,0,5,0,0,,,-1.00,-1.00,-1.00,-1.00,-1.00,-1.00
2024-10-18T18:53:57Z,"0002cc0100000eb0","36543d7145f9356d0c14e3c1863dee04000500000000fffffffffffffed9753a",2,3.34,,12,20.89,75.60,,0.48,,0,5,0,0,,,,0.33,-0.86,-1.00,-1.00,-1.00
2024-10-18T18:56:17Z,"0002cc0100000eb0","36543d71d172020402001500c0e3000000000000000000",2,,2.4.2.0,,21.00,75.35,,0.00,,0,0,0,0,,,,,,,,
2024-10-18T18:57:11Z,"0002cc0100000eb0","36543d72077935690d14f5c0953d6fdb000000000000",2,3.34,,13,20.95,75.23,,0.36,,0,0,0,0,,,,,,,,
2024-10-18T18:58:11Z,"0002cc0100000eb0","36543d7243f935650d14f5c0473d6fdb000000000000ffd9",2,3.34,,13,20.95,75.11,,0.36,,0,0,0,0,,,,,,,,-0.98
2024-10-18T18:59:10Z,"0002cc0100000eb0","36543d727e79356d0d14f8c0423db093000000000000",2,3.34,,13,20.97,75.10,,0.42,,0,0,0,0,,,,,,,,
2024-10-18T19:00:09Z,"0002cc0100000eb0","36543d72b9f935790d1503c03c3d6fdb000000000000ffff",2,3.34,,13,21.01,75.09,,0.36,,0,0,0,0,,,,,,,,-1.00
2024-10-18T19:01:09Z,"0002cc0100000eb0","36543d72f579356d0d14fcc0233d4238000000000000",2,3.34,,13,20.98,75.05,,0.31,,0,0,0,0,,,,,,,,
2024-10-18T19:02:08Z,"0002cc0100000eb0","36543d7330f935690d1507c0303d4238000000000000ff05",2,3.34,,13,21.03,75.07,,0.31,,0,0,0,0,,,,,,,,-0.88
2024-10-18T19:51:50Z,"0002cc0100000eb0","36543d7ed67202040200150ec218000000000101000000",2,,2.4.2.0,,21.05,75.82,,0.00,,1,1,0,0,,,,,,,,
2024-10-18T19:52:44Z,"0002cc0100000eb0","36543d7f0c79357511150bc0cc3b48ea000100000000",2,3.34,,17,21.04,75.31,,0.08,,0,1,0,0,,,,,,,,
2024-10-18T19:53:44Z,"0002cc0100000eb0","36543d7f48f9357511150ec04239cb89000100000000fcfa",2,3.34,,17,21.05,75.10,,0.03,,0,1,0,0,,,,,,,,-0.62
2024-10-18T19:54:43Z,"0002cc0100000eb0","36543d7f8379357911150ebfda3d4238000100000000",2,3.34,,17,21.05,74.94,,0.31,,0,1,0,0,,,,,,,,
2024-10-18T19:55:42Z,"0002cc0100000eb0","36543d7fbe79356d11151cbf803d4238000100000000",2,3.34,,17,21.11,74.81,,0.31,,0,1,0,0,,,,,,,,
2024-10-18T19:56:42Z,"0002cc0100000eb0","36543d7ffaf9356d11151cbf573d4238000100000000ffff",2,3.34,,17,21.11,74.74,,0.31,,0,1,0,0,,,,,,,,-1.00
2024-10-18T19:57:41Z,"0002cc0100000eb0","36543d803579357911151cbf5d3d8ab9000100000000",2,3.34,,17,21.11,74.75,,0.39,,0,1,0,0,,,,,,,,
2024-10-18T19:58:40Z,"0002cc0100000eb0","36543d8070f9357511151cbf113d8ab9000100000000ffff",2,3.34,,17,21.11,74.64,,0.39,,0,1,0,0,,,,,,,,-1.00
2024-10-18T19:59:40Z,"0002cc0100000eb0","36543d80ac79356d111524bedc3d9da6000100000000",2,3.34,,17,21.14,74.56,,0.40,,0,1,0,0,,,,,,,,
2024-10-18T20:00:39Z,"0002cc0100000eb0","36543d80e7f9356d111524be883d4238000100000000ffff",2,3.34,,17,21.14,74.43,,0.31,,0,1,0,0,,,,,,,,-1.00
2024-10-18T20:06:35Z,"0002cc0100000eb0","36543d824bf93575111516bc6f3d9da6000100000000ff7ffffffffffe84fffffff2",2,3.34,,17,21.08,73.61,,0.40,,0,1,0,0,,,-0.99,-1.00,-0.81,-1.00,-1.00,-0.94
2024-10-18T20:12:31Z,"0002cc0100000eb0","36543d83aff9356d11150bbe4f3d5712000100000000ffffffffff23ffbaffff",2,3.34,,17,21.04,74.34,,0.34,,0,1,0,0,,,,-1.00,-0.97,-0.89,-1.00,-1.00
2024-10-18T20:18:27Z,"0002cc0100000eb0","36543d8513f9358611150ebf6b3d1495000100000000fffffffffffffffffef9",2,3.35,,17,21.05,74.77,,0.27,,0,1,0,0,,,,-0.87,-1.00,-1.00,-1.00,-1.00
2024-10-18T20:24:23Z,"0002cc0100000eb0","36543d8677f93575111507bfad3d4238000100000000ffffffffffffffffffdffe1a",2,3.34,,17,21.03,74.87,,0.31,,0,1,0,0,,,-0.76,-0.98,-1.00,-1.00,-1.00,-1.00
2024-10-18T20:30:19Z,"0002cc0100000eb0","36543d87dbf9357d111507c0e03d8ab9000100000000ffffef87fe68ffcefff9",2,3.34,,17,21.03,75.34,,0.39,,0,1,0,0,,,,-1.00,-0.98,-0.80,-0.24,-1.00
2024-10-18T20:36:15Z,"0002cc0100000eb0","36543d893ff9356d111503c04a3d5712000100000000fffffffffeadffefffda",2,3.34,,17,21.01,75.11,,0.34,,0,1,0,0,,,,-0.98,-0.99,-0.83,-1.00,-1.00
2024-10-18T20:42:11Z,"0002cc0100000eb0","36543d8aa3f9356d1114fcc0b03d8ab9000100000000ffffffffff08fd17f520",2,3.34,,17,20.98,75.27,,0.39,,0,1,0,0,,,,-0.32,-0.64,-0.88,-1.00,-1.00
2024-10-18T20:48:07Z,"0002cc0100000eb0","36543d8c07f9356d111500bf683d5712000100000000ffffffffffffffa9ffdcffff",2,3.34,,17,21.00,74.77,,0.34,,0,1,0,0,,,-1.00,-0.98,-0.96,-1.00,-1.00,-1.00
2024-10-18T20:54:03Z,"0002cc0100000eb0","36543d8d6bf93575111500bf6f3d4238000100000000ffffffffff65ffffffff",2,3.34,,17,21.00,74.78,,0.31,,0,1,0,0,,,,-1.00,-1.00,-0.92,-1.00,-1.00
2024-10-18T20:59:59Z,"0002cc0100000eb0","36543d8ecff935751114f5c0e33d4238000100000000ffffffffffffffffde0dfd83",2,3.34,,17,20.95,75.35,,0.31,,0,1,0,0,,,-0.69,-0.05,-1.00,-1.00,-1.00,-1.00
2024-10-18T21:05:55Z,"0002cc0100000eb0","36543d9033f9356d1114fcc0993d4238000100000000fffffffffc18fcc4ffa2",2,3.34,,17,20.98,75.23,,0.31,,0,1,0,0,,,,-0.95,-0.60,-0.51,-1.00,-1.00
2024-10-18T21:11:51Z,"0002cc0100000eb0","36543d9197f935791114fcc08c3d5712000100000000fd08fc54f4dbffe0ffffffff",2,3.34,,17,20.98,75.21,,0.34,,0,1,0,0,,,-1.00,-1.00,-0.98,-0.30,-0.54,-0.63
2024-10-18T21:17:47Z,"0002cc0100000eb0","36543d92fbf935791114fcc01b3d5712000100000000ffffffffff88ffffff48",2,3.34,,17,20.98,75.04,,0.34,,0,1,0,0,,,,-0.91,-1.00,-0.94,-1.00,-1.00
2024-10-18T21:23:42Z,"0002cc0100000eb0","36543d945ef935751114fcbff23d1495000100000000ffffffffffffffffffff",2,3.34,,17,20.98,74.98,,0.27,,0,1,0,0,,,,-1.00,-1.00,-1.00,-1.00,-1.00
2024-10-18T21:29:39Z,"0002cc0100000eb0","36543d95c3f935791114f5bfa73d1495000100000000fffffffffffffffffc98fe66",2,3.34,,17,20.95,74.87,,0.27,,0,1,0,0,,,-0.80,-0.57,-1.00,-1.00,-1.00,-1.00
2024-10-18T21:35:35Z,"0002cc0100000eb0","36543d9727f935791114f8bfc53d9da6000100000000ed8cffffff96ffffffff",2,3.34,,17,20.97,74.91,,0.40,,0,1,0,0,,,,-1.00,-1.00,-0.95,-1.00,-0.17
2024-10-18T21:41:30Z,"0002cc0100000eb0","36543d988af9356d1114f8bfbf3d4238000100000000fc94ffffffffffffffff",2,3.34,,17,20.97,74.90,,0.31,,0,1,0,0,,,,-1.00,-1.00,-1.00,-1.00,-0.57
2024-10-18T21:47:26Z,"0002cc0100000eb0","36543d99eef935751114f8bfb03d4238000100000000ffffffe0ff51fe16fe7e",2,3.34,,17,20.97,74.88,,0.31,,0,1,0,0,,,,-0.81,-0.76,-0.91,-0.98,-1.00
2024-10-18T21:53:22Z,"0002cc0100000eb0","36543d9b52f935751114fcc0993d8ab9000100000000ffffffffff60fffffd5555fa",2,3.34,,17,20.98,75.23,,0.39,,0,1,0,0,,,0.02,-0.67,-1.00,-0.92,-1.00,-1.00
2024-10-18T21:59:18Z,"0002cc0100000eb0","36543d9cb6f93575111500c0a23d8ab9000100000000eca0ff4bfce5fe82fec5",2,3.34,,17,21.00,75.25,,0.39,,0,1,0,0,,,,-0.85,-0.81,-0.61,-0.91,-0.14
2024-10-18T22:05:14Z,"0002cc0100000eb0","36543d9e1af935751114fcc1503d5712000100000000f492f4c1fe08fffff5eee595",2,3.34,,17,20.98,75.51,,0.34,,0,1,0,0,,,-0.09,-0.37,-1.00,-0.75,-0.30,-0.29
2024-10-18T22:11:10Z,"0002cc0100000eb0","36543d9f7ef9356511151cc2673d5712000302000000768974566eaf76827c0b",2,3.34,,17,21.11,75.94,,0.34,,2,3,0,0,,,,0.51,0.41,0.21,0.27,0.41
2024-10-18T22:17:06Z,"0002cc0100000eb0","36543da0e2f9356d111530c3e0381b2c00050200000077a3df14ff21f73d7d26f44b",2,3.34,,17,21.18,76.51,,0.01,,2,5,0,0,,,-0.27,0.64,-0.45,-0.89,-0.06,0.48
2024-10-18T22:23:02Z,"0002cc0100000eb0","36543da246f9356911156cc8463d5712000601000000dd046594d5daf4af661a",2,3.34,,17,21.42,78.23,,0.34,,1,6,0,0,,,,0.10,-0.29,-0.02,0.09,-0.04
2024-10-18T22:28:58Z,"0002cc0100000eb0","36543da3aaf9356d111571c4d43d8ab9000802000000f7937d20756df5897e23",2,3.34,,17,21.44,76.89,,0.39,,2,8,0,0,,,,0.77,-0.35,0.34,0.64,-0.47
2024-10-18T22:34:54Z,"0002cc0100000eb0","36543da50ef9356d111577c53a3d571200090100000074c377076c46edeefcd86f33",2,3.34,,17,21.46,77.04,,0.34,,1,9,0,0,,,0.23,-0.61,-0.19,0.13,0.44,0.30
2024-10-18T22:40:50Z,"0002cc0100000eb0","36543da672f9357911155ec29d3d8ab9000a010000007c9b75cd7cb275847441",2,3.34,,17,21.37,76.02,,0.39,,1,10,0,0,,,,0.27,0.34,0.59,0.36,0.58
2024-10-18T22:46:46Z,"0002cc0100000eb0","36543da7d6f93575111549c1fd3d5712000a00000000f710fc8df744f4effde8",2,3.34,,17,21.28,75.78,,0.34,,0,10,0,0,,,,-0.74,-0.31,-0.45,-0.57,-0.44
2024-10-18T22:52:42Z,"0002cc0100000eb0","36543da93af9357911152bc19e3d5712000a00000000fdbefc23fd77ff2afddeffaf",2,3.34,,17,21.17,75.63,,0.34,,0,10,0,0,,,-0.96,-0.73,-0.90,-0.68,-0.52,-0.72
2024-10-18T22:58:38Z,"0002cc0100000eb0","36543daa9ef9356d111524c1533d91da000a00000000ffffffffffffffffffff",2,3.34,,17,21.14,75.52,,0.39,,0,10,0,0,,,,-1.00,-1.00,-1.00,-1.00,-1.00
2024-10-18T23:04:34Z,"0002cc0100000eb0","36543dac02f93575111519c0ff000000000a00000000fffffffffffffd46ffffffff",2,3.34,,17,21.10,75.39,,0.00,,0,10,0,0,,,-1.00,-1.00,-0.66,-1.00,-1.00,-1.00
2024-10-18T23:10:29Z,"0002cc0100000eb0","36543dad65f93575111512c0e6000000000a00000000fc74fffffffffffffe41",2,3.34,,17,21.07,75.35,,0.00,,0,10,0,0,,,,-0.78,-1.00,-1.00,-1.00,-0.56
2024-10-18T23:16:26Z,"0002cc0100000eb0","36543daecaf9356d11150ec314000000000a00000000ffffffb6ffc9fcadfcb3f451",2,3.34,,17,21.05,76.20,,0.00,,0,10,0,0,,,-0.27,-0.59,-0.58,-0.97,-0.96,-1.00
2024-10-18T23:22:21Z,"0002cc0100000eb0","36543db02df9356d11151cc30f000000000a0000000075775ed6f5f5fed9fd64",2,3.34,,17,21.11,76.20,,0.00,,0,10,0,0,,,,-0.67,-0.86,-0.37,0.05,0.34
2024-10-18T23:28:17Z,"0002cc0100000eb0","36543db191f9356d111519c2c0000000000a00000000640af597eec7ffffff53ffff",2,3.34,,17,21.10,76.08,,0.00,,0,10,0,0,,,-1.00,-0.92,-1.00,-0.21,-0.35,0.06
2024-10-18T23:34:13Z,"0002cc0100000eb0","36543db2f5f9357511150ec203000000000a00000000ff13ff6bffdafffffc6a",2,3.34,,17,21.05,75.79,,0.00,,0,10,0,0,,,,-0.55,-1.00,-0.98,-0.93,-0.88
2024-10-18T23:40:09Z,"0002cc0100000eb0","36543db459f9357511150ec225000000000a00000000fffffde6ffffff61ffff",2,3.34,,17,21.05,75.84,,0.00,,0,10,0,0,,,,-1.00,-0.92,-1.00,-0.74,-1.00
2024-10-18T23:46:05Z,"0002cc0100000eb0","36543db5bdf93575111503c25e000000000a00000000ff3aee68fda0fffffffffeb0",2,3.34,,17,21.01,75.93,,0.00,,0,10,0,0,,,-0.84,-1.00,-1.00,-0.70,-0.20,-0.90
2024-10-18T23:52:01Z,"0002cc0100000eb0","36543db721f202040200150ec1fd000000000b01000000fd8eff99ff0ef4fdffff",2,,2.4.2.0,,21.05,75.78,,0.00,,1,11,0,0,,,,-1.00,-0.31,-0.88,-0.95,-0.69
2024-10-18T23:57:57Z,"0002cc0100000eb0","36543db885f9357911150ec1e8000000000b00000000ff95ffffffffffffffff",2,3.34,,17,21.05,75.75,,0.00,,0,11,0,0,,,,-1.00,-1.00,-1.00,-1.00,-0.95
