Time,DevEUI,Raw,Port,Vbat,Version,BootCount,T,RH,P,Light,CO2,P[0].delta,P[0].total,P[1].delta,P[1].total,Act[7],Act[6],Act[5],Act[4],Act[3],Act[2],Act[1],Act[0]
2024-10-25T00:01:40Z,"0002cc0100000eb0","365445a264f9356d131536c120000000022b00000000ff4cfea7ffffffffffff",2,3.34,,19,21.21,75.44,,0.00,,0,555,0,0,,,,-1.00,-1.00,-1.00,-0.83,-0.91
2024-10-25T00:07:36Z,"0002cc0100000eb0","365445a3c8f93569131527c09f000000022b00000000fffffe62ffffffffffff",2,3.34,,19,21.15,75.24,,0.00,,0,555,0,0,,,,-1.00,-1.00,-1.00,-0.80,-1.00
2024-10-25T00:13:32Z,"0002cc0100000eb0","365445a52cf9355d13152bc224000000022d02000000ff84f7fcfffff40e65de6747",2,3.34,,19,21.17,75.84,,0.00,,2,557,0,0,,,0.11,0.09,-0.25,-1.00,-0.50,-0.94
2024-10-25T00:19:28Z,"0002cc0100000eb0","365445a690f93569131524c096000000022d00000000e5b0fc22fc93fca7fd46",2,3.34,,19,21.14,75.23,,0.00,,0,557,0,0,,,,-0.66,-0.58,-0.57,-0.52,-0.09
2024-10-25T00:25:24Z,"0002cc0100000eb0","365445a7f4f2020402001530c3bc000000022e01000000fd74f427f6a1779cf65d",2,,2.4.2.0,,21.18,76.46,,0.00,,1,558,0,0,,,,-0.40,0.48,-0.41,-0.26,-0.68
2024-10-25T00:31:20Z,"0002cc0100000eb0","365445a958f9356d131545c4aa000000022f01000000ee016602df79746075d6",2,3.34,,19,21.27,76.82,,0.00,,1,559,0,0,,,,0.36,0.27,-0.06,0.09,-0.19
2024-10-25T00:37:16Z,"0002cc0100000eb0","365445aabcf93565131553c74000000002310200000067647d7d77586d297d8d",2,3.34,,19,21.32,77.83,,0.00,,2,561,0,0,,,,0.69,0.16,0.46,0.69,0.12
2024-10-25T00:43:12Z,"0002cc0100000eb0","365445ac20f93561131566c5b400000002320100000074da7c64768e770b744e6fac",2,3.34,,19,21.40,77.23,,0.00,,1,562,0,0,,,0.24,0.27,0.44,0.41,0.55,0.30
2024-10-25T00:49:08Z,"0002cc0100000eb0","365445ad84f93569131562c422000000023301000000666ae627778a6dba764d",2,3.34,,19,21.38,76.62,,0.00,,1,563,0,0,,,,0.39,0.18,0.47,-0.10,0.10
2024-10-25T00:55:04Z,"0002cc0100000eb0","365445aee8f93569131569c49e0000000235020000007dc6efcff4877d517537",2,3.34,,19,21.41,76.80,,0.00,,2,565,0,0,,,,0.33,0.66,-0.28,-0.24,0.72
2024-10-25T01:00:59Z,"0002cc0100000eb0","365445b04bf9356913157fc546000000023601000000778df62975f377987d25",2,3.34,,19,21.49,77.06,,0.00,,1,566,0,0,,,,0.64,0.47,0.37,-0.38,0.47
2024-10-25T01:06:55Z,"0002cc0100000eb0","365445b1aff9356913156cc4070000000237010000007ef77e157e4f7c3b755bf5ff",2,3.34,,19,21.42,76.57,,0.00,,1,567,0,0,,,-0.37,0.33,0.53,0.79,0.76,0.87
2024-10-25T01:12:51Z,"0002cc0100000eb0","365445b313f93569131566c2d3000000023801000000fcd2f70a6fa1f40befd2",2,3.34,,19,21.40,76.10,,0.00,,1,568,0,0,,,,-0.24,-0.25,0.24,-0.44,-0.60
2024-10-25T01:18:47Z,"0002cc0100000eb0","365445b477f93561131550c287000000023901000000fdbcff92ffffefc3fd8a6c53",2,3.34,,19,21.31,75.99,,0.00,,1,569,0,0,,,0.14,-0.69,-0.24,-1.00,-0.95,-0.72
2024-10-25T01:24:43Z,"0002cc0100000eb0","365445b5dbf93569131550c176000000023900000000f6d9e5847652760476de",2,3.34,,19,21.31,75.57,,0.00,,0,569,0,0,,,,0.43,0.38,0.39,-0.09,-0.43
2024-10-25T01:30:39Z,"0002cc0100000eb0","365445b73ff9356d13153ec17f000000023900000000f643f660c65cecd4e403",2,3.34,,19,21.24,75.59,,0.00,,0,569,0,0,,,,-0.06,-0.15,-0.01,-0.40,-0.39
2024-10-25T01:36:35Z,"0002cc0100000eb0","365445b8a3f93569131536c1eb000000023a01000000dfbeef22fc8f77e57cc47ca8",2,3.34,,19,21.21,75.75,,0.00,,1,570,0,0,,,0.58,0.60,0.49,-0.57,-0.22,-0.06
2024-10-25T01:42:31Z,"0002cc0100000eb0","365445ba07f9355d131536c1d6000000023a00000000e7afc4e04e47fc2afc1d",2,3.34,,19,21.21,75.72,,0.00,,0,570,0,0,,,,-0.51,-0.52,0.01,-0.00,-0.12
2024-10-25T01:48:27Z,"0002cc0100000eb0","365445bb6bf9356d131533c180000000023a00000000ff6cffffffc0ff84ffd0",2,3.34,,19,21.20,75.59,,0.00,,0,570,0,0,,,,-0.98,-0.94,-0.97,-1.00,-0.93
2024-10-25T01:54:23Z,"0002cc0100000eb0","365445bccff93579131527c155000000023a00000000ffffffffff20fe6dffff",2,3.34,,19,21.15,75.52,,0.00,,0,570,0,0,,,,-1.00,-0.80,-0.89,-1.00,-1.00
2024-10-25T02:00:19Z,"0002cc0100000eb0","365445be33f93540131521c120000000023a00000000ffebfe88ffffff60ecd7ffff",2,3.33,,19,21.13,75.44,,0.00,,0,570,0,0,,,-1.00,-0.15,-0.92,-1.00,-0.82,-0.99
2024-10-25T02:06:15Z,"0002cc0100000eb0","365445bf97f9357913151cc110000000023a00000000ffffffffff44ffffff4a",2,3.34,,19,21.11,75.42,,0.00,,0,570,0,0,,,,-0.91,-1.00,-0.91,-1.00,-1.00
2024-10-25T02:12:11Z,"0002cc0100000eb0","365445c0fbf93569131516c10b000000023b01000000ffffec7afc98f69e5f55fd09",2,3.34,,19,21.08,75.41,,0.00,,1,571,0,0,,,-0.63,0.06,-0.41,-0.57,-0.14,-1.00
2024-10-25T02:18:07Z,"0002cc0100000eb0","365445c25ff9356d13151cc258000000023d020000005f17f7bc766ffccde663",2,3.34,,19,21.11,75.92,,0.00,,2,573,0,0,,,,-0.10,-0.60,0.40,-0.48,0.06
2024-10-25T02:24:03Z,"0002cc0100000eb0","365445c3c3f9356d131553c7a9000000023d000000007d907d817d517e2c7e407c90",2,3.34,,19,21.32,77.99,,0.00,,0,573,0,0,,,0.57,0.78,0.77,0.66,0.69,0.70
2024-10-25T02:29:59Z,"0002cc0100000eb0","365445c527f9355d131569c7d4000000023e010000007c046e20756577807684",2,3.34,,19,21.41,78.06,,0.00,,1,574,0,0,,,,0.41,0.47,0.34,0.19,0.50
2024-10-25T02:35:55Z,"0002cc0100000eb0","365445c68bf9356d131574c7dc0000000241030000007690ecd466a17585665d",2,3.34,,19,21.45,78.07,,0.00,,3,577,0,0,,,,0.10,0.35,0.10,-0.15,0.41
2024-10-25T02:41:50Z,"0002cc0100000eb0","365445c7eef9357513156cc4fd000000024100000000fc5a75eb7d577c597757",2,3.34,,19,21.42,76.95,,0.00,,0,577,0,0,,,,0.46,0.54,0.67,0.37,-0.54
2024-10-25T02:47:47Z,"0002cc0100000eb0","365445c953f93569131566c488000000024201000000fffff615ffff6c21c63f756b",2,3.34,,19,21.40,76.77,,0.00,,1,578,0,0,,,0.34,-0.01,0.13,-1.00,-0.38,-1.00
2024-10-25T02:53:42Z,"0002cc0100000eb0","365445cab6f93569131571c567000000024301000000775dbe827563744a4f36",2,3.34,,19,21.44,77.11,,0.00,,1,579,0,0,,,,0.01,0.27,0.34,-0.00,0.46
2024-10-25T02:59:38Z,"0002cc0100000eb0","365445cc1af9356d13159cca040000000243000000007e477e437e617e5d7edc",2,3.34,,19,21.61,78.91,,0.00,,0,579,0,0,,,,0.86,0.80,0.80,0.78,0.78
2024-10-25T03:05:34Z,"0002cc0100000eb0","365445cd7ef935651315aac9650000000244010000007c3e77fa7c896d215e42",2,3.34,,19,21.66,78.67,,0.00,,1,580,0,0,,,,0.05,0.16,0.57,0.50,0.53
2024-10-25T03:11:30Z,"0002cc0100000eb0","365445cee2f935691315bccb330000000245010000007f017e257eda7e3b7d70",2,3.34,,19,21.73,79.38,,0.00,,1,581,0,0,,,,0.68,0.78,0.86,0.77,0.88
2024-10-25T03:17:26Z,"0002cc0100000eb0","365445d046f9356d13159fc8ae000000024702000000fcbc6e356c1be5bcfc12",2,3.34,,19,21.62,78.39,,0.00,,2,583,0,0,,,,-0.51,-0.09,0.13,0.19,-0.59
2024-10-25T03:23:22Z,"0002cc0100000eb0","365445d1aaf93569131577c677000000024700000000f671fde5ffffffffffbeff2e",2,3.34,,19,21.46,77.53,,0.00,,0,583,0,0,,,-0.90,-0.97,-1.00,-1.00,-0.74,-0.40
2024-10-25T03:29:18Z,"0002cc0100000eb0","365445d30ef9357913155ec594000000024700000000ffffffffffffffdeffff",2,3.34,,19,21.37,77.18,,0.00,,0,583,0,0,,,,-1.00,-0.98,-1.00,-1.00,-1.00
2024-10-25T03:35:14Z,"0002cc0100000eb0","365445d472f93569131549c4ec000000024700000000ff80fffffeb2ffffff82fffe",2,3.34,,19,21.28,76.92,,0.00,,0,583,0,0,,,-1.00,-0.94,-1.00,-0.84,-1.00,-0.94
2024-10-25T03:41:10Z,"0002cc0100000eb0","365445d5d6f93565131533c452000000024700000000ffffffb1ffffffffffff",2,3.34,,19,21.20,76.69,,0.00,,0,583,0,0,,,,-1.00,-1.00,-1.00,-0.96,-1.00
2024-10-25T03:47:06Z,"0002cc0100000eb0","365445d73af9356d13152bc326000000024801000000fec4fdf2e41bf7e2fd09",2,3.34,,19,21.17,76.23,,0.00,,1,584,0,0,,,,-0.63,-0.49,-0.06,-0.74,-0.85
2024-10-25T03:53:02Z,"0002cc0100000eb0","365445d89ef9356d131527c28a000000024800000000ffffffffffffffffffffffa1",2,3.34,,19,21.15,75.99,,0.00,,0,584,0,0,,,-0.95,-1.00,-1.00,-1.00,-1.00,-1.00
2024-10-25T03:58:58Z,"0002cc0100000eb0","365445da02f93569131521c240000000024800000000ffffffffffffffffffff",2,3.34,,19,21.13,75.88,,0.00,,0,584,0,0,,,,-1.00,-1.00,-1.00,-1.00,-1.00
2024-10-25T04:04:54Z,"0002cc0100000eb0","365445db66f9357913151cc1d4000000024800000000fffff7dafea5ffffffff",2,3.34,,19,21.11,75.72,,0.00,,0,584,0,0,,,,-1.00,-1.00,-0.83,-0.49,-1.00
2024-10-25T04:10:50Z,"0002cc0100000eb0","365445dccaf93575131519c19a000000024800000000ffffffffffffffffffa9",2,3.34,,19,21.10,75.63,,0.00,,0,584,0,0,,,,-0.96,-1.00,-1.00,-1.00,-1.00
2024-10-25T04:16:46Z,"0002cc0100000eb0","365445de2ef93575131519c161000000024800000000ffa0fffffc5df7dbfd09ff1f",2,3.34,,19,21.10,75.54,,0.00,,0,584,0,0,,,-0.89,-0.63,-0.49,-0.55,-1.00,-0.95
2024-10-25T04:22:42Z,"0002cc0100000eb0","365445df92f93569131521c351000000024a02000000ff93fc52f6d3740cf5c5",2,3.34,,19,21.13,76.30,,0.00,,2,586,0,0,,,,-0.36,0.25,-0.43,-0.54,-0.95
2024-10-25T04:28:37Z,"0002cc0100000eb0","365445e0f5f202040200152bc215000000024b01000000762df41657caeef4fd21",2,,2.4.2.0,,21.17,75.81,,0.00,,1,587,0,0,,,,-0.64,-0.22,0.03,-0.26,0.39
2024-10-25T04:34:33Z,"0002cc0100000eb0","365445e259f93579131521c16d000000024b00000000fcdeffffffffffffffff",2,3.34,,19,21.13,75.56,,0.00,,0,587,0,0,,,,-1.00,-1.00,-1.00,-1.00,-0.61
2024-10-25T04:40:30Z,"0002cc0100000eb0","365445e3bef93571131524c137000000024b00000000ffffffffffffffffffffffff",2,3.34,,19,21.14,75.48,,0.00,,0,587,0,0,,,-1.00,-1.00,-1.00,-1.00,-1.00,-1.00
2024-10-25T04:46:25Z,"0002cc0100000eb0","365445e521f9356d131524c15b000000024b00000000ff2cfc3ef43c644eff5b",2,3.34,,19,21.14,75.53,,0.00,,0,587,0,0,,,,-0.92,0.07,-0.26,-0.53,-0.90
2024-10-25T04:52:22Z,"0002cc0100000eb0","365445e686f9356913151cc0d1000000024b00000000ffffffffffffff86ff5bff5e",2,3.34,,19,21.11,75.32,,0.00,,0,587,0,0,,,-0.92,-0.92,-0.94,-1.00,-1.00,-1.00
2024-10-25T04:58:17Z,"0002cc0100000eb0","365445e7e9f9356d131519c0b9000000024b00000000ffffffffff4cffffffff",2,3.34,,19,21.10,75.28,,0.00,,0,587,0,0,,,,-1.00,-1.00,-0.91,-1.00,-1.00
2024-10-25T05:04:13Z,"0002cc0100000eb0","365445e94df9356d131519c0f9000000024b00000000ff60ff9864d9fdb8ff10",2,3.34,,19,21.10,75.38,,0.00,,0,587,0,0,,,,-0.88,-0.71,0.08,-0.95,-0.92
2024-10-25T05:10:09Z,"0002cc0100000eb0","365445eab1f93571131512c291000000024b00000000e45147d76e21564fede4",2,3.34,,19,21.07,76.00,,0.00,,0,587,0,0,,,,-0.18,0.02,0.19,0.01,-0.07
2024-10-25T05:16:05Z,"0002cc0100000eb0","365445ec15f9356d13153ac4b8000000024c010000007d236d0a7d505d4e779877ba",2,3.34,,19,21.22,76.84,,0.00,,1,588,0,0,,,0.48,0.47,0.04,0.66,0.16,0.64
2024-10-25T05:22:01Z,"0002cc0100000eb0","365445ed79f93565131549c579000000024f03000000ee8176c96fc17c1077c9",2,3.34,,19,21.28,77.14,,0.00,,3,591,0,0,,,,0.49,0.51,0.24,0.42,-0.20
2024-10-25T05:27:57Z,"0002cc0100000eb0","365445eeddf9356d131569c68a0000000252030000007d037dd566e4ed70cf58",2,3.34,,19,21.41,77.56,,0.00,,3,594,0,0,,,,-0.01,-0.17,0.11,0.73,0.63
2024-10-25T05:33:53Z,"0002cc0100000eb0","365445f041f9356513156cc7ce000000025200000000ecfed6fe74fd75f57cf2",2,3.34,,19,21.42,78.05,,0.00,,0,594,0,0,,,,0.62,0.37,0.31,-0.03,-0.16
2024-10-25T05:39:49Z,"0002cc0100000eb0","365445f1a5f9356d131569c7da000000025301000000ec23f67776ba673ce618",2,3.34,,19,21.41,78.07,,0.00,,1,595,0,0,,,,-0.10,0.11,0.42,-0.40,-0.13
2024-10-25T05:45:45Z,"0002cc0100000eb0","365445f309f93565131569c57f00000002540100000077d97c8c7d29665b75e46d88",2,3.34,,19,21.41,77.15,,0.00,,1,596,0,0,,,0.17,0.37,0.10,0.65,0.57,0.49
2024-10-25T05:51:41Z,"0002cc0100000eb0","365445f46df93579131569c4670000000254000000007e0d753c7c487d6c7db9",2,3.34,,19,21.41,76.72,,0.00,,0,596,0,0,,,,0.72,0.68,0.54,0.33,0.76
2024-10-25T05:57:37Z,"0002cc0100000eb0","365445f5d1f93571131562c53c000000025501000000fc715c9d76d87526fc21",2,3.34,,19,21.38,77.05,,0.00,,1,597,0,0,,,,-0.52,0.32,0.43,0.04,-0.56
2024-10-25T06:03:33Z,"0002cc0100000eb0","365445f735f9356d131562c3b90000000255000000007c66e5b775197d3174ef",2,3.34,,19,21.38,76.46,,0.00,,0,597,0,0,,,,0.31,0.65,0.32,-0.09,0.55
2024-10-25T06:09:28Z,"0002cc0100000eb0","365445f898f9356913155bc51b0000000256010000007ce76cf66cfefd247ccc",2,3.34,,19,21.35,77.00,,0.00,,1,598,0,0,,,,0.60,-0.64,0.16,0.15,0.61
2024-10-25T06:15:25Z,"0002cc0100000eb0","365445f9fdf9356d131566c4aa0000000257010000007c0a6f3ae70e7cd3779a7598",2,3.34,,19,21.40,76.82,,0.00,,1,599,0,0,,,0.35,0.48,0.60,-0.11,0.23,0.50
2024-10-25T06:21:20Z,"0002cc0100000eb0","365445fb60f93565131562c39e000000025801000000f45977f86f13e513e6ea",2,3.34,,19,21.38,76.41,,0.00,,1,600,0,0,,,,-0.11,-0.08,0.22,0.50,-0.27
2024-10-25T06:27:16Z,"0002cc0100000eb0","365445fcc4f93561131553c539000000025901000000fcabfd0cfe0af59b6c57",2,3.34,,19,21.32,77.04,,0.00,,1,601,0,0,,,,0.14,-0.35,-0.75,-0.63,-0.58
2024-10-25T06:33:12Z,"0002cc0100000eb0","365445fe28f93569131557c422000000025a01000000874dc5b5773a761fe6d666c7",2,3.34,,19,21.34,76.62,,0.00,,1,602,0,0,,,0.11,-0.11,0.38,0.45,-0.01,-0.00
2024-10-25T06:39:08Z,"0002cc0100000eb0","365445ff8cf93569131566c81f000000025b010000007ddd7726cccf76f27562",2,3.34,,19,21.40,78.17,,0.00,,1,603,0,0,,,,0.34,0.43,-0.01,0.45,0.73
2024-10-25T06:45:04Z,"0002cc0100000eb0","36544600f0f93571131574c7b0000000025c010000007ee476d3dd12764c7718",2,3.34,,19,21.45,78.00,,0.00,,1,604,0,0,,,,0.44,0.39,-0.04,0.43,0.86
2024-10-25T06:51:00Z,"0002cc0100000eb0","3654460254f9356d131586c98c000000025d010000007df67dd87e0d7dec7e72",2,3.34,,19,21.52,78.73,,0.00,,1,605,0,0,,,,0.81,0.74,0.76,0.73,0.75
2024-10-25T06:56:56Z,"0002cc0100000eb0","36544603b8f9356d131591c810000000025f020000007521fe9deec374d676aa7de1",2,3.34,,19,21.56,78.15,,0.00,,2,607,0,0,,,0.73,0.42,0.30,-0.21,-0.83,0.32
2024-10-25T07:02:52Z,"0002cc0100000eb0","365446051cf935691315a2caf80000000260010000007e967e267d527dbb743d",2,3.34,,19,21.63,79.29,,0.00,,1,608,0,0,,,,0.26,0.72,0.67,0.77,0.82
2024-10-25T07:08:48Z,"0002cc0100000eb0","3654460680f9356d131598c816000000026101000000f4f87db677fc7e347e40",2,3.34,,19,21.59,78.16,,0.00,,1,609,0,0,,,,0.78,0.78,0.50,0.71,-0.31
2024-10-25T07:14:44Z,"0002cc0100000eb0","36544607e4f9356113158ac88b0000000263020000007c0e77c57e447ce8743a7c7e",2,3.34,,19,21.54,78.34,,0.00,,2,611,0,0,,,0.56,0.26,0.61,0.78,0.49,0.51
2024-10-25T07:20:40Z,"0002cc0100000eb0","3654460948f9356d13158dc94b000000026401000000ecc17cae7db37e09ef86",2,3.34,,19,21.55,78.63,,0.00,,1,612,0,0,,,,-0.24,0.75,0.71,0.59,-0.15
2024-10-25T07:26:35Z,"0002cc0100000eb0","3654460aabf9356913157fc7160000000264000000006ea8fcdffde9fc3bf67e",2,3.34,,19,21.49,77.77,,0.00,,0,612,0,0,,,,-0.41,-0.53,-0.74,-0.61,0.21
2024-10-25T07:32:32Z,"0002cc0100000eb0","3654460c10f9356d131577c7ad0000000265010000007d8c7c6c7c0b7d2e7700656a",2,3.34,,19,21.46,78.00,,0.00,,1,613,0,0,,,0.08,0.44,0.65,0.51,0.55,0.69
2024-10-25T07:38:27Z,"0002cc0100000eb0","3654460d73f93561131582ca6b00000002680300000077337ca77cde7ded7561",2,3.34,,19,21.51,79.07,,0.00,,3,616,0,0,,,,0.34,0.74,0.61,0.58,0.45
2024-10-25T07:44:23Z,"0002cc0100000eb0","3654460ed7f93571131586c81000000002680000000075dc7d30757b6c107c93",2,3.34,,19,21.52,78.15,,0.00,,0,616,0,0,,,,0.57,0.13,0.34,0.65,0.37
2024-10-25T07:50:15Z,"0002cc0100000eb0","3654461037f9356913158ac7dc0000000269010000007c757c977d1f7cec7c44",3,3.34,,19,21.54,78.07,,0.00,,1,617,0,0,,,,0.53,0.62,0.64,0.57,0.56
2024-10-25T07:56:11Z,"0002cc0100000eb0","365446119bf9356913157bc89d000000026b020000007481ecf0fc55fffff6a0",2,3.34,,19,21.48,78.37,,0.00,,2,619,0,0,,,,-0.41,-1.00,-0.54,-0.15,0.28
2024-10-25T08:02:07Z,"0002cc0100000eb0","36544612fff9356d13157bc938000000026d02000000fee0fc587c80763b7c22",2,3.34,,19,21.48,78.60,,0.00,,2,621,0,0,,,,0.52,0.39,0.56,-0.54,-0.86
2024-10-25T08:08:03Z,"0002cc0100000eb0","3654461463f9357d13157fca1c000000026f020000007da27cbc7d4d77b47578750b",2,3.34,,19,21.49,78.95,,0.00,,2,623,0,0,,,0.32,0.34,0.48,0.66,0.59,0.70
2024-10-25T08:13:59Z,"0002cc0100000eb0","36544615c7f93571131582c88e000000026f0000000074fa7d0f761f7d6d6f6c",2,3.34,,19,21.51,78.34,,0.00,,0,623,0,0,,,,0.23,0.68,0.38,0.63,0.31
2024-10-25T08:19:55Z,"0002cc0100000eb0","365446172bf93575131577c894000000026f000000007ecd7d897e357cef7cbf76f1",2,3.34,,19,21.46,78.35,,0.00,,0,623,0,0,,,0.43,0.59,0.62,0.78,0.69,0.85
2024-10-25T08:25:51Z,"0002cc0100000eb0","365446188ff93569131574c7b8000000026f00000000ded167fa76337e2a75ea",2,3.34,,19,21.45,78.02,,0.00,,0,623,0,0,,,,0.37,0.77,0.39,0.12,-0.05
2024-10-25T08:31:47Z,"0002cc0100000eb0","36544619f3f2020402001569c806000000026f000000007d277cbf7c287d987c77",2,,2.4.2.0,,21.41,78.14,,0.00,,0,623,0,0,,,,0.56,0.70,0.52,0.59,0.64
2024-10-25T08:37:43Z,"0002cc0100000eb0","3654461b57f9356d131566c7bc000000026f000000007ca87c4176347cf57de1",2,3.34,,19,21.40,78.02,,0.00,,0,623,0,0,,,,0.73,0.62,0.39,0.53,0.58
2024-10-25T08:43:39Z,"0002cc0100000eb0","3654461cbbf93569131569c79b00000002700100000075697cf677f075777590",2,3.34,,19,21.41,77.97,,0.00,,1,624,0,0,,,,0.35,0.34,0.50,0.62,0.34
2024-10-25T08:49:34Z,"0002cc0100000eb0","3654461e1ef93579131569c8430000000270000000007e7f7c69df947c1f7c34",2,3.34,,19,21.41,78.23,,0.00,,0,624,0,0,,,,0.53,0.51,-0.06,0.55,0.81
2024-10-25T08:55:31Z,"0002cc0100000eb0","3654461f83f93569131571c7e6000000027202000000754e7cbb7d8b7e6f76b776cf",2,3.34,,19,21.44,78.09,,0.00,,2,626,0,0,,,0.43,0.42,0.80,0.69,0.59,0.33
2024-10-25T09:01:26Z,"0002cc0100000eb0","36544620e6f9356913157bc88800000002730100000075d47dc36e0affff6f7f",2,3.34,,19,21.48,78.33,,0.00,,1,627,0,0,,,,0.23,-1.00,0.19,0.72,0.36
2024-10-25T09:07:22Z,"0002cc0100000eb0","365446224af93565131574c8ed000000027300000000552af6c9fef965ec7d037602",2,3.34,,19,21.45,78.49,,0.00,,0,627,0,0,,,0.38,0.63,0.09,-0.87,-0.42,0.02
2024-10-25T09:13:18Z,"0002cc0100000eb0","36544623aef93579131571c8180000000273000000007ca07722f7faffffffa9",2,3.34,,19,21.44,78.16,,0.00,,0,627,0,0,,,,-0.96,-1.00,-0.50,0.45,0.58
2024-10-25T09:19:14Z,"0002cc0100000eb0","3654462512f9356d131577c9cf00000002750200000076d5750777897d897546",2,3.34,,19,21.46,78.83,,0.00,,2,629,0,0,,,,0.33,0.69,0.47,0.31,0.43
2024-10-25T09:25:10Z,"0002cc0100000eb0","3654462676f9357d13157bc8f100000002750000000064c9772a7d687e1a77f5",2,3.34,,19,21.48,78.49,,0.00,,0,629,0,0,,,,0.50,0.76,0.68,0.45,0.07
2024-10-25T09:31:06Z,"0002cc0100000eb0","36544627daf9356913158aca070000000275000000007c6ff678eefa76937c8476f7",2,3.34,,19,21.54,78.92,,0.00,,0,629,0,0,,,0.44,0.56,0.41,-0.22,-0.40,0.55
2024-10-25T09:37:02Z,"0002cc0100000eb0","365446293ef93571131586c8420000000276010000007d7d7ca877a16db475d2",2,3.34,,19,21.52,78.23,,0.00,,1,630,0,0,,,,0.36,0.18,0.48,0.58,0.69
2024-10-25T09:42:58Z,"0002cc0100000eb0","3654462aa2f9356913158dc983000000027701000000f54574e177005f167e05",2,3.34,,19,21.55,78.72,,0.00,,1,631,0,0,,,,0.75,0.06,0.44,0.30,-0.33
2024-10-25T09:48:54Z,"0002cc0100000eb0","3654462c06f9356d131582c81600000002770000000074f8ee56f4bffdb5fddcfea9",2,3.34,,19,21.51,78.16,,0.00,,0,631,0,0,,,-0.83,-0.73,-0.71,-0.30,-0.20,0.31
2024-10-25T09:54:50Z,"0002cc0100000eb0","3654462d6af93569131571c7fb000000027700000000f49d77fb75c8f507fecf",2,3.34,,19,21.44,78.12,,0.00,,0,631,0,0,,,,-0.85,-0.31,0.36,0.50,-0.29
2024-10-25T10:00:46Z,"0002cc0100000eb0","3654462ecef93569131562c8460000000277000000007c7275407cddfcf0fdf8",2,3.34,,19,21.38,78.23,,0.00,,0,631,0,0,,,,-0.75,-0.62,0.61,0.33,0.56
2024-10-25T10:06:42Z,"0002cc0100000eb0","3654463032f93569131553c91e00000002770000000074ecf7d0fe5dfc0b7c97",2,3.34,,19,21.32,78.56,,0.00,,0,631,0,0,,,,0.57,-0.51,-0.80,-0.49,0.31
2024-10-25T10:12:38Z,"0002cc0100000eb0","3654463196f9356913155ec8df0000000277000000007ce86c0cf4ca74477662747a",2,3.34,,19,21.37,78.47,,0.00,,0,631,0,0,,,0.28,0.40,0.27,-0.30,0.13,0.61
2024-10-25T10:18:34Z,"0002cc0100000eb0","36544632faf9356d13155ec98d00000002780100000067c0f41cf77bde83c43a",2,3.34,,19,21.37,78.73,,0.00,,1,632,0,0,,,,-0.00,-0.05,-0.47,-0.26,0.12
2024-10-25T10:24:29Z,"0002cc0100000eb0","365446345df93569131550c896000000027800000000ccde67e2e511dccffdf1",2,3.34,,19,21.31,78.36,,0.00,,0,632,0,0,,,,-0.74,-0.04,-0.08,0.12,-0.01
2024-10-25T10:30:25Z,"0002cc0100000eb0","36544635c1f9356d131549c845000000027800000000ffffffffffdafedcfdc8",2,3.34,,19,21.28,78.23,,0.00,,0,632,0,0,,,,-0.72,-0.86,-0.98,-1.00,-1.00
2024-10-25T10:36:21Z,"0002cc0100000eb0","3654463725f9357513153ec86f000000027800000000ffffffffffffffffffffffff",2,3.34,,19,21.24,78.30,,0.00,,0,632,0,0,,,-1.00,-1.00,-1.00,-1.00,-1.00,-1.00
2024-10-25T10:42:17Z,"0002cc0100000eb0","3654463889f9357913153ec80c000000027800000000ffffffffffffffffffff",2,3.34,,19,21.24,78.14,,0.00,,0,632,0,0,,,,-1.00,-1.00,-1.00,-1.00,-1.00
2024-10-25T10:48:13Z,"0002cc0100000eb0","36544639edf9356d131536c7f8000000027800000000ffffffffffffffffffff",2,3.34,,19,21.21,78.11,,0.00,,0,632,0,0,,,,-1.00,-1.00,-1.00,-1.00,-1.00
2024-10-25T10:54:09Z,"0002cc0100000eb0","3654463b51f93579131530c7e0000000027800000000ffffffffffffffffffffffff",2,3.34,,19,21.18,78.08,,0.00,,0,632,0,0,,,-1.00,-1.00,-1.00,-1.00,-1.00,-1.00
2024-10-25T11:00:05Z,"0002cc0100000eb0","3654463cb5f93571131527c7f7000000027800000000fffffffffdf7ffffffff",2,3.34,,19,21.15,78.11,,0.00,,0,632,0,0,,,,-1.00,-1.00,-0.75,-1.00,-1.00
2024-10-25T11:06:01Z,"0002cc0100000eb0","3654463e19f93565131530c8423d91da027800000000fffffec0fc72ffffffff",2,3.34,,19,21.18,78.23,,0.39,,0,632,0,0,,,,-1.00,-1.00,-0.56,-0.84,-1.00
2024-10-25T11:11:57Z,"0002cc0100000eb0","3654463f7df93565131530c8103d5712027800000000ff9bfff3fffffffff645",2,3.34,,19,21.18,78.15,,0.34,,0,632,0,0,,,,-0.39,-1.00,-1.00,-0.99,-0.95
2024-10-25T11:17:53Z,"0002cc0100000eb0","36544640e1f9356113153ac8ab3d9d7f027901000000f7f3671e767cde15bee6",2,3.34,,19,21.22,78.39,,0.40,,1,633,0,0,,,,-0.00,-0.05,0.41,0.11,-0.50
2024-10-25T11:23:49Z,"0002cc0100000eb0","3654464245f93569131562cb133db093027b02000000758e6f487d6f7556e5c7",2,3.34,,19,21.38,79.33,,0.42,,2,635,0,0,,,,-0.09,0.33,0.68,0.23,0.35
2024-10-25T11:29:45Z,"0002cc0100000eb0","36544643a9f9356d131566c8c03d5712027b00000000fca777597cf1758d5eb5fc80",2,3.34,,19,21.40,78.42,,0.34,,0,635,0,0,,,-0.56,0.05,0.35,0.62,0.46,-0.58
2024-10-25T11:35:41Z,"0002cc0100000eb0","365446450df9356913155bc95439cb89027c010000007c6b7686f4b7ff21ed2c",2,3.34,,19,21.35,78.64,,0.03,,1,636,0,0,,,,-0.16,-0.89,-0.29,0.41,0.55
2024-10-25T11:41:37Z,"0002cc0100000eb0","3654464671f93575131574cc453d5712027d01000000748bf6b96d33ec907473",2,3.34,,19,21.45,79.79,,0.34,,1,637,0,0,,,,0.28,-0.14,0.16,-0.42,0.28
2024-10-25T11:47:33Z,"0002cc0100000eb0","36544647d5f9356d13157bcaf23d5712027d0000000076a477b85cde66ae77d36d96",2,3.34,,19,21.48,79.28,,0.34,,0,637,0,0,,,0.17,0.49,0.10,0.04,0.48,0.42
2024-10-25T11:53:29Z,"0002cc0100000eb0","3654464939f9356913156cc9983d5712027d00000000e76dfcd17c497ca77626",2,3.34,,19,21.42,78.75,,0.34,,0,637,0,0,,,,0.38,0.58,0.54,-0.60,-0.12
2024-10-25T11:59:25Z,"0002cc0100000eb0","3654464a9df93569131562c8f63d5712027d000000006e21ed59fc55e6796cd6fc40",2,3.34,,19,21.38,78.50,,0.34,,0,637,0,0,,,-0.53,0.15,-0.10,-0.54,-0.17,0.19
2024-10-25T12:05:21Z,"0002cc0100000eb0","3654464c01f9356d131549c8ae3d91da027d00000000ffffffffffffffffffff",2,3.34,,19,21.28,78.39,,0.39,,0,637,0,0,,,,-1.00,-1.00,-1.00,-1.00,-1.00
2024-10-25T12:11:17Z,"0002cc0100000eb0","3654464d65f93579131541c87f3d5712027d00000000fffffffffffffffffed6",2,3.34,,19,21.25,78.32,,0.34,,0,637,0,0,,,,-0.85,-1.00,-1.00,-1.00,-1.00
2024-10-25T12:17:12Z,"0002cc0100000eb0","3654464ec8f93575131533c84b3d1495027d00000000ffffffbaffe7ffffffff",2,3.34,,19,21.20,78.24,,0.27,,0,637,0,0,,,,-1.00,-1.00,-0.99,-0.97,-1.00
2024-10-25T12:23:08Z,"0002cc0100000eb0","365446502cf9357d13152bc81c3d5712027d00000000feecffe9ffffffffffffffff",2,3.34,,19,21.17,78.17,,0.34,,0,637,0,0,,,-1.00,-1.00,-1.00,-1.00,-0.99,-0.87
2024-10-25T12:29:04Z,"0002cc0100000eb0","3654465190f9356d131524c8333db093027d00000000fe34ffffffffffffff96",2,3.34,,19,21.14,78.20,,0.42,,0,637,0,0,,,,-0.95,-1.00,-1.00,-1.00,-0.78
2024-10-25T12:35:00Z,"0002cc0100000eb0","36544652f4f2020402001527c8133d4238027d00000000ffffff95fffffffffffffc26",2,,2.4.2.0,,21.15,78.16,,0.31,,0,637,0,0,,,-0.52,-1.00,-1.00,-1.00,-0.95,-1.00
2024-10-25T12:40:56Z,"0002cc0100000eb0","3654465458f93579131521c81c3d6fdb027d00000000ff89ffffffffffffffff",2,3.34,,19,21.13,78.17,,0.36,,0,637,0,0,,,,-1.00,-1.00,-1.00,-1.00,-0.94
2024-10-25T12:46:52Z,"0002cc0100000eb0","36544655bcf93579131519c8103d6fdb027d00000000ffffffffffffffffffff",2,3.34,,19,21.10,78.15,,0.36,,0,637,0,0,,,,-1.00,-1.00,-1.00,-1.00,-1.00
2024-10-25T12:52:48Z,"0002cc0100000eb0","3654465720f9357513151cc82e3d6fdb027d00000000fc33fc7dfd18ff4affff",2,3.34,,19,21.11,78.20,,0.36,,0,637,0,0,,,,-1.00,-0.91,-0.64,-0.56,-0.52
2024-10-25T12:58:44Z,"0002cc0100000eb0","3654465884f9356913151cc7e23d4238027d00000000ffffffffffffffffffff",2,3.34,,19,21.11,78.08,,0.31,,0,637,0,0,,,,-1.00,-1.00,-1.00,-1.00,-1.00
2024-10-25T13:04:40Z,"0002cc0100000eb0","36544659e8f93575131512c7da3d5712027d00000000ff8cffffffffffffffffffff",2,3.34,,19,21.07,78.07,,0.34,,0,637,0,0,,,-1.00,-1.00,-1.00,-1.00,-1.00,-0.94
2024-10-25T13:10:36Z,"0002cc0100000eb0","3654465b4cf93571131516c7d63d4238027d00000000ffffffffffffffccffff",2,3.34,,19,21.08,78.06,,0.31,,0,637,0,0,,,,-1.00,-0.97,-1.00,-1.00,-1.00
2024-10-25T13:16:32Z,"0002cc0100000eb0","3654465cb0f93569131512c7b03d4238027d00000000ff18fffffffffffffec1ffff",2,3.34,,19,21.07,78.00,,0.31,,0,637,0,0,,,-1.00,-0.84,-1.00,-1.00,-1.00,-0.89
2024-10-25T13:22:28Z,"0002cc0100000eb0","3654465e14f93579131519c7b53d4238027d00000000ffffffffffffff17ffff",2,3.34,,19,21.10,78.01,,0.31,,0,637,0,0,,,,-1.00,-0.89,-1.00,-1.00,-1.00
2024-10-25T13:28:24Z,"0002cc0100000eb0","3654465f78f9356d131512c7a93d4238027d00000000ffffffffffffffffffff",2,3.34,,19,21.07,77.99,,0.31,,0,637,0,0,,,,-1.00,-1.00,-1.00,-1.00,-1.00
2024-10-25T13:34:20Z,"0002cc0100000eb0","36544660dcf9356d13150ec7a73d6fdb027d00000000ffffffffffffffffffff",2,3.34,,19,21.05,77.99,,0.36,,0,637,0,0,,,,-1.00,-1.00,-1.00,-1.00,-1.00
2024-10-25T13:40:16Z,"0002cc0100000eb0","3654466240f9356513150ec7853d9da6027d00000000ffffffffffffffffbf7a",2,3.34,,19,21.05,77.94,,0.40,,0,637,0,0,,,,-0.00,-1.00,-1.00,-1.00,-1.00
2024-10-25T13:46:12Z,"0002cc0100000eb0","36544663a4f9356d131512c8193d6fdb027d00000000ff5efe74f56efdb1fc14",2,3.34,,19,21.07,78.16,,0.36,,0,637,0,0,,,,-0.51,-0.71,-0.34,-0.81,-0.92
2024-10-25T13:52:08Z,"0002cc0100000eb0","3654466508f9356d131524c94d3d4238027e01000000777ce424ffbd747576b8",2,3.34,,19,21.14,78.63,,0.31,,1,638,0,0,,,,0.42,0.28,-0.97,-0.06,0.47
2024-10-25T13:58:04Z,"0002cc0100000eb0","365446666cf9356d13152bc8703d8ab9027e00000000dfbdfcd36d1e7ce2ed1b75d4",2,3.34,,19,21.17,78.30,,0.39,,0,638,0,0,,,0.36,-0.16,0.61,0.16,-0.60,-0.06
2024-10-25T14:04:00Z,"0002cc0100000eb0","36544667d0f9356d13153ac9293d91da027e000000007c347c627c917cc275f4",2,3.34,,19,21.22,78.58,,0.39,,0,638,0,0,,,,0.37,0.59,0.57,0.55,0.53
2024-10-25T14:09:56Z,"0002cc0100000eb0","3654466934f9356d131530c82d3d8ab9027e00000000fe79fdf8f79bfedfffff",2,3.34,,19,21.18,78.19,,0.39,,0,638,0,0,,,,-1.00,-0.86,-0.48,-0.75,-0.81
2024-10-25T14:15:52Z,"0002cc0100000eb0","3654466a98f93579131524c7fb3d8ab9027e00000000ffffffffffffffffffff",2,3.34,,19,21.14,78.12,,0.39,,0,638,0,0,,,,-1.00,-1.00,-1.00,-1.00,-1.00
2024-10-25T14:21:47Z,"0002cc0100000eb0","3654466bfbf93569131521c7dd3d8ab9027e00000000ffffff3fffffffffff1b",2,3.34,,19,21.13,78.07,,0.39,,0,638,0,0,,,,-0.89,-1.00,-1.00,-0.91,-1.00
2024-10-25T14:27:44Z,"0002cc0100000eb0","3654466d60f9357113151cc7da3d8ab9027e00000000fffffffffe9afffaffffffff",2,3.34,,19,21.11,78.07,,0.39,,0,638,0,0,,,-1.00,-1.00,-1.00,-0.83,-1.00,-1.00
2024-10-25T14:33:39Z,"0002cc0100000eb0","3654466ec3f9356d131519c7ca3d5712027e00000000ffffffffffffffffffff",2,3.34,,19,21.10,78.04,,0.34,,0,638,0,0,,,,-1.00,-1.00,-1.00,-1.00,-1.00
2024-10-25T14:39:35Z,"0002cc0100000eb0","3654467027f93579131516c7a63d8ab9027e00000000fffffc85ef9bff4affd1",2,3.34,,19,21.08,77.99,,0.39,,0,638,0,0,,,,-0.98,-0.91,-0.24,-0.57,-1.00
2024-10-25T14:45:31Z,"0002cc0100000eb0","365446718bf9356d131516c7973d5712027e00000000ffffff5dffffffffffff",2,3.34,,19,21.08,77.97,,0.34,,0,638,0,0,,,,-1.00,-1.00,-1.00,-0.92,-1.00
2024-10-25T14:51:27Z,"0002cc0100000eb0","36544672eff93569131516c7b23d5712027e00000000fffffffffffffffffeb4ffff",2,3.34,,19,21.08,78.01,,0.34,,0,638,0,0,,,-1.00,-0.84,-1.00,-1.00,-1.00,-1.00
2024-10-25T14:57:23Z,"0002cc0100000eb0","3654467453f9356913150bc7ac3d98fb027e00000000ffffffffffffff61ffff",2,3.34,,19,21.04,78.00,,0.40,,0,638,0,0,,,,-1.00,-0.92,-1.00,-1.00,-1.00
2024-10-25T15:03:19Z,"0002cc0100000eb0","36544675b7f9355d13150ec77c3d8ab9027e00000000ffffffffffffffffffffffff",2,3.34,,19,21.05,77.92,,0.39,,0,638,0,0,,,-1.00,-1.00,-1.00,-1.00,-1.00,-1.00
2024-10-25T15:09:15Z,"0002cc0100000eb0","365446771bf93579131512c7a93d8ab9027e00000000fec6ffffffffffffffff",2,3.34,,19,21.07,77.99,,0.39,,0,638,0,0,,,,-1.00,-1.00,-1.00,-1.00,-0.85
2024-10-25T15:15:11Z,"0002cc0100000eb0","365446787ff9357913150ec77c3d5712027e00000000ffffffffffffffffffff",2,3.34,,19,21.05,77.92,,0.34,,0,638,0,0,,,,-1.00,-1.00,-1.00,-1.00,-1.00
2024-10-25T15:21:07Z,"0002cc0100000eb0","36544679e3f9356d13150bc78f3d5712027e00000000ffffffffffffff8ffe27",2,3.34,,19,21.04,77.95,,0.34,,0,638,0,0,,,,-0.77,-0.94,-1.00,-1.00,-1.00
2024-10-25T15:27:03Z,"0002cc0100000eb0","3654467b47f93579131507c7713d8ab9027e00000000ffffffcdffffffffffff",2,3.34,,19,21.03,77.91,,0.39,,0,638,0,0,,,,-1.00,-1.00,-1.00,-0.97,-1.00
2024-10-25T15:32:59Z,"0002cc0100000eb0","3654467cabf93569131507c7803d8ab9027e00000000ff6effffffffffffffffff47",2,3.34,,19,21.03,77.93,,0.39,,0,638,0,0,,,-0.91,-1.00,-1.00,-1.00,-1.00,-0.93
2024-10-25T15:38:55Z,"0002cc0100000eb0","3654467e0ff93571131503c76e3d8ab9027e00000000ffffffffffdaffffffff",2,3.34,,19,21.01,77.90,,0.39,,0,638,0,0,,,,-1.00,-1.00,-0.98,-1.00,-1.00
2024-10-25T15:44:51Z,"0002cc0100000eb0","3654467f73f93569131500c7433d5712027e00000000fffffffffffffffffef1ffff",2,3.34,,19,21.00,77.84,,0.34,,0,638,0,0,,,-1.00,-0.87,-1.00,-1.00,-1.00,-1.00
2024-10-25T15:50:47Z,"0002cc0100000eb0","36544680d7f93571131507c75c3d5712027e00000000ffffffffffffffffffff",2,3.34,,19,21.03,77.88,,0.34,,0,638,0,0,,,,-1.00,-1.00,-1.00,-1.00,-1.00
2024-10-25T15:56:43Z,"0002cc0100000eb0","365446823bf93579131503c7613d8ab9027e00000000ffedffffffffffffffff",2,3.34,,19,21.01,77.88,,0.39,,0,638,0,0,,,,-1.00,-1.00,-1.00,-1.00,-0.99
2024-10-25T16:02:39Z,"0002cc0100000eb0","365446839ff9356d131500c73b3d8ab9027e00000000ffffff6afe55ff22ffadfd1a",2,3.34,,19,21.00,77.83,,0.39,,0,638,0,0,,,-0.64,-0.96,-0.89,-0.79,-0.93,-1.00
2024-10-25T16:08:35Z,"0002cc0100000eb0","3654468503f9356d131507c7323d8ab9027e00000000ffffffffffffffffffff",2,3.34,,19,21.03,77.81,,0.39,,0,638,0,0,,,,-1.00,-1.00,-1.00,-1.00,-1.00
2024-10-25T16:14:31Z,"0002cc0100000eb0","3654468667f93569131507c7323d8ab9027e00000000fffffe76ffffffffffff",2,3.34,,19,21.03,77.81,,0.39,,0,638,0,0,,,,-1.00,-1.00,-1.00,-0.81,-1.00
2024-10-25T16:20:27Z,"0002cc0100000eb0","36544687cbf93569131507c72b3d4238027e00000000fffffffffffffffffc89",2,3.34,,19,21.03,77.80,,0.31,,0,638,0,0,,,,-0.57,-1.00,-1.00,-1.00,-1.00
2024-10-25T16:26:23Z,"0002cc0100000eb0","365446892ff93569131500c72e3d1495027e00000000fd01fd80fd0affeffffff69b",2,3.34,,19,21.00,77.81,,0.27,,0,638,0,0,,,-0.41,-1.00,-0.99,-0.63,-0.69,-0.63
2024-10-25T16:32:19Z,"0002cc0100000eb0","3654468a93f93561131507c82e3c314e027f01000000f747ff21ff96fc68ffff",2,3.34,,19,21.03,78.20,,0.15,,1,639,0,0,,,,-1.00,-0.55,-0.95,-0.89,-0.45
2024-10-25T16:38:15Z,"0002cc0100000eb0","3654468bf7f2020402001512c7b03d4238027f000000007606f54eff85ffba66e1",2,,2.4.2.0,,21.07,78.00,,0.31,,0,639,0,0,,,,0.11,-0.97,-0.94,-0.33,0.38
2024-10-25T16:44:11Z,"0002cc0100000eb0","3654468d5bf9357513150bc77a3d4238027f00000000ffffffffffffffffff93",2,3.34,,19,21.04,77.92,,0.31,,0,639,0,0,,,,-0.95,-1.00,-1.00,-1.00,-1.00
2024-10-25T16:50:06Z,"0002cc0100000eb0","3654468ebef9357113150ec73e3d9da6027f00000000ffffffffffffffffffd1",2,3.34,,19,21.05,77.83,,0.40,,0,639,0,0,,,,-0.98,-1.00,-1.00,-1.00,-1.00
2024-10-25T16:56:03Z,"0002cc0100000eb0","3654469023f9357113150bc73b3d4238027f00000000ffffffffffbeffffffffffb0",2,3.34,,19,21.04,77.83,,0.31,,0,639,0,0,,,-0.96,-1.00,-1.00,-0.97,-1.00,-1.00
2024-10-25T17:01:58Z,"0002cc0100000eb0","3654469186f9356113150bc72e3d4238027f00000000ffffffffffffffffffff",2,3.34,,19,21.04,77.81,,0.31,,0,639,0,0,,,,-1.00,-1.00,-1.00,-1.00,-1.00
2024-10-25T17:07:54Z,"0002cc0100000eb0","36544692eaf9356d131503c7133d4238027f00000000ffffffffffffffffffffffff",2,3.34,,19,21.01,77.76,,0.31,,0,639,0,0,,,-1.00,-1.00,-1.00,-1.00,-1.00,-1.00
2024-10-25T17:13:50Z,"0002cc0100000eb0","365446944ef935651314fcc7013d9da6027f00000000ffffffffffffffffffff",2,3.34,,19,20.98,77.74,,0.40,,0,639,0,0,,,,-1.00,-1.00,-1.00,-1.00,-1.00
2024-10-25T17:19:46Z,"0002cc0100000eb0","36544695b2f93569131503c6c03d4238027f00000000ffeeffffffffffffffffffff",2,3.34,,19,21.01,77.64,,0.31,,0,639,0,0,,,-1.00,-1.00,-1.00,-1.00,-1.00,-0.99
2024-10-25T17:25:38Z,"0002cc0100000eb0","3654469712f9356d1314fcc708391b2c027f00000000ffffffffffffff5cffff",3,3.34,,19,20.98,77.75,,0.02,,0,639,0,0,,,,-1.00,-0.92,-1.00,-1.00,-1.00
2024-10-25T17:31:34Z,"0002cc0100000eb0","3654469876f93569131503c7313d4238027f0000000066e6f7b7ffffffffffff",2,3.34,,19,21.01,77.81,,0.31,,0,639,0,0,,,,-1.00,-1.00,-1.00,-0.48,0.11
2024-10-25T17:37:30Z,"0002cc0100000eb0","36544699daf93571131507c7163d4238027f00000000ffffffdeffbfffffffffffff",2,3.34,,19,21.03,77.77,,0.31,,0,639,0,0,,,-1.00,-1.00,-1.00,-0.97,-0.98,-1.00
2024-10-25T17:43:26Z,"0002cc0100000eb0","3654469b3ef9356d13150bc79e3d6fdb027f00000000ffffffa3fefbffffffff",2,3.34,,19,21.04,77.98,,0.36,,0,639,0,0,,,,-1.00,-1.00,-0.87,-0.95,-1.00
2024-10-25T17:49:22Z,"0002cc0100000eb0","3654469ca2f9356513150ec7bc3d9da6027f00000000ffffffffffffffffffffffff",2,3.34,,19,21.05,78.02,,0.40,,0,639,0,0,,,-1.00,-1.00,-1.00,-1.00,-1.00,-1.00
2024-10-25T17:55:18Z,"0002cc0100000eb0","3654469e06f9357513150bc7493d6fdb027f00000000ffffffffffffffebffff",2,3.34,,19,21.04,77.85,,0.36,,0,639,0,0,,,,-1.00,-0.99,-1.00,-1.00,-1.00
2024-10-25T18:01:14Z,"0002cc0100000eb0","3654469f6af9357113150ec7df3d4238027f00000000fffffffffffff775ffff",2,3.34,,19,21.05,78.08,,0.31,,0,639,0,0,,,,-1.00,-0.47,-1.00,-1.00,-1.00
2024-10-25T18:07:10Z,"0002cc0100000eb0","365446a0cef9356d131512c7713d6fdb027f00000000ffffffffffffffffffff",2,3.34,,19,21.07,77.91,,0.36,,0,639,0,0,,,,-1.00,-1.00,-1.00,-1.00,-1.00
2024-10-25T18:13:06Z,"0002cc0100000eb0","365446a232f9356d13150ec7533d9da6027f00000000ffffffffffffffffffffffff",2,3.34,,19,21.05,77.86,,0.40,,0,639,0,0,,,-1.00,-1.00,-1.00,-1.00,-1.00,-1.00
2024-10-25T18:19:02Z,"0002cc0100000eb0","365446a396f93571131512c7473d4238027f00000000ffffffffffffffffffff",2,3.34,,19,21.07,77.84,,0.31,,0,639,0,0,,,,-1.00,-1.00,-1.00,-1.00,-1.00
2024-10-25T18:24:58Z,"0002cc0100000eb0","365446a4faf93575131516c7743d9da6027f00000000fffffffffffff5a9fc63",2,3.34,,19,21.08,77.91,,0.40,,0,639,0,0,,,,-0.55,-0.35,-1.00,-1.00,-1.00
2024-10-25T18:30:54Z,"0002cc0100000eb0","365446a65ef9357913150bc75e3d9da6027f00000000ffffffffffffffffffff",2,3.34,,19,21.04,77.88,,0.40,,0,639,0,0,,,,-1.00,-1.00,-1.00,-1.00,-1.00
2024-10-25T18:36:50Z,"0002cc0100000eb0","365446a7c2f9356513150ec74c3d9da6027f00000000ffffff73fd08ffffffff",2,3.34,,19,21.05,77.85,,0.40,,0,639,0,0,,,,-1.00,-1.00,-0.63,-0.93,-1.00
2024-10-25T18:42:46Z,"0002cc0100000eb0","365446a926f9356d13150bc6fc3d84b5027f00000000ffb0ffbfffffffffffffffff",2,3.34,,19,21.04,77.73,,0.38,,0,639,0,0,,,-1.00,-1.00,-1.00,-1.00,-0.97,-0.96
2024-10-25T18:48:42Z,"0002cc0100000eb0","365446aa8af9355d13150bc7203d84b5027f00000000ffffffffffffffffffff",2,3.34,,19,21.04,77.78,,0.38,,0,639,0,0,,,,-1.00,-1.00,-1.00,-1.00,-1.00
2024-10-25T18:54:38Z,"0002cc0100000eb0","365446abeef9356d13150ec6f83d4238027f00000000ffffffffffffffdeffff",2,3.34,,19,21.05,77.72,,0.31,,0,639,0,0,,,,-1.00,-0.98,-1.00,-1.00,-1.00
2024-10-25T19:00:34Z,"0002cc0100000eb0","365446ad52f9357513150ec77c3d4238027f00000000ff51fffffd9cfd23fe87ff8c",2,3.34,,19,21.05,77.92,,0.31,,0,639,0,0,,,-0.94,-0.82,-0.64,-0.70,-1.00,-0.91
2024-10-25T19:06:30Z,"0002cc0100000eb0","365446aeb6f93579131516c73d3da4c7027f00000000fffffddbff79ff84ffff",2,3.34,,19,21.08,77.83,,0.41,,0,639,0,0,,,,-1.00,-0.94,-0.93,-0.73,-1.00
2024-10-25T19:12:26Z,"0002cc0100000eb0","365446b01af93565131512c7163d2d5e027f00000000ff3fffffff75ff4cffff",2,3.34,,19,21.07,77.77,,0.29,,0,639,0,0,,,,-1.00,-0.91,-0.93,-1.00,-0.91
2024-10-25T19:18:22Z,"0002cc0100000eb0","365446b17ef9356d13150bc6bd3d6fdb027f00000000fe3cfe50ffc8fe2efe7cffca",2,3.34,,19,21.04,77.63,,0.36,,0,639,0,0,,,-0.97,-0.81,-0.77,-0.97,-0.79,-0.78
2024-10-25T19:24:18Z,"0002cc0100000eb0","365446b2e2f93554131516c80039cb89028001000000ff51fcfbfef0ff60fc10",2,3.33,,19,21.08,78.13,,0.03,,1,640,0,0,,,,-0.51,-0.92,-0.87,-0.62,-0.91
2024-10-25T19:30:14Z,"0002cc0100000eb0","365446b446f93569131530c8c03cc605028101000000745e77797d247d307d4e7cf2",2,3.34,,19,21.18,78.42,,0.22,,1,641,0,0,,,0.62,0.66,0.65,0.64,0.47,0.27
2024-10-25T19:36:09Z,"0002cc0100000eb0","365446b5a9f9356513153ec6833d42380283020000007cde6f0d7c767c7f7c12",2,3.34,,19,21.24,77.54,,0.31,,2,643,0,0,,,,0.51,0.56,0.56,0.22,0.61
2024-10-25T19:42:05Z,"0002cc0100000eb0","365446b70df93575131557c72e3e33dc0287040000006fd96f457c6cec627e39",2,3.34,,19,21.34,77.81,,0.60,,4,647,0,0,,,,0.78,-0.14,0.55,0.23,0.25
2024-10-25T19:48:01Z,"0002cc0100000eb0","365446b871f93561131562c7893b392c028b040000007c4d7c247c3b7c54f477",2,3.34,,19,21.38,77.94,,0.08,,4,651,0,0,,,,-0.28,0.54,0.53,0.52,0.54
2024-10-25T19:53:57Z,"0002cc0100000eb0","365446b9d5f93575131557c61b3d4238028b000000007412f649fd3be7057664f58d",2,3.34,,19,21.34,77.39,,0.31,,0,651,0,0,,,-0.35,0.40,-0.11,-0.65,-0.39,0.25
2024-10-25T19:59:53Z,"0002cc0100000eb0","365446bb39f9354c13154cc6933dcf4b028b00000000770a745cf447fd81fce3",2,3.33,,19,21.30,77.57,,0.45,,0,651,0,0,,,,-0.61,-0.69,-0.27,0.27,0.44
2024-10-25T20:05:49Z,"0002cc0100000eb0","365446bc9df9356913153ec7323d5712028b00000000fffffd0bfd19fe8effffffff",2,3.34,,19,21.24,77.81,,0.34,,0,651,0,0,,,-1.00,-1.00,-0.82,-0.64,-0.63,-1.00
2024-10-25T20:11:45Z,"0002cc0100000eb0","365446be01f93565131533c6c23d8ab9028b00000000fffffffffffffffffc4e",2,3.34,,19,21.20,77.64,,0.39,,0,651,0,0,,,,-0.54,-1.00,-1.00,-1.00,-1.00
2024-10-25T20:17:41Z,"0002cc0100000eb0","365446bf65f9356d131536c69b3bff76028d020000007c786ed6751c744a7c3a75f6",2,3.34,,19,21.21,77.58,,0.12,,2,653,0,0,,,0.37,0.53,0.27,0.32,0.21,0.56
2024-10-25T20:23:37Z,"0002cc0100000eb0","365446c0c9f93579131545c7a03d5b02028f0200000076fb757b756677b57784",2,3.34,,19,21.27,77.98,,0.34,,2,655,0,0,,,,0.47,0.48,0.34,0.34,0.44
2024-10-25T20:29:33Z,"0002cc0100000eb0","365446c22df93569131545c6d53dbc5e0293040000007c80f4f35e44ec65ecf7",2,3.34,,19,21.27,77.67,,0.43,,4,659,0,0,,,,-0.16,-0.14,0.05,-0.31,0.56
2024-10-25T20:35:29Z,"0002cc0100000eb0","365446c391f9357913153ac67a3d5b02029300000000ffffffffffffffffffffff68",2,3.34,,19,21.22,77.53,,0.34,,0,659,0,0,,,-0.93,-1.00,-1.00,-1.00,-1.00,-1.00
2024-10-25T20:41:25Z,"0002cc0100000eb0","365446c4f5f2020402001524c65d3d5b02029300000000ffffffffffffffc1ffffffff",2,,2.4.2.0,,21.14,77.49,,0.34,,0,659,0,0,,,-1.00,-1.00,-0.97,-1.00,-1.00,-1.00
2024-10-25T20:47:21Z,"0002cc0100000eb0","365446c659f93575131516c6713d84b5029300000000ffffff99ffffffffffff",2,3.34,,19,21.08,77.52,,0.38,,0,659,0,0,,,,-1.00,-1.00,-1.00,-0.95,-1.00
2024-10-25T20:53:17Z,"0002cc0100000eb0","365446c7bdf93569131500c6713d4238029300000000ffffffffffffffffff1affe9",2,3.34,,19,21.00,77.52,,0.31,,0,659,0,0,,,-0.99,-0.89,-1.00,-1.00,-1.00,-1.00
2024-10-25T20:59:13Z,"0002cc0100000eb0","365446c921f9356d1314f8c6873da4c7029300000000ffffffffffffffffffff",2,3.34,,19,20.97,77.55,,0.41,,0,659,0,0,,,,-1.00,-1.00,-1.00,-1.00,-1.00
2024-10-25T21:05:09Z,"0002cc0100000eb0","365446ca85f935791314eec65f3d4238029300000000ffffffd7ffffffffffff",2,3.34,,19,20.93,77.49,,0.31,,0,659,0,0,,,,-1.00,-1.00,-1.00,-0.98,-1.00
2024-10-25T21:11:05Z,"0002cc0100000eb0","365446cbe9f9356d1314e6c66e3d4238029300000000fffffffffffffffffff3",2,3.34,,19,20.90,77.51,,0.31,,0,659,0,0,,,,-0.99,-1.00,-1.00,-1.00,-1.00
2024-10-25T21:17:01Z,"0002cc0100000eb0","365446cd4df935691314e0c64d3d4238029300000000fffffe21ffffe713fff8ffff",2,3.34,,19,20.87,77.46,,0.31,,0,659,0,0,,,-1.00,-1.00,-0.11,-1.00,-0.77,-1.00
2024-10-25T21:22:57Z,"0002cc0100000eb0","365446ceb1f935691314d8c6503d4238029300000000ffffffffffffffffffff",2,3.34,,19,20.84,77.47,,0.31,,0,659,0,0,,,,-1.00,-1.00,-1.00,-1.00,-1.00
2024-10-25T21:28:53Z,"0002cc0100000eb0","365446d015f935711314e0c7a43d84b5029300000000fd59ff9a5df5fc11ff3affd1",2,3.34,,19,20.87,77.99,,0.38,,0,659,0,0,,,-0.98,-0.90,-0.51,0.05,-0.95,-0.67
2024-10-25T21:34:48Z,"0002cc0100000eb0","365446d178f935501314d5c6fc3d9da6029300000000fffffffffffffef6fffd",2,3.33,,19,20.83,77.73,,0.40,,0,659,0,0,,,,-1.00,-0.87,-1.00,-1.00,-1.00
2024-10-25T21:40:44Z,"0002cc0100000eb0","365446d2dcf935651314d8c6ce3d4238029300000000ffffffb4fffffffffec0",2,3.34,,19,20.84,77.66,,0.31,,0,659,0,0,,,,-0.84,-1.00,-1.00,-0.96,-1.00
2024-10-25T21:46:40Z,"0002cc0100000eb0","365446d440f9356d1314cdc6e33d4238029300000000ffffffffff83ff33fff1fe81",2,3.34,,19,20.80,77.69,,0.31,,0,659,0,0,,,-0.81,-0.99,-0.90,-0.94,-1.00,-1.00
2024-10-25T21:52:36Z,"0002cc0100000eb0","365446d5a4f935751314d1c7013d9da6029300000000fc0ffd34fc2bfe34fe19",2,3.34,,19,20.81,77.74,,0.40,,0,659,0,0,,,,-0.76,-0.78,-0.52,-0.65,-0.51
2024-10-25T21:58:32Z,"0002cc0100000eb0","365446d708f935711314d5c7743d84b5029300000000fe91ffc0fd61fe27ffc6ffff",2,3.34,,19,20.83,77.91,,0.38,,0,659,0,0,,,-1.00,-0.97,-0.77,-0.67,-0.97,-0.82
2024-10-25T22:04:28Z,"0002cc0100000eb0","365446d86cf935691314d5c7343d4238029300000000ff5affffffffffffffff",2,3.34,,19,20.83,77.81,,0.31,,0,659,0,0,,,,-1.00,-1.00,-1.00,-1.00,-0.92
2024-10-25T22:10:24Z,"0002cc0100000eb0","365446d9d0f935751314d5c80d3d9da6029300000000ffffffffffeafd59f747f426",2,3.34,,19,20.83,78.15,,0.40,,0,659,0,0,,,-0.26,-0.45,-0.67,-0.99,-1.00,-1.00
2024-10-25T22:16:20Z,"0002cc0100000eb0","365446db34f935711314e3c7d13d9da6029300000000ffffffffffffffd1ffff",2,3.34,,19,20.89,78.05,,0.40,,0,659,0,0,,,,-1.00,-0.98,-1.00,-1.00,-1.00
2024-10-25T22:22:16Z,"0002cc0100000eb0","365446dc98f935691314e6c9153d4238029300000000ffffffffffffffffffff",2,3.34,,19,20.90,78.55,,0.31,,0,659,0,0,,,,-1.00,-1.00,-1.00,-1.00,-1.00
2024-10-25T22:28:12Z,"0002cc0100000eb0","365446ddfcf935691314f8cae93d4238029401000000fffffceafffff7357668",2,3.34,,19,20.97,79.26,,0.31,,1,660,0,0,,,,0.40,-0.45,-1.00,-0.61,-1.00
2024-10-25T22:34:08Z,"0002cc0100000eb0","365446df60f9356d13150bcbab3d4238029703000000767dec476403f6fd6715fccd",2,3.34,,19,21.04,79.56,,0.31,,3,663,0,0,,,-0.60,0.11,-0.44,0.06,-0.13,0.41
2024-10-25T22:40:04Z,"0002cc0100000eb0","365446e0c4f9357113150bcc623d4238029700000000fed3e508ffffff8effffffff",2,3.34,,19,21.04,79.84,,0.31,,0,663,0,0,,,-1.00,-1.00,-0.94,-1.00,-0.08,-0.85
2024-10-25T22:46:00Z,"0002cc0100000eb0","365446e228f9356d131512ccd53d2d5e029700000000ffffffffffffff77ffff",2,3.34,,19,21.07,80.01,,0.29,,0,663,0,0,,,,-1.00,-0.93,-1.00,-1.00,-1.00
2024-10-25T22:51:56Z,"0002cc0100000eb0","365446e38cf9356513150bcd023dbc5e029700000000ff63ffffffffff33ffffffd9",2,3.34,,19,21.04,80.08,,0.43,,0,663,0,0,,,-0.98,-1.00,-0.90,-1.00,-1.00,-0.92
2024-10-25T22:57:52Z,"0002cc0100000eb0","365446e4f0f93579131512cd233d5b02029700000000fffffffffe93ff61ffff",2,3.34,,19,21.07,80.13,,0.34,,0,663,0,0,,,,-1.00,-0.92,-0.82,-1.00,-1.00
2024-10-25T23:03:48Z,"0002cc0100000eb0","365446e654d93579131516cda4029700000000ffffef4efd27762dec05",2,3.34,,19,21.08,80.33,,,,0,663,0,0,,,,-0.13,0.39,-0.64,-0.23,-1.00
2024-10-25T23:09:44Z,"0002cc0100000eb0","365446e7b8f9356d131521cd50000000029700000000fffffcb8fd86fd5bfcd1f7f0",2,3.34,,19,21.13,80.20,,0.00,,0,663,0,0,,,-0.50,-0.60,-0.67,-0.69,-0.59,-1.00
2024-10-25T23:15:40Z,"0002cc0100000eb0","365446e91cf93569131524ce1e000000029700000000ddfcefc9fdd3fce7ff63",2,3.34,,19,21.14,80.52,,0.00,,0,663,0,0,,,,-0.92,-0.61,-0.73,-0.24,-0.05
2024-10-25T23:21:36Z,"0002cc0100000eb0","365446ea80f93571131527cf39000000029902000000ec7c6e206d20e40f741877b3",2,3.34,,19,21.15,80.95,,0.00,,2,665,0,0,,,0.48,0.26,-0.06,0.16,0.19,-0.14
2024-10-25T23:27:32Z,"0002cc0100000eb0","365446ebe4f93571131545cfb6000000029b020000006e40f6a066ef77957c3c",2,3.34,,19,21.27,81.14,,0.00,,2,667,0,0,,,,0.53,0.47,0.11,-0.41,0.20
2024-10-25T23:33:27Z,"0002cc0100000eb0","365446ed47f93569131550cf1d000000029e03000000ed8e74d06cd2755b6e52",2,3.34,,19,21.31,80.90,,0.00,,3,670,0,0,,,,0.20,0.33,0.15,0.30,-0.17
2024-10-25T23:39:23Z,"0002cc0100000eb0","365446eeabf93569131557ce87000000029e000000007c10f79175cefe62f470",2,3.34,,19,21.34,80.68,,0.00,,0,670,0,0,,,,-0.28,-0.80,0.36,-0.47,0.51
2024-10-25T23:45:19Z,"0002cc0100000eb0","365446f00ff9356513154ccf21000000029e000000006779f6fdff45fcd0ed90f760",2,3.34,,19,21.30,80.91,,0.00,,0,670,0,0,,,-0.46,-0.17,-0.60,-0.91,-0.44,0.12
2024-10-25T23:51:15Z,"0002cc0100000eb0","365446f173f93571131545cef9000000029e00000000fffffedfff26fffbfef1",2,3.34,,19,21.27,80.85,,0.00,,0,670,0,0,,,,-0.87,-1.00,-0.89,-0.86,-1.00
2024-10-25T23:57:11Z,"0002cc0100000eb0","365446f2d7f9357113153ececa000000029e00000000ffffffffff3fffffffff",2,3.34,,19,21.24,80.78,,0.00,,0,670,0,0,,,,-1.00,-1.00,-0.91,-1.00,-1.00
