Time,DevEUI,Raw,Port,Vbat,Version,BootCount,T,RH,P,Light,CO2,P[0].delta,P[0].total,P[1].delta,P[1].total,Act[7],Act[6],Act[5],Act[4],Act[3],Act[2],Act[1],Act[0]
2024-10-27T00:04:34Z,"0002cc0100000eb0","3654484612f9356913153ec2600000000302010000007c9a74acfc70fca07c25",2,3.34,,19,21.24,75.93,,0.00,,1,770,0,0,,,,0.52,-0.58,-0.55,0.29,0.58
2024-10-27T00:10:30Z,"0002cc0100000eb0","3654484776f9356d13153ec1da0000000303010000006d8bfffffca477e17c94",2,3.34,,19,21.24,75.72,,0.00,,1,771,0,0,,,,0.57,0.49,-0.58,-1.00,0.17
2024-10-27T00:16:26Z,"0002cc0100000eb0","36544848daf93569131549c668000000030502000000f6c6f61d77f77e1f6d6f",2,3.34,,19,21.28,77.50,,0.00,,2,773,0,0,,,,0.17,0.76,0.50,-0.38,-0.42
2024-10-27T00:22:22Z,"0002cc0100000eb0","3654484a3ef93561131566c641000000030500000000e5757506743b7404f405",2,3.34,,19,21.40,77.44,,0.00,,0,773,0,0,,,,-0.25,0.25,0.26,0.31,-0.09
2024-10-27T00:28:18Z,"0002cc0100000eb0","3654484ba2f9356913154cc350000000030500000000fe12fdadfcbefcf6f566",2,3.34,,19,21.30,76.30,,0.00,,0,773,0,0,,,,-0.34,-0.62,-0.59,-0.71,-0.76
2024-10-27T00:34:14Z,"0002cc0100000eb0","3654484d06f93569131530c233000000030500000000ffffffffff1cff77ffffffff",2,3.34,,19,21.18,75.86,,0.00,,0,773,0,0,,,-1.00,-1.00,-0.93,-0.89,-1.00,-1.00
2024-10-27T00:40:10Z,"0002cc0100000eb0","3654484e6af9356513151cc1da000000030500000000ffffffffffffffffffffffff",2,3.34,,19,21.11,75.72,,0.00,,0,773,0,0,,,-1.00,-1.00,-1.00,-1.00,-1.00,-1.00
2024-10-27T00:46:06Z,"0002cc0100000eb0","3654484fcef9356d13150bc0e1000000030500000000fffffffffffffffff7e9",2,3.34,,19,21.04,75.34,,0.00,,0,773,0,0,,,,-0.49,-1.00,-1.00,-1.00,-1.00
2024-10-27T00:52:02Z,"0002cc0100000eb0","3654485132f93569131516c197000000030702000000ed24ed71f40b66cd7d93",2,3.34,,19,21.08,75.62,,0.00,,2,775,0,0,,,,0.70,0.11,-0.25,-0.17,-0.16
2024-10-27T00:57:58Z,"0002cc0100000eb0","3654485296f9357d131524c2730000000309020000007d3d7408cd93f71a77bcef1a",2,3.34,,19,21.14,75.96,,0.00,,2,777,0,0,,,-0.22,0.48,-0.44,-0.01,0.25,0.65
2024-10-27T01:03:51Z,"0002cc0100000eb0","36544853f7f2020402001519c131000000030900000000f6c2fc28fdd4fd4dfe6e",3,,2.4.2.0,,21.10,75.47,,0.00,,0,777,0,0,,,,-0.80,-0.66,-0.73,-0.52,-0.42
2024-10-27T01:09:47Z,"0002cc0100000eb0","365448555bf9357113150ec0ec000000030a01000000ffffffffff41fc21eda36dac",2,3.34,,19,21.05,75.36,,0.00,,1,778,0,0,,,0.18,-0.18,-0.52,-0.91,-1.00,-1.00
2024-10-27T01:15:42Z,"0002cc0100000eb0","36544856bef93571131524c1af000000030a00000000eee57d3976f4758eeffe",2,3.34,,19,21.14,75.66,,0.00,,0,778,0,0,,,,-0.25,0.35,0.43,0.65,-0.22
2024-10-27T01:21:38Z,"0002cc0100000eb0","3654485822f93569131524c0b9000000030b01000000f5297d58761b761077b0",2,3.34,,19,21.14,75.28,,0.00,,1,779,0,0,,,,0.48,0.38,0.38,0.67,-0.32
2024-10-27T01:27:34Z,"0002cc0100000eb0","3654485986f93569131533c387000000030b000000006d4e75377d3d7cf2b5de",2,3.34,,19,21.20,76.38,,0.00,,0,779,0,0,,,,-0.00,0.62,0.65,0.33,0.17
2024-10-27T01:33:30Z,"0002cc0100000eb0","3654485aeaf93569131536c165000000030b000000007d867cca745cec457cb47e12",2,3.34,,19,21.21,75.55,,0.00,,0,779,0,0,,,0.76,0.59,-0.13,0.27,0.60,0.69
2024-10-27T01:39:26Z,"0002cc0100000eb0","3654485c4ef93569131536c2a0000000030c01000000ffc1668a7d097cc17524",2,3.34,,19,21.21,76.03,,0.00,,1,780,0,0,,,,0.32,0.59,0.63,0.10,-0.97
2024-10-27T01:45:22Z,"0002cc0100000eb0","3654485db2f93561131541c3f2000000030c000000007c195550775dfc527460",2,3.34,,19,21.25,76.54,,0.00,,0,780,0,0,,,,0.27,-0.54,0.46,0.02,0.51
2024-10-27T01:51:18Z,"0002cc0100000eb0","3654485f16f93569131557c422000000030d010000007dde7c2077e3771f74c97681",2,3.34,,19,21.34,76.62,,0.00,,1,781,0,0,,,0.41,0.30,0.45,0.49,0.52,0.73
2024-10-27T01:57:14Z,"0002cc0100000eb0","365448607af93569131545c248000000030e010000007c7b7d8cf4a2f63af41e",2,3.34,,19,21.27,75.89,,0.00,,1,782,0,0,,,,-0.26,-0.39,-0.29,0.69,0.56
2024-10-27T02:03:10Z,"0002cc0100000eb0","36544861def9356d131550c377000000030f01000000fc81ec3a766375f87c82",2,3.34,,19,21.31,76.35,,0.00,,1,783,0,0,,,,0.56,0.37,0.40,-0.13,-0.56
2024-10-27T02:09:06Z,"0002cc0100000eb0","3654486342f9356d131557c237000000030f000000006c247d8c7c997c447da9",2,3.34,,19,21.34,75.87,,0.00,,0,783,0,0,,,,0.71,0.53,0.57,0.69,0.13
2024-10-27T02:15:02Z,"0002cc0100000eb0","36544864a6f9356d13154cc2fc000000030f000000007cce7d407ca5ff62ed547486",2,3.34,,19,21.30,76.17,,0.00,,0,783,0,0,,,0.28,-0.17,-0.92,0.58,0.66,0.60
2024-10-27T02:20:58Z,"0002cc0100000eb0","365448660af93571131549c18e0000000310010000007c237ca87e4c745effff",2,3.34,,19,21.28,75.61,,0.00,,1,784,0,0,,,,-1.00,0.27,0.79,0.58,0.52
2024-10-27T02:26:54Z,"0002cc0100000eb0","365448676ef93571131536c1890000000310000000007d707d4c7cddf56f7c27",2,3.34,,19,21.21,75.60,,0.00,,0,784,0,0,,,,0.52,-0.34,0.61,0.66,0.68
2024-10-27T02:32:49Z,"0002cc0100000eb0","36544868d1f93571131541c189000000031101000000fd6df4766e70ce147d97",2,3.34,,19,21.25,75.60,,0.00,,1,785,0,0,,,,0.70,-0.01,0.20,-0.28,-0.68
2024-10-27T02:38:45Z,"0002cc0100000eb0","3654486a35f9357913153ec1100000000311000000007dcd7c757e846e6bfe4e",2,3.34,,19,21.24,75.42,,0.00,,0,785,0,0,,,,-0.79,0.20,0.81,0.56,0.72
2024-10-27T02:44:41Z,"0002cc0100000eb0","3654486b99f9356d131533c1950000000312010000007582ffffef3e6e9c659f",2,3.34,,19,21.20,75.62,,0.00,,1,786,0,0,,,,0.09,0.21,-0.23,-1.00,0.34
2024-10-27T02:50:37Z,"0002cc0100000eb0","3654486cfdf9356d131536c1ac00000003120000000076eff6167c9a7ca27cc27d89",2,3.34,,19,21.21,75.65,,0.00,,0,786,0,0,,,0.69,0.59,0.58,0.58,-0.38,0.43
2024-10-27T02:56:33Z,"0002cc0100000eb0","3654486e61f93569131550c2330000000313010000005c797cc67c7276d87dea",2,3.34,,19,21.31,75.86,,0.00,,1,787,0,0,,,,0.74,0.43,0.56,0.60,0.03
2024-10-27T03:02:29Z,"0002cc0100000eb0","3654486fc5f9356d131541c0b00000000313000000007ccc7d366ed47419fc16",2,3.34,,19,21.25,75.27,,0.00,,0,787,0,0,,,,-0.51,0.26,0.21,0.65,0.60
2024-10-27T03:08:25Z,"0002cc0100000eb0","3654487129f93579131530c096000000031300000000f5c3ffe4fd1ffefefe2b",2,3.34,,19,21.18,75.23,,0.00,,0,787,0,0,,,,-0.77,-0.87,-0.64,-0.99,-0.36
2024-10-27T03:14:21Z,"0002cc0100000eb0","365448728df9356d131524c122000000031300000000fffffd89fd2d77ffdd39",2,3.34,,19,21.14,75.44,,0.00,,0,787,0,0,,,,-0.04,0.50,-0.65,-0.69,-1.00
2024-10-27T03:20:17Z,"0002cc0100000eb0","36544873f1f9356d13151cc108000000031300000000f4abfca2fc04f744fcd6",2,3.34,,19,21.11,75.40,,0.00,,0,787,0,0,,,,-0.60,-0.45,-0.50,-0.58,-0.29
2024-10-27T03:26:13Z,"0002cc0100000eb0","3654487555f9356d131516c0bf000000031300000000ffd2ffffff41fe36ffffffff",2,3.34,,19,21.08,75.29,,0.00,,0,787,0,0,,,-1.00,-1.00,-0.78,-0.91,-1.00,-0.98
2024-10-27T03:32:09Z,"0002cc0100000eb0","36544876b9f93579131507c08c000000031300000000ff49fcf1ffffffffffff",2,3.34,,19,21.03,75.21,,0.00,,0,787,0,0,,,,-1.00,-1.00,-1.00,-0.62,-0.91
2024-10-27T03:38:05Z,"0002cc0100000eb0","365448781df9356d131503c057000000031300000000fffffeafffffffffffff",2,3.34,,19,21.01,75.13,,0.00,,0,787,0,0,,,,-1.00,-1.00,-1.00,-0.84,-1.00
2024-10-27T03:44:01Z,"0002cc0100000eb0","3654487981f9356d1314f8c035000000031300000000ffffffffffffffffffff",2,3.34,,19,20.97,75.08,,0.00,,0,787,0,0,,,,-1.00,-1.00,-1.00,-1.00,-1.00
2024-10-27T03:49:57Z,"0002cc0100000eb0","3654487ae5f935791314fcc029000000031300000000ffffffffffffffffffff",2,3.34,,19,20.98,75.06,,0.00,,0,787,0,0,,,,-1.00,-1.00,-1.00,-1.00,-1.00
2024-10-27T03:55:53Z,"0002cc0100000eb0","3654487c49f935691314f8c012000000031300000000ffffff97ffffff55ffff",2,3.34,,19,20.97,75.03,,0.00,,0,787,0,0,,,,-1.00,-0.92,-1.00,-0.95,-1.00
2024-10-27T04:01:49Z,"0002cc0100000eb0","3654487dadf9356d131500c0ce0000000313000000006cecfc27ffffff62ffffffff",2,3.34,,19,21.00,75.32,,0.00,,0,787,0,0,,,-1.00,-1.00,-0.92,-1.00,-0.52,0.15
2024-10-27T04:07:45Z,"0002cc0100000eb0","3654487f11f935711314f5c0b1000000031300000000ffd3ffffffffffffffff",2,3.34,,19,20.95,75.27,,0.00,,0,787,0,0,,,,-1.00,-1.00,-1.00,-1.00,-0.98
2024-10-27T04:13:40Z,"0002cc0100000eb0","3654488074f935651314f5c050000000031300000000ffdfffffffffffffffff",2,3.34,,19,20.95,75.12,,0.00,,0,787,0,0,,,,-1.00,-1.00,-1.00,-1.00,-0.98
2024-10-27T04:19:36Z,"0002cc0100000eb0","36544881d8f935751314f8c027000000031300000000ffffffffffffffffffc4",2,3.34,,19,20.97,75.06,,0.00,,0,787,0,0,,,,-0.97,-1.00,-1.00,-1.00,-1.00
2024-10-27T04:25:32Z,"0002cc0100000eb0","365448833cf935711314eebfce000000031300000000ffa4ffa9ffffffffffff",2,3.34,,19,20.93,74.92,,0.00,,0,787,0,0,,,,-1.00,-1.00,-1.00,-0.96,-0.95
2024-10-27T04:31:28Z,"0002cc0100000eb0","36544884a0f935651314f5c02c000000031300000000ffffffffb446fe9effc4",2,3.34,,19,20.95,75.07,,0.00,,0,787,0,0,,,,-0.97,-0.83,-0.00,-1.00,-1.00
2024-10-27T04:37:24Z,"0002cc0100000eb0","3654488604f935691314f1bfd7000000031300000000ffffffffffc5ff89ffffffff",2,3.34,,19,20.94,74.94,,0.00,,0,787,0,0,,,-1.00,-1.00,-0.94,-0.97,-1.00,-1.00
2024-10-27T04:43:20Z,"0002cc0100000eb0","3654488768f935691314eebf80000000031300000000fffffffffc68ee57fc40",2,3.34,,19,20.93,74.81,,0.00,,0,787,0,0,,,,-0.53,-0.20,-0.55,-1.00,-1.00
2024-10-27T04:49:16Z,"0002cc0100000eb0","36544888ccf935651314f1c149000000031401000000ecb9efc6f49b74e96fa4fd73",2,3.34,,19,20.94,75.50,,0.00,,1,788,0,0,,,-0.68,0.24,0.31,-0.29,-0.24,-0.15
2024-10-27T04:55:12Z,"0002cc0100000eb0","3654488a30f93571131507c1970000000316020000007c8875ee7c9a6c7976fb",2,3.34,,19,21.03,75.62,,0.00,,2,790,0,0,,,,0.44,0.14,0.58,0.37,0.57
2024-10-27T05:01:08Z,"0002cc0100000eb0","3654488b94f9356d131516c191000000031600000000742174d375ebfee0ffff",2,3.34,,19,21.08,75.61,,0.00,,0,790,0,0,,,,-1.00,-0.86,0.37,0.30,0.26
2024-10-27T05:07:04Z,"0002cc0100000eb0","3654488cf8f2020402001521c0e90000000317010000007cf3759af6d274e47c95",2,,2.4.2.0,,21.13,75.36,,0.00,,1,791,0,0,,,,0.57,0.31,-0.43,0.35,0.62
2024-10-27T05:13:00Z,"0002cc0100000eb0","3654488e5cf93575131521c0950000000317000000007c0d6671f4c875c87ce1",2,3.34,,19,21.13,75.23,,0.00,,0,791,0,0,,,,0.61,0.36,-0.30,0.10,0.51
2024-10-27T05:18:56Z,"0002cc0100000eb0","3654488fc0f93565131521c119000000031700000000fc917c2f7cd47d497c1b7c73",2,3.34,,19,21.13,75.43,,0.00,,0,791,0,0,,,0.56,0.51,0.66,0.60,0.52,-0.57
2024-10-27T05:24:52Z,"0002cc0100000eb0","3654489124f93569131527c195000000031700000000769a7d55766777e8fc94",2,3.34,,19,21.15,75.62,,0.00,,0,791,0,0,,,,-0.57,0.49,0.40,0.67,0.41
2024-10-27T05:30:48Z,"0002cc0100000eb0","3654489288f9357113152bc10a0000000317000000007df5765477e37dd07c27",2,3.34,,19,21.17,75.41,,0.00,,0,791,0,0,,,,0.52,0.73,0.49,0.40,0.74
2024-10-27T05:36:44Z,"0002cc0100000eb0","36544893ecf9356d131521c1200000000317000000007c0f7cf87c8077086e93e578",2,3.34,,19,21.13,75.44,,0.00,,0,791,0,0,,,-0.09,0.21,0.44,0.56,0.62,0.51
2024-10-27T05:42:40Z,"0002cc0100000eb0","3654489550f9356d13151cc0ae0000000317000000007d8a770755faf67cfe46",2,3.34,,19,21.11,75.27,,0.00,,0,791,0,0,,,,-0.78,-0.41,0.02,0.44,0.69
2024-10-27T05:48:35Z,"0002cc0100000eb0","36544896b3f93561131516c0f6000000031801000000eef0fc91750fffa15535",2,3.34,,19,21.08,75.38,,0.00,,1,792,0,0,,,,0.02,-0.95,0.32,-0.57,-0.22
2024-10-27T05:54:32Z,"0002cc0100000eb0","3654489818f9356913150ec0f20000000318000000007550fccbf516f5aefdecffff",2,3.34,,19,21.05,75.37,,0.00,,0,792,0,0,,,-1.00,-0.74,-0.35,-0.32,-0.60,0.33
2024-10-27T06:00:27Z,"0002cc0100000eb0","365448997bf93571131503c07b000000031800000000ffffff17fffffed2ff7b",2,3.34,,19,21.01,75.19,,0.00,,0,792,0,0,,,,-0.93,-0.85,-1.00,-0.89,-1.00
2024-10-27T06:06:23Z,"0002cc0100000eb0","3654489adff935611314fcc00e000000031800000000fe81ffffff29ffffffff",2,3.34,,19,20.98,75.02,,0.00,,0,792,0,0,,,,-1.00,-1.00,-0.90,-1.00,-0.81
2024-10-27T06:12:19Z,"0002cc0100000eb0","3654489c43f935711314f5c017000000031800000000ffffff7fff97fe27ffff",2,3.34,,19,20.95,75.04,,0.00,,0,792,0,0,,,,-1.00,-0.77,-0.95,-0.94,-1.00
2024-10-27T06:18:15Z,"0002cc0100000eb0","3654489da7f935691314f1c006000000031800000000ffffffffffffffe4ff52ffff",2,3.34,,19,20.94,75.01,,0.00,,0,792,0,0,,,-1.00,-0.92,-0.99,-1.00,-1.00,-1.00
2024-10-27T06:24:11Z,"0002cc0100000eb0","3654489f0bf935651314f1c000000000031800000000fffffffffffffd48fd99",2,3.34,,19,20.94,75.00,,0.00,,0,792,0,0,,,,-0.70,-0.66,-1.00,-1.00,-1.00
2024-10-27T06:30:07Z,"0002cc0100000eb0","365448a06ff935691314f1c029000000031800000000ff71ddabf69cffffffbd",2,3.34,,19,20.94,75.06,,0.00,,0,792,0,0,,,,-0.97,-1.00,-0.41,-0.04,-0.93
2024-10-27T06:36:03Z,"0002cc0100000eb0","365448a1d3f935691314f1bff2000000031800000000ff01ffffffffffffffe9effa",2,3.34,,19,20.94,74.98,,0.00,,0,792,0,0,,,-0.25,-0.99,-1.00,-1.00,-1.00,-0.88
2024-10-27T06:41:59Z,"0002cc0100000eb0","365448a337f935611314f1bf74000000031800000000ffffffffffb5ffffffff",2,3.34,,19,20.94,74.79,,0.00,,0,792,0,0,,,,-1.00,-1.00,-0.96,-1.00,-1.00
2024-10-27T06:47:55Z,"0002cc0100000eb0","365448a49bf9356d1314eac002000000031800000000d672fc8cf5e4fdb7ef83f72f",2,3.34,,19,20.91,75.00,,0.00,,0,792,0,0,,,-0.45,-0.23,-0.71,-0.37,-0.57,-0.03
2024-10-27T06:53:51Z,"0002cc0100000eb0","365448a5fff935711314fcc0e7000000031901000000a53867997ca9f52a7c66",2,3.34,,19,20.98,75.35,,0.00,,1,793,0,0,,,,0.55,-0.32,0.58,0.12,-0.00
2024-10-27T06:59:47Z,"0002cc0100000eb0","365448a763f9356d131503c1310000000319000000006ee75d9c771e7dc76c52",2,3.34,,19,21.01,75.47,,0.00,,0,793,0,0,,,,0.14,0.72,0.44,0.04,0.22
2024-10-27T07:05:43Z,"0002cc0100000eb0","365448a8c7f9356113151cc291000000031a010000007e067cdc7c0177b26cd8",2,3.34,,19,21.11,76.00,,0.00,,1,794,0,0,,,,0.15,0.48,0.50,0.61,0.75
2024-10-27T07:11:39Z,"0002cc0100000eb0","365448aa2bf93575131530c185000000031a000000007658f47054f8766e7d4e7cc3",2,3.34,,19,21.18,75.59,,0.00,,0,794,0,0,,,0.60,0.66,0.40,0.02,-0.28,0.40
2024-10-27T07:17:35Z,"0002cc0100000eb0","365448ab8ff93569131536c2e7000000031c020000007c357c03fc29fc91f50d",2,3.34,,19,21.21,76.13,,0.00,,2,796,0,0,,,,-0.32,-0.57,-0.52,0.50,0.53
2024-10-27T07:23:31Z,"0002cc0100000eb0","365448acf3f93565131545c5fa000000031d0100000075b17c897c1b7ca27e1a",2,3.34,,19,21.27,77.34,,0.00,,1,797,0,0,,,,0.76,0.58,0.51,0.57,0.36
2024-10-27T07:29:26Z,"0002cc0100000eb0","365448ae56f9356d13154cc4b6000000031d0000000077d77ce77ceb758a75d4",2,3.34,,19,21.30,76.84,,0.00,,0,797,0,0,,,,0.36,0.35,0.61,0.61,0.49
2024-10-27T07:35:22Z,"0002cc0100000eb0","365448afbaf93571131545c1e5000000031d000000007ea1779b7ce2777d7c717c41",2,3.34,,19,21.27,75.74,,0.00,,0,797,0,0,,,0.53,0.56,0.47,0.61,0.48,0.83
2024-10-27T07:41:18Z,"0002cc0100000eb0","365448b11ef93569131541c34a000000031e010000007ede7d737c5676e8e553",2,3.34,,19,21.25,76.29,,0.00,,1,798,0,0,,,,-0.08,0.43,0.54,0.68,0.86
2024-10-27T07:47:14Z,"0002cc0100000eb0","365448b282f93579131549c347000000032002000000f50b7cb26e4f77587c82",2,3.34,,19,21.28,76.28,,0.00,,2,800,0,0,,,,0.56,0.46,0.20,0.59,-0.32
2024-10-27T07:53:10Z,"0002cc0100000eb0","365448b3e6f93575131541c143000000032000000000779d7c2c7d78ffe2ffff",2,3.34,,19,21.25,75.49,,0.00,,0,800,0,0,,,,-1.00,-0.99,0.68,0.52,0.48
2024-10-27T07:59:06Z,"0002cc0100000eb0","365448b54af9356d131541c12e0000000321010000007e567dac773a77bb7dbb",2,3.34,,19,21.25,75.46,,0.00,,1,801,0,0,,,,0.72,0.48,0.45,0.71,0.79
2024-10-27T08:05:02Z,"0002cc0100000eb0","365448b6aef93561131536c1b30000000322010000007e09779ede5376a47d5a7c18",2,3.34,,19,21.21,75.66,,0.00,,1,802,0,0,,,0.51,0.67,0.42,-0.05,0.48,0.75
2024-10-27T08:10:58Z,"0002cc0100000eb0","365448b812f9356913153ec1fe000000032402000000f64cf4456f8fec085fd4",2,3.34,,19,21.24,75.78,,0.00,,2,804,0,0,,,,0.06,-0.13,0.24,-0.27,-0.39
2024-10-27T08:16:54Z,"0002cc0100000eb0","365448b976f93569131553c2820000000324000000007dd577067db07cc576e2",2,3.34,,19,21.32,75.98,,0.00,,0,804,0,0,,,,0.43,0.60,0.71,0.44,0.73
2024-10-27T08:22:50Z,"0002cc0100000eb0","365448badaf93569131549c1a30000000324000000007d4b7d0d7de875517c7c",2,3.34,,19,21.28,75.64,,0.00,,0,804,0,0,,,,0.56,0.33,0.74,0.63,0.66
2024-10-27T08:28:46Z,"0002cc0100000eb0","365448bc3ef93561131550c26c00000003270300000064a77786ee894c597c31",2,3.34,,19,21.31,75.95,,0.00,,3,807,0,0,,,,0.52,0.01,-0.20,0.47,0.07
2024-10-27T08:34:42Z,"0002cc0100000eb0","365448bda2f93571131545c0f0000000032700000000769876de771c7cc2f4f4",2,3.34,,19,21.27,75.37,,0.00,,0,807,0,0,,,,-0.31,0.59,0.44,0.43,0.41
2024-10-27T08:40:38Z,"0002cc0100000eb0","365448bf06f93569131553c30e000000032700000000df5774867c737d537cbe7d07",2,3.34,,19,21.32,76.19,,0.00,,0,807,0,0,,,0.63,0.59,0.67,0.56,0.28,-0.06
2024-10-27T08:46:33Z,"0002cc0100000eb0","365448c069f9356d131550c1e50000000328010000007f0b7f247786755c7725",2,3.34,,19,21.31,75.74,,0.00,,1,808,0,0,,,,0.45,0.34,0.47,0.89,0.88
2024-10-27T08:52:29Z,"0002cc0100000eb0","365448c1cdf9356d131557c3d50000000329010000007dfb76166d9d4d997468",2,3.34,,19,21.34,76.50,,0.00,,1,809,0,0,,,,0.28,0.01,0.18,0.38,0.75
2024-10-27T08:58:26Z,"0002cc0100000eb0","365448c332f93569131557c33b000000032b020000007de37d9d7e5f7dee7c316da7",2,3.34,,19,21.34,76.26,,0.00,,2,811,0,0,,,0.18,0.52,0.74,0.80,0.70,0.74
2024-10-27T09:04:21Z,"0002cc0100000eb0","365448c495f9356d131550c189000000032b00000000ed0f77a67e0c7d177c74",2,3.34,,19,21.31,75.60,,0.00,,0,811,0,0,,,,0.56,0.64,0.76,0.48,-0.16
2024-10-27T09:10:17Z,"0002cc0100000eb0","365448c5f9f202040200154cc13b000000032b000000005d9e6fb67da37da3fc6c",2,,2.4.2.0,,21.30,75.48,,0.00,,0,811,0,0,,,,-0.55,0.70,0.70,0.24,0.04
2024-10-27T09:16:13Z,"0002cc0100000eb0","365448c75df93565131550c279000000032c01000000772c765e7c887d9e7c997db1",2,3.34,,19,21.31,75.97,,0.00,,1,812,0,0,,,0.71,0.57,0.70,0.57,0.40,0.45
2024-10-27T09:22:09Z,"0002cc0100000eb0","365448c8c1f9356113153ec1f7000000032c000000007e727de5778c749cffdc",2,3.34,,19,21.24,75.77,,0.00,,0,812,0,0,,,,-0.98,0.29,0.47,0.74,0.81
2024-10-27T09:28:05Z,"0002cc0100000eb0","365448ca25f93571131533c2c9000000032d01000000fffffe5fedd6fc8f746e",2,3.34,,19,21.20,76.09,,0.00,,1,813,0,0,,,,0.28,-0.57,-0.18,-0.80,-1.00
2024-10-27T09:34:01Z,"0002cc0100000eb0","365448cb89f9356513154cc269000000032e010000007c267d637663e7d577d174d2",2,3.34,,19,21.30,75.94,,0.00,,1,814,0,0,,,0.30,0.49,-0.12,0.40,0.67,0.52
2024-10-27T09:39:57Z,"0002cc0100000eb0","365448ccedf93569131549c5f7000000032f010000007e2976f47dac67fdf791",2,3.34,,19,21.28,77.33,,0.00,,1,815,0,0,,,,-0.47,0.12,0.71,0.43,0.77
2024-10-27T09:45:53Z,"0002cc0100000eb0","365448ce51f93569131553c3d2000000032f000000005f9eff81ff9afeb37401",2,3.34,,19,21.32,76.49,,0.00,,0,815,0,0,,,,0.25,-0.84,-0.95,-0.94,0.06
2024-10-27T09:51:49Z,"0002cc0100000eb0","365448cfb5f9356d131553c243000000032f000000007d537cd776437cd57d1e",2,3.34,,19,21.32,75.88,,0.00,,0,815,0,0,,,,0.64,0.60,0.39,0.60,0.67
2024-10-27T09:57:45Z,"0002cc0100000eb0","365448d119f93571131550c287000000032f0000000076a97c356f1c5f83ffff",2,3.34,,19,21.31,75.99,,0.00,,0,815,0,0,,,,-1.00,0.06,0.22,0.53,0.42
2024-10-27T10:03:41Z,"0002cc0100000eb0","365448d27df93569131553c4c2000000032f00000000feff76027cb3eed4fc927d75",2,3.34,,19,21.32,76.86,,0.00,,0,815,0,0,,,0.68,-0.57,-0.21,0.59,0.38,-0.87
2024-10-27T10:09:37Z,"0002cc0100000eb0","365448d3e1f93569131562c47d00000003310200000075747deb7cfa7c547d0d",2,3.34,,19,21.38,76.75,,0.00,,2,817,0,0,,,,0.63,0.54,0.62,0.74,0.34
2024-10-27T10:15:33Z,"0002cc0100000eb0","365448d545f9356d131562c2ed0000000332010000007d3f7c367d3677ca7769",2,3.34,,19,21.38,76.14,,0.00,,1,818,0,0,,,,0.46,0.49,0.65,0.53,0.66
2024-10-27T10:21:29Z,"0002cc0100000eb0","365448d6a9f93569131550c2940000000332000000007d774f20ed3ae6f36cb3",2,3.34,,19,21.31,76.01,,0.00,,0,818,0,0,,,,0.15,-0.11,-0.16,0.01,0.68
2024-10-27T10:27:24Z,"0002cc0100000eb0","365448d80cf9357113153ac159000000033200000000efaef46ffd58fd36f4d0",2,3.34,,19,21.22,75.53,,0.00,,0,818,0,0,,,,-0.30,-0.65,-0.67,-0.28,-0.24
2024-10-27T10:33:20Z,"0002cc0100000eb0","365448d970f9356913152bc14a392ed0033200000000fea3fd49efe9f4d5fecd",2,3.34,,19,21.17,75.50,,0.02,,0,818,0,0,,,,-0.85,-0.30,-0.25,-0.66,-0.83
2024-10-27T10:39:16Z,"0002cc0100000eb0","365448dad4f93579131519c131000000033200000000fea5fd8dfd5bff99ffffffff",2,3.34,,19,21.10,75.47,,0.00,,0,818,0,0,,,-1.00,-1.00,-0.95,-0.67,-0.69,-0.83
2024-10-27T10:45:08Z,"0002cc0100000eb0","365448dc34f93569131512c12c000000033200000000ff4dffffffffffffff6c",3,3.34,,19,21.07,75.46,,0.00,,0,818,0,0,,,,-0.93,-1.00,-1.00,-1.00,-0.91
2024-10-27T10:51:04Z,"0002cc0100000eb0","365448dd98f9356d13150ec0c0000000033200000000ff17feb7ffffffffffffff33",2,3.34,,19,21.05,75.29,,0.00,,0,818,0,0,,,-0.90,-1.00,-1.00,-1.00,-0.84,-0.89
2024-10-27T10:57:00Z,"0002cc0100000eb0","365448defcf9356d13150bc0d4000000033200000000ffffffffff41ff28ffff",2,3.34,,19,21.04,75.32,,0.00,,0,818,0,0,,,,-1.00,-0.89,-0.91,-1.00,-1.00
2024-10-27T11:02:56Z,"0002cc0100000eb0","365448e060f93569131500c0723d6fdb033200000000ffffffffff23ffffffff",2,3.34,,19,21.00,75.18,,0.36,,0,818,0,0,,,,-1.00,-1.00,-0.89,-1.00,-1.00
2024-10-27T11:08:52Z,"0002cc0100000eb0","365448e1c4f9356d131500c0873db093033200000000ffffffffffffffffffff",2,3.34,,19,21.00,75.21,,0.42,,0,818,0,0,,,,-1.00,-1.00,-1.00,-1.00,-1.00
2024-10-27T11:14:48Z,"0002cc0100000eb0","365448e328f935691314fcc07e3db093033200000000fffffffffffffed4fec0",2,3.34,,19,20.98,75.19,,0.42,,0,818,0,0,,,,-0.84,-0.85,-1.00,-1.00,-1.00
2024-10-27T11:20:44Z,"0002cc0100000eb0","365448e48cf935611314f8bfe13db093033200000000fffffffffe42ff3cffffffff",2,3.34,,19,20.97,74.95,,0.42,,0,818,0,0,,,-1.00,-1.00,-0.90,-0.78,-1.00,-1.00
2024-10-27T11:26:40Z,"0002cc0100000eb0","365448e5f0f935691314eebfd43db093033200000000fffffffffeeaff97ffff",2,3.34,,19,20.93,74.93,,0.42,,0,818,0,0,,,,-1.00,-0.95,-0.86,-1.00,-1.00
2024-10-27T11:32:36Z,"0002cc0100000eb0","365448e754f935691314f1bfd73d4238033200000000ffb0fff9ffcafff6ffff",2,3.34,,19,20.94,74.94,,0.31,,0,818,0,0,,,,-1.00,-0.99,-0.97,-1.00,-0.96
2024-10-27T11:38:32Z,"0002cc0100000eb0","365448e8b8f935691314eebf803d6fdb033200000000fffffffffffffffffffffe1f",2,3.34,,19,20.93,74.81,,0.36,,0,818,0,0,,,-0.77,-1.00,-1.00,-1.00,-1.00,-1.00
2024-10-27T11:44:28Z,"0002cc0100000eb0","365448ea1cf935691314eabf843d9da6033200000000fffffffffffffffffdd3ffff",2,3.34,,19,20.91,74.81,,0.40,,0,818,0,0,,,-1.00,-0.73,-1.00,-1.00,-1.00,-1.00
2024-10-27T11:50:24Z,"0002cc0100000eb0","365448eb80f935711314e6bf833d6fdb033200000000ffffffffffffffc5ffff",2,3.34,,19,20.90,74.81,,0.36,,0,818,0,0,,,,-1.00,-0.97,-1.00,-1.00,-1.00
2024-10-27T11:56:20Z,"0002cc0100000eb0","365448ece4f935751314e6bf593d6fdb033200000000ffffffffffffffffffff",2,3.34,,19,20.90,74.75,,0.36,,0,818,0,0,,,,-1.00,-1.00,-1.00,-1.00,-1.00
2024-10-27T12:02:16Z,"0002cc0100000eb0","365448ee48f9356d1314e3bf3b3d6fdb033200000000fffffffffffffff3ffff",2,3.34,,19,20.89,74.70,,0.36,,0,818,0,0,,,,-1.00,-0.99,-1.00,-1.00,-1.00
2024-10-27T12:08:12Z,"0002cc0100000eb0","365448efacf935691314e6bf213d4238033200000000ffffffffffffffffffff",2,3.34,,19,20.90,74.66,,0.31,,0,818,0,0,,,,-1.00,-1.00,-1.00,-1.00,-1.00
2024-10-27T12:14:08Z,"0002cc0100000eb0","365448f110f935691314e3bf1e3d4238033200000000fffffffffffffffffce0",2,3.34,,19,20.89,74.66,,0.31,,0,818,0,0,,,,-0.61,-1.00,-1.00,-1.00,-1.00
2024-10-27T12:20:04Z,"0002cc0100000eb0","365448f274f9356d1314e3bef43d6fdb033200000000ff04ffffffffffffffffffff",2,3.34,,19,20.89,74.59,,0.36,,0,818,0,0,,,-1.00,-1.00,-1.00,-1.00,-1.00,-0.88
2024-10-27T12:26:00Z,"0002cc0100000eb0","365448f3d8f935691314e0beac3da971033301000000fffffffffd97fd48ef9e",2,3.34,,19,20.87,74.48,,0.42,,1,819,0,0,,,,-0.24,-0.66,-0.70,-1.00,-1.00
2024-10-27T12:31:56Z,"0002cc0100000eb0","365448f53cf935691314e6bf743d6fdb033502000000fc4f671ff42e6e327cd4fe95",2,3.34,,19,20.90,74.79,,0.36,,2,821,0,0,,,-0.82,0.60,0.19,-0.26,0.11,-0.54
2024-10-27T12:37:52Z,"0002cc0100000eb0","365448f6a0f935651314f5bf3f392ed00335000000006e16ecc4e488ee45f40d",2,3.34,,19,20.95,74.71,,0.02,,0,821,0,0,,,,-0.25,-0.20,-0.07,-0.15,0.19
2024-10-27T12:43:48Z,"0002cc0100000eb0","365448f804f93569131527c47c3d4238033500000000cdf176177593ffcb765c7595",2,3.34,,19,21.15,76.75,,0.31,,0,821,0,0,,,0.35,0.40,-0.97,0.35,0.38,-0.01
2024-10-27T12:49:44Z,"0002cc0100000eb0","365448f968f9356d131527c13a3b392c033500000000766cdff47ccd7c537e1e",2,3.34,,19,21.15,75.48,,0.08,,0,821,0,0,,,,0.76,0.54,0.60,-0.06,0.40
2024-10-27T12:55:40Z,"0002cc0100000eb0","365448faccf93569131524c09e3d423803350000000074457c1674db74fcfce4",2,3.34,,19,21.14,75.24,,0.31,,0,821,0,0,,,,-0.61,0.31,0.30,0.51,0.27
2024-10-27T13:01:35Z,"0002cc0100000eb0","365448fc2ff9356513151cc0f53d84b503360100000074437d277711ec5177ce",2,3.34,,19,21.11,75.37,,0.38,,1,822,0,0,,,,0.49,-0.13,0.44,0.64,0.27
2024-10-27T13:07:32Z,"0002cc0100000eb0","365448fd94f93579131512bf6c3d84b50336000000006fc4fffffffffc27e40afd33",2,3.34,,19,21.07,74.78,,0.38,,0,822,0,0,,,-0.65,-0.06,-0.52,-1.00,-1.00,0.24
2024-10-27T13:13:27Z,"0002cc0100000eb0","365448fef7f2020402001503bf863d84b5033600000000fd45fe17fff3fcf8fd2b",2,,2.4.2.0,,21.01,74.81,,0.38,,0,822,0,0,,,,-0.65,-0.62,-0.99,-0.76,-0.66
2024-10-27T13:19:23Z,"0002cc0100000eb0","365449005bf935791314f8bfa23d84b5033600000000fd9efef8ffffffffff5b",2,3.34,,19,20.97,74.86,,0.38,,0,822,0,0,,,,-0.92,-1.00,-1.00,-0.87,-0.70
2024-10-27T13:25:19Z,"0002cc0100000eb0","36544901bff935691314f1bf903d4238033600000000ffffff49ffffffffffffffff",2,3.34,,19,20.94,74.83,,0.31,,0,822,0,0,,,-1.00,-1.00,-1.00,-1.00,-0.91,-1.00
2024-10-27T13:31:15Z,"0002cc0100000eb0","3654490323f935711314e6bef03d84b5033600000000ffffffffffffffffffff",2,3.34,,19,20.90,74.59,,0.38,,0,822,0,0,,,,-1.00,-1.00,-1.00,-1.00,-1.00
2024-10-27T13:37:11Z,"0002cc0100000eb0","3654490487f9356d1314e0bf0e3d84b5033600000000ff7dffffffffffffffffff58",2,3.34,,19,20.87,74.63,,0.38,,0,822,0,0,,,-0.92,-1.00,-1.00,-1.00,-1.00,-0.94
2024-10-27T13:43:07Z,"0002cc0100000eb0","36544905ebf9356d1314dcbeff3d4238033600000000ffffffffffffffffffff",2,3.34,,19,20.86,74.61,,0.31,,0,822,0,0,,,,-1.00,-1.00,-1.00,-1.00,-1.00
2024-10-27T13:49:03Z,"0002cc0100000eb0","365449074ff935691314d8beca3d84b5033600000000ffffffffffffffffffff",2,3.34,,19,20.84,74.53,,0.38,,0,822,0,0,,,,-1.00,-1.00,-1.00,-1.00,-1.00
2024-10-27T13:54:59Z,"0002cc0100000eb0","36544908b3f9356d1314d8befc3d91da033600000000ffffffffffffffffffff",2,3.34,,19,20.84,74.60,,0.39,,0,822,0,0,,,,-1.00,-1.00,-1.00,-1.00,-1.00
2024-10-27T14:00:55Z,"0002cc0100000eb0","3654490a17f9356d1314d5bec93d4238033600000000ffffffffffffffd4ffff",2,3.34,,19,20.83,74.53,,0.31,,0,822,0,0,,,,-1.00,-0.98,-1.00,-1.00,-1.00
2024-10-27T14:06:51Z,"0002cc0100000eb0","3654490b7bf935791314d5be753d84b5033600000000ffffffffffffff81ffff",2,3.34,,19,20.83,74.40,,0.38,,0,822,0,0,,,,-1.00,-0.94,-1.00,-1.00,-1.00
2024-10-27T14:12:47Z,"0002cc0100000eb0","3654490cdff935711314cdbe1c3d9da6033600000000fffffee8fffffffffee9",2,3.34,,19,20.80,74.26,,0.40,,0,822,0,0,,,,-0.86,-1.00,-1.00,-0.86,-1.00
2024-10-27T14:18:43Z,"0002cc0100000eb0","3654490e43f9356d1314cabe303d4238033600000000ff94fffffffffe65ffe4fda1",2,3.34,,19,20.79,74.29,,0.31,,0,822,0,0,,,-0.70,-0.99,-0.80,-1.00,-1.00,-0.95
2024-10-27T14:24:39Z,"0002cc0100000eb0","3654490fa7f935691314cdbe073d4238033600000000ff73ffffffffffffffff",2,3.34,,19,20.80,74.23,,0.31,,0,822,0,0,,,,-1.00,-1.00,-1.00,-1.00,-0.93
2024-10-27T14:30:35Z,"0002cc0100000eb0","365449110bf935711314c6be253d9da6033600000000ffffff7cffffffffffff",2,3.34,,19,20.77,74.28,,0.40,,0,822,0,0,,,,-1.00,-1.00,-1.00,-0.94,-1.00
2024-10-27T14:36:31Z,"0002cc0100000eb0","365449126ff935711314cdbe393d4238033600000000fffffffffffffffffffffe4e",2,3.34,,19,20.80,74.31,,0.31,,0,822,0,0,,,-0.79,-1.00,-1.00,-1.00,-1.00,-1.00
2024-10-27T14:42:27Z,"0002cc0100000eb0","36544913d3f9356d1314cabdef3d84b5033600000000fffffffffec7ffffffff",2,3.34,,19,20.79,74.19,,0.38,,0,822,0,0,,,,-1.00,-1.00,-0.85,-1.00,-1.00
2024-10-27T14:48:23Z,"0002cc0100000eb0","3654491537f9356d1314c6be093d4238033600000000fffffffffdddff78ffff",2,3.34,,19,20.77,74.23,,0.31,,0,822,0,0,,,,-1.00,-0.93,-0.73,-1.00,-1.00
2024-10-27T14:54:19Z,"0002cc0100000eb0","365449169bf935711314cdbdf23d84b5033600000000fffffffffea2fed1ff68",2,3.34,,19,20.80,74.20,,0.38,,0,822,0,0,,,,-0.93,-0.85,-0.83,-1.00,-1.00
2024-10-27T15:00:15Z,"0002cc0100000eb0","36544917fff935711314c6bd583d4238033600000000fffffffffffffffffffffefa",2,3.34,,19,20.77,73.96,,0.31,,0,822,0,0,,,-0.87,-1.00,-1.00,-1.00,-1.00,-1.00
2024-10-27T15:06:11Z,"0002cc0100000eb0","3654491963f935691314cabdaf3d4238033600000000fffffffffffffef4ff66",2,3.34,,19,20.79,74.10,,0.31,,0,822,0,0,,,,-0.92,-0.87,-1.00,-1.00,-1.00
2024-10-27T15:12:07Z,"0002cc0100000eb0","3654491ac7f935691314c2bcf03d5712033600000000ffffffffffffffffffffffff",2,3.34,,19,20.76,73.80,,0.34,,0,822,0,0,,,-1.00,-1.00,-1.00,-1.00,-1.00,-1.00
2024-10-27T15:18:03Z,"0002cc0100000eb0","3654491c2bf935691314cdbfa43d4238033600000000ffffffb0f452f5f8f6de",2,3.34,,19,20.80,74.86,,0.31,,0,822,0,0,,,,-0.43,-0.37,-0.27,-0.96,-1.00
2024-10-27T15:23:59Z,"0002cc0100000eb0","3654491d8ff935691314cabdfe3d4238033600000000fe9cef8fe5ecfca4fce5fd91",2,3.34,,19,20.79,74.22,,0.31,,0,822,0,0,,,-0.70,-0.61,-0.58,-0.09,-0.24,-0.83
2024-10-27T15:29:55Z,"0002cc0100000eb0","3654491ef3f935711314c6bd6d3d88a5033600000000fe1cff02fc70ffffff6f",2,3.34,,19,20.77,74.00,,0.38,,0,822,0,0,,,,-0.93,-1.00,-0.55,-0.88,-0.76
2024-10-27T15:35:50Z,"0002cc0100000eb0","3654492056f935651314cabd853dbc5e033600000000ffffffffffadffffffff",2,3.34,,19,20.79,74.03,,0.43,,0,822,0,0,,,,-1.00,-1.00,-0.96,-1.00,-1.00
2024-10-27T15:41:47Z,"0002cc0100000eb0","36544921bbf935711314c6bda63d5b02033600000000ffffffffffffffffffffff2d",2,3.34,,19,20.77,74.08,,0.34,,0,822,0,0,,,-0.90,-1.00,-1.00,-1.00,-1.00,-1.00
2024-10-27T15:47:42Z,"0002cc0100000eb0","365449231ef9356d1314c6bdad3d5b02033600000000ffffffffffffffffffff",2,3.34,,19,20.77,74.09,,0.34,,0,822,0,0,,,,-1.00,-1.00,-1.00,-1.00,-1.00
2024-10-27T15:53:39Z,"0002cc0100000eb0","3654492483f935711314c6bd5e3dcf4b033600000000ffffff88ffffffffffffffff",2,3.34,,19,20.77,73.97,,0.45,,0,822,0,0,,,-1.00,-1.00,-1.00,-1.00,-0.94,-1.00
2024-10-27T15:59:35Z,"0002cc0100000eb0","36544925e7f935691314c6bd743d6fdb033600000000fffffffffffffffffffffcd5",2,3.34,,19,20.77,74.01,,0.36,,0,822,0,0,,,-0.60,-1.00,-1.00,-1.00,-1.00,-1.00
2024-10-27T16:05:30Z,"0002cc0100000eb0","365449274af935711314cabdf73d4238033600000000f6d2fffff7bcfd33febe",2,3.34,,19,20.79,74.21,,0.31,,0,822,0,0,,,,-0.84,-0.65,-0.48,-1.00,-0.43
2024-10-27T16:11:26Z,"0002cc0100000eb0","36544928aef935711314cabde23d9da6033600000000fd10fc43ff1cfe61fdd3",2,3.34,,19,20.79,74.17,,0.40,,0,822,0,0,,,,-0.73,-0.80,-0.89,-0.53,-0.63
2024-10-27T16:17:22Z,"0002cc0100000eb0","3654492a12f935711314d1bed33d9da6033600000000ffc9ffd9fec2fffff714",2,3.34,,19,20.81,74.54,,0.40,,0,822,0,0,,,,-0.44,-1.00,-0.84,-0.98,-0.97
2024-10-27T16:23:18Z,"0002cc0100000eb0","3654492b76f935711314d5bdbe3d6fdb033600000000fff2ffffffffffffffffffff",2,3.34,,19,20.83,74.12,,0.36,,0,822,0,0,,,-1.00,-1.00,-1.00,-1.00,-1.00,-0.99
2024-10-27T16:29:14Z,"0002cc0100000eb0","3654492cdaf9356d1314cdbd773d6fdb033600000000ffffffffffffffffff3f",2,3.34,,19,20.80,74.01,,0.36,,0,822,0,0,,,,-0.91,-1.00,-1.00,-1.00,-1.00
2024-10-27T16:35:10Z,"0002cc0100000eb0","3654492e3ef935691314d1bd8f3d6fdb033600000000ff99ffffffffffffffffffff",2,3.34,,19,20.81,74.05,,0.36,,0,822,0,0,,,-1.00,-1.00,-1.00,-1.00,-1.00,-0.95
2024-10-27T16:41:06Z,"0002cc0100000eb0","3654492fa2f935691314cdbd4c3d4238033600000000ffffffffffffff92fe45",2,3.34,,19,20.80,73.95,,0.31,,0,822,0,0,,,,-0.78,-0.95,-1.00,-1.00,-1.00
2024-10-27T16:47:02Z,"0002cc0100000eb0","3654493106f935791314cabd203d6fdb033600000000ff83ffb4ffffffffffffffff",2,3.34,,19,20.79,73.88,,0.36,,0,822,0,0,,,-1.00,-1.00,-1.00,-1.00,-0.96,-0.94
2024-10-27T16:52:58Z,"0002cc0100000eb0","365449326af9356d1314cabd263d4238033600000000ffffffffffffffffffff",2,3.34,,19,20.79,73.89,,0.31,,0,822,0,0,,,,-1.00,-1.00,-1.00,-1.00,-1.00
2024-10-27T16:58:54Z,"0002cc0100000eb0","36544933cef9356d1314c6bd083d4238033600000000ffffffffffffffffffff",2,3.34,,19,20.77,73.84,,0.31,,0,822,0,0,,,,-1.00,-1.00,-1.00,-1.00,-1.00
2024-10-27T17:04:50Z,"0002cc0100000eb0","3654493532f935611314cabd443da4c7033600000000fc6ffff7f4d2ffffffffffff",2,3.34,,19,20.79,73.93,,0.41,,0,822,0,0,,,-1.00,-1.00,-1.00,-0.30,-1.00,-0.55
2024-10-27T17:10:46Z,"0002cc0100000eb0","3654493696f935791314d1bcea3d84b5033600000000ffffffffffffffffffff",2,3.34,,19,20.81,73.80,,0.38,,0,822,0,0,,,,-1.00,-1.00,-1.00,-1.00,-1.00
2024-10-27T17:16:42Z,"0002cc0100000eb0","36544937faf20204020014d1bd0e3d84b5033600000000ff94ffffffeafffffffff410",2,,2.4.2.0,,20.81,73.85,,0.38,,0,822,0,0,,,-0.25,-1.00,-1.00,-0.99,-1.00,-0.95
2024-10-27T17:22:38Z,"0002cc0100000eb0","365449395ef935691314cdbd3e3d9da6033600000000fccdedb5fc69fd65feaf",2,3.34,,19,20.80,73.92,,0.40,,0,822,0,0,,,,-0.84,-0.67,-0.55,-0.18,-0.60
2024-10-27T17:28:34Z,"0002cc0100000eb0","3654493ac2f935651314d5bcfb3d6fdb033600000000ffffffffffcfffffffffffff",2,3.34,,19,20.83,73.82,,0.36,,0,822,0,0,,,-1.00,-1.00,-1.00,-0.98,-1.00,-1.00
2024-10-27T17:34:30Z,"0002cc0100000eb0","3654493c26f9356d1314d8bd773d9da6033600000000fffffddff729f56ffe73",2,3.34,,19,20.84,74.01,,0.40,,0,822,0,0,,,,-0.81,-0.34,-0.45,-0.73,-1.00
2024-10-27T17:40:26Z,"0002cc0100000eb0","3654493d8af935791314d5bce63d4238033600000000fffffffffffffffffff3",2,3.34,,19,20.83,73.79,,0.31,,0,822,0,0,,,,-0.99,-1.00,-1.00,-1.00,-1.00
2024-10-27T17:46:22Z,"0002cc0100000eb0","3654493eeef935651314d5bca43d9d7f033600000000fffffffffffffffffe5e",2,3.34,,19,20.83,73.69,,0.40,,0,822,0,0,,,,-0.80,-1.00,-1.00,-1.00,-1.00
2024-10-27T17:52:18Z,"0002cc0100000eb0","3654494052f935711314d8beca3d84b5033600000000fffffffffffffcacf52a",2,3.34,,19,20.84,74.53,,0.38,,0,822,0,0,,,,-0.32,-0.58,-1.00,-1.00,-1.00
2024-10-27T17:58:14Z,"0002cc0100000eb0","36544941b6f9356d1314e0beba3d84b5033600000000fffffffffffffffffe0c",2,3.34,,19,20.87,74.50,,0.38,,0,822,0,0,,,,-0.76,-1.00,-1.00,-1.00,-1.00
2024-10-27T18:04:10Z,"0002cc0100000eb0","365449431af935611314e0bdef3d84b5033600000000f65dfdd9ffffffffffffffff",2,3.34,,19,20.87,74.19,,0.38,,0,822,0,0,,,-1.00,-1.00,-1.00,-1.00,-0.73,-0.40
2024-10-27T18:10:06Z,"0002cc0100000eb0","365449447ef935651314e0bdfd3d4238033600000000fffffffffe11fe19f4dd",2,3.34,,19,20.87,74.22,,0.31,,0,822,0,0,,,,-0.30,-0.76,-0.76,-1.00,-1.00
2024-10-27T18:16:02Z,"0002cc0100000eb0","36544945e2f935691314e3bd683d4238033600000000eedbe614efa9f54bfe1aff51",2,3.34,,19,20.89,73.99,,0.31,,0,822,0,0,,,-0.91,-0.76,-0.33,-0.24,-0.09,-0.21
2024-10-27T18:21:57Z,"0002cc0100000eb0","3654494745f9356d1314e6bda43d84b5033600000000ff45fed0f699fde2fd8d",2,3.34,,19,20.90,74.08,,0.38,,0,822,0,0,,,,-0.69,-0.74,-0.41,-0.85,-0.91
2024-10-27T18:27:53Z,"0002cc0100000eb0","36544948a9f9356d1314e3bdcd3d5712033600000000fe80fe52fd38fc76f6afcee7",2,3.34,,19,20.89,74.14,,0.34,,0,822,0,0,,,-0.01,-0.42,-0.56,-0.65,-0.79,-0.81
2024-10-27T18:33:49Z,"0002cc0100000eb0","3654494a0df9355d1314e6bd5c3d84b50336000000006f835f8cfedaffffff2bffff",2,3.34,,19,20.90,73.97,,0.38,,0,822,0,0,,,-1.00,-0.90,-1.00,-0.86,0.06,0.23
2024-10-27T18:39:45Z,"0002cc0100000eb0","3654494b71f935651314e0bd173d84b5033600000000fffffecaffffffffffca",2,3.34,,19,20.87,73.86,,0.38,,0,822,0,0,,,,-0.97,-1.00,-1.00,-0.85,-1.00
2024-10-27T18:45:41Z,"0002cc0100000eb0","3654494cd5f935791314d8bcf63d84b5033600000000ffffffffffffffffff6a",2,3.34,,19,20.84,73.81,,0.38,,0,822,0,0,,,,-0.93,-1.00,-1.00,-1.00,-1.00
2024-10-27T18:51:37Z,"0002cc0100000eb0","3654494e39f935691314d5bc723d84b5033600000000ffffffffffffffffffffffff",2,3.34,,19,20.83,73.61,,0.38,,0,822,0,0,,,-1.00,-1.00,-1.00,-1.00,-1.00,-1.00
2024-10-27T18:57:33Z,"0002cc0100000eb0","3654494f9df9356d1314d5bcd73d84b5033600000000ffffff5efe9dffffffff",2,3.34,,19,20.83,73.77,,0.38,,0,822,0,0,,,,-1.00,-1.00,-0.83,-0.92,-1.00
2024-10-27T19:03:29Z,"0002cc0100000eb0","3654495101f9356d1314c6bc783d4238033600000000fffffffffffffee3ffff",2,3.34,,19,20.77,73.62,,0.31,,0,822,0,0,,,,-1.00,-0.86,-1.00,-1.00,-1.00
2024-10-27T19:09:25Z,"0002cc0100000eb0","3654495265f935651314cdbc833dbc5e033600000000ffffffdafd45fffff7c2",2,3.34,,19,20.80,73.64,,0.43,,0,822,0,0,,,,-0.48,-1.00,-0.66,-0.98,-1.00
2024-10-27T19:15:21Z,"0002cc0100000eb0","36544953c9f9356d1314cabba23c296f033600000000ffffffffff31ffffffff",2,3.34,,19,20.79,73.30,,0.15,,0,822,0,0,,,,-1.00,-1.00,-0.90,-1.00,-1.00
2024-10-27T19:21:17Z,"0002cc0100000eb0","365449552df935711314e3ba4a3aac0f033802000000779a75e46e2a6cf865037cf3",2,3.34,,19,20.89,72.77,,0.05,,2,824,0,0,,,0.62,0.08,0.16,0.19,0.37,0.47
2024-10-27T19:27:13Z,"0002cc0100000eb0","3654495691f935791314fcbc423e63770339010000007dd97cea7c147c506f85",2,3.34,,19,20.98,73.54,,0.69,,1,825,0,0,,,,0.24,0.54,0.51,0.61,0.73
2024-10-27T19:33:09Z,"0002cc0100000eb0","36544957f5f9357113150bbc7e3d88a5033c030000007cb06c2a7c15ff077c365c99",2,3.34,,19,21.04,73.63,,0.38,,3,828,0,0,,,0.04,0.53,-0.88,0.51,0.13,0.59
2024-10-27T19:39:05Z,"0002cc0100000eb0","3654495959f93569131521bf9f3d4238033d010000007d41668f760475827c2d",2,3.34,,19,21.13,74.85,,0.31,,1,829,0,0,,,,0.52,0.34,0.38,0.10,0.66
2024-10-27T19:45:01Z,"0002cc0100000eb0","3654495abdf93569131524bf473d6fdb033d00000000fc3afe24645dffff6c15",2,3.34,,19,21.14,74.72,,0.36,,0,829,0,0,,,,0.13,-1.00,0.07,-0.77,-0.53
2024-10-27T19:50:57Z,"0002cc0100000eb0","3654495c21f9356913151cbdda3d6fdb033d00000000f418ff83ffffffeaffffffff",2,3.34,,19,21.11,74.16,,0.36,,0,829,0,0,,,-1.00,-1.00,-0.99,-1.00,-0.94,-0.26
2024-10-27T19:56:53Z,"0002cc0100000eb0","3654495d85f9356d131516be963d91da033d00000000ffff66a2ee9dffffffff",2,3.34,,19,21.08,74.45,,0.39,,0,829,0,0,,,,-1.00,-1.00,-0.21,0.10,-1.00
2024-10-27T20:02:49Z,"0002cc0100000eb0","3654495ee9f9356d131519bf5c3d91da033d0000000077c1d528f62cfe56ff04",2,3.34,,19,21.10,74.75,,0.39,,0,829,0,0,,,,-0.88,-0.79,-0.39,-0.02,0.48
2024-10-27T20:08:45Z,"0002cc0100000eb0","365449604df9356913150bbe3a3d4238033d00000000ffffffd4ffffffffffacffff",2,3.34,,19,21.04,74.31,,0.31,,0,829,0,0,,,-1.00,-0.96,-1.00,-1.00,-0.98,-1.00
2024-10-27T20:14:41Z,"0002cc0100000eb0","36544961b1f9356d1314fcbdb23d5712033d00000000ffffffc9fffaffc6ffffffff",2,3.34,,19,20.98,74.10,,0.34,,0,829,0,0,,,-1.00,-1.00,-0.97,-1.00,-0.97,-1.00
2024-10-27T20:20:32Z,"0002cc0100000eb0","3654496310f935651314f1bd953d5712033d00000000ffffff2fffffffffffff",3,3.34,,19,20.94,74.06,,0.34,,0,829,0,0,,,,-1.00,-1.00,-1.00,-0.90,-1.00
2024-10-27T20:26:29Z,"0002cc0100000eb0","3654496475f935691314eabd9e3d5712033d00000000ffffffffffffffffffffffff",2,3.34,,19,20.91,74.07,,0.34,,0,829,0,0,,,-1.00,-1.00,-1.00,-1.00,-1.00,-1.00
2024-10-27T20:32:24Z,"0002cc0100000eb0","36544965d8f9356d1314eabdc23d5712033d00000000ffffffffffffff72ffff",2,3.34,,19,20.91,74.13,,0.34,,0,829,0,0,,,,-1.00,-0.93,-1.00,-1.00,-1.00
2024-10-27T20:38:20Z,"0002cc0100000eb0","365449673cf935751314e0bdaf3d4238033d00000000fed7fff7ffffffffffffffff",2,3.34,,19,20.87,74.10,,0.31,,0,829,0,0,,,-1.00,-1.00,-1.00,-1.00,-1.00,-0.85
2024-10-27T20:44:16Z,"0002cc0100000eb0","36544968a0f935751314e3bd763d84b5033d00000000ffffffffffffffffffff",2,3.34,,19,20.89,74.01,,0.38,,0,829,0,0,,,,-1.00,-1.00,-1.00,-1.00,-1.00
2024-10-27T20:50:12Z,"0002cc0100000eb0","3654496a04f9356d1314e0bd503d91da033d00000000ffc5fd9eff05fe42ffff",2,3.34,,19,20.87,73.95,,0.39,,0,829,0,0,,,,-1.00,-0.78,-0.88,-0.70,-0.97
2024-10-27T20:56:08Z,"0002cc0100000eb0","3654496b68f935711314e0bd103d5712033d00000000ffffffb4ffffffffffffffff",2,3.34,,19,20.87,73.85,,0.34,,0,829,0,0,,,-1.00,-1.00,-1.00,-1.00,-0.96,-1.00
2024-10-27T21:02:04Z,"0002cc0100000eb0","3654496cccf935711314e6bccc3d4238033d00000000fffff734fd1bfe24ff10",2,3.34,,19,20.90,73.75,,0.31,,0,829,0,0,,,,-0.88,-0.77,-0.64,-0.45,-1.00
2024-10-27T21:08:00Z,"0002cc0100000eb0","3654496e30f9356d1314eabcb13d5712033d00000000ff92ffffff99ffffffff",2,3.34,,19,20.91,73.71,,0.34,,0,829,0,0,,,,-1.00,-1.00,-0.95,-1.00,-0.95
2024-10-27T21:13:56Z,"0002cc0100000eb0","3654496f94f935711314e3bcad3d4238033d00000000ffffffffffffffffffff",2,3.34,,19,20.89,73.70,,0.31,,0,829,0,0,,,,-1.00,-1.00,-1.00,-1.00,-1.00
2024-10-27T21:19:52Z,"0002cc0100000eb0","36544970f8f20204020014e6bc6f3d5712033d00000000ff46ffffffffffffff37ffff",2,,2.4.2.0,,20.90,73.61,,0.34,,0,829,0,0,,,-1.00,-0.90,-1.00,-1.00,-1.00,-0.91
2024-10-27T21:25:48Z,"0002cc0100000eb0","365449725cf935791314e6bca13d5712033d00000000ffffffffff08ffffff05",2,3.34,,19,20.90,73.68,,0.34,,0,829,0,0,,,,-0.88,-1.00,-0.88,-1.00,-1.00
2024-10-27T21:31:44Z,"0002cc0100000eb0","36544973c0f9354c1314e6bcf83d5712033d00000000ffffffffffadffffffffffff",2,3.33,,19,20.90,73.82,,0.34,,0,829,0,0,,,-1.00,-1.00,-1.00,-0.96,-1.00,-1.00
2024-10-27T21:37:40Z,"0002cc0100000eb0","3654497524f935711314eebced3d4238033d00000000fffffec4fe7ef7cefc29",2,3.34,,19,20.93,73.80,,0.31,,0,829,0,0,,,,-0.52,-0.49,-0.81,-0.85,-1.00
2024-10-27T21:43:36Z,"0002cc0100000eb0","3654497688f935711314eebd923d5712033d00000000f57cfc5dfceef743ff7efe2c",2,3.34,,19,20.93,74.05,,0.34,,0,829,0,0,,,-0.77,-0.94,-0.45,-0.62,-0.55,-0.34
2024-10-27T21:49:32Z,"0002cc0100000eb0","36544977ecf935611314f8bf803b48ea033e01000000fdbcf488fd00ff117585",2,3.34,,19,20.97,74.81,,0.08,,1,830,0,0,,,,0.34,-0.88,-0.62,-0.28,-0.72
2024-10-27T21:55:28Z,"0002cc0100000eb0","3654497950f93569131507bed93d88a5033f01000000f7127c4efe557477fc68743d",2,3.34,,19,21.03,74.55,,0.38,,1,831,0,0,,,0.26,-0.55,0.28,-0.79,0.54,-0.44
2024-10-27T22:01:24Z,"0002cc0100000eb0","3654497ab4f9356d131503be3d3d5b02033f00000000e7dbf789f718ffffffdc",2,3.34,,19,21.01,74.31,,0.34,,0,831,0,0,,,,-0.98,-1.00,-0.44,-0.47,-0.12
2024-10-27T22:07:20Z,"0002cc0100000eb0","3654497c18f93569131527c50f3d6fdb033f00000000ffffe6b974e8fc347c3d7db3",2,3.34,,19,21.15,76.98,,0.36,,0,831,0,0,,,0.71,0.53,-0.53,0.31,-0.11,-1.00
2024-10-27T22:13:15Z,"0002cc0100000eb0","3654497d7bf9357113153ec2de3d5b02034001000000f4fcdf6bfc5efe91feff",2,3.34,,19,21.24,76.12,,0.34,,1,832,0,0,,,,-0.87,-0.82,-0.55,-0.06,-0.31
2024-10-27T22:19:11Z,"0002cc0100000eb0","3654497edff93569131527c1793dbc5e034000000000ffffffffffffffffffff",2,3.34,,19,21.15,75.58,,0.43,,0,832,0,0,,,,-1.00,-1.00,-1.00,-1.00,-1.00
2024-10-27T22:25:07Z,"0002cc0100000eb0","3654498043f9356d13151cc04b3dbc5e034000000000fe8bfe90ffffffffffff",2,3.34,,19,21.11,75.12,,0.43,,0,832,0,0,,,,-1.00,-1.00,-1.00,-0.82,-0.82
2024-10-27T22:31:03Z,"0002cc0100000eb0","36544981a7f9356d131507bf263d5b02034000000000ffffffffffffffeeff4bffea",2,3.34,,19,21.03,74.67,,0.34,,0,832,0,0,,,-0.99,-0.91,-0.99,-1.00,-1.00,-1.00
2024-10-27T22:36:59Z,"0002cc0100000eb0","365449830bf93561131503bf4e3da4c7034000000000fd79ff57fe56fdf6edf2fc63",2,3.34,,19,21.01,74.73,,0.41,,0,832,0,0,,,-0.55,-0.19,-0.75,-0.79,-0.92,-0.68
2024-10-27T22:42:55Z,"0002cc0100000eb0","365449846ff93571131500be483d6fdb034000000000ff99ff48ffffffffffa3",2,3.34,,19,21.00,74.33,,0.36,,0,832,0,0,,,,-0.95,-1.00,-1.00,-0.91,-0.95
2024-10-27T22:48:51Z,"0002cc0100000eb0","36544985d3f935711314f8bf5d3d6fdb034000000000ffffff07ed3effffffff",2,3.34,,19,20.97,74.75,,0.36,,0,832,0,0,,,,-1.00,-1.00,-0.16,-0.88,-1.00
2024-10-27T22:54:47Z,"0002cc0100000eb0","3654498737f9356d1314f5be0a3d9da6034000000000ffffffffffadffffffff",2,3.34,,19,20.95,74.24,,0.40,,0,832,0,0,,,,-1.00,-1.00,-0.96,-1.00,-1.00
2024-10-27T23:00:43Z,"0002cc0100000eb0","365449889bf935751314f8bdc4000000034000000000ffffffffffffffffffcafff6",2,3.34,,19,20.97,74.13,,0.00,,0,832,0,0,,,-0.99,-0.97,-1.00,-1.00,-1.00,-1.00
2024-10-27T23:06:39Z,"0002cc0100000eb0","36544989fff9356d1314f1bd71000000034000000000fffffdeefe6dffffffff",2,3.34,,19,20.94,74.00,,0.00,,0,832,0,0,,,,-1.00,-1.00,-0.80,-0.74,-1.00
2024-10-27T23:12:35Z,"0002cc0100000eb0","3654498b63f935691314eebd70000000034000000000fedcffffffffff42f45eede4",2,3.34,,19,20.93,74.00,,0.00,,0,832,0,0,,,-0.18,-0.27,-0.91,-1.00,-1.00,-0.86
2024-10-27T23:18:31Z,"0002cc0100000eb0","3654498cc7f935691314fcbeee000000034000000000ff7ffd86f52b6deb7cbf",2,3.34,,19,20.98,74.58,,0.00,,0,832,0,0,,,,0.59,0.18,-0.32,-0.69,-0.94
2024-10-27T23:24:27Z,"0002cc0100000eb0","3654498e2bf9356913150bbf680000000341010000007474e5acffbe75f7779b7c4a",2,3.34,,19,21.04,74.77,,0.00,,1,833,0,0,,,0.54,0.48,0.37,-0.97,-0.09,0.28
2024-10-27T23:30:23Z,"0002cc0100000eb0","3654498f8ff9356d131516c0cc0000000341000000006e4b74387c0de52d7777",2,3.34,,19,21.08,75.31,,0.00,,0,833,0,0,,,,0.47,-0.08,0.51,0.26,0.20
2024-10-27T23:36:19Z,"0002cc0100000eb0","36544990f3f9356d131527bede0000000343020000007d307d74ee1b7625fd3d",2,3.34,,19,21.15,74.56,,0.00,,2,835,0,0,,,,-0.66,0.38,-0.19,0.68,0.65
2024-10-27T23:42:15Z,"0002cc0100000eb0","3654499257f93565131533c00b0000000345020000006c96762b6d3adde2fc18ff5b",2,3.34,,19,21.20,75.02,,0.00,,2,837,0,0,,,-0.92,-0.51,-0.05,0.16,0.39,0.14
2024-10-27T23:48:10Z,"0002cc0100000eb0","36544993baf93571131524be9d000000034500000000fc0bff65fec0fffcffff",2,3.34,,19,21.14,74.46,,0.00,,0,837,0,0,,,,-1.00,-1.00,-0.84,-0.92,-0.51
2024-10-27T23:54:06Z,"0002cc0100000eb0","365449951ef93565131519be97000000034500000000ff98ffffffffffffffff",2,3.34,,19,21.10,74.45,,0.00,,0,837,0,0,,,,-1.00,-1.00,-1.00,-1.00,-0.95
