Time,DevEUI,Raw,Port,Vbat,Version,BootCount,T,RH,P,Light,CO2,P[0].delta,P[0].total,P[1].delta,P[1].total,Act[7],Act[6],Act[5],Act[4],Act[3],Act[2],Act[1],Act[0]
2024-10-28T00:00:02Z,"0002cc0100000eb0","3654499682f9356d13150bbe4f000000034500000000fffffffffffffffff725",2,3.34,,19,21.04,74.34,,0.00,,0,837,0,0,,,,-0.45,-1.00,-1.00,-1.00,-1.00
2024-10-28T00:05:58Z,"0002cc0100000eb0","36544997e6f93569131512be15000000034500000000ff2d776cf64a5e1dee9ffd58",2,3.34,,19,21.07,74.25,,0.00,,0,837,0,0,,,-0.67,-0.21,0.05,-0.39,0.46,-0.90
2024-10-28T00:11:54Z,"0002cc0100000eb0","365449994af9357113150bbf6f000000034601000000f489dfc1f71f6416f7c0",2,3.34,,19,21.04,74.78,,0.00,,1,838,0,0,,,,-0.48,0.06,-0.45,-0.06,-0.28
2024-10-28T00:17:50Z,"0002cc0100000eb0","3654499aaef93569131516c08000000003470100000075f67414fd7fe4da672c",2,3.34,,19,21.08,75.20,,0.00,,1,839,0,0,,,,0.11,-0.08,-0.69,0.25,0.37
2024-10-28T00:23:46Z,"0002cc0100000eb0","3654499c12f93569131527c125000000034a030000006d8bfe28f7c474ec7c9e",2,3.34,,19,21.15,75.45,,0.00,,3,842,0,0,,,,0.58,0.31,-0.49,-0.77,0.17
2024-10-28T00:29:42Z,"0002cc0100000eb0","3654499d76f9356113153ac087000000034a000000007e3e7c297d66effdf5ff64f0",2,3.34,,19,21.22,75.21,,0.00,,0,842,0,0,,,0.08,-0.37,-0.25,0.67,0.52,0.78
2024-10-28T00:35:38Z,"0002cc0100000eb0","3654499edaf934b1131549c260000000034b010000007d817513f50e764e7449",2,3.29,,19,21.28,75.93,,0.00,,1,843,0,0,,,,0.27,0.39,-0.32,0.32,0.69
2024-10-28T00:41:34Z,"0002cc0100000eb0","365449a03ef932ee131557c0d8000000034b000000006fc07d707c9567c0ec72742d",4,3.18,,19,21.34,75.33,,0.00,,0,843,0,0,,,0.26,-0.14,0.12,0.57,0.68,0.24
2024-10-28T01:40:53Z,"0002cc0100000eb0","365449ae25f2020402001507be8d000000034c01000000fcdffc84ff99fe70fd7cfd71",2,,2.4.2.0,,21.03,74.44,,0.00,,1,844,0,0,,,-0.68,-0.69,-0.80,-0.95,-0.56,-0.61
2024-10-28T01:46:49Z,"0002cc0100000eb0","365449af89f93565131503be60000000034c00000000fe6fff71f45dfc93ffd4",2,3.34,,19,21.01,74.37,,0.00,,0,844,0,0,,,,-0.98,-0.57,-0.27,-0.93,-0.80
2024-10-28T01:52:45Z,"0002cc0100000eb0","365449b0edf9356d131512bfa4000000034f03000000f6bb6cda66f1fdfeee13",2,3.34,,19,21.07,74.86,,0.00,,3,847,0,0,,,,-0.19,-0.75,0.11,0.15,-0.42
2024-10-28T01:58:41Z,"0002cc0100000eb0","365449b251f93571131530c168000000035001000000755c669aef13fee27cc077c9",2,3.34,,19,21.18,75.55,,0.00,,1,848,0,0,,,0.49,0.59,-0.86,-0.22,0.10,0.33
2024-10-28T02:04:37Z,"0002cc0100000eb0","365449b3b5f9356113153ac1610000000351010000007743f4c66d57fc367d4a",2,3.34,,19,21.22,75.54,,0.00,,1,849,0,0,,,,0.66,-0.53,0.17,-0.30,0.45
2024-10-28T02:10:32Z,"0002cc0100000eb0","365449b518f9357913154cc0d200000003530200000055ac7c8c765e77d57ead",2,3.34,,19,21.30,75.32,,0.00,,2,851,0,0,,,,0.83,0.49,0.40,0.57,0.02
2024-10-28T02:16:28Z,"0002cc0100000eb0","365449b67cf93569131557c23f000000035401000000ffff65a57deb74cd6d21fdec",2,3.34,,19,21.34,75.88,,0.00,,1,852,0,0,,,-0.74,0.16,0.30,0.74,0.09,-1.00
2024-10-28T02:22:24Z,"0002cc0100000eb0","365449b7e0f93569131557c10a0000000355010000007d3876037d1d7de17d85",2,3.34,,19,21.34,75.41,,0.00,,1,853,0,0,,,,0.69,0.73,0.64,0.38,0.65
2024-10-28T02:28:20Z,"0002cc0100000eb0","365449b944f93571131550c0fe0000000356010000007cf26c48f401f418fe82",2,3.34,,19,21.31,75.39,,0.00,,1,854,0,0,,,,-0.81,-0.26,-0.25,0.13,0.62
2024-10-28T02:34:16Z,"0002cc0100000eb0","365449baa8f93569131557c15600000003570100000075827ca24f997545fe13ff6b",2,3.34,,19,21.34,75.52,,0.00,,1,855,0,0,,,-0.93,-0.76,0.33,0.01,0.58,0.34
2024-10-28T02:40:12Z,"0002cc0100000eb0","365449bc0cf93579131553c02d0000000357000000007e1c6d167db77d647d23",2,3.34,,19,21.32,75.07,,0.00,,0,855,0,0,,,,0.64,0.67,0.71,0.16,0.76
2024-10-28T02:46:08Z,"0002cc0100000eb0","365449bd70f93569131562c43700000003590200000075997c4476d67d847d1ece5d",2,3.34,,19,21.38,76.65,,0.00,,2,857,0,0,,,-0.01,0.64,0.69,0.43,0.53,0.35
2024-10-28T02:52:04Z,"0002cc0100000eb0","365449bed4f9356913155bc0f0000000035900000000ed9dff89ee1af5e6ffff",2,3.34,,19,21.35,75.37,,0.00,,0,857,0,0,,,,-1.00,-0.37,-0.19,-0.94,-0.18
2024-10-28T02:58:00Z,"0002cc0100000eb0","365449c038f9356d131541bfd7000000035900000000fffffe92ff9afd6cffff",2,3.34,,19,21.25,74.94,,0.00,,0,857,0,0,,,,-1.00,-0.68,-0.95,-0.82,-1.00
2024-10-28T03:03:56Z,"0002cc0100000eb0","365449c19cf9356913153ec0de000000035a01000000ffb0ffdad4ea6e447c9f7caa",2,3.34,,19,21.24,75.34,,0.00,,1,858,0,0,,,0.58,0.58,0.20,-0.02,-0.98,-0.96
2024-10-28T03:09:52Z,"0002cc0100000eb0","365449c300f93569131541c0bd000000035a000000005f91fe7975c17d70f4ac",2,3.34,,19,21.25,75.29,,0.00,,0,858,0,0,,,,-0.29,0.68,0.36,-0.81,0.06
2024-10-28T03:15:48Z,"0002cc0100000eb0","365449c464f9357113153ac23a000000035a000000007c74f4acfeefff0475c5",2,3.34,,19,21.22,75.87,,0.00,,0,858,0,0,,,,0.36,-0.88,-0.87,-0.29,0.56
2024-10-28T03:21:44Z,"0002cc0100000eb0","365449c5c8f9357913154cc150000000035a000000007d7a7d217df96d2f7e217597",2,3.34,,19,21.30,75.51,,0.00,,0,858,0,0,,,0.35,0.77,0.16,0.75,0.64,0.68
2024-10-28T03:27:40Z,"0002cc0100000eb0","365449c72cf93569131549c0a5000000035a00000000773d7c937655775c76ef",2,3.34,,19,21.28,75.25,,0.00,,0,858,0,0,,,,0.43,0.46,0.40,0.57,0.45
2024-10-28T03:33:36Z,"0002cc0100000eb0","365449c890f93569131541c069000000035a000000007e677d1a7cdb7753f7e0",2,3.34,,19,21.25,75.16,,0.00,,0,858,0,0,,,,-0.49,0.46,0.61,0.64,0.80
2024-10-28T03:39:32Z,"0002cc0100000eb0","365449c9f4f9356d131533c012000000035a00000000fc3eee27fe84f725fef7ff17",2,3.34,,19,21.20,75.03,,0.00,,0,858,0,0,,,-0.89,-0.87,-0.45,-0.81,-0.19,-0.53
2024-10-28T03:45:27Z,"0002cc0100000eb0","365449cb57f9357113152bc024000000035a00000000fe13fd4dfc65ff7efd36",2,3.34,,19,21.17,75.06,,0.00,,0,858,0,0,,,,-0.65,-0.94,-0.55,-0.66,-0.76
2024-10-28T03:51:23Z,"0002cc0100000eb0","365449ccbbf93569131519bfb7000000035a00000000ffffffffffffffffffff",2,3.34,,19,21.10,74.89,,0.00,,0,858,0,0,,,,-1.00,-1.00,-1.00,-1.00,-1.00
2024-10-28T03:57:19Z,"0002cc0100000eb0","365449ce1ff9356d131519bf71000000035a00000000ffffffffffffffa5ffc0",2,3.34,,19,21.10,74.78,,0.00,,0,858,0,0,,,,-0.97,-0.96,-1.00,-1.00,-1.00
2024-10-28T04:03:15Z,"0002cc0100000eb0","365449cf83f9356d131516bf4b000000035a00000000ffffffffffffffffffff",2,3.34,,19,21.08,74.72,,0.00,,0,858,0,0,,,,-1.00,-1.00,-1.00,-1.00,-1.00
2024-10-28T04:09:12Z,"0002cc0100000eb0","365449d0e8f93571131512bf42000000035a00000000ffffffffffffffffffffffff",2,3.34,,19,21.07,74.71,,0.00,,0,858,0,0,,,-1.00,-1.00,-1.00,-1.00,-1.00,-1.00
2024-10-28T04:15:07Z,"0002cc0100000eb0","365449d24bf9356513150bbf59000000035a00000000fea3ffffffffffffffff",2,3.34,,19,21.04,74.75,,0.00,,0,858,0,0,,,,-1.00,-1.00,-1.00,-1.00,-0.83
2024-10-28T04:21:04Z,"0002cc0100000eb0","365449d3b0f9356d131500bf36000000035a00000000ffffffffffffffffffffffff",2,3.34,,19,21.00,74.69,,0.00,,0,858,0,0,,,-1.00,-1.00,-1.00,-1.00,-1.00,-1.00
2024-10-28T04:26:59Z,"0002cc0100000eb0","365449d513f93571131503bf1d000000035a00000000fffffffffffffffffec5",2,3.34,,19,21.01,74.65,,0.00,,0,858,0,0,,,,-0.85,-1.00,-1.00,-1.00,-1.00
2024-10-28T04:32:55Z,"0002cc0100000eb0","365449d677f93569131503bf1d000000035a00000000fffffed8fcd0fdb7ffff",2,3.34,,19,21.01,74.65,,0.00,,0,858,0,0,,,,-1.00,-0.71,-0.60,-0.86,-1.00
2024-10-28T04:38:51Z,"0002cc0100000eb0","365449d7dbf9356d13150bbee2000000035a00000000ffffffffffffffffffff",2,3.34,,19,21.04,74.56,,0.00,,0,858,0,0,,,,-1.00,-1.00,-1.00,-1.00,-1.00
2024-10-28T04:44:47Z,"0002cc0100000eb0","365449d93ff9356d131507bed3000000035a00000000ffffffffffffffffffffffff",2,3.34,,19,21.03,74.54,,0.00,,0,858,0,0,,,-1.00,-1.00,-1.00,-1.00,-1.00,-1.00
2024-10-28T04:50:43Z,"0002cc0100000eb0","365449daa3f93569131500be79000000035a00000000fffffffffeb1ffffffff",2,3.34,,19,21.00,74.40,,0.00,,0,858,0,0,,,,-1.00,-1.00,-0.84,-1.00,-1.00
2024-10-28T04:56:39Z,"0002cc0100000eb0","365449dc07f93569131500be6c000000035a00000000fffffe36fff9ffffffff",2,3.34,,19,21.00,74.38,,0.00,,0,858,0,0,,,,-1.00,-1.00,-1.00,-0.78,-1.00
2024-10-28T05:02:35Z,"0002cc0100000eb0","365449dd6bf9356d1314f5be9d000000035a00000000ffffff2afffffe28ffff",2,3.34,,19,20.95,74.46,,0.00,,0,858,0,0,,,,-1.00,-0.77,-1.00,-0.90,-1.00
2024-10-28T05:08:31Z,"0002cc0100000eb0","365449decff935691314f8be7c000000035a00000000ff2fffffffffffffffffffff",2,3.34,,19,20.97,74.41,,0.00,,0,858,0,0,,,-1.00,-1.00,-1.00,-1.00,-1.00,-0.90
2024-10-28T05:14:27Z,"0002cc0100000eb0","365449e033f93575131500be88000000035a00000000ffffffffffffffffffff",2,3.34,,19,21.00,74.43,,0.00,,0,858,0,0,,,,-1.00,-1.00,-1.00,-1.00,-1.00
2024-10-28T05:20:23Z,"0002cc0100000eb0","365449e197f9356d131500be9d000000035a00000000ffffeea2f54bf6f3fdca",2,3.34,,19,21.00,74.46,,0.00,,0,858,0,0,,,,-0.72,-0.43,-0.33,-0.21,-1.00
2024-10-28T05:26:19Z,"0002cc0100000eb0","365449e2fbf9357d131500bf21000000035a00000000ffacfe4bfd78ff88f579f595",2,3.34,,19,21.00,74.66,,0.00,,0,858,0,0,,,-0.35,-0.34,-0.94,-0.68,-0.79,-0.96
2024-10-28T05:32:15Z,"0002cc0100000eb0","365449e45ff93565131507c029000000035b0100000055a9f50c779ffc5df6ad",2,3.34,,19,21.03,75.06,,0.00,,1,859,0,0,,,,-0.42,-0.55,0.48,-0.32,0.02
2024-10-28T05:38:11Z,"0002cc0100000eb0","365449e5c3f93579131533c1be000000035b000000007d6676f37d8c7c6c7628",2,3.34,,19,21.20,75.68,,0.00,,0,859,0,0,,,,0.38,0.55,0.69,0.43,0.67
2024-10-28T05:44:07Z,"0002cc0100000eb0","365449e727f2020402001541c01b000000035b000000007ccc77ff7e3c7d126c26",2,,2.4.2.0,,21.25,75.04,,0.00,,0,859,0,0,,,,0.13,0.63,0.78,0.50,0.60
2024-10-28T05:50:03Z,"0002cc0100000eb0","365449e88bf93569131533bfdb000000035c010000007e57f58b7d527c9d7e8d76bc",2,3.34,,19,21.20,74.94,,0.00,,1,860,0,0,,,0.42,0.82,0.58,0.67,-0.35,0.79
2024-10-28T05:55:59Z,"0002cc0100000eb0","365449e9eff9356913153ec060000000035c0000000076397ddaf62dfe14758d",2,3.34,,19,21.24,75.15,,0.00,,0,860,0,0,,,,0.35,-0.76,-0.39,0.73,0.39
2024-10-28T06:01:55Z,"0002cc0100000eb0","365449eb53f9356d131541c05a000000035c000000007c0076d1df486f5fe6af",2,3.34,,19,21.25,75.14,,0.00,,0,860,0,0,,,,-0.10,0.23,-0.06,0.43,0.50
2024-10-28T06:07:50Z,"0002cc0100000eb0","365449ecb6f93579131533bfb7000000035c00000000fc75fc6ef4d6fe29f64a",2,3.34,,19,21.20,74.89,,0.00,,0,860,0,0,,,,-0.39,-0.77,-0.30,-0.55,-0.56
2024-10-28T06:13:47Z,"0002cc0100000eb0","365449ee1bf9356d131527bf56000000035c000000006c26fd3afe7eff34fec0ffc8",2,3.34,,19,21.15,74.74,,0.00,,0,860,0,0,,,-0.97,-0.84,-0.90,-0.81,-0.65,0.13
2024-10-28T06:19:42Z,"0002cc0100000eb0","365449ef7ef93571131519bf32000000035c00000000ffffff4cffffffffffff",2,3.34,,19,21.10,74.69,,0.00,,0,860,0,0,,,,-1.00,-1.00,-1.00,-0.91,-1.00
2024-10-28T06:25:38Z,"0002cc0100000eb0","365449f0e2f9356913150ebf47000000035c00000000ff83fdf8ffffffaeffffffff",2,3.34,,19,21.05,74.72,,0.00,,0,860,0,0,,,-1.00,-1.00,-0.96,-1.00,-0.75,-0.94
2024-10-28T06:31:34Z,"0002cc0100000eb0","365449f246f9357913150bbefd000000035c00000000ffffffffffffffffffffffff",2,3.34,,19,21.04,74.61,,0.00,,0,860,0,0,,,-1.00,-1.00,-1.00,-1.00,-1.00,-1.00
2024-10-28T06:37:30Z,"0002cc0100000eb0","365449f3aaf93571131507bf4a000000035c00000000fffff403672ff428fdd1",2,3.34,,19,21.03,74.72,,0.00,,0,860,0,0,,,,-0.73,-0.26,0.11,-0.25,-1.00
2024-10-28T06:43:26Z,"0002cc0100000eb0","365449f50ef9356d13150bc0b9000000035d01000000f670ec60f5aef423d541",2,3.34,,19,21.04,75.28,,0.00,,1,861,0,0,,,,-0.02,-0.26,-0.36,-0.14,-0.40
2024-10-28T06:49:18Z,"0002cc0100000eb0","365449f66ef93561131524c1fb000000035e010000007d4dfcf0765876a7f7bf",3,3.34,,19,21.14,75.77,,0.00,,1,862,0,0,,,,-0.48,0.42,0.40,-0.62,0.66
2024-10-28T06:55:14Z,"0002cc0100000eb0","365449f7d2f9356d131530c1bc000000035e00000000ffb67ce6f4887c547c8e",2,3.34,,19,21.18,75.68,,0.00,,0,862,0,0,,,,0.57,0.54,-0.28,0.61,-0.96
2024-10-28T07:01:10Z,"0002cc0100000eb0","365449f936f93571131541c0b6000000035e000000007dca7cdd7cd47cf27c71",2,3.34,,19,21.25,75.28,,0.00,,0,862,0,0,,,,0.56,0.62,0.60,0.61,0.72
2024-10-28T07:07:06Z,"0002cc0100000eb0","365449fa9af9356d131541c189000000035e0000000077116fef65e57caf75ea",2,3.34,,19,21.25,75.60,,0.00,,0,862,0,0,,,,0.37,0.59,0.09,0.25,0.44
2024-10-28T07:13:02Z,"0002cc0100000eb0","365449fbfef9356d131541c069000000035f010000006e257c32fd46f403656b7c25",2,3.34,,19,21.25,75.16,,0.00,,1,863,0,0,,,0.52,0.08,-0.25,-0.66,0.52,0.19
2024-10-28T07:18:58Z,"0002cc0100000eb0","365449fd62f93565131557c4c40000000360010000006efc66637c807c507d0b",2,3.34,,19,21.34,76.86,,0.00,,1,864,0,0,,,,0.63,0.54,0.56,0.10,0.22
2024-10-28T07:24:54Z,"0002cc0100000eb0","365449fec6f93569131557c3c8000000036000000000f4357e10fd1ed6087cad",2,3.34,,19,21.34,76.48,,0.00,,0,864,0,0,,,,0.58,-0.02,-0.64,0.76,-0.26
2024-10-28T07:30:50Z,"0002cc0100000eb0","36544a002af9356d13155ec4a6000000036303000000e55fd4037654f554f47f772a",2,3.34,,19,21.37,76.82,,0.00,,3,867,0,0,,,0.45,-0.28,-0.33,0.40,-0.02,-0.08
2024-10-28T07:36:46Z,"0002cc0100000eb0","36544a018ef9356d131571c44f00000003630000000076a476be7ced7dde7df6",2,3.34,,19,21.44,76.68,,0.00,,0,867,0,0,,,,0.75,0.73,0.62,0.42,0.42
2024-10-28T07:42:41Z,"0002cc0100000eb0","36544a02f1f9356d131569c3a20000000363000000007e1776417d0975f87793",2,3.34,,19,21.41,76.42,,0.00,,0,867,0,0,,,,0.47,0.37,0.63,0.39,0.76
2024-10-28T07:48:37Z,"0002cc0100000eb0","36544a0455f9356d131562c3500000000364010000006f9c442b4e187c7d5513d4f1",2,3.34,,19,21.38,76.30,,0.00,,1,868,0,0,,,-0.02,0.02,0.56,0.01,0.00,0.24
2024-10-28T07:54:33Z,"0002cc0100000eb0","36544a05b9f9356d131566c0e10000000364000000007c757dce7db57cd17746",2,3.34,,19,21.40,75.34,,0.00,,0,868,0,0,,,,0.45,0.60,0.71,0.73,0.56
2024-10-28T08:00:29Z,"0002cc0100000eb0","36544a071df9357113155ec1fd0000000365010000007d5a7c937c9c760ef644",2,3.34,,19,21.37,75.78,,0.00,,1,869,0,0,,,,-0.39,0.38,0.58,0.57,0.67
2024-10-28T08:06:25Z,"0002cc0100000eb0","36544a0881f9356913156cc29100000003660100000076407c75ec57f54874b076a7",2,3.34,,19,21.42,76.00,,0.00,,1,870,0,0,,,0.42,0.29,-0.33,-0.14,0.56,0.39
2024-10-28T08:12:21Z,"0002cc0100000eb0","36544a09e5f93561131562c1950000000367010000007dd97db67494ee7afc5c",2,3.34,,19,21.38,75.62,,0.00,,1,871,0,0,,,,-0.55,-0.20,0.29,0.71,0.73
2024-10-28T08:18:17Z,"0002cc0100000eb0","36544a0b49f93569131566c19100000003680100000066697e387e0c74e1fd0b",2,3.34,,19,21.40,75.61,,0.00,,1,872,0,0,,,,-0.63,0.30,0.76,0.78,0.10
2024-10-28T08:24:13Z,"0002cc0100000eb0","36544a0cadf93571131569c09e0000000368000000007c0be4d97cb27e657e5d7558",2,3.34,,19,21.41,75.24,,0.00,,0,872,0,0,,,0.33,0.80,0.80,0.59,-0.08,0.51
2024-10-28T08:30:09Z,"0002cc0100000eb0","36544a0e11f9356913155ec1be0000000368000000005ff7e5297de07d6876ea",2,3.34,,19,21.37,75.68,,0.00,,0,872,0,0,,,,0.43,0.68,0.73,-0.08,0.06
2024-10-28T08:36:05Z,"0002cc0100000eb0","36544a0f75f9357113155bbff30000000368000000006e9777f3f600f536ec7a",2,3.34,,19,21.35,74.98,,0.00,,0,872,0,0,,,,-0.14,-0.33,-0.37,0.50,0.21
2024-10-28T08:42:01Z,"0002cc0100000eb0","36544a10d9f93569131553c0cf0000000368000000007db477e57c5d757b75ab7cb8",2,3.34,,19,21.32,75.32,,0.00,,0,872,0,0,,,0.59,0.35,0.34,0.55,0.49,0.71
2024-10-28T08:47:57Z,"0002cc0100000eb0","36544a123df93565131557c1260000000368000000007e5376ecfd8b7da17d10",2,3.34,,19,21.34,75.45,,0.00,,0,872,0,0,,,,0.63,0.70,-0.69,0.43,0.79
2024-10-28T08:53:53Z,"0002cc0100000eb0","36544a13a1f93569131557c2ee0000000368000000007d207de777afeeb86f1a7cf1",2,3.34,,19,21.34,76.15,,0.00,,0,872,0,0,,,0.62,0.22,-0.21,0.48,0.74,0.64
2024-10-28T08:59:49Z,"0002cc0100000eb0","36544a1505f9356913155ec28200000003690100000077917d8aee9b6f707c3d",2,3.34,,19,21.37,75.98,,0.00,,1,873,0,0,,,,0.53,0.23,-0.21,0.69,0.47
2024-10-28T09:05:45Z,"0002cc0100000eb0","36544a1669f9356513155ec18c00000003690000000076f46cf576b9bcb2e499",2,3.34,,19,21.37,75.61,,0.00,,0,873,0,0,,,,-0.07,-0.00,0.42,0.15,0.43
2024-10-28T09:11:40Z,"0002cc0100000eb0","36544a17ccf9356d13156cc28b0000000369000000007cb86fee754a76b47c32",2,3.34,,19,21.42,75.99,,0.00,,0,873,0,0,,,,0.52,0.42,0.33,0.25,0.59
2024-10-28T09:17:37Z,"0002cc0100000eb0","36544a1931f93571131566c080000000036a01000000ef0e776a7e557e016fbafe39",2,3.34,,19,21.40,75.20,,0.00,,1,874,0,0,,,-0.78,0.24,0.75,0.79,0.46,-0.22
2024-10-28T09:23:32Z,"0002cc0100000eb0","36544a1a94f93571131562c317000000036b01000000656475f1772d7ceae658",2,3.34,,19,21.38,76.21,,0.00,,1,875,0,0,,,,-0.10,0.61,0.45,0.37,0.08
2024-10-28T09:29:28Z,"0002cc0100000eb0","36544a1bf8f9356513155bc0aa000000036b00000000fe91ffc1fdb2f6c1ee1ffe0a",2,3.34,,19,21.35,75.26,,0.00,,0,875,0,0,,,-0.76,-0.19,-0.42,-0.71,-0.97,-0.82
2024-10-28T09:35:24Z,"0002cc0100000eb0","36544a1d5cf93571131550c0c5000000036b00000000f7157da2c79777a0f4e5",2,3.34,,19,21.31,75.30,,0.00,,0,875,0,0,,,,-0.31,0.48,-0.01,0.70,-0.44
2024-10-28T09:41:20Z,"0002cc0100000eb0","36544a1ec0f93571131553c34e000000036d020000006df27c0c662c7c9a77f9",2,3.34,,19,21.32,76.29,,0.00,,2,877,0,0,,,,0.50,0.58,0.10,0.51,0.19
2024-10-28T09:47:16Z,"0002cc0100000eb0","36544a2024f2020402001553c1a1000000036d0000000074327767fc62659876aa",2,,2.4.2.0,,21.32,75.64,,0.00,,0,877,0,0,,,,0.42,0.09,-0.55,0.46,0.26
2024-10-28T09:53:12Z,"0002cc0100000eb0","36544a2188f93565131562c468000000036d0000000077677631fdb0f4776db1",2,3.34,,19,21.38,76.72,,0.00,,0,877,0,0,,,,0.18,-0.28,-0.71,0.39,0.46
2024-10-28T09:59:08Z,"0002cc0100000eb0","36544a22ecf93569131566c36f000000036d00000000f654f786fc367550d44a",2,3.34,,19,21.40,76.34,,0.00,,0,877,0,0,,,,-0.02,0.33,-0.53,-0.47,-0.40
2024-10-28T10:05:04Z,"0002cc0100000eb0","36544a2450f9357113155bc210000000036d000000007d277c0074d1f6a9fed2fd7c",2,3.34,,19,21.35,75.81,,0.00,,0,877,0,0,,,-0.69,-0.85,-0.42,0.30,0.50,0.64
2024-10-28T10:11:00Z,"0002cc0100000eb0","36544a25b4f9355913154cc134000000036d00000000fe1aff8dfea5e7de77f2",2,3.33,,19,21.30,75.47,,0.00,,0,877,0,0,,,,0.50,-0.12,-0.83,-0.94,-0.76
2024-10-28T10:16:56Z,"0002cc0100000eb0","36544a2718f9356d131566c434000000036d000000005cf9358a776375fb7789",2,3.34,,19,21.40,76.64,,0.00,,0,877,0,0,,,,0.47,0.37,0.46,0.00,0.04
2024-10-28T10:22:52Z,"0002cc0100000eb0","36544a287cf9356d131569c38d000000036e01000000c5a576837c717d83756e7686",2,3.34,,19,21.41,76.39,,0.00,,1,878,0,0,,,0.41,0.34,0.69,0.56,0.41,-0.01
2024-10-28T10:28:48Z,"0002cc0100000eb0","36544a29e0f93561131566c17c000000036f010000007de27d727d247ce97dd1",2,3.34,,19,21.40,75.58,,0.00,,1,879,0,0,,,,0.73,0.61,0.64,0.68,0.74
2024-10-28T10:34:44Z,"0002cc0100000eb0","36544a2b44f9355d131553c129000000036f00000000766c6cb66e94ed1afdb6fdef",2,3.34,,19,21.32,75.45,,0.00,,0,879,0,0,,,-0.74,-0.71,-0.16,0.21,0.15,0.40
2024-10-28T10:40:39Z,"0002cc0100000eb0","36544a2ca7f9357913153ec110000000036f00000000ff5afe67f738f73ffeb9",2,3.34,,19,21.24,75.42,,0.00,,0,879,0,0,,,,-0.84,-0.45,-0.45,-0.80,-0.92
2024-10-28T10:46:35Z,"0002cc0100000eb0","36544a2e0bf93569131533c0c2000000036f00000000fce7ff8effffffffffffffff",2,3.34,,19,21.20,75.30,,0.00,,0,879,0,0,,,-1.00,-1.00,-1.00,-1.00,-0.94,-0.61
2024-10-28T10:52:31Z,"0002cc0100000eb0","36544a2f6ff9356d131527c053000000036f00000000fffffffffffffee2ffff",2,3.34,,19,21.15,75.13,,0.00,,0,879,0,0,,,,-1.00,-0.86,-1.00,-1.00,-1.00
2024-10-28T10:58:27Z,"0002cc0100000eb0","36544a30d3f9356d13151cc036000000036f00000000fff8fe9effffffffffff",2,3.34,,19,21.11,75.08,,0.00,,0,879,0,0,,,,-1.00,-1.00,-1.00,-0.83,-1.00
2024-10-28T11:04:23Z,"0002cc0100000eb0","36544a3237f9356d131519c0353d4238036f00000000ffffffffffffffffffff",2,3.34,,19,21.10,75.08,,0.31,,0,879,0,0,,,,-1.00,-1.00,-1.00,-1.00,-1.00
2024-10-28T11:10:19Z,"0002cc0100000eb0","36544a339bf93569131512c01b3d5712036f00000000fffffdc3ffffffffffff",2,3.34,,19,21.07,75.04,,0.34,,0,879,0,0,,,,-1.00,-1.00,-1.00,-0.72,-1.00
2024-10-28T11:16:15Z,"0002cc0100000eb0","36544a34fff93579131512bfb93d4238036f00000000ffffffffff8effffffff",2,3.34,,19,21.07,74.89,,0.31,,0,879,0,0,,,,-1.00,-1.00,-0.94,-1.00,-1.00
2024-10-28T11:22:11Z,"0002cc0100000eb0","36544a3663f93565131512bf8f3d4238036f00000000fef8ffffffffffa3ffffffff",2,3.34,,19,21.07,74.83,,0.31,,0,879,0,0,,,-1.00,-1.00,-0.95,-1.00,-1.00,-0.87
2024-10-28T11:28:07Z,"0002cc0100000eb0","36544a37c7f9356513150bbf843d91da036f00000000ffffffffff0cffffffff",2,3.34,,19,21.04,74.81,,0.39,,0,879,0,0,,,,-1.00,-1.00,-0.88,-1.00,-1.00
2024-10-28T11:34:03Z,"0002cc0100000eb0","36544a392bf9356913150ebf6b3d1495036f00000000ffe5fffffffffe60ffff",2,3.34,,19,21.05,74.77,,0.27,,0,879,0,0,,,,-1.00,-0.80,-1.00,-1.00,-0.99
2024-10-28T11:39:59Z,"0002cc0100000eb0","36544a3a8ff93569131507bf663d91da036f00000000fffffffffe1fff9cffffffff",2,3.34,,19,21.03,74.77,,0.39,,0,879,0,0,,,-1.00,-1.00,-0.95,-0.77,-1.00,-1.00
2024-10-28T11:45:55Z,"0002cc0100000eb0","36544a3bf3f9356d13150bbf683d5712036f00000000fffffffffffffffffeae",2,3.34,,19,21.04,74.77,,0.34,,0,879,0,0,,,,-0.84,-1.00,-1.00,-1.00,-1.00
2024-10-28T11:51:51Z,"0002cc0100000eb0","36544a3d57f9356d131507bf4a3d5712036f00000000fffffffffffffffffecd",2,3.34,,19,21.03,74.72,,0.34,,0,879,0,0,,,,-0.85,-1.00,-1.00,-1.00,-1.00
2024-10-28T11:57:47Z,"0002cc0100000eb0","36544a3ebbf93569131507bf3b3d4238036f00000000fffffffff7c1ffffffff",2,3.34,,19,21.03,74.70,,0.31,,0,879,0,0,,,,-1.00,-1.00,-0.48,-1.00,-1.00
2024-10-28T12:03:43Z,"0002cc0100000eb0","36544a401ff93575131503bf243d5712036f00000000ffffffffffbcffffffffffff",2,3.34,,19,21.01,74.67,,0.34,,0,879,0,0,,,-1.00,-1.00,-1.00,-0.97,-1.00,-1.00
2024-10-28T12:09:39Z,"0002cc0100000eb0","36544a4183f93571131500bec63d5712036f00000000ffffffffffffffffff85",2,3.34,,19,21.00,74.52,,0.34,,0,879,0,0,,,,-0.94,-1.00,-1.00,-1.00,-1.00
2024-10-28T12:15:35Z,"0002cc0100000eb0","36544a42e7f9356d1314fcbec43d9da6036f00000000ffffffffff14ffffffffffff",2,3.34,,19,20.98,74.52,,0.40,,0,879,0,0,,,-1.00,-1.00,-1.00,-0.88,-1.00,-1.00
2024-10-28T12:21:31Z,"0002cc0100000eb0","36544a444bf9356d1314fcbebd3d4238036f00000000fffff6ddf718fe33fd23",2,3.34,,19,20.98,74.51,,0.31,,0,879,0,0,,,,-0.64,-0.77,-0.44,-0.43,-1.00
2024-10-28T12:27:27Z,"0002cc0100000eb0","36544a45aff9356d131500bf623d4238037001000000f602ffffd7ca6e20fdae",2,3.34,,19,21.00,74.76,,0.31,,1,880,0,0,,,,-0.71,0.19,-0.03,-1.00,-0.38
2024-10-28T12:33:23Z,"0002cc0100000eb0","36544a4713f93569131503be973d5712037000000000f6d6fd13fdf0ffffffff",2,3.34,,19,21.01,74.45,,0.34,,0,880,0,0,,,,-1.00,-1.00,-0.74,-0.63,-0.43
2024-10-28T12:39:19Z,"0002cc0100000eb0","36544a4877f93569131503be433da4c7037000000000fffffffffffffe05ffc8ffff",2,3.34,,19,21.01,74.32,,0.41,,0,880,0,0,,,-1.00,-0.97,-0.75,-1.00,-1.00,-1.00
2024-10-28T12:45:14Z,"0002cc0100000eb0","36544a49daf93565131500be573d91da037000000000ffffffffffe9ffffffff",2,3.34,,19,21.00,74.35,,0.39,,0,880,0,0,,,,-1.00,-1.00,-0.99,-1.00,-1.00
2024-10-28T12:51:10Z,"0002cc0100000eb0","36544a4b3ef9357d131500be733d91da037000000000ffffffffffffffffffff",2,3.34,,19,21.00,74.40,,0.39,,0,880,0,0,,,,-1.00,-1.00,-1.00,-1.00,-1.00
2024-10-28T12:57:07Z,"0002cc0100000eb0","36544a4ca3f935691314f8be843d4238037000000000ffffffffffffffffffffffff",2,3.34,,19,20.97,74.42,,0.31,,0,880,0,0,,,-1.00,-1.00,-1.00,-1.00,-1.00,-1.00
2024-10-28T13:03:03Z,"0002cc0100000eb0","36544a4e07f9356d1314fcbe8d3d2d5e037000000000ffffffffffffffffffff",2,3.34,,19,20.98,74.44,,0.29,,0,880,0,0,,,,-1.00,-1.00,-1.00,-1.00,-1.00
2024-10-28T13:08:58Z,"0002cc0100000eb0","36544a4f6af9356d1314f8be8a3d6fdb037000000000ffffffffffffff79ffff",2,3.34,,19,20.97,74.43,,0.36,,0,880,0,0,,,,-1.00,-0.93,-1.00,-1.00,-1.00
2024-10-28T13:14:54Z,"0002cc0100000eb0","36544a50cef9356d1314f5be883d6fdb037000000000fe10ffffffffffffffff",2,3.34,,19,20.95,74.43,,0.36,,0,880,0,0,,,,-1.00,-1.00,-1.00,-1.00,-0.76
2024-10-28T13:20:50Z,"0002cc0100000eb0","36544a5232f935651314eabe5e3d2d5e037000000000ffffffffffffffffffffffff",2,3.34,,19,20.91,74.36,,0.29,,0,880,0,0,,,-1.00,-1.00,-1.00,-1.00,-1.00,-1.00
2024-10-28T13:26:47Z,"0002cc0100000eb0","36544a5397f935691314f5bdac3d2d5e037000000000fffffffffffff4e4ffffffff",2,3.34,,19,20.95,74.09,,0.29,,0,880,0,0,,,-1.00,-1.00,-0.31,-1.00,-1.00,-1.00
2024-10-28T13:32:42Z,"0002cc0100000eb0","36544a54faf9357d1314f5bdca3db093037000000000fd6cfcbbf513ff29f748",2,3.34,,19,20.95,74.14,,0.42,,0,880,0,0,,,,-0.46,-0.89,-0.32,-0.59,-0.68
2024-10-28T13:38:38Z,"0002cc0100000eb0","36544a565ef9356d1314f5bd973d6fdb037000000000fc42ffffffffff7fffff",2,3.34,,19,20.95,74.06,,0.36,,0,880,0,0,,,,-1.00,-0.94,-1.00,-1.00,-0.53
2024-10-28T13:44:34Z,"0002cc0100000eb0","36544a57c2f9356d1314f5bdb33db093037000000000fffffffffffffc21ffffffff",2,3.34,,19,20.95,74.10,,0.42,,0,880,0,0,,,-1.00,-1.00,-0.52,-1.00,-1.00,-1.00
2024-10-28T13:50:30Z,"0002cc0100000eb0","36544a5926f20204020014eabdb53d5b02037000000000fffffffffffffff3ffff",2,,2.4.2.0,,20.91,74.11,,0.34,,0,880,0,0,,,,-1.00,-0.99,-1.00,-1.00,-1.00
2024-10-28T13:56:26Z,"0002cc0100000eb0","36544a5a8af935651314f1bdd03d6fdb037000000000ffffffffffffffffffffffff",2,3.34,,19,20.94,74.15,,0.36,,0,880,0,0,,,-1.00,-1.00,-1.00,-1.00,-1.00,-1.00
2024-10-28T14:02:22Z,"0002cc0100000eb0","36544a5beef93569131500c0473c124c03710100000074646c15fcaaec1dfc52",2,3.34,,19,21.00,75.11,,0.13,,1,881,0,0,,,,-0.54,-0.13,-0.58,0.13,0.27
2024-10-28T14:08:18Z,"0002cc0100000eb0","36544a5d52f9356d131521c34a3db093037201000000751a7d4deca2f5cb7c2e",2,3.34,,19,21.13,76.29,,0.42,,1,882,0,0,,,,0.52,-0.36,-0.14,0.66,0.32
2024-10-28T14:14:14Z,"0002cc0100000eb0","36544a5eb6f93569131545c6263d2d5e037200000000e697757b7c407dfa76df",2,3.34,,19,21.27,77.40,,0.29,,0,882,0,0,,,,0.43,0.75,0.53,0.34,-0.10
2024-10-28T14:20:10Z,"0002cc0100000eb0","36544a601af9356d131553c4913d5b020372000000006f376d59fdf0fd94fdc8",2,3.34,,19,21.32,76.78,,0.34,,0,882,0,0,,,,-0.72,-0.70,-0.74,0.17,0.23
2024-10-28T14:26:06Z,"0002cc0100000eb0","36544a617ef93569131545c17c3d6fdb0372000000007608ecd86eba5c206464cf52",2,3.34,,19,21.27,75.58,,0.36,,0,882,0,0,,,-0.01,0.07,0.03,0.21,-0.15,0.38
2024-10-28T14:32:02Z,"0002cc0100000eb0","36544a62e2f9356d131536c12e3d2d5e0372000000007682fd0bffd8feb4ffff",2,3.34,,19,21.21,75.46,,0.29,,0,882,0,0,,,,-1.00,-0.84,-0.98,-0.63,0.41
2024-10-28T14:37:58Z,"0002cc0100000eb0","36544a6446f93571131521c0a23d2d5e037200000000fea2fe69ffffffffffff",2,3.34,,19,21.13,75.25,,0.29,,0,882,0,0,,,,-1.00,-1.00,-1.00,-0.80,-0.83
2024-10-28T14:43:54Z,"0002cc0100000eb0","36544a65aaf93569131516bfd73d2d5e037200000000ffffffffff5effffffc7ffff",2,3.34,,19,21.08,74.94,,0.29,,0,882,0,0,,,-1.00,-0.97,-1.00,-0.92,-1.00,-1.00
2024-10-28T14:49:50Z,"0002cc0100000eb0","36544a670ef93569131512bfa43da971037200000000ffffff3aff26ffffffff",2,3.34,,19,21.07,74.86,,0.42,,0,882,0,0,,,,-1.00,-1.00,-0.89,-0.90,-1.00
2024-10-28T14:55:46Z,"0002cc0100000eb0","36544a6872f93571131503bf713d2d5e037200000000ff27ffffffffffffffff",2,3.34,,19,21.01,74.78,,0.29,,0,882,0,0,,,,-1.00,-1.00,-1.00,-1.00,-0.89
2024-10-28T15:01:42Z,"0002cc0100000eb0","36544a69d6f93561131503bf393d6fdb037200000000fffffffffffffdcaff91",2,3.34,,19,21.01,74.70,,0.36,,0,882,0,0,,,,-0.95,-0.72,-1.00,-1.00,-1.00
2024-10-28T15:07:38Z,"0002cc0100000eb0","36544a6b3af935751314fcbefd3d2d5e037200000000ffbbfffffffffffffdb3",2,3.34,,19,20.98,74.61,,0.29,,0,882,0,0,,,,-0.71,-1.00,-1.00,-1.00,-0.97
2024-10-28T15:13:33Z,"0002cc0100000eb0","36544a6c9df9356d1314fcbea23d6fdb037200000000ffffffffffffff15ffad",2,3.34,,19,20.98,74.47,,0.36,,0,882,0,0,,,,-0.96,-0.89,-1.00,-1.00,-1.00
2024-10-28T15:19:29Z,"0002cc0100000eb0","36544a6e01f935691314f8be283d5b02037200000000fd30fffffffff58efdfd",2,3.34,,19,20.97,74.28,,0.34,,0,882,0,0,,,,-0.75,-0.35,-1.00,-1.00,-0.65
2024-10-28T15:25:25Z,"0002cc0100000eb0","36544a6f65f935751314f5be2d3d5b02037200000000d789fde0ffffff6afebaffff",2,3.34,,19,20.95,74.29,,0.34,,0,882,0,0,,,-1.00,-0.84,-0.93,-1.00,-0.73,-0.03
2024-10-28T15:31:21Z,"0002cc0100000eb0","36544a70c9f935691314f8be603dbc5e037200000000ffffffe4fe3affffffff",2,3.34,,19,20.97,74.37,,0.43,,0,882,0,0,,,,-1.00,-1.00,-0.78,-0.99,-1.00
2024-10-28T15:37:17Z,"0002cc0100000eb0","36544a722df9356d1314f5be663d2d5e037200000000ffffffffffffffffffff",2,3.34,,19,20.95,74.38,,0.29,,0,882,0,0,,,,-1.00,-1.00,-1.00,-1.00,-1.00
2024-10-28T15:43:13Z,"0002cc0100000eb0","36544a7391f935691314f5be423d6fdb037200000000ffffffffffffffffffff",2,3.34,,19,20.95,74.32,,0.36,,0,882,0,0,,,,-1.00,-1.00,-1.00,-1.00,-1.00
2024-10-28T15:49:09Z,"0002cc0100000eb0","36544a74f5f9356d1314eebe453dbc5e037200000000ffffffffffffffffffffffff",2,3.34,,19,20.93,74.33,,0.43,,0,882,0,0,,,-1.00,-1.00,-1.00,-1.00,-1.00,-1.00
2024-10-28T15:55:05Z,"0002cc0100000eb0","36544a7659f935711314f1be5b3da971037200000000ffffff5fff41ffffffff",2,3.34,,19,20.94,74.36,,0.42,,0,882,0,0,,,,-1.00,-1.00,-0.91,-0.92,-1.00
2024-10-28T16:01:01Z,"0002cc0100000eb0","36544a77bdf935651314f1be703d5b02037200000000ffffffffffffffffffff",2,3.34,,19,20.94,74.39,,0.34,,0,882,0,0,,,,-1.00,-1.00,-1.00,-1.00,-1.00
2024-10-28T16:06:57Z,"0002cc0100000eb0","36544a7921f935711314f5be033d84b5037200000000fffffffffea3f6d9ffff",2,3.34,,19,20.95,74.22,,0.38,,0,882,0,0,,,,-1.00,-0.43,-0.83,-1.00,-1.00
2024-10-28T16:12:53Z,"0002cc0100000eb0","36544a7a85f935691314f5be183d2d5e037200000000fdc4f755ff1cfc5ffe1e",2,3.34,,19,20.95,74.26,,0.29,,0,882,0,0,,,,-0.76,-0.55,-0.89,-0.46,-0.72
2024-10-28T16:18:49Z,"0002cc0100000eb0","36544a7be9f935691314f8be433da971037200000000fe92f477f6bffc22fcfa",2,3.34,,19,20.97,74.32,,0.42,,0,882,0,0,,,,-0.62,-0.52,-0.42,-0.28,-0.82
2024-10-28T16:24:45Z,"0002cc0100000eb0","36544a7d4df935691314f5be663db093037200000000fffffffffffffee1ffff",2,3.34,,19,20.95,74.38,,0.42,,0,882,0,0,,,,-1.00,-0.86,-1.00,-1.00,-1.00
2024-10-28T16:30:37Z,"0002cc0100000eb0","36544a7eadf935691314f5be733d6fdb037200000000fffffffffd2affffffffffff",3,3.34,,19,20.95,74.40,,0.36,,0,882,0,0,,,-1.00,-1.00,-1.00,-0.65,-1.00,-1.00
2024-10-28T16:36:33Z,"0002cc0100000eb0","36544a8011f935791314f5bee43d6fdb037200000000ffffffffffdfffffffff",2,3.34,,19,20.95,74.57,,0.36,,0,882,0,0,,,,-1.00,-1.00,-0.98,-1.00,-1.00
2024-10-28T16:42:29Z,"0002cc0100000eb0","36544a8175f935711314f5bf363d6fdb037200000000ffffffffffffffffffff",2,3.34,,19,20.95,74.69,,0.36,,0,882,0,0,,,,-1.00,-1.00,-1.00,-1.00,-1.00
2024-10-28T16:48:25Z,"0002cc0100000eb0","36544a82d9f9356d1314f8bf783d2d5e037200000000fffffffffffffea5ff2bffff",2,3.34,,19,20.97,74.79,,0.29,,0,882,0,0,,,-1.00,-0.90,-0.83,-1.00,-1.00,-1.00
2024-10-28T16:54:21Z,"0002cc0100000eb0","36544a843df9356d1314f8bfbf3db093037200000000ffffffffffffffb0ffff",2,3.34,,19,20.97,74.90,,0.42,,0,882,0,0,,,,-1.00,-0.96,-1.00,-1.00,-1.00
2024-10-28T17:00:17Z,"0002cc0100000eb0","36544a85a1f935711314f8c0833aac0f037200000000ffffffffffa5f5f2ffff",2,3.34,,19,20.97,75.20,,0.05,,0,882,0,0,,,,-1.00,-0.37,-0.96,-1.00,-1.00
2024-10-28T17:06:13Z,"0002cc0100000eb0","36544a8705f93569131500c0d43d5b02037200000000fd95fe72ffffff8cff4e",2,3.34,,19,21.00,75.32,,0.34,,0,882,0,0,,,,-0.91,-0.94,-1.00,-0.81,-0.70
2024-10-28T17:12:09Z,"0002cc0100000eb0","36544a8869f935711314fcc1113d5b02037200000000fffffffffffffffffe81ffff",2,3.34,,19,20.98,75.42,,0.34,,0,882,0,0,,,-1.00,-0.81,-1.00,-1.00,-1.00,-1.00
2024-10-28T17:18:05Z,"0002cc0100000eb0","36544a89cdf93571131500c16e3d6fdb037200000000ffffffffff69ff35ffffffff",2,3.34,,19,21.00,75.56,,0.36,,0,882,0,0,,,-1.00,-1.00,-0.90,-0.93,-1.00,-1.00
2024-10-28T17:24:01Z,"0002cc0100000eb0","36544a8b31f93571131500c1913d5b02037200000000ffffffffffffffffffff",2,3.34,,19,21.00,75.61,,0.34,,0,882,0,0,,,,-1.00,-1.00,-1.00,-1.00,-1.00
2024-10-28T17:29:57Z,"0002cc0100000eb0","36544a8c95f93565131507c2763d2d5e037200000000fffffffff539fc79f76fe577",2,3.34,,19,21.03,75.96,,0.29,,0,882,0,0,,,-0.09,-0.46,-0.56,-0.33,-1.00,-1.00
2024-10-28T17:35:53Z,"0002cc0100000eb0","36544a8df9f93571131500c21c3dbc5e037200000000fc78fff6fffffe3effff",2,3.34,,19,21.00,75.83,,0.43,,0,882,0,0,,,,-1.00,-0.78,-1.00,-0.99,-0.56
2024-10-28T17:41:49Z,"0002cc0100000eb0","36544a8f5df9356d131503c2123d5b02037200000000ff9bffffffffffffffff",2,3.34,,19,21.01,75.81,,0.34,,0,882,0,0,,,,-1.00,-1.00,-1.00,-1.00,-0.95
2024-10-28T17:47:44Z,"0002cc0100000eb0","36544a90c0f9356913150bc2853d5b02037200000000fffffe08f4e5fffffdb6",2,3.34,,19,21.04,75.99,,0.34,,0,882,0,0,,,,-0.71,-1.00,-0.31,-0.75,-1.00
2024-10-28T17:53:41Z,"0002cc0100000eb0","36544a9225f2020402001500c24e3d5b02037200000000fffffffffff4ffffffffffff",2,,2.4.2.0,,21.00,75.90,,0.34,,0,882,0,0,,,-1.00,-1.00,-1.00,-0.99,-1.00,-1.00
2024-10-28T17:59:36Z,"0002cc0100000eb0","36544a9388f93571131503c2343d5b02037200000000fed6ffffffffffffffff",2,3.34,,19,21.01,75.86,,0.34,,0,882,0,0,,,,-1.00,-1.00,-1.00,-1.00,-0.85
2024-10-28T18:05:32Z,"0002cc0100000eb0","36544a94ecf9356d131500c2e83d5b02037200000000f4b5ff33fffffc31fc46",2,3.34,,19,21.00,76.14,,0.34,,0,882,0,0,,,,-0.53,-0.52,-1.00,-0.90,-0.29
2024-10-28T18:11:28Z,"0002cc0100000eb0","36544a9650f9356d131507c3413da971037200000000fd8affcaffbdfed5fcdbf5f5",2,3.34,,19,21.03,76.27,,0.42,,0,882,0,0,,,-0.37,-0.61,-0.85,-0.97,-0.97,-0.69
2024-10-28T18:17:24Z,"0002cc0100000eb0","36544a97b4f93561131503c38c3d5b02037200000000fc6bef5efc4cf6e3ff4d",2,3.34,,19,21.01,76.39,,0.34,,0,882,0,0,,,,-0.91,-0.43,-0.54,-0.23,-0.55
2024-10-28T18:23:20Z,"0002cc0100000eb0","36544a9918f93569131500c3603d5b02037200000000ffffffffff26ffd9ff21",2,3.34,,19,21.00,76.32,,0.34,,0,882,0,0,,,,-0.89,-0.98,-0.89,-1.00,-1.00
2024-10-28T18:29:16Z,"0002cc0100000eb0","36544a9a7cf93569131503c3143d5b02037200000000ffffffd6ffffffffffff",2,3.34,,19,21.01,76.20,,0.34,,0,882,0,0,,,,-1.00,-1.00,-1.00,-0.98,-1.00
2024-10-28T18:35:12Z,"0002cc0100000eb0","36544a9be0f93571131500c2f63d4238037200000000ffffffffffffffffffffffff",2,3.34,,19,21.00,76.16,,0.31,,0,882,0,0,,,-1.00,-1.00,-1.00,-1.00,-1.00,-1.00
2024-10-28T18:41:08Z,"0002cc0100000eb0","36544a9d44f935651314f1c2e73d4238037200000000fffffffffee0ffffffff",2,3.34,,19,20.94,76.13,,0.31,,0,882,0,0,,,,-1.00,-1.00,-0.86,-1.00,-1.00
2024-10-28T18:47:04Z,"0002cc0100000eb0","36544a9ea8f9356d1314f5c2be3d5712037200000000fffffef1fffffffffce8",2,3.34,,19,20.95,76.07,,0.34,,0,882,0,0,,,,-0.61,-1.00,-1.00,-0.87,-1.00
2024-10-28T18:53:00Z,"0002cc0100000eb0","36544aa00cf935691314fcc3723d91da037200000000fd77ff87fffffffff694",2,3.34,,19,20.98,76.35,,0.39,,0,882,0,0,,,,-0.41,-1.00,-1.00,-0.94,-0.68
2024-10-28T18:58:56Z,"0002cc0100000eb0","36544aa170f9356d1314fcc3243d4238037200000000fffffffffffffffffedbffff",2,3.34,,19,20.98,76.23,,0.31,,0,882,0,0,,,-1.00,-0.86,-1.00,-1.00,-1.00,-1.00
2024-10-28T19:04:52Z,"0002cc0100000eb0","36544aa2d4f935751314f8c3383d5b02037200000000fffffffffffffe9cffff",2,3.34,,19,20.97,76.26,,0.34,,0,882,0,0,,,,-1.00,-0.83,-1.00,-1.00,-1.00
2024-10-28T19:10:48Z,"0002cc0100000eb0","36544aa438f935791314f5c32f3d5b02037200000000ffffffffffffffffffff",2,3.34,,19,20.95,76.24,,0.34,,0,882,0,0,,,,-1.00,-1.00,-1.00,-1.00,-1.00
2024-10-28T19:16:44Z,"0002cc0100000eb0","36544aa59cf93569131500c37b3b296f0372000000005471ed294759748f5c4774c8",2,3.34,,19,21.00,76.36,,0.07,,0,882,0,0,,,0.30,0.03,0.28,0.01,-0.16,0.02
2024-10-28T19:22:40Z,"0002cc0100000eb0","36544aa700f9356d131512c43d3c5b020373010000007dc277e8ec82759a7cd4",2,3.34,,19,21.07,76.66,,0.17,,1,883,0,0,,,,0.60,0.35,-0.14,0.49,0.72
2024-10-28T19:28:36Z,"0002cc0100000eb0","36544aa864f93561131524c43b3b392c037401000000755c75097ca4771c7738",2,3.34,,19,21.14,76.65,,0.08,,1,884,0,0,,,,0.45,0.44,0.58,0.31,0.33
2024-10-28T19:34:32Z,"0002cc0100000eb0","36544aa9c8f9356d131530c3ae3d88a5037400000000776e7db27c9e75897d8bf5c5",2,3.34,,19,21.18,76.44,,0.38,,0,884,0,0,,,-0.36,0.69,0.35,0.58,0.71,0.46
2024-10-28T19:40:28Z,"0002cc0100000eb0","36544aab2cf93559131536c4d13d88a5037501000000743574c576f577dd7486",2,3.33,,19,21.21,76.88,,0.38,,1,885,0,0,,,,0.28,0.49,0.43,0.30,0.26
2024-10-28T19:46:24Z,"0002cc0100000eb0","36544aac90f9358213153ac5063d5b02037601000000fe777432779066df7e21",2,3.34,,19,21.22,76.96,,0.34,,1,886,0,0,,,,0.77,0.11,0.47,0.26,-0.81
2024-10-28T19:52:19Z,"0002cc0100000eb0","36544aadf3f93565131545c6ea3a8c940376000000007cd2fee0e62efce77c75",2,3.34,,19,21.27,77.70,,0.05,,0,886,0,0,,,,0.56,-0.61,-0.10,-0.86,0.60
2024-10-28T19:58:15Z,"0002cc0100000eb0","36544aaf57f93569131545c67239cb890376000000007d6bf77d7c0b7e9e77e5dcda",2,3.34,,19,21.27,77.52,,0.03,,0,886,0,0,,,-0.04,0.49,0.83,0.51,-0.47,0.68
2024-10-28T20:04:11Z,"0002cc0100000eb0","36544ab0bbf93569131557c77a3b9c510377010000007c0b6ee07dd9775d6e87",2,3.34,,19,21.34,77.92,,0.10,,1,887,0,0,,,,0.20,0.46,0.73,0.21,0.51
2024-10-28T20:10:07Z,"0002cc0100000eb0","36544ab21ff93569131550c5a63d6fdb0378010000007d5877b57d5dfcacf4ddffc6",2,3.34,,19,21.31,77.21,,0.36,,1,888,0,0,,,-0.97,-0.30,-0.58,0.67,0.48,0.67
2024-10-28T20:16:03Z,"0002cc0100000eb0","36544ab383f9356d131545c3f53d73cb037800000000ff35f554fdfefd61ff6a",2,3.34,,19,21.27,76.55,,0.36,,0,888,0,0,,,,-0.93,-0.67,-0.75,-0.33,-0.90
2024-10-28T20:21:59Z,"0002cc0100000eb0","36544ab4e7f93569131530c3453d88a5037800000000febf758c76254dc8df9bf6ca",2,3.34,,19,21.18,76.28,,0.38,,0,888,0,0,,,-0.42,-0.06,0.01,0.38,0.35,-0.84
2024-10-28T20:27:55Z,"0002cc0100000eb0","36544ab64bf9356d131524c3293dc82a037800000000fffffffffffffffffff6",2,3.34,,19,21.14,76.24,,0.45,,0,888,0,0,,,,-0.99,-1.00,-1.00,-1.00,-1.00
2024-10-28T20:33:51Z,"0002cc0100000eb0","36544ab7aff93569131516c3513d4628037800000000fffffff4fffffffffc12",2,3.34,,19,21.08,76.30,,0.32,,0,888,0,0,,,,-0.51,-1.00,-1.00,-0.99,-1.00
2024-10-28T20:39:47Z,"0002cc0100000eb0","36544ab913f93571131507c33b3d6fdb037800000000ffffffffffffffffffec",2,3.34,,19,21.03,76.26,,0.36,,0,888,0,0,,,,-0.99,-1.00,-1.00,-1.00,-1.00
2024-10-28T20:45:43Z,"0002cc0100000eb0","36544aba77f93569131507c3333d5b02037800000000ffffffffffffffffffff",2,3.34,,19,21.03,76.25,,0.34,,0,888,0,0,,,,-1.00,-1.00,-1.00,-1.00,-1.00
2024-10-28T20:51:39Z,"0002cc0100000eb0","36544abbdbf93569131503c3773d5b02037800000000ffffffffffffffffffff",2,3.34,,19,21.01,76.35,,0.34,,0,888,0,0,,,,-1.00,-1.00,-1.00,-1.00,-1.00
2024-10-28T20:57:35Z,"0002cc0100000eb0","36544abd3ff93561131507c3723db093037800000000fffffffffffffe74ffffffff",2,3.34,,19,21.03,76.35,,0.42,,0,888,0,0,,,-1.00,-1.00,-0.81,-1.00,-1.00,-1.00
2024-10-28T21:03:31Z,"0002cc0100000eb0","36544abea3f93571131503c3623db093037800000000ffffffffffffffffff0e",2,3.34,,19,21.01,76.32,,0.42,,0,888,0,0,,,,-0.88,-1.00,-1.00,-1.00,-1.00
2024-10-28T21:09:27Z,"0002cc0100000eb0","36544ac007f93565131500c33c3d6fdb037800000000ffffffffffffffffffff",2,3.34,,19,21.00,76.26,,0.36,,0,888,0,0,,,,-1.00,-1.00,-1.00,-1.00,-1.00
2024-10-28T21:15:23Z,"0002cc0100000eb0","36544ac16bf93569131503c33e3db093037800000000fffffffffffffffffffffc91",2,3.34,,19,21.01,76.27,,0.42,,0,888,0,0,,,-0.57,-1.00,-1.00,-1.00,-1.00,-1.00
2024-10-28T21:21:19Z,"0002cc0100000eb0","36544ac2cff93565131503c33e3d6fdb037800000000ffffffffeeb0f483ecb7",2,3.34,,19,21.01,76.27,,0.36,,0,888,0,0,,,,-0.15,-0.28,-0.21,-1.00,-1.00
2024-10-28T21:27:15Z,"0002cc0100000eb0","36544ac433f9356113150ec40a3db093037800000000f7f0fdd7e7d065875e99",2,3.34,,19,21.05,76.58,,0.42,,0,888,0,0,,,,0.05,0.09,-0.12,-0.73,-0.50
2024-10-28T21:33:11Z,"0002cc0100000eb0","36544ac597f93571131512c3a23d5b02037800000000ffcff47dfe19ff66ffffffff",2,3.34,,19,21.07,76.42,,0.34,,0,888,0,0,,,-1.00,-1.00,-0.93,-0.76,-0.28,-0.98
2024-10-28T21:39:07Z,"0002cc0100000eb0","36544ac6fbf9355d131512c3563db093037800000000ffffffffffffffffffffffff",2,3.34,,19,21.07,76.30,,0.42,,0,888,0,0,,,-1.00,-1.00,-1.00,-1.00,-1.00,-1.00
2024-10-28T21:45:03Z,"0002cc0100000eb0","36544ac85ff93571131516c33c3d6fdb037800000000ffffffffffffffffffff",2,3.34,,19,21.08,76.26,,0.36,,0,888,0,0,,,,-1.00,-1.00,-1.00,-1.00,-1.00
2024-10-28T21:50:59Z,"0002cc0100000eb0","36544ac9c3f93571131507c3563d5b02037800000000ffeeffc0fffffffffd24",2,3.34,,19,21.03,76.30,,0.34,,0,888,0,0,,,,-0.64,-1.00,-1.00,-0.97,-0.99
2024-10-28T21:56:55Z,"0002cc0100000eb0","36544acb27f2020402001512c42f3db093037800000000ed4fff54fc8ff66ffd0a",2,,2.4.2.0,,21.07,76.64,,0.42,,0,888,0,0,,,,-0.63,-0.40,-0.57,-0.92,-0.17
2024-10-28T22:02:51Z,"0002cc0100000eb0","36544acc8bf93569131512c3f63d5b02037800000000fddcfdbfff85ffffffffffff",2,3.34,,19,21.07,76.55,,0.34,,0,888,0,0,,,-1.00,-1.00,-1.00,-0.94,-0.72,-0.73
2024-10-28T22:08:47Z,"0002cc0100000eb0","36544acdeff9357113150bc3e43b8c94037800000000ffffffffffffff82fe43",2,3.34,,19,21.04,76.52,,0.10,,0,888,0,0,,,,-0.78,-0.94,-1.00,-1.00,-1.00
2024-10-28T22:14:42Z,"0002cc0100000eb0","36544acf52f9356d131512c57f3d5b02037800000000f744ffdfffffffffffff",2,3.34,,19,21.07,77.15,,0.34,,0,888,0,0,,,,-1.00,-1.00,-1.00,-0.98,-0.45
2024-10-28T22:20:39Z,"0002cc0100000eb0","36544ad0b7f93569131512c50f3d6fdb037800000000ffffffffffffffffffffffff",2,3.34,,19,21.07,76.98,,0.36,,0,888,0,0,,,-1.00,-1.00,-1.00,-1.00,-1.00,-1.00
2024-10-28T22:26:35Z,"0002cc0100000eb0","36544ad21bf9356d131507c4a03d5b02037800000000ffffffffff8bff35ffffffc8",2,3.34,,19,21.03,76.81,,0.34,,0,888,0,0,,,-0.97,-1.00,-0.90,-0.94,-1.00,-1.00
2024-10-28T22:32:31Z,"0002cc0100000eb0","36544ad37ff93571131500c42b3d5b02037800000000ffffffffffffffffff15",2,3.34,,19,21.00,76.63,,0.34,,0,888,0,0,,,,-0.89,-1.00,-1.00,-1.00,-1.00
2024-10-28T22:38:26Z,"0002cc0100000eb0","36544ad4e2f935711314f8c4113d9d7f037800000000ffffeee9ffd1ffffffda",2,3.34,,19,20.97,76.59,,0.40,,0,888,0,0,,,,-0.98,-1.00,-0.98,-0.22,-1.00
2024-10-28T22:44:22Z,"0002cc0100000eb0","36544ad646f935711314eec3fc3dbc5e037800000000fffffffffe1ffd98fcb1",2,3.34,,19,20.93,76.56,,0.43,,0,888,0,0,,,,-0.59,-0.70,-0.77,-1.00,-1.00
2024-10-28T22:50:18Z,"0002cc0100000eb0","36544ad7aaf935751314eec3fc3dbc5e037800000000fffffffffffffecbffffff64",2,3.34,,19,20.93,76.56,,0.43,,0,888,0,0,,,-0.92,-1.00,-0.85,-1.00,-1.00,-1.00
2024-10-28T22:56:14Z,"0002cc0100000eb0","36544ad90ef935651314e6c3e33d5b02037800000000fc0eff06f713f4dbf6e8",2,3.34,,19,20.90,76.52,,0.34,,0,888,0,0,,,,-0.43,-0.30,-0.44,-0.88,-0.51
2024-10-28T23:02:10Z,"0002cc0100000eb0","36544ada72f935791314eac3fb000000037800000000fd43fe26f6f3f6b7f5eb",2,3.34,,19,20.91,76.56,,0.00,,0,888,0,0,,,,-0.37,-0.42,-0.43,-0.77,-0.66
2024-10-28T23:08:06Z,"0002cc0100000eb0","36544adbd6f935611314eac447000000037800000000fcc8fc126f12fe5aff3efc17",2,3.34,,19,20.91,76.67,,0.00,,0,888,0,0,,,-0.51,-0.91,-0.79,0.22,-0.51,-0.60
2024-10-28T23:14:02Z,"0002cc0100000eb0","36544add3af935651314eac56d000000037901000000ddecef02fcb475417c05",2,3.34,,19,20.91,77.12,,0.00,,1,889,0,0,,,,0.50,0.33,-0.59,-0.22,-0.05
2024-10-28T23:19:58Z,"0002cc0100000eb0","36544ade9ef935711314f1c4ca0000000379000000007ce077f77cfc771b7d1e",2,3.34,,19,20.94,76.87,,0.00,,0,889,0,0,,,,0.64,0.44,0.62,0.50,0.61
2024-10-28T23:25:54Z,"0002cc0100000eb0","36544ae002f935711314fcc572000000037a010000007ca374867ca0f61d7654",2,3.34,,19,20.98,77.13,,0.00,,1,890,0,0,,,,0.40,-0.38,0.58,0.28,0.58
2024-10-28T23:31:50Z,"0002cc0100000eb0","36544ae166f9356913150ec545000000037b010000007dca7ce87de47dbcec27",2,3.34,,19,21.05,77.06,,0.00,,1,891,0,0,,,,-0.13,0.72,0.74,0.61,0.72
2024-10-28T23:37:46Z,"0002cc0100000eb0","36544ae2caf9356d131519c4f1000000037b000000007d1a77f8760a7ca97d5545bc",2,3.34,,19,21.10,76.93,,0.00,,0,891,0,0,,,0.01,0.67,0.58,0.38,0.50,0.64
2024-10-28T23:43:42Z,"0002cc0100000eb0","36544ae42ef9356d131503c4eb000000037b00000000548de4a9fc39fdd1ff51",2,3.34,,19,21.01,76.92,,0.00,,0,891,0,0,,,,-0.91,-0.73,-0.53,-0.07,0.02
2024-10-28T23:49:38Z,"0002cc0100000eb0","36544ae592f93565131503c569000000037b00000000fe86fe24ffdcf65affff",2,3.34,,19,21.01,77.11,,0.00,,0,891,0,0,,,,-1.00,-0.40,-0.98,-0.77,-0.82
2024-10-28T23:55:34Z,"0002cc0100000eb0","36544ae6f6f9356d131503c4e3000000037b00000000fc57f617efcafc74ff30fe1c",2,3.34,,19,21.01,76.91,,0.00,,0,891,0,0,,,-0.76,-0.90,-0.56,-0.24,-0.38,-0.54
