Time,DevEUI,Raw,Port,Vbat,Version,BootCount,T,RH,P,Light,CO2,P[0].delta,P[0].total,P[1].delta,P[1].total,Act[7],Act[6],Act[5],Act[4],Act[3],Act[2],Act[1],Act[0]
2024-10-14T00:03:35Z,"0002cc0100000eb0","3654372257f9356d0a1591c62c00000000090000000077df6da3647b7c2f74a86633",2,3.34,,10,21.56,77.41,,0.00,,0,9,0,0,,,0.10,0.29,0.52,0.07,0.18,0.49
2024-10-14T00:09:31Z,"0002cc0100000eb0","36543723bbf935690a1594c62f00000000090000000075cf7cd57c7675d4769d",2,3.34,,10,21.58,77.42,,0.00,,0,9,0,0,,,,0.41,0.36,0.56,0.60,0.36
2024-10-14T00:15:27Z,"0002cc0100000eb0","365437251ff935650a1594c6360000000009000000007c0177f677d07c137c016ee0",2,3.34,,10,21.58,77.43,,0.00,,0,9,0,0,,,0.21,0.50,0.51,0.49,0.50,0.50
2024-10-14T00:21:23Z,"0002cc0100000eb0","3654372683f935710a159cc60800000000090000000074667c1b76677ccd7cac",2,3.34,,10,21.61,77.36,,0.00,,0,9,0,0,,,,0.58,0.60,0.40,0.51,0.27
2024-10-14T00:27:18Z,"0002cc0100000eb0","36543727e6f9356d0a1594c5630000000009000000007d2b67d57c92df5375f4",2,3.34,,10,21.58,77.11,,0.00,,0,9,0,0,,,,0.37,-0.06,0.57,0.12,0.65
2024-10-14T00:33:14Z,"0002cc0100000eb0","365437294af935690a158ac5160000000009000000007d30e7cc4f0aecdef5b47c37",2,3.34,,10,21.54,76.99,,0.00,,0,9,0,0,,,0.53,-0.36,-0.15,0.01,-0.12,0.65
2024-10-14T00:39:10Z,"0002cc0100000eb0","3654372aaef935690a1591c6170000000009000000007c596eaa6e7777047716",2,3.34,,10,21.56,77.38,,0.00,,0,9,0,0,,,,0.44,0.44,0.20,0.21,0.54
2024-10-14T00:45:06Z,"0002cc0100000eb0","3654372c12f935690a158dc573000000000900000000657475737c05ffffe65e",2,3.34,,10,21.55,77.13,,0.00,,0,9,0,0,,,,-0.10,-1.00,0.50,0.34,0.09
2024-10-14T00:51:02Z,"0002cc0100000eb0","3654372d76f935690a158ac71000000000090000000074b8ee1f77587cf764c37701",2,3.34,,10,21.54,77.76,,0.00,,0,9,0,0,,,0.44,0.07,0.62,0.46,-0.19,0.29
2024-10-14T00:56:58Z,"0002cc0100000eb0","3654372edaf935690a1586c7530000000009000000007cb674927446ff13ffff",2,3.34,,10,21.52,77.86,,0.00,,0,9,0,0,,,,-1.00,-0.88,0.27,0.29,0.59
2024-10-14T01:02:54Z,"0002cc0100000eb0","365437303ef935710a1586c8f3000000000900000000ffffffffffff7c857c8775a4",2,3.34,,10,21.52,78.50,,0.00,,0,9,0,0,,,0.35,0.57,0.56,-1.00,-1.00,-1.00
2024-10-14T01:08:50Z,"0002cc0100000eb0","36543731a2f935690a1586c7a10000000009000000006da56f63762d7656feed",2,3.34,,10,21.52,77.98,,0.00,,0,9,0,0,,,,-0.87,0.40,0.39,0.23,0.18
2024-10-14T01:14:46Z,"0002cc0100000eb0","3654373306f935690a1586c825000000000900000000fcd47669677e5d606f80",2,3.34,,10,21.52,78.18,,0.00,,0,9,0,0,,,,0.23,0.04,0.12,0.40,-0.60
2024-10-14T01:20:42Z,"0002cc0100000eb0","365437346af9356d0a158dc84e0000000009000000006556f6d7fd90743f7d2976c1",2,3.34,,10,21.55,78.25,,0.00,,0,9,0,0,,,0.42,0.65,0.27,-0.70,-0.43,0.08
2024-10-14T01:26:38Z,"0002cc0100000eb0","36543735cef935650a158dc7f20000000009000000006ff26d3b74e97db57c7b",2,3.34,,10,21.55,78.10,,0.00,,0,9,0,0,,,,0.56,0.71,0.31,0.16,0.25
2024-10-14T01:32:34Z,"0002cc0100000eb0","3654373732f9356d0a158ac76a00000000090000000076117c496c87f6dbf7f2",2,3.34,,10,21.54,77.90,,0.00,,0,9,0,0,,,,-0.50,-0.43,0.14,0.54,0.38
2024-10-14T01:38:30Z,"0002cc0100000eb0","3654373896f935610a1591c77d000000000900000000772164576de27d127c85750d",2,3.34,,10,21.56,77.93,,0.00,,0,9,0,0,,,0.32,0.56,0.63,0.18,0.07,0.45
2024-10-14T01:44:26Z,"0002cc0100000eb0","36543739faf935710a158ac6fb0000000009000000006d86e5e9fd3dfcf9fe85",2,3.34,,10,21.54,77.73,,0.00,,0,9,0,0,,,,-0.81,-0.62,-0.65,-0.09,0.17
2024-10-14T01:50:21Z,"0002cc0100000eb0","3654373b5df935690a158ac6d100000000090000000076f77e15753f7c667cab",2,3.34,,10,21.54,77.66,,0.00,,0,9,0,0,,,,0.58,0.55,0.33,0.76,0.44
2024-10-14T01:56:18Z,"0002cc0100000eb0","3654373cc2f935690a158ac64b0000000009000000007c0577ac75f86cd3e6ec3db4",2,3.34,,10,21.54,77.46,,0.00,,0,9,0,0,,,0.00,-0.11,0.15,0.37,0.48,0.50
2024-10-14T02:02:13Z,"0002cc0100000eb0","3654373e25f9356d0a1586c798000000000900000000f624ffffd51077cc7738",2,3.34,,10,21.52,77.97,,0.00,,0,9,0,0,,,,0.45,0.49,-0.02,-1.00,-0.38
2024-10-14T02:08:09Z,"0002cc0100000eb0","3654373f89f935690a158dc71f0000000009000000007ce9758977307cdd6f7c7506",2,3.34,,10,21.55,77.78,,0.00,,0,9,0,0,,,0.31,0.23,0.61,0.45,0.35,0.61
2024-10-14T02:14:05Z,"0002cc0100000eb0","36543740edf9356d0a1582c6a1000000000900000000fca7fdd9feb3fdacfdb9",2,3.34,,10,21.51,77.59,,0.00,,0,9,0,0,,,,-0.72,-0.71,-0.84,-0.73,-0.58
2024-10-14T02:20:01Z,"0002cc0100000eb0","3654374251f935690a1591c6ff0000000009000000007cb4776076417cb575d1",2,3.34,,10,21.56,77.73,,0.00,,0,9,0,0,,,,0.36,0.59,0.39,0.46,0.59
2024-10-14T02:25:57Z,"0002cc0100000eb0","36543743b5f935650a158ac701000000000900000000fcb4fc33de8f77537c0e",2,3.34,,10,21.54,77.74,,0.00,,0,9,0,0,,,,0.51,0.46,-0.05,-0.52,-0.59
2024-10-14T02:31:53Z,"0002cc0100000eb0","3654374519f935650a158dc6b60000000009000000007c0976b777b077626e526e81",2,3.34,,10,21.55,77.62,,0.00,,0,9,0,0,,,0.20,0.20,0.46,0.48,0.42,0.50
2024-10-14T02:37:49Z,"0002cc0100000eb0","365437467df935690a1591c6ff000000000900000000754f741c7c8b7531745e",2,3.34,,10,21.56,77.73,,0.00,,0,9,0,0,,,,0.27,0.32,0.57,0.26,0.33
2024-10-14T02:43:45Z,"0002cc0100000eb0","36543747e1f9356d0a15a2c7a400000000090000000076536f967d157da87c77",2,3.34,,10,21.63,77.99,,0.00,,0,9,0,0,,,,0.56,0.71,0.64,0.24,0.40
2024-10-14T02:49:41Z,"0002cc0100000eb0","3654374945f935710a158dc67e000000000900000000fcc1fd26fe60fe6efc5e747e",2,3.34,,10,21.55,77.54,,0.00,,0,9,0,0,,,0.28,-0.55,-0.80,-0.80,-0.64,-0.59
2024-10-14T02:55:37Z,"0002cc0100000eb0","3654374aa9f935690a1594c7710000000009000000005d4a74367d6a77237570",2,3.34,,10,21.58,77.91,,0.00,,0,9,0,0,,,,0.34,0.45,0.68,0.26,0.04
2024-10-14T03:01:33Z,"0002cc0100000eb0","3654374c0df935650a1598c73b0000000009000000007c8774506fdf76df6f8976ea",2,3.34,,10,21.59,77.83,,0.00,,0,9,0,0,,,0.43,0.24,0.43,0.25,0.27,0.57
2024-10-14T03:07:29Z,"0002cc0100000eb0","3654374d71f935710a1594c69f0000000009000000007c5d7c8feca3fdfdfe4b",2,3.34,,10,21.58,77.59,,0.00,,0,9,0,0,,,,-0.79,-0.75,-0.14,0.57,0.55
2024-10-14T03:13:24Z,"0002cc0100000eb0","3654374ed4f9356d0a1591c74c000000000900000000fe5afdf6ed3c6f53774b",2,3.34,,10,21.56,77.85,,0.00,,0,9,0,0,,,,0.46,0.23,-0.16,-0.75,-0.79
2024-10-14T03:19:21Z,"0002cc0100000eb0","3654375039f9356d0a1594c70e00000000090000000074c1778e76f8772377e97c27",2,3.34,,10,21.58,77.76,,0.00,,0,9,0,0,,,0.52,0.49,0.45,0.44,0.47,0.30
2024-10-14T03:25:16Z,"0002cc0100000eb0","365437519cf2020402001591c73e0000000009000000006c8374466c0776c67466",2,,2.4.2.0,,21.56,77.83,,0.00,,0,9,0,0,,,,0.27,0.42,0.13,0.27,0.14
2024-10-14T03:31:08Z,"0002cc0100000eb0","36543752fcf935690a1591c6410000000009000000007c6d75ac7c50e72cfe9c",3,3.34,,10,21.56,77.44,,0.00,,0,9,0,0,,,,-0.83,-0.11,0.54,0.35,0.55
2024-10-14T03:37:04Z,"0002cc0100000eb0","3654375460f9356d0a1591c64100000000090000000076a67c537d1b7c7074e3",2,3.34,,10,21.56,77.44,,0.00,,0,9,0,0,,,,0.31,0.55,0.64,0.54,0.42
2024-10-14T03:43:00Z,"0002cc0100000eb0","36543755c4f935690a158dc5f1000000000900000000768cecb0fe4dff8bffa9ffa5",2,3.34,,10,21.55,77.32,,0.00,,0,9,0,0,,,-0.96,-0.96,-0.94,-0.79,-0.15,0.41
2024-10-14T03:48:56Z,"0002cc0100000eb0","3654375728f935790a1591c656000000000900000000fe706e8676bb7dbc764e",2,3.34,,10,21.56,77.48,,0.00,,0,9,0,0,,,,0.39,0.72,0.42,0.20,-0.80
2024-10-14T03:54:52Z,"0002cc0100000eb0","365437588cf935650a1591c6b100000000090000000077956cad7d357dc07cf0",2,3.34,,10,21.56,77.62,,0.00,,0,9,0,0,,,,0.62,0.72,0.65,0.15,0.47
2024-10-14T04:00:48Z,"0002cc0100000eb0","36543759f0f935790a158dc5f1000000000900000000759275427cb0ee70fe93fc06",2,3.34,,10,21.55,77.32,,0.00,,0,9,0,0,,,-0.50,-0.82,-0.20,0.59,0.33,0.35
2024-10-14T04:06:44Z,"0002cc0100000eb0","3654375b54f935710a1586c633000000000900000000fd5dfdfffe7ffcd066e2",2,3.34,,10,21.52,77.42,,0.00,,0,9,0,0,,,,0.11,-0.60,-0.81,-0.75,-0.67
2024-10-14T04:12:40Z,"0002cc0100000eb0","3654375cb8f935650a158dc6da0000000009000000007cb8772e6f94e6b97c7a",2,3.34,,10,21.55,77.68,,0.00,,0,9,0,0,,,,0.56,-0.11,0.24,0.45,0.59
2024-10-14T04:18:36Z,"0002cc0100000eb0","3654375e1cf935790a1591c61e000000000900000000743d7cd2efb6fe87fe1cff5f",2,3.34,,10,21.56,77.39,,0.00,,0,9,0,0,,,-0.92,-0.76,-0.82,-0.24,0.60,0.26
2024-10-14T04:24:32Z,"0002cc0100000eb0","3654375f80f9356d0a1594c708000000000900000000f7887c6c7cbe776d779a",2,3.34,,10,21.58,77.75,,0.00,,0,9,0,0,,,,0.48,0.46,0.59,0.55,-0.47
2024-10-14T04:30:28Z,"0002cc0100000eb0","36543760e4f935710a1598c774000000000900000000755d7ce975af7cc675a0",2,3.34,,10,21.59,77.91,,0.00,,0,9,0,0,,,,0.35,0.60,0.36,0.61,0.34
2024-10-14T04:36:24Z,"0002cc0100000eb0","3654376248f9356d0a1591c6500000000009000000007558776e6e31ef72fc2b",2,3.34,,10,21.56,77.47,,0.00,,0,9,0,0,,,,-0.52,-0.23,0.19,0.46,0.33
2024-10-14T04:42:20Z,"0002cc0100000eb0","36543763acf935690a158dc590000000000900000000f7f0fe2cfeddff48ed7b",2,3.34,,10,21.55,77.17,,0.00,,0,9,0,0,,,,-0.17,-0.91,-0.86,-0.77,-0.50
2024-10-14T04:48:16Z,"0002cc0100000eb0","3654376510f935750a158ac644000000000900000000e7e075ea77e36d40d78b7c2f",2,3.34,,10,21.54,77.45,,0.00,,0,9,0,0,,,0.52,-0.03,0.16,0.49,0.37,-0.12
2024-10-14T04:54:11Z,"0002cc0100000eb0","3654376673f9356d0a1594c75c0000000009000000007eb17c0a7caa75bf6ff2",2,3.34,,10,21.58,77.88,,0.00,,0,9,0,0,,,,0.25,0.36,0.58,0.50,0.84
2024-10-14T05:00:08Z,"0002cc0100000eb0","36543767d8f935690a1591c7140000000009000000006eaf6e02f485655ef559f6b7",2,3.34,,10,21.56,77.77,,0.00,,0,9,0,0,,,-0.42,-0.33,0.08,-0.28,0.19,0.21
2024-10-14T05:06:03Z,"0002cc0100000eb0","365437693bf935790a158ac756000000000900000000fd20f46765ddf688ffc1",2,3.34,,10,21.54,77.87,,0.00,,0,9,0,0,,,,-0.97,-0.41,0.09,-0.28,-0.64
2024-10-14T05:11:59Z,"0002cc0100000eb0","3654376a9ff935690a157fc794000000000900000000ffffffffffffffffffff",2,3.34,,10,21.49,77.96,,0.00,,0,9,0,0,,,,-1.00,-1.00,-1.00,-1.00,-1.00
2024-10-14T05:17:55Z,"0002cc0100000eb0","3654376c03f935710a1574c7d4000000000900000000ffffffffffffffdaffff",2,3.34,,10,21.45,78.06,,0.00,,0,9,0,0,,,,-1.00,-0.98,-1.00,-1.00,-1.00
2024-10-14T05:23:51Z,"0002cc0100000eb0","3654376d67f935690a156cc815000000000900000000ffffffffffffffffffffffff",2,3.34,,10,21.42,78.16,,0.00,,0,9,0,0,,,-1.00,-1.00,-1.00,-1.00,-1.00,-1.00
2024-10-14T05:29:47Z,"0002cc0100000eb0","3654376ecbf935710a1562c83f000000000900000000ffffffffffffffffffff",2,3.34,,10,21.38,78.22,,0.00,,0,9,0,0,,,,-1.00,-1.00,-1.00,-1.00,-1.00
2024-10-14T05:35:43Z,"0002cc0100000eb0","365437702ff935690a155ec830000000000900000000fffffc30ffffffffffffffff",2,3.34,,10,21.37,78.20,,0.00,,0,9,0,0,,,-1.00,-1.00,-1.00,-1.00,-0.52,-1.00
2024-10-14T05:41:39Z,"0002cc0100000eb0","3654377193f935610a155ec861000000000900000000ffffffffff69ffffffff",2,3.34,,10,21.37,78.27,,0.00,,0,9,0,0,,,,-1.00,-1.00,-0.93,-1.00,-1.00
2024-10-14T05:47:35Z,"0002cc0100000eb0","36543772f7f9356d0a155ec8ae000000000900000000ffffff83ffffffffffffffff",2,3.34,,10,21.37,78.39,,0.00,,0,9,0,0,,,-1.00,-1.00,-1.00,-1.00,-0.94,-1.00
2024-10-14T05:53:31Z,"0002cc0100000eb0","365437745bf935650a155ec884000000000900000000ffffffffffffffd0ffff",2,3.34,,10,21.37,78.33,,0.00,,0,9,0,0,,,,-1.00,-0.98,-1.00,-1.00,-1.00
2024-10-14T05:59:27Z,"0002cc0100000eb0","36543775bff9356d0a155bc849000000000900000000ffffffffffffffc4fee9",2,3.34,,10,21.35,78.24,,0.00,,0,9,0,0,,,,-0.86,-0.97,-1.00,-1.00,-1.00
2024-10-14T06:05:23Z,"0002cc0100000eb0","3654377723f935750a1566c87b0000000009000000007630fe5cfffffff3ffffffff",2,3.34,,10,21.40,78.31,,0.00,,0,9,0,0,,,-1.00,-1.00,-0.99,-1.00,-0.80,0.39
2024-10-14T06:11:19Z,"0002cc0100000eb0","3654377887f9357d0a155bc87b000000000900000000ffffffffffffffffffff",2,3.34,,10,21.35,78.31,,0.00,,0,9,0,0,,,,-1.00,-1.00,-1.00,-1.00,-1.00
2024-10-14T06:17:15Z,"0002cc0100000eb0","36543779ebf935710a155ec88a000000000900000000ffffffffffffffffffff",2,3.34,,10,21.37,78.34,,0.00,,0,9,0,0,,,,-1.00,-1.00,-1.00,-1.00,-1.00
2024-10-14T06:23:11Z,"0002cc0100000eb0","3654377b4ff935650a155bc890000000000900000000f7a0ff8effffffffff90",2,3.34,,10,21.35,78.35,,0.00,,0,9,0,0,,,,-0.95,-1.00,-1.00,-0.94,-0.48
2024-10-14T06:29:07Z,"0002cc0100000eb0","3654377cb3f935690a155bc842000000000900000000ffffffffffffffffffffff3e",2,3.34,,10,21.35,78.23,,0.00,,0,9,0,0,,,-0.91,-1.00,-1.00,-1.00,-1.00,-1.00
2024-10-14T06:35:03Z,"0002cc0100000eb0","3654377e17f935710a155bc83a000000000900000000ffdaffffffffffffffff",2,3.34,,10,21.35,78.21,,0.00,,0,9,0,0,,,,-1.00,-1.00,-1.00,-1.00,-0.98
2024-10-14T06:40:59Z,"0002cc0100000eb0","3654377f7bf935690a1553c845000000000900000000ffffffffffffffffffff",2,3.34,,10,21.32,78.23,,0.00,,0,9,0,0,,,,-1.00,-1.00,-1.00,-1.00,-1.00
2024-10-14T06:46:55Z,"0002cc0100000eb0","36543780dff9356d0a1553c852000000000900000000ff63ffffffc6fffffffffda2",2,3.34,,10,21.32,78.25,,0.00,,0,9,0,0,,,-0.70,-1.00,-1.00,-0.97,-1.00,-0.92
2024-10-14T06:52:51Z,"0002cc0100000eb0","3654378243f9356d0a1550c84f000000000900000000ffffffffffffffffffff",2,3.34,,10,21.31,78.25,,0.00,,0,9,0,0,,,,-1.00,-1.00,-1.00,-1.00,-1.00
2024-10-14T06:58:47Z,"0002cc0100000eb0","36543783a7f9356d0a1557c82b000000000900000000ffffffffffffffffffff",2,3.34,,10,21.34,78.19,,0.00,,0,9,0,0,,,,-1.00,-1.00,-1.00,-1.00,-1.00
2024-10-14T07:04:43Z,"0002cc0100000eb0","365437850bf935690a1557c81c000000000900000000ffffffffffffffffffffffff",2,3.34,,10,21.34,78.17,,0.00,,0,9,0,0,,,-1.00,-1.00,-1.00,-1.00,-1.00,-1.00
2024-10-14T07:10:39Z,"0002cc0100000eb0","365437866ff935650a1553c819000000000900000000ffffff43ffffffffffad",2,3.34,,10,21.32,78.16,,0.00,,0,9,0,0,,,,-0.96,-1.00,-1.00,-0.91,-1.00
2024-10-14T07:16:35Z,"0002cc0100000eb0","36543787d3f935650a154cc7fa000000000900000000ffffffffffffff94ffff",2,3.34,,10,21.30,78.12,,0.00,,0,9,0,0,,,,-1.00,-0.95,-1.00,-1.00,-1.00
2024-10-14T07:22:31Z,"0002cc0100000eb0","3654378937f935400a154cc7b9000000000900000000ffffffffffffffffffffffff",2,3.33,,10,21.30,78.02,,0.00,,0,9,0,0,,,-1.00,-1.00,-1.00,-1.00,-1.00,-1.00
2024-10-14T07:28:27Z,"0002cc0100000eb0","3654378a9bf2020402001553c7cd000000000900000000ffffffc4ffffff65fe01",2,,2.4.2.0,,21.32,78.05,,0.00,,0,9,0,0,,,,-0.75,-0.92,-1.00,-0.97,-1.00
2024-10-14T07:34:23Z,"0002cc0100000eb0","3654378bfff935710a154cc73b000000000900000000fffffffffdeffe26fe94fd09",2,3.34,,10,21.30,77.83,,0.00,,0,9,0,0,,,-0.63,-0.82,-0.77,-0.74,-1.00,-1.00
2024-10-14T07:40:19Z,"0002cc0100000eb0","3654378d63f935710a1550c849000000000900000000feebf659f617fd9dfc3a",2,3.34,,10,21.31,78.24,,0.00,,0,9,0,0,,,,-0.53,-0.70,-0.38,-0.40,-0.86
2024-10-14T07:46:15Z,"0002cc0100000eb0","3654378ec7f935710a1566c737000000000900000000edc97d4477ba74d8752a",2,3.34,,10,21.40,77.82,,0.00,,0,9,0,0,,,,0.32,0.30,0.48,0.66,-0.18
2024-10-14T07:52:11Z,"0002cc0100000eb0","365437902bf935710a1569c7410000000009000000006d8e76be75c2761f75a47de2",2,3.34,,10,21.41,77.83,,0.00,,0,9,0,0,,,0.74,0.35,0.38,0.36,0.42,0.17
2024-10-14T07:58:06Z,"0002cc0100000eb0","365437918ef935690a1574c6a700000000090000000077556ddb76e56db56f76",2,3.34,,10,21.45,77.60,,0.00,,0,9,0,0,,,,0.23,0.18,0.43,0.18,0.46
2024-10-14T08:04:02Z,"0002cc0100000eb0","36543792f2f935690a1574c6ad0000000009000000007cba7c007c4e757d7c21",2,3.34,,10,21.45,77.61,,0.00,,0,9,0,0,,,,0.52,0.34,0.54,0.50,0.59
2024-10-14T08:09:58Z,"0002cc0100000eb0","3654379456f935650a1577c711000000000900000000efa5fe5cfcaee41c77ea7d94",2,3.34,,10,21.46,77.76,,0.00,,0,9,0,0,,,0.70,0.49,-0.06,-0.58,-0.80,-0.24
2024-10-14T08:15:54Z,"0002cc0100000eb0","36543795baf9356d0a1574c6750000000009000000006fd8756877f17543e72e",2,3.34,,10,21.45,77.52,,0.00,,0,9,0,0,,,,-0.11,0.33,0.50,0.34,0.25
2024-10-14T08:21:50Z,"0002cc0100000eb0","365437971ef935690a1577c789000000000900000000fcecf6fede0e749f76335e52",2,3.34,,10,21.46,77.94,,0.00,,0,9,0,0,,,0.05,0.39,0.29,-0.05,-0.44,-0.62
2024-10-14T08:27:46Z,"0002cc0100000eb0","3654379882f9356d0a157bc761000000000900000000751b7c7c76dbef01fc5f",2,3.34,,10,21.48,77.88,,0.00,,0,9,0,0,,,,-0.55,-0.22,0.43,0.56,0.32
2024-10-14T08:33:42Z,"0002cc0100000eb0","36543799e6f935690a1582c878000000000900000000f7b67d926fbe77c26f5375af",2,3.34,,10,21.51,78.31,,0.00,,0,9,0,0,,,0.36,0.23,0.48,0.24,0.70,-0.48
2024-10-14T08:39:38Z,"0002cc0100000eb0","3654379b4af935690a157fc79400000000090000000077efefe3f4b77d327cc4",2,3.34,,10,21.49,77.96,,0.00,,0,9,0,0,,,,0.60,0.65,-0.29,-0.25,0.50
2024-10-14T08:45:34Z,"0002cc0100000eb0","3654379caef935710a157fc69f0000000009000000006e4d7c36750d7de4f54c",2,3.34,,10,21.49,77.59,,0.00,,0,9,0,0,,,,-0.33,0.74,0.32,0.53,0.20
2024-10-14T08:51:30Z,"0002cc0100000eb0","3654379e12f935710a1582c878000000000900000000f720fc1cfc497c517c257e2c",2,3.34,,10,21.51,78.31,,0.00,,0,9,0,0,,,0.77,0.52,0.54,-0.54,-0.51,-0.45
2024-10-14T08:57:26Z,"0002cc0100000eb0","3654379f76f935690a158ac7bf0000000009000000007c9c659177e075067c44",2,3.34,,10,21.54,78.03,,0.00,,0,9,0,0,,,,0.53,0.31,0.49,0.09,0.58
2024-10-14T09:03:22Z,"0002cc0100000eb0","365437a0daf935710a1586c7920000000009000000007cf17d0d6cee76536f82",2,3.34,,10,21.52,77.96,,0.00,,0,9,0,0,,,,0.23,0.40,0.15,0.63,0.62
2024-10-14T09:09:18Z,"0002cc0100000eb0","365437a23ef935710a157fc6600000000009000000007cbd75b775e8572e7c146f7f",2,3.34,,10,21.49,77.49,,0.00,,0,9,0,0,,,0.23,0.51,0.03,0.37,0.36,0.59
2024-10-14T09:15:14Z,"0002cc0100000eb0","365437a3a2f935710a1582c72e0000000009000000006e3b757d767f742f768b",2,3.34,,10,21.51,77.81,,0.00,,0,9,0,0,,,,0.41,0.26,0.41,0.34,0.19
2024-10-14T09:21:09Z,"0002cc0100000eb0","365437a505f935690a157fc7080000000009000000007c1677a07c9a7c86ec55",2,3.34,,10,21.49,77.75,,0.00,,0,9,0,0,,,,-0.14,0.57,0.57,0.48,0.51
2024-10-14T09:27:05Z,"0002cc0100000eb0","365437a669f9356d0a157bc73e000000000900000000fd785e8fdd19742377bd758d",2,3.34,,10,21.48,77.83,,0.00,,0,9,0,0,,,0.35,0.48,0.26,-0.04,0.05,-0.68
2024-10-14T09:33:01Z,"0002cc0100000eb0","365437a7cdf935690a157bc7070000000009000000007c8677506d50ec7d76e0",2,3.34,,10,21.48,77.75,,0.00,,0,9,0,0,,,,0.43,-0.14,0.17,0.46,0.57
2024-10-14T09:38:57Z,"0002cc0100000eb0","365437a931f935710a1577c72e000000000900000000769e773e6df4fc23f40f",2,3.34,,10,21.46,77.81,,0.00,,0,9,0,0,,,,-0.25,-0.52,0.19,0.45,0.41
2024-10-14T09:44:53Z,"0002cc0100000eb0","365437aa95f935790a1574c83d0000000009000000007d13ddc8ff24fffffeca",2,3.34,,10,21.45,78.22,,0.00,,0,9,0,0,,,,-0.85,-1.00,-0.89,-0.05,0.63
2024-10-14T09:50:49Z,"0002cc0100000eb0","365437abf9f935710a156cc86a000000000900000000fdd7fec4ffc4ff38ffffffff",2,3.34,,10,21.42,78.29,,0.00,,0,9,0,0,,,-1.00,-1.00,-0.90,-0.97,-0.85,-0.73
2024-10-14T09:56:45Z,"0002cc0100000eb0","365437ad5df935790a1566c897000000000900000000fffffd9dffffffffffff",2,3.34,,10,21.40,78.36,,0.00,,0,9,0,0,,,,-1.00,-1.00,-1.00,-0.70,-1.00
2024-10-14T10:02:41Z,"0002cc0100000eb0","365437aec1f935790a155ec91d000000000900000000ffffffffffffffbdfff9",2,3.34,,10,21.37,78.56,,0.00,,0,9,0,0,,,,-1.00,-0.97,-1.00,-1.00,-1.00
2024-10-14T10:08:37Z,"0002cc0100000eb0","365437b025f935650a1557c9c9000000000900000000ffffffffffffffffffffff5a",2,3.34,,10,21.34,78.82,,0.00,,0,9,0,0,,,-0.92,-1.00,-1.00,-1.00,-1.00,-1.00
2024-10-14T10:14:33Z,"0002cc0100000eb0","365437b189f935690a1557c9f2000000000900000000fe51ffffffffffffffff",2,3.34,,10,21.34,78.89,,0.00,,0,9,0,0,,,,-1.00,-1.00,-1.00,-1.00,-0.79
2024-10-14T10:20:29Z,"0002cc0100000eb0","365437b2edf9356d0a1553ca13000000000900000000ffcdffffffffffffffffffff",2,3.34,,10,21.32,78.94,,0.00,,0,9,0,0,,,-1.00,-1.00,-1.00,-1.00,-1.00,-0.98
2024-10-14T10:26:25Z,"0002cc0100000eb0","365437b451f935690a1553ca0b000000000900000000ffa1ffffffffffffff40ffff",2,3.34,,10,21.32,78.92,,0.00,,0,9,0,0,,,-1.00,-0.91,-1.00,-1.00,-1.00,-0.95
2024-10-14T10:32:21Z,"0002cc0100000eb0","365437b5b5f935710a1550ca58000000000900000000ffffffffffffffffff23",2,3.34,,10,21.31,79.04,,0.00,,0,9,0,0,,,,-0.89,-1.00,-1.00,-1.00,-1.00
2024-10-14T10:38:17Z,"0002cc0100000eb0","365437b719f9356d0a154cca32000000000900000000ffffffffff96ffffffdcffff",2,3.34,,10,21.30,78.98,,0.00,,0,9,0,0,,,-1.00,-0.98,-1.00,-0.95,-1.00,-1.00
2024-10-14T10:44:13Z,"0002cc0100000eb0","365437b87df9356d0a1550c9b6000000000900000000ffffffffffffffffffff",2,3.34,,10,21.31,78.79,,0.00,,0,9,0,0,,,,-1.00,-1.00,-1.00,-1.00,-1.00
2024-10-14T10:50:09Z,"0002cc0100000eb0","365437b9e1f9356d0a154cc990000000000900000000ffffffffffffffffffa0",2,3.34,,10,21.30,78.74,,0.00,,0,9,0,0,,,,-0.95,-1.00,-1.00,-1.00,-1.00
2024-10-14T10:56:05Z,"0002cc0100000eb0","365437bb45f9356d0a1550c9b6000000000900000000ffffffffffffffffffff",2,3.34,,10,21.31,78.79,,0.00,,0,9,0,0,,,,-1.00,-1.00,-1.00,-1.00,-1.00
2024-10-14T11:02:01Z,"0002cc0100000eb0","365437bca9f935790a154cc9b33e3474000900000000fffffdadffc4ffffffff",2,3.34,,10,21.30,78.79,,0.60,,0,9,0,0,,,,-1.00,-1.00,-0.97,-0.71,-1.00
2024-10-14T11:07:57Z,"0002cc0100000eb0","365437be0df935690a154cc9893e3474000900000000ffffffffffffffffff92",2,3.34,,10,21.30,78.73,,0.60,,0,9,0,0,,,,-0.95,-1.00,-1.00,-1.00,-1.00
2024-10-14T11:13:53Z,"0002cc0100000eb0","365437bf71f9356d0a1553c90f3e3474000900000000fffffffffffffef9f401fdf3",2,3.34,,10,21.32,78.54,,0.60,,0,9,0,0,,,-0.74,-0.25,-0.87,-1.00,-1.00,-1.00
2024-10-14T11:19:49Z,"0002cc0100000eb0","365437c0d5f935650a155bc7bc3e347400090000000074427682671b75c87c387e48",2,3.34,,10,21.35,78.02,,0.60,,0,9,0,0,,,0.79,0.53,0.36,0.11,0.41,0.27
2024-10-14T11:25:45Z,"0002cc0100000eb0","365437c239f935690a1566c6ab3e347400090000000077f574b174b064bb5c79",2,3.34,,10,21.40,77.61,,0.60,,0,9,0,0,,,,0.03,0.07,0.29,0.29,0.50
2024-10-14T11:31:40Z,"0002cc0100000eb0","365437c39cf2020402001566c5ca3e3805000900000000fe98ffffffff6e866d64",2,,2.4.2.0,,21.40,77.26,,0.61,,0,9,0,0,,,,0.17,0.20,-1.00,-1.00,-0.82
2024-10-14T11:37:36Z,"0002cc0100000eb0","365437c500f9357d0a1571c63b3e34740009000000007c30f5497771e4cb65827c98",2,3.34,,10,21.44,77.43,,0.60,,0,9,0,0,,,0.57,0.09,-0.07,0.47,-0.33,0.52
2024-10-14T11:43:32Z,"0002cc0100000eb0","365437c664f9356d0a1574c56a3e3474000900000000776ef4fdf50eed9bef8d",2,3.34,,10,21.45,77.12,,0.60,,0,9,0,0,,,,-0.24,-0.18,-0.32,-0.31,0.46
2024-10-14T11:49:28Z,"0002cc0100000eb0","365437c7c8f935690a1577c6233d417b0009000000007c8b7cf175c3f53bf5547510",2,3.34,,10,21.46,77.40,,0.31,,0,9,0,0,,,0.32,-0.33,-0.33,0.36,0.62,0.57
2024-10-14T11:55:24Z,"0002cc0100000eb0","365437c92cf9356d0a157fc9a43e0fd5000900000000757bee676cc17c9c6d76",2,3.34,,10,21.49,78.77,,0.53,,0,9,0,0,,,,0.17,0.58,0.15,-0.20,0.34
2024-10-14T12:01:20Z,"0002cc0100000eb0","365437ca90f935690a158ac8843e2e8e00090000000064a06de07d2374b1f783",2,3.34,,10,21.54,78.33,,0.59,,0,9,0,0,,,,-0.47,0.29,0.64,0.18,0.07
2024-10-14T12:07:16Z,"0002cc0100000eb0","365437cbf4f9356d0a157fc86f3e2e8e00090000000054447d44fc2b6d4ffccffdba",2,3.34,,10,21.49,78.30,,0.59,,0,9,0,0,,,-0.72,-0.60,0.17,-0.52,0.66,0.02
2024-10-14T12:13:12Z,"0002cc0100000eb0","365437cd58f935790a1574c8453e3474000900000000ff02fea2ff71ff50feec",2,3.34,,10,21.45,78.23,,0.60,,0,9,0,0,,,,-0.87,-0.91,-0.93,-0.83,-0.88
2024-10-14T12:19:08Z,"0002cc0100000eb0","365437cebcf9356d0a1562c88d3e3474000900000000ffffffffffffffffffff",2,3.34,,10,21.38,78.34,,0.60,,0,9,0,0,,,,-1.00,-1.00,-1.00,-1.00,-1.00
2024-10-14T12:25:04Z,"0002cc0100000eb0","365437d020f935750a155bc8ab3e2e8e000900000000ffffffffffffffffffff",2,3.34,,10,21.35,78.39,,0.59,,0,9,0,0,,,,-1.00,-1.00,-1.00,-1.00,-1.00
2024-10-14T12:31:00Z,"0002cc0100000eb0","365437d184f9356d0a1553c8e53e2e8e000900000000ffffffffffffffffffff",2,3.34,,10,21.32,78.48,,0.59,,0,9,0,0,,,,-1.00,-1.00,-1.00,-1.00,-1.00
2024-10-14T12:36:56Z,"0002cc0100000eb0","365437d2e8f935710a1550c8f13e0cb6000900000000ffffffffffffffffffff",2,3.34,,10,21.31,78.49,,0.52,,0,9,0,0,,,,-1.00,-1.00,-1.00,-1.00,-1.00
2024-10-14T12:42:52Z,"0002cc0100000eb0","365437d44cf935690a1550c9003e2e8e000900000000fca3ff13ffffffffffff",2,3.34,,10,21.31,78.52,,0.59,,0,9,0,0,,,,-1.00,-1.00,-1.00,-0.88,-0.58
2024-10-14T12:48:48Z,"0002cc0100000eb0","365437d5b0f935690a1549c8f33e2e8e000900000000ff9fffffffffffffffffffff",2,3.34,,10,21.28,78.50,,0.59,,0,9,0,0,,,-1.00,-1.00,-1.00,-1.00,-1.00,-0.95
2024-10-14T12:54:44Z,"0002cc0100000eb0","365437d714f935690a1549c8bb3e2e8e000900000000ffffffffffffffffffff",2,3.34,,10,21.28,78.41,,0.59,,0,9,0,0,,,,-1.00,-1.00,-1.00,-1.00,-1.00
2024-10-14T13:00:40Z,"0002cc0100000eb0","365437d878f935690a1545c8b23e2e8e000900000000ff61fffaffffffffffff",2,3.34,,10,21.27,78.40,,0.59,,0,9,0,0,,,,-1.00,-1.00,-1.00,-1.00,-0.92
2024-10-14T13:06:36Z,"0002cc0100000eb0","365437d9dcf935690a1549c8f33e2e8e000900000000ffffffffffffffffff89fea7",2,3.34,,10,21.28,78.50,,0.59,,0,9,0,0,,,-0.83,-0.94,-1.00,-1.00,-1.00,-1.00
2024-10-14T13:12:32Z,"0002cc0100000eb0","365437db40f935540a1545c8963e2e8e000900000000ffffffffffffffffffff",2,3.33,,10,21.27,78.36,,0.59,,0,9,0,0,,,,-1.00,-1.00,-1.00,-1.00,-1.00
2024-10-14T13:18:28Z,"0002cc0100000eb0","365437dca4f9356d0a1541c8853e0cb6000900000000fffffff6ffffffffffff",2,3.34,,10,21.25,78.33,,0.52,,0,9,0,0,,,,-1.00,-1.00,-1.00,-1.00,-1.00
2024-10-14T13:24:24Z,"0002cc0100000eb0","365437de08f935690a153ec86f3e0eae000900000000ffffffffffffffffffffffff",2,3.34,,10,21.24,78.30,,0.53,,0,9,0,0,,,-1.00,-1.00,-1.00,-1.00,-1.00,-1.00
2024-10-14T13:30:20Z,"0002cc0100000eb0","365437df6cf935610a1545c8883e43d0000900000000ffffffffffffff28ffc0",2,3.34,,10,21.27,78.33,,0.63,,0,9,0,0,,,,-0.97,-0.89,-1.00,-1.00,-1.00
2024-10-14T13:36:16Z,"0002cc0100000eb0","365437e0d0f935650a1545c8793e0eae000900000000ffffffffffffffffff72",2,3.34,,10,21.27,78.31,,0.53,,0,9,0,0,,,,-0.93,-1.00,-1.00,-1.00,-1.00
2024-10-14T13:42:11Z,"0002cc0100000eb0","365437e233f935690a1545c8813e43d0000900000000ffffffffff83ffffffff",2,3.34,,10,21.27,78.32,,0.63,,0,9,0,0,,,,-1.00,-1.00,-0.94,-1.00,-1.00
2024-10-14T13:48:07Z,"0002cc0100000eb0","365437e397f9356d0a1541c83f3e43d0000900000000ffffffffffffff9bffff",2,3.34,,10,21.25,78.22,,0.63,,0,9,0,0,,,,-1.00,-0.95,-1.00,-1.00,-1.00
2024-10-14T13:54:04Z,"0002cc0100000eb0","365437e4fcf935690a1541c84e3e43d0000900000000ffffffffffffffffffffffff",2,3.34,,10,21.25,78.25,,0.63,,0,9,0,0,,,-1.00,-1.00,-1.00,-1.00,-1.00,-1.00
2024-10-14T14:00:00Z,"0002cc0100000eb0","365437e660f935690a1549c7e93d4d47000900000000fe47fd636e3aff96ff02",2,3.34,,10,21.28,78.09,,0.33,,0,9,0,0,,,,-0.88,-0.95,0.19,-0.67,-0.78
2024-10-14T14:05:55Z,"0002cc0100000eb0","365437e7c3f935610a1550c6c03cc60500090000000074fc6d647519d7826e39",2,3.34,,10,21.31,77.64,,0.22,,0,9,0,0,,,,0.19,-0.03,0.32,0.17,0.31
2024-10-14T14:11:51Z,"0002cc0100000eb0","365437e927f935690a1553c6593e3a5a000900000000767cfc657c62cf876711",2,3.34,,10,21.32,77.48,,0.61,,0,9,0,0,,,,0.11,-0.01,0.55,-0.55,0.41
2024-10-14T14:17:47Z,"0002cc0100000eb0","365437ea8bf935690a155bc6653e3a5a0009000000006f7ef40e5ec7e7a16dc377b0",2,3.34,,10,21.35,77.50,,0.61,,0,9,0,0,,,0.48,0.18,-0.12,0.05,-0.25,0.23
2024-10-14T14:23:43Z,"0002cc0100000eb0","365437ebeff935610a155bc6963e3dea000900000000e4525e457c2ff57e7562",2,3.34,,10,21.35,77.57,,0.62,,0,9,0,0,,,,0.34,-0.34,0.52,0.05,-0.07
2024-10-14T14:29:39Z,"0002cc0100000eb0","365437ed53f935690a1569c6a53e3a5a000900000000e49f6ca846ce7c277c80",2,3.34,,10,21.41,77.60,,0.61,,0,9,0,0,,,,0.56,0.52,0.01,0.15,-0.07
2024-10-14T14:35:35Z,"0002cc0100000eb0","365437eeb7f935650a1569c6f33e3a5a000900000000f46457cde537fcc76d7a",2,3.34,,10,21.41,77.72,,0.61,,0,9,0,0,,,,0.17,-0.60,-0.08,0.03,-0.27
2024-10-14T14:41:31Z,"0002cc0100000eb0","365437f01bf935690a1562c61b3ddb17000900000000f64674685d1c5c3c7c643e16",2,3.34,,10,21.38,77.39,,0.46,,0,9,0,0,,,0.00,0.55,0.03,0.04,0.28,-0.39
2024-10-14T14:47:27Z,"0002cc0100000eb0","365437f17ff935690a1557c5f93e3dea0009000000007de574b06426ffffffba",2,3.34,,10,21.34,77.33,,0.62,,0,9,0,0,,,,-0.97,-1.00,0.06,0.29,0.74
2024-10-14T14:53:23Z,"0002cc0100000eb0","365437f2e3f935710a1550c62c3e3c51000900000000ff2bffa7ff76ffffffff",2,3.34,,10,21.31,77.41,,0.62,,0,9,0,0,,,,-1.00,-1.00,-0.93,-0.96,-0.90
2024-10-14T14:59:19Z,"0002cc0100000eb0","365437f447f9356d0a154cc5ea3e3dea000900000000ffffffffffffffffff57",2,3.34,,10,21.30,77.31,,0.62,,0,9,0,0,,,,-0.92,-1.00,-1.00,-1.00,-1.00
2024-10-14T15:05:15Z,"0002cc0100000eb0","365437f5abf935710a1541c6383e3dea000900000000ffffffffffffffffffff",2,3.34,,10,21.25,77.43,,0.62,,0,9,0,0,,,,-1.00,-1.00,-1.00,-1.00,-1.00
2024-10-14T15:11:11Z,"0002cc0100000eb0","365437f70ff935690a1541c6693e3dea000900000000fd07ffeeffffffffffffffff",2,3.34,,10,21.25,77.51,,0.62,,0,9,0,0,,,-1.00,-1.00,-1.00,-1.00,-0.99,-0.63
2024-10-14T15:17:07Z,"0002cc0100000eb0","365437f873f9356d0a1541c67e3e3a5a000900000000ffffffffffffffffffff",2,3.34,,10,21.25,77.54,,0.61,,0,9,0,0,,,,-1.00,-1.00,-1.00,-1.00,-1.00
2024-10-14T15:23:03Z,"0002cc0100000eb0","365437f9d7f9356d0a1536c6783e3a5a000900000000ffffff7fffffffffffffffb8",2,3.34,,10,21.21,77.53,,0.61,,0,9,0,0,,,-0.97,-1.00,-1.00,-1.00,-0.94,-1.00
2024-10-14T15:28:59Z,"0002cc0100000eb0","365437fb3bf935710a1536c64d3e43d0000900000000ffffffffffffffffff9c",2,3.34,,10,21.21,77.46,,0.63,,0,9,0,0,,,,-0.95,-1.00,-1.00,-1.00,-1.00
2024-10-14T15:34:55Z,"0002cc0100000eb0","365437fc9ff202040200153ac6723e3a5a000900000000ffffffffffffffffffff",2,,2.4.2.0,,21.22,77.52,,0.61,,0,9,0,0,,,,-1.00,-1.00,-1.00,-1.00,-1.00
2024-10-14T15:40:47Z,"0002cc0100000eb0","365437fdfff935690a1536c67e3e3a5a000900000000ffffffffffa0ffffffff",3,3.34,,10,21.21,77.54,,0.61,,0,9,0,0,,,,-1.00,-1.00,-0.95,-1.00,-1.00
2024-10-14T15:46:43Z,"0002cc0100000eb0","365437ff63f9356d0a153ec63c3e43d0000900000000ffffffffff8667e3fc13",2,3.34,,10,21.24,77.44,,0.63,,0,9,0,0,,,,-0.51,0.12,-0.94,-1.00,-1.00
2024-10-14T15:52:38Z,"0002cc0100000eb0","36543800c6f935710a1536c6383e43d000090000000065a1fdeafffffe9cfce5",2,3.34,,10,21.21,77.43,,0.63,,0,9,0,0,,,,-0.61,-0.83,-1.00,-0.74,0.09
2024-10-14T15:58:35Z,"0002cc0100000eb0","365438022bf935690a1533c6833e3474000900000000fe1d544affdaffffffffffff",2,3.34,,10,21.20,77.54,,0.60,,0,9,0,0,,,-1.00,-1.00,-1.00,-0.98,0.02,-0.76
2024-10-14T16:04:30Z,"0002cc0100000eb0","365438038ef9356d0a1533c6bc3e3dea000900000000ffffffffffffffffffff",2,3.34,,10,21.20,77.63,,0.62,,0,9,0,0,,,,-1.00,-1.00,-1.00,-1.00,-1.00
2024-10-14T16:10:26Z,"0002cc0100000eb0","36543804f2f9356d0a1530c6a43e3a5a000900000000fffffd28ffffffffffffffef",2,3.34,,10,21.18,77.60,,0.61,,0,9,0,0,,,-0.99,-1.00,-1.00,-1.00,-0.64,-1.00
2024-10-14T16:16:22Z,"0002cc0100000eb0","3654380656f935650a1530c67a3e3a5a000900000000ffffffffffc0ffffffff",2,3.34,,10,21.18,77.53,,0.61,,0,9,0,0,,,,-1.00,-1.00,-0.97,-1.00,-1.00
2024-10-14T16:22:18Z,"0002cc0100000eb0","36543807baf9357d0a1533c68a3e3dea000900000000ffffffffffffffffffffffff",2,3.34,,10,21.20,77.56,,0.62,,0,9,0,0,,,-1.00,-1.00,-1.00,-1.00,-1.00,-1.00
2024-10-14T16:28:14Z,"0002cc0100000eb0","365438091ef935690a1533c6923e3a5a000900000000fe1cff23ffffffffffff",2,3.34,,10,21.20,77.57,,0.61,,0,9,0,0,,,,-1.00,-1.00,-1.00,-0.89,-0.76
2024-10-14T16:34:10Z,"0002cc0100000eb0","3654380a82f935690a1530c6333e191b000900000000ffffffafffffffffffff",2,3.34,,10,21.18,77.42,,0.55,,0,9,0,0,,,,-1.00,-1.00,-1.00,-0.96,-1.00
2024-10-14T16:40:06Z,"0002cc0100000eb0","3654380be6f935690a1533c5e83e3dea000900000000fffffffffffffe8aff85",2,3.34,,10,21.20,77.31,,0.62,,0,9,0,0,,,,-0.94,-0.82,-1.00,-1.00,-1.00
2024-10-14T16:46:02Z,"0002cc0100000eb0","3654380d4af935610a1530c5a63e3a5a000900000000ffffffffffffffffffffffff",2,3.34,,10,21.18,77.21,,0.61,,0,9,0,0,,,-1.00,-1.00,-1.00,-1.00,-1.00,-1.00
2024-10-14T16:51:58Z,"0002cc0100000eb0","3654380eaef935690a1530c56f3e3dea000900000000ffffffffffeefeb8fedd",2,3.34,,10,21.18,77.12,,0.62,,0,9,0,0,,,,-0.86,-0.84,-0.99,-1.00,-1.00
2024-10-14T16:57:54Z,"0002cc0100000eb0","3654381012f935690a1530c5453e0cb6000900000000ffffffffff3effffffff",2,3.34,,10,21.18,77.06,,0.52,,0,9,0,0,,,,-1.00,-1.00,-0.91,-1.00,-1.00
2024-10-14T17:03:50Z,"0002cc0100000eb0","3654381176f9356d0a1530c57e3e2e8e000900000000ffffffffffffffffffff",2,3.34,,10,21.18,77.15,,0.59,,0,9,0,0,,,,-1.00,-1.00,-1.00,-1.00,-1.00
2024-10-14T17:09:46Z,"0002cc0100000eb0","36543812daf935690a1530c56f3e1ba1000900000000fffffffffd81e42cfc40",2,3.34,,10,21.18,77.12,,0.55,,0,9,0,0,,,,-0.53,-0.07,-0.69,-1.00,-1.00
2024-10-14T17:15:42Z,"0002cc0100000eb0","365438143ef935690a1533c49e3e2e8e000900000000fe45f729ed707cce6f6c",2,3.34,,10,21.20,76.80,,0.59,,0,9,0,0,,,,0.23,0.60,-0.17,-0.45,-0.78
2024-10-14T17:21:38Z,"0002cc0100000eb0","36543815a2f935650a1541c4623e38050009000000007cf074656de9f6adfc18",2,3.34,,10,21.25,76.71,,0.61,,0,9,0,0,,,,-0.51,-0.42,0.18,0.27,0.62
2024-10-14T17:27:34Z,"0002cc0100000eb0","3654381706f935650a1541c5433e0441000900000000f48a6e717cd4760174cbce66",2,3.34,,10,21.25,77.06,,0.51,,0,9,0,0,,,-0.01,0.30,0.38,0.60,0.20,-0.28
2024-10-14T17:33:30Z,"0002cc0100000eb0","365438186af935690a1550c5063e0eae000900000000645d6e6cee896e6674cc",2,3.34,,10,21.31,76.96,,0.53,,0,9,0,0,,,,0.30,0.20,-0.20,0.20,0.07
2024-10-14T17:39:26Z,"0002cc0100000eb0","36543819cef935750a1549c4283e3a5a00090000000075d16e90fef9fdccdca7",2,3.34,,10,21.28,76.62,,0.61,,0,9,0,0,,,,-0.04,-0.72,-0.87,0.21,0.36
2024-10-14T17:45:22Z,"0002cc0100000eb0","3654381b32f935690a1541c41c3e43d00009000000006e91cdce6e3cdef6fe3bfc46",2,3.34,,10,21.25,76.61,,0.63,,0,9,0,0,,,-0.53,-0.78,-0.05,0.19,-0.01,0.21
2024-10-14T17:51:18Z,"0002cc0100000eb0","3654381c96f935790a153ec4673e2e8e000900000000fc526ca3e636fdd6ffe3",2,3.34,,10,21.24,76.72,,0.59,,0,9,0,0,,,,-0.99,-0.73,-0.10,0.14,-0.54
2024-10-14T17:57:14Z,"0002cc0100000eb0","3654381dfaf9356d0a1536c4463e0cb6000900000000fffffffffcedffffffffffff",2,3.34,,10,21.21,76.67,,0.52,,0,9,0,0,,,-1.00,-1.00,-1.00,-0.62,-1.00,-1.00
2024-10-14T18:03:09Z,"0002cc0100000eb0","3654381f5df935690a152bc4463e0cb6000900000000ffffffffffffffffffff",2,3.34,,10,21.17,76.67,,0.52,,0,9,0,0,,,,-1.00,-1.00,-1.00,-1.00,-1.00
2024-10-14T18:09:06Z,"0002cc0100000eb0","36543820c2f9356d0a1527c4353e2e8e000900000000ffffffffffffffffffffffff",2,3.34,,10,21.15,76.64,,0.59,,0,9,0,0,,,-1.00,-1.00,-1.00,-1.00,-1.00,-1.00
2024-10-14T18:15:02Z,"0002cc0100000eb0","3654382226f935690a152bc4313e2e8e000900000000ffffffffffffffffffff",2,3.34,,10,21.17,76.64,,0.59,,0,9,0,0,,,,-1.00,-1.00,-1.00,-1.00,-1.00
2024-10-14T18:20:58Z,"0002cc0100000eb0","365438238af9356d0a1521c40e3e2e8e000900000000ffffffffffffffffffffffff",2,3.34,,10,21.13,76.59,,0.59,,0,9,0,0,,,-1.00,-1.00,-1.00,-1.00,-1.00,-1.00
2024-10-14T18:26:53Z,"0002cc0100000eb0","36543824edf935690a150ec3a73e2e8e000900000000ffffffffffffffffffff",2,3.34,,10,21.05,76.43,,0.59,,0,9,0,0,,,,-1.00,-1.00,-1.00,-1.00,-1.00
2024-10-14T18:32:50Z,"0002cc0100000eb0","3654382652f935690a1507c3963e3dea000900000000fffffffffe73ff7cffffffff",2,3.34,,10,21.03,76.40,,0.62,,0,9,0,0,,,-1.00,-1.00,-0.94,-0.81,-1.00,-1.00
2024-10-14T18:38:45Z,"0002cc0100000eb0","36543827b5f9357d0a1503c3543e0eae000900000000ffffffffffffffffffff",2,3.34,,10,21.01,76.30,,0.53,,0,9,0,0,,,,-1.00,-1.00,-1.00,-1.00,-1.00
2024-10-14T18:44:42Z,"0002cc0100000eb0","365438291af9356d0a14f8c3003e0eae000900000000ffffffffffffffffffffffff",2,3.34,,10,20.97,76.17,,0.53,,0,9,0,0,,,-1.00,-1.00,-1.00,-1.00,-1.00,-1.00
2024-10-14T18:50:37Z,"0002cc0100000eb0","3654382a7df9356d0a14eec2eb3e43d0000900000000ffffffffff72ffffffff",2,3.34,,10,20.93,76.14,,0.63,,0,9,0,0,,,,-1.00,-1.00,-0.93,-1.00,-1.00
2024-10-14T18:56:33Z,"0002cc0100000eb0","3654382be1f9356d0a14e3c2eb3e0cb6000900000000ffffffffff69ffffffef",2,3.34,,10,20.89,76.14,,0.52,,0,9,0,0,,,,-0.99,-1.00,-0.93,-1.00,-1.00
2024-10-14T19:02:29Z,"0002cc0100000eb0","3654382d45f9356d0a14e3c2753e0eae000900000000ffffffffffffffd1ffff",2,3.34,,10,20.89,75.96,,0.53,,0,9,0,0,,,,-1.00,-0.98,-1.00,-1.00,-1.00
2024-10-14T19:08:25Z,"0002cc0100000eb0","3654382ea9f935690a14e6c2993e0eae000900000000ffffffffffffffffffff",2,3.34,,10,20.90,76.02,,0.53,,0,9,0,0,,,,-1.00,-1.00,-1.00,-1.00,-1.00
2024-10-14T19:14:21Z,"0002cc0100000eb0","365438300df935690a14dcc2673e43d0000900000000ffffffffffffff99ffff",2,3.34,,10,20.86,75.94,,0.63,,0,9,0,0,,,,-1.00,-0.95,-1.00,-1.00,-1.00
2024-10-14T19:20:17Z,"0002cc0100000eb0","3654383171f9356d0a14d8c28a3e0eae000900000000ffffffffffffffffffffffff",2,3.34,,10,20.84,75.99,,0.53,,0,9,0,0,,,-1.00,-1.00,-1.00,-1.00,-1.00,-1.00
2024-10-14T19:26:13Z,"0002cc0100000eb0","36543832d5f935710a14d5c2643e6289000900000000ffffffffffffffffffff",2,3.34,,10,20.83,75.93,,0.69,,0,9,0,0,,,,-1.00,-1.00,-1.00,-1.00,-1.00
2024-10-14T19:32:09Z,"0002cc0100000eb0","3654383439f9356d0a14e6c2d93e43d00009000000006cf175f07650e48df5477771",2,3.34,,10,20.90,76.11,,0.63,,0,9,0,0,,,0.47,-0.33,-0.07,0.39,0.37,0.15
2024-10-14T19:38:05Z,"0002cc0100000eb0","365438359df20204020014eac3123e46be000900000000e609f593eec1d51fbdb1",2,,2.4.2.0,,20.91,76.20,,0.64,,0,9,0,0,,,,-0.00,-0.02,-0.21,-0.35,-0.09
2024-10-14T19:44:01Z,"0002cc0100000eb0","3654383701f935790a14f8c19a3d417b000900000000f428e7b277127cbf7ca0",2,3.34,,10,20.97,75.63,,0.31,,0,9,0,0,,,,0.58,0.59,0.44,-0.12,-0.26
2024-10-14T19:49:57Z,"0002cc0100000eb0","3654383865f9356d0a151cc2843e0c45000b020000006c1ff70275c4efe376f87cc2",2,3.34,,10,21.11,75.98,,0.52,,2,11,0,0,,,0.59,0.44,-0.25,0.36,-0.44,0.13
2024-10-14T19:55:53Z,"0002cc0100000eb0","36543839c9f935650a153ec2583e3dea000b00000000744f76b174ab7c2f76c9",2,3.34,,10,21.24,75.92,,0.62,,0,11,0,0,,,,0.42,0.52,0.29,0.42,0.27
2024-10-14T20:01:49Z,"0002cc0100000eb0","3654383b2df9356d0a153ec28a3e0cb6000b0000000076c177c27d277c545f907584",2,3.34,,10,21.24,75.99,,0.52,,0,11,0,0,,,0.34,0.06,0.54,0.64,0.48,0.42
2024-10-14T20:07:45Z,"0002cc0100000eb0","3654383c91f935790a153ec29f3d8ab9000b000000007cae76327c80d5746f01",2,3.34,,10,21.24,76.03,,0.39,,0,11,0,0,,,,0.22,-0.02,0.56,0.39,0.59
2024-10-14T20:13:41Z,"0002cc0100000eb0","3654383df5f935650a153ec55d3d98fb000b000000007cc175b6dd60641e77ef",2,3.34,,10,21.24,77.10,,0.40,,0,11,0,0,,,,0.50,0.06,-0.04,0.36,0.59
2024-10-14T20:19:37Z,"0002cc0100000eb0","3654383f59f9356d0a1536c43e3e1f32000b00000000e7e7fc77743d7c82cd3d",2,3.34,,10,21.21,76.66,,0.56,,0,11,0,0,,,,-0.01,0.56,0.26,-0.56,-0.12
2024-10-14T20:25:33Z,"0002cc0100000eb0","36543840bdf935690a152bc45b3e2e8e000b00000000ece7e7a87703640e752c65c8",2,3.34,,10,21.17,76.70,,0.59,,0,11,0,0,,,0.09,0.32,0.06,0.44,-0.12,-0.15
2024-10-14T20:31:29Z,"0002cc0100000eb0","3654384221f935690a151cc3873e2e8e000b00000000655df4c1f54a7755778e",2,3.34,,10,21.11,76.38,,0.59,,0,11,0,0,,,,0.47,0.46,-0.33,-0.30,0.08
2024-10-14T20:37:24Z,"0002cc0100000eb0","3654384384f935610a151cc6ba3e2e8e000c01000000f5006c4a67d87c137771",2,3.34,,10,21.11,77.63,,0.59,,1,12,0,0,,,,0.46,0.51,0.12,0.13,-0.31
2024-10-14T20:43:20Z,"0002cc0100000eb0","36543844e8f935690a1516c48c3e2e8e000c000000007c2167c6fd98fe79fd65",2,3.34,,10,21.08,76.78,,0.59,,0,12,0,0,,,,-0.67,-0.81,-0.70,0.12,0.52
2024-10-14T20:49:16Z,"0002cc0100000eb0","365438464cf935750a1503c4653e2afd000c00000000fccef74a56f45e9df5cc",2,3.34,,10,21.01,76.72,,0.58,,0,12,0,0,,,,-0.36,0.05,0.03,-0.46,-0.60
2024-10-14T20:55:12Z,"0002cc0100000eb0","36543847b0f9356d0a14fcc3e33e1ba1000c00000000ee98e7ce76966f8ffe51f7e6",2,3.34,,10,20.98,76.52,,0.55,,0,12,0,0,,,-0.49,-0.79,0.24,0.41,-0.12,-0.21
2024-10-14T21:01:08Z,"0002cc0100000eb0","3654384914f935690a1503c5f43e1ba1000c00000000f59e760f7479de7acdd5fe71",2,3.34,,10,21.01,77.33,,0.55,,0,12,0,0,,,-0.80,-0.01,-0.05,0.28,0.38,-0.35
2024-10-14T21:07:04Z,"0002cc0100000eb0","3654384a78f935710a14f5c5343debca000c00000000ffffffcffffffeadffff",2,3.34,,10,20.95,77.03,,0.48,,0,12,0,0,,,,-1.00,-0.83,-1.00,-0.98,-1.00
2024-10-14T21:13:00Z,"0002cc0100000eb0","3654384bdcf935650a14eac5343e1ba1000c00000000ffffffffffffffffffff",2,3.34,,10,20.91,77.03,,0.55,,0,12,0,0,,,,-1.00,-1.00,-1.00,-1.00,-1.00
2024-10-14T21:18:56Z,"0002cc0100000eb0","3654384d40f935610a14e0c57c3dbe27000c00000000ffffffffff71ffffffffffff",2,3.34,,10,20.87,77.14,,0.44,,0,12,0,0,,,-1.00,-1.00,-1.00,-0.93,-1.00,-1.00
2024-10-14T21:24:52Z,"0002cc0100000eb0","3654384ea4f935710a14e3c5693e2517000c00000000ffffffffffffffffffff",2,3.34,,10,20.89,77.11,,0.57,,0,12,0,0,,,,-1.00,-1.00,-1.00,-1.00,-1.00
2024-10-14T21:30:48Z,"0002cc0100000eb0","3654385008f9356d0a14dcc54f3e2388000c00000000fffffefbffffffffffffffff",2,3.34,,10,20.86,77.07,,0.57,,0,12,0,0,,,-1.00,-1.00,-1.00,-1.00,-0.87,-1.00
2024-10-14T21:36:44Z,"0002cc0100000eb0","365438516cf9356d0a14dcc55d3e2afd000c00000000fffffecbffffffffffff",2,3.34,,10,20.86,77.10,,0.58,,0,12,0,0,,,,-1.00,-1.00,-1.00,-0.85,-1.00
2024-10-14T21:42:40Z,"0002cc0100000eb0","36543852d0f935690a14e0c5583e2afd000c00000000ffffffffffffffffffffffff",2,3.34,,10,20.87,77.09,,0.58,,0,12,0,0,,,-1.00,-1.00,-1.00,-1.00,-1.00,-1.00
2024-10-14T21:48:36Z,"0002cc0100000eb0","3654385434f935710a14e0c5043e2afd000c00000000ffffffacff8cffaeffff",2,3.34,,10,20.87,76.96,,0.58,,0,12,0,0,,,,-1.00,-0.96,-0.94,-0.96,-1.00
2024-10-14T21:54:32Z,"0002cc0100000eb0","3654385598f935710a14e3c5223e2afd000c00000000ffffffffffffffffffff",2,3.34,,10,20.89,77.01,,0.58,,0,12,0,0,,,,-1.00,-1.00,-1.00,-1.00,-1.00
2024-10-14T22:00:28Z,"0002cc0100000eb0","36543856fcf935650a14e6c4d73dd6f0000c00000000fffffffffffffe67ffffffff",2,3.34,,10,20.90,76.89,,0.46,,0,12,0,0,,,-1.00,-1.00,-0.80,-1.00,-1.00,-1.00
2024-10-14T22:06:24Z,"0002cc0100000eb0","3654385860f935690a14eac4a93e2afd000c00000000ffffffffffffffffffff",2,3.34,,10,20.91,76.82,,0.58,,0,12,0,0,,,,-1.00,-1.00,-1.00,-1.00,-1.00
2024-10-14T22:12:20Z,"0002cc0100000eb0","36543859c4f935690a14e3c48f3dd6f0000c00000000fffffffffffffecdffffffff",2,3.34,,10,20.89,76.78,,0.46,,0,12,0,0,,,-1.00,-1.00,-0.85,-1.00,-1.00,-1.00
2024-10-14T22:18:16Z,"0002cc0100000eb0","3654385b28f9356d0a14f1c48b3e0249000c00000000ff14fcf5efef6c1ee6a2",2,3.34,,10,20.94,76.78,,0.50,,0,12,0,0,,,,-0.10,0.13,-0.25,-0.62,-0.88
2024-10-14T22:24:12Z,"0002cc0100000eb0","3654385c8cf9356d0a14f5c56c3e2afd000c00000000e6d35716f4d6ffffffe4fdb8",2,3.34,,10,20.95,77.12,,0.58,,0,12,0,0,,,-0.71,-0.99,-1.00,-0.30,0.03,-0.11
2024-10-14T22:30:08Z,"0002cc0100000eb0","3654385df0f935690a14f8c5843e2afd000c00000000ffffff95fffffffffebc",2,3.34,,10,20.97,77.16,,0.58,,0,12,0,0,,,,-0.84,-1.00,-1.00,-0.95,-1.00
2024-10-14T22:36:04Z,"0002cc0100000eb0","3654385f54f935650a14f5c4b03e2517000c00000000fc02ffffffffffffff8bffff",2,3.34,,10,20.95,76.83,,0.57,,0,12,0,0,,,-1.00,-0.94,-1.00,-1.00,-1.00,-0.50
2024-10-14T22:42:00Z,"0002cc0100000eb0","36543860b8f935710a14eec4973e2517000c00000000ffffffffffdbffffffff",2,3.34,,10,20.93,76.79,,0.57,,0,12,0,0,,,,-1.00,-1.00,-0.98,-1.00,-1.00
2024-10-14T22:47:56Z,"0002cc0100000eb0","365438621cf935710a14eec3d23da94d000c00000000ff84f44affb8ffffffffffff",2,3.34,,10,20.93,76.49,,0.42,,0,12,0,0,,,-1.00,-1.00,-1.00,-0.96,-0.27,-0.94
2024-10-14T22:53:52Z,"0002cc0100000eb0","3654386380f935710a14f5c4083e1f32000c00000000fffffffffc506cbbf415",2,3.34,,10,20.95,76.58,,0.56,,0,12,0,0,,,,-0.26,0.15,-0.54,-1.00,-1.00
2024-10-14T22:59:48Z,"0002cc0100000eb0","36543864e4f935690a14fcc40d3debca000d01000000e6bbf6addfe374dbece0",2,3.34,,10,20.98,76.58,,0.48,,1,13,0,0,,,,-0.15,0.30,-0.06,-0.42,-0.11
2024-10-14T23:05:44Z,"0002cc0100000eb0","3654386648f935690a14f8c3f5000000000d00000000ff03fd0afc75fc68fd97f407",2,3.34,,10,20.97,76.55,,0.00,,0,13,0,0,,,-0.25,-0.70,-0.55,-0.56,-0.63,-0.88
2024-10-14T23:11:40Z,"0002cc0100000eb0","36543867acf935750a14eec435000000000d000000006fc9f49afda6ffffff73ffff",2,3.34,,10,20.93,76.64,,0.00,,0,13,0,0,,,-1.00,-0.93,-1.00,-0.71,-0.29,0.24
2024-10-14T23:17:36Z,"0002cc0100000eb0","3654386910f935690a14eac3c9000000000d00000000ffffffffffffffffffff",2,3.34,,10,20.91,76.48,,0.00,,0,13,0,0,,,,-1.00,-1.00,-1.00,-1.00,-1.00
2024-10-14T23:23:31Z,"0002cc0100000eb0","3654386a73f935400a14eec377000000000d00000000fcced610f4e6eeeeec7c",2,3.33,,10,20.93,76.35,,0.00,,0,13,0,0,,,,-0.14,-0.22,-0.31,-0.02,-0.60
2024-10-14T23:29:27Z,"0002cc0100000eb0","3654386bd7f935690a14fcc50f000000000d0000000074ab7cd7741a7c4877f6",2,3.34,,10,20.98,76.98,,0.00,,0,13,0,0,,,,0.50,0.54,0.26,0.60,0.29
2024-10-14T23:35:23Z,"0002cc0100000eb0","3654386d3bf935690a14f5c477000000000d0000000074e0748f77cbe4daf4f4",2,3.34,,10,20.95,76.75,,0.00,,0,13,0,0,,,,-0.31,-0.08,0.49,0.28,0.30
2024-10-14T23:41:19Z,"0002cc0100000eb0","3654386e9ff2020402001500c447000000000d00000000d5c8fef4ee0f7cde749f76f6",2,,2.4.2.0,,21.00,76.67,,0.00,,0,13,0,0,,,0.44,0.29,0.61,-0.19,-0.87,-0.02
2024-10-14T23:47:15Z,"0002cc0100000eb0","3654387003f9356d0a1507c516000000000e010000007dcc6feb7c367c5c7c35",2,3.34,,10,21.03,76.99,,0.00,,1,14,0,0,,,,0.53,0.54,0.53,0.25,0.72
2024-10-14T23:53:11Z,"0002cc0100000eb0","3654387167f935690a1512c5af000000000e0000000067bc7d5a771477f17c9b",2,3.34,,10,21.07,77.22,,0.00,,0,14,0,0,,,,0.58,0.50,0.44,0.67,0.12
2024-10-14T23:59:07Z,"0002cc0100000eb0","36543872cbf935710a1519c5c3000000000e000000007c6f769d7c507547760b6c31",2,3.34,,10,21.10,77.25,,0.00,,0,14,0,0,,,0.13,0.38,0.33,0.54,0.41,0.55
