Time,DevEUI,Raw,Port,Vbat,Version,BootCount,T,RH,P,Light,CO2,P[0].delta,P[0].total,P[1].delta,P[1].total,Act[7],Act[6],Act[5],Act[4],Act[3],Act[2],Act[1],Act[0]
2024-10-26T00:03:07Z,"0002cc0100000eb0","365446f43bf9357113153ecf24392ed0029e00000000ffffff57f4d5fe5ff7a8",2,3.34,,19,21.24,80.92,,0.02,,0,670,0,0,,,,-0.48,-0.80,-0.30,-0.92,-1.00
2024-10-26T00:09:03Z,"0002cc0100000eb0","365446f59ff93565131533cec9000000029e00000000ff8dfffffffffe3bffffffff",2,3.34,,19,21.20,80.78,,0.00,,0,670,0,0,,,-1.00,-1.00,-0.78,-1.00,-1.00,-0.94
2024-10-26T00:14:59Z,"0002cc0100000eb0","365446f703f9355d131536cf1800000002a002000000fffffd87fffffeed6d8b",2,3.34,,19,21.21,80.90,,0.00,,2,672,0,0,,,,0.17,-0.87,-1.00,-0.69,-1.00
2024-10-26T00:20:55Z,"0002cc0100000eb0","365446f867f93569131533cf4100000002a000000000e47efd6efd4eef32e495",2,3.34,,19,21.20,80.96,,0.00,,0,672,0,0,,,,-0.07,-0.22,-0.66,-0.68,-0.07
2024-10-26T00:26:51Z,"0002cc0100000eb0","365446f9cbf9357113153ad02c00000002a101000000cdce6dc475eb7d507ca8",2,3.34,,19,21.22,81.32,,0.00,,1,673,0,0,,,,0.58,0.66,0.37,0.18,-0.01
2024-10-26T00:32:47Z,"0002cc0100000eb0","365446fb2ff93569131549d09a00000002a403000000dd40fc7bbe56eeff74e1",2,3.34,,19,21.28,81.49,,0.00,,3,676,0,0,,,,0.30,-0.22,-0.00,-0.56,-0.04
2024-10-26T00:38:43Z,"0002cc0100000eb0","365446fc93f9356d131557d0b200000002a50100000076227c727d27eed96e527c22",2,3.34,,19,21.34,81.52,,0.00,,1,677,0,0,,,0.52,0.20,-0.21,0.64,0.56,0.38
2024-10-26T00:44:39Z,"0002cc0100000eb0","365446fdf7f2020402001566d0df00000002a6010000007c8d6f957d35747d7702",2,,2.4.2.0,,21.40,81.59,,0.00,,1,678,0,0,,,,0.44,0.28,0.65,0.24,0.57
2024-10-26T00:50:35Z,"0002cc0100000eb0","365446ff5bf93569131577d1b100000002a600000000652cec247c917c27cf5bd79b",2,3.34,,19,21.46,81.91,,0.00,,0,678,0,0,,,-0.03,-0.01,0.52,0.57,-0.13,0.08
2024-10-26T00:56:31Z,"0002cc0100000eb0","36544700bff93569131577d10f00000002a90300000077267cceefd1f451f6dd",2,3.34,,19,21.46,81.66,,0.00,,3,681,0,0,,,,-0.43,-0.27,-0.24,0.60,0.45
2024-10-26T01:02:27Z,"0002cc0100000eb0","3654470223f93571131574d0aa00000002aa01000000ff4966327cc96e307ccc",2,3.34,,19,21.45,81.51,,0.00,,1,682,0,0,,,,0.60,0.19,0.60,0.10,-0.91
2024-10-26T01:08:23Z,"0002cc0100000eb0","3654470387f9356d13157bd16d00000002ab010000007d0f771ef5d87c8474f76e4c",2,3.34,,19,21.48,81.81,,0.00,,1,683,0,0,,,0.20,0.31,0.56,-0.37,0.44,0.63
2024-10-26T01:14:19Z,"0002cc0100000eb0","36544704ebf9356913157fd0e300000002ab000000007c557c147d907dc077a1",2,3.34,,19,21.49,81.60,,0.00,,0,683,0,0,,,,0.48,0.72,0.70,0.51,0.54
2024-10-26T01:20:14Z,"0002cc0100000eb0","365447064ef93569131582d10100000002ac010000007d1afd3f7c5574387dac",2,3.34,,19,21.51,81.64,,0.00,,1,684,0,0,,,,0.71,0.26,0.54,-0.66,0.64
2024-10-26T01:26:10Z,"0002cc0100000eb0","36544707b2f93561131586d19f00000002ad01000000f7a4742fd5a87d0c7d426cbe",2,3.34,,19,21.52,81.88,,0.00,,1,685,0,0,,,0.15,0.66,0.63,-0.02,0.26,-0.48
2024-10-26T01:32:06Z,"0002cc0100000eb0","3654470916f93569131591d32300000002ae010000007e447ccd7da87ca0fd1b",2,3.34,,19,21.56,82.48,,0.00,,1,686,0,0,,,,-0.64,0.58,0.71,0.60,0.78
2024-10-26T01:38:02Z,"0002cc0100000eb0","3654470a7af93565131598d33d00000002af01000000fc437ca06f68774276cf",2,3.34,,19,21.59,82.52,,0.00,,1,687,0,0,,,,0.43,0.45,0.23,0.58,-0.53
2024-10-26T01:43:58Z,"0002cc0100000eb0","3654470bdef9357113159cd28700000002b102000000fe637d9475c5ed1ae4456fdd",2,3.34,,19,21.61,82.24,,0.00,,2,689,0,0,,,0.25,-0.07,-0.16,0.36,0.70,-0.80
2024-10-26T01:49:54Z,"0002cc0100000eb0","3654470d42f93569131591d15800000002b1000000005404ddef6d4a76be7df0",2,3.34,,19,21.56,81.78,,0.00,,0,689,0,0,,,,0.74,0.42,0.17,-0.05,0.02
2024-10-26T01:55:50Z,"0002cc0100000eb0","3654470ea6f935691315a7d2ec00000002b3020000007d3d773b7c46fd36f5d7fd29",2,3.34,,19,21.65,82.39,,0.00,,2,691,0,0,,,-0.65,-0.36,-0.65,0.53,0.45,0.66
2024-10-26T02:01:46Z,"0002cc0100000eb0","365447100af9356d13158dd15d00000002b300000000ff6bf6b92ed1ec227c13",2,3.34,,19,21.55,81.78,,0.00,,0,691,0,0,,,,0.51,-0.13,0.00,-0.42,-0.93
2024-10-26T02:07:42Z,"0002cc0100000eb0","365447116ef93569131582d16400000002b3000000007c597c79f6cde78464a5",2,3.34,,19,21.51,81.79,,0.00,,0,691,0,0,,,,0.07,-0.12,-0.43,0.56,0.54
2024-10-26T02:13:38Z,"0002cc0100000eb0","36544712d2f93571131574d0c500000002b30000000064cffe7df614f7f4f515",2,3.34,,19,21.45,81.55,,0.00,,0,691,0,0,,,,-0.32,-0.50,-0.38,-0.81,0.08
2024-10-26T02:19:34Z,"0002cc0100000eb0","3654471436f9356913155ed08c00000002b300000000fe55ff9bff5afe79ffff",2,3.34,,19,21.37,81.46,,0.00,,0,691,0,0,,,,-1.00,-0.81,-0.92,-0.95,-0.79
2024-10-26T02:25:30Z,"0002cc0100000eb0","365447159af93569131549d02300000002b300000000fe1ff598f622ffffffffffff",2,3.34,,19,21.28,81.30,,0.00,,0,691,0,0,,,-1.00,-1.00,-1.00,-0.38,-0.35,-0.77
2024-10-26T02:31:26Z,"0002cc0100000eb0","36544716fef93571131545cf6200000002b300000000fea7ff44fffdffffff9a",2,3.34,,19,21.27,81.01,,0.00,,0,691,0,0,,,,-0.95,-1.00,-1.00,-0.91,-0.83
2024-10-26T02:37:22Z,"0002cc0100000eb0","3654471862f9356d131536ce7000000002b300000000ff33fc4bfff4ffffffff",2,3.34,,19,21.21,80.64,,0.00,,0,691,0,0,,,,-1.00,-1.00,-0.99,-0.54,-0.90
2024-10-26T02:43:18Z,"0002cc0100000eb0","36544719c6f9356913152bcd9e00000002b300000000fe0dfffffffffcb9ffff",2,3.34,,19,21.17,80.32,,0.00,,0,691,0,0,,,,-1.00,-0.59,-1.00,-1.00,-0.76
2024-10-26T02:49:14Z,"0002cc0100000eb0","3654471b2af93579131524cd4c00000002b300000000fffffffffffffffff499",2,3.34,,19,21.14,80.20,,0.00,,0,691,0,0,,,,-0.29,-1.00,-1.00,-1.00,-1.00
2024-10-26T02:55:09Z,"0002cc0100000eb0","3654471c8df93571131524cb7e00000002b300000000fd5d5c80fc26f63cf6cb",2,3.34,,19,21.14,79.49,,0.00,,0,691,0,0,,,,-0.42,-0.39,-0.52,0.04,-0.67
2024-10-26T03:01:02Z,"0002cc0100000eb0","3654471deef9356d131521cabe00000002b300000000fd5afd46bfcfe7f6ed27",3,3.34,,19,21.13,79.20,,0.00,,0,691,0,0,,,,-0.16,-0.12,-0.00,-0.66,-0.67
2024-10-26T03:06:58Z,"0002cc0100000eb0","3654471f52f93569131521ca4000000002b4010000007c7b7c6d77b67679f7f97c63",2,3.34,,19,21.13,79.01,,0.00,,1,692,0,0,,,0.55,-0.50,0.40,0.48,0.55,0.56
2024-10-26T03:12:54Z,"0002cc0100000eb0","36544720b6f93579131524c92900000002b50100000074376753e4b8ffecfdd7",2,3.34,,19,21.14,78.58,,0.00,,1,693,0,0,,,,-0.73,-0.99,-0.07,0.11,0.26
2024-10-26T03:18:50Z,"0002cc0100000eb0","365447221af93571131519c86400000002b500000000fffffebeffe4ffffffff",2,3.34,,19,21.10,78.28,,0.00,,0,693,0,0,,,,-1.00,-1.00,-0.99,-0.84,-1.00
2024-10-26T03:24:46Z,"0002cc0100000eb0","365447237ef9356d131512c7d300000002b500000000fffffdd3ffffffffff87",2,3.34,,19,21.07,78.06,,0.00,,0,693,0,0,,,,-0.94,-1.00,-1.00,-0.73,-1.00
2024-10-26T03:30:42Z,"0002cc0100000eb0","36544724e2f93569131507c73a00000002b500000000ffffffc6fffffe09ffffffff",2,3.34,,19,21.03,77.82,,0.00,,0,693,0,0,,,-1.00,-1.00,-0.75,-1.00,-0.97,-1.00
2024-10-26T03:36:38Z,"0002cc0100000eb0","3654472646f93569131500c6da00000002b500000000fef1ffdefe6efffffdf7",2,3.34,,19,21.00,77.68,,0.00,,0,693,0,0,,,,-0.75,-1.00,-0.80,-0.98,-0.87
2024-10-26T03:42:34Z,"0002cc0100000eb0","36544727aaf9356d131503c66c00000002b500000000fffffee4f632febc6fbe7448",2,3.34,,19,21.01,77.51,,0.00,,0,693,0,0,,,0.27,0.24,-0.84,-0.39,-0.86,-1.00
2024-10-26T03:48:30Z,"0002cc0100000eb0","365447290ef935751314fcc59c00000002b500000000fcecfec4ff92ffffffaf",2,3.34,,19,20.98,77.19,,0.00,,0,693,0,0,,,,-0.96,-1.00,-0.95,-0.85,-0.62
2024-10-26T03:54:26Z,"0002cc0100000eb0","3654472a72f935691314f8c52200000002b500000000ffffffafff22ffffffa6ffff",2,3.34,,19,20.97,77.01,,0.00,,0,693,0,0,,,-1.00,-0.96,-1.00,-0.89,-0.96,-1.00
2024-10-26T04:00:22Z,"0002cc0100000eb0","3654472bd6f9356d1314f8c65600000002b500000000ec5aec8af52ee589eebf",2,3.34,,19,20.97,77.48,,0.00,,0,693,0,0,,,,-0.21,-0.09,-0.32,-0.14,-0.14
2024-10-26T04:06:18Z,"0002cc0100000eb0","3654472d3af93571131524c88100000002b8030000007ca97c4b75667d5cec49",2,3.34,,19,21.14,78.32,,0.00,,3,696,0,0,,,,-0.13,0.67,0.34,0.54,0.58
2024-10-26T04:12:14Z,"0002cc0100000eb0","3654472e9ef93571131527c7d300000002bb03000000748f742e7620f476fd99774a",2,3.34,,19,21.15,78.06,,0.00,,3,699,0,0,,,0.46,-0.70,-0.28,0.38,0.26,0.28
2024-10-26T04:18:10Z,"0002cc0100000eb0","3654473002f9356913153eca0d00000002bc01000000552e66286504ffff7660",2,3.34,,19,21.24,78.93,,0.00,,1,700,0,0,,,,0.40,-1.00,0.08,0.10,0.02
2024-10-26T04:24:06Z,"0002cc0100000eb0","3654473166f9356d131545c78c00000002bc00000000f4f7e4fc74726c5f7ca0",2,3.34,,19,21.27,77.95,,0.00,,0,700,0,0,,,,0.58,0.14,0.28,-0.08,-0.31
2024-10-26T04:30:02Z,"0002cc0100000eb0","36544732caf9356913154cc99800000002be020000007657f434f4556eac7c077dd1",2,3.34,,19,21.30,78.75,,0.00,,2,702,0,0,,,0.73,0.50,0.21,-0.27,-0.26,0.40
2024-10-26T04:35:57Z,"0002cc0100000eb0","365447342df93571131550c8b200000002c002000000ee187d657595fc52ffa1",2,3.34,,19,21.31,78.40,,0.00,,2,704,0,0,,,,-0.95,-0.54,0.35,0.67,-0.19
2024-10-26T04:41:53Z,"0002cc0100000eb0","3654473591f93569131550c82700000002c101000000edd17e1a568bef776e07",2,3.34,,19,21.31,78.19,,0.00,,1,705,0,0,,,,0.19,-0.23,0.03,0.76,-0.18
2024-10-26T04:47:49Z,"0002cc0100000eb0","36544736f5f2020402001550c75900000002c302000000f6ccf4ffee9f75fd67296ebd",2,,2.4.2.0,,21.31,77.87,,0.00,,2,707,0,0,,,0.21,0.11,0.37,-0.21,-0.31,-0.42
2024-10-26T04:53:45Z,"0002cc0100000eb0","3654473859f93571131553c7b000000002c4010000006d73efc476ea76637470",2,3.34,,19,21.32,78.00,,0.00,,1,708,0,0,,,,0.28,0.40,0.43,-0.24,0.17
2024-10-26T04:59:41Z,"0002cc0100000eb0","36544739bdf93565131549c6c200000002c501000000f6f6e74c6c5f7c6b7713770f",2,3.34,,19,21.28,77.64,,0.00,,1,709,0,0,,,0.44,0.44,0.55,0.14,-0.11,-0.44
2024-10-26T05:05:37Z,"0002cc0100000eb0","3654473b21f9357113153ec49800000002c500000000778f4cafd5a5ffa8eff6",2,3.34,,19,21.24,76.80,,0.00,,0,709,0,0,,,,-0.25,-0.96,-0.02,0.01,0.47
2024-10-26T05:11:33Z,"0002cc0100000eb0","3654473c85f9356913152bc46800000002c6010000007d7f7cd8766175a87d8b",2,3.34,,19,21.17,76.72,,0.00,,1,710,0,0,,,,0.69,0.35,0.40,0.61,0.69
2024-10-26T05:17:29Z,"0002cc0100000eb0","3654473de9f93569131533c42800000002c8020000007c9776eb6f3dfc0ad7c6",2,3.34,,19,21.20,76.62,,0.00,,2,712,0,0,,,,-0.03,-0.50,0.23,0.43,0.57
2024-10-26T05:23:25Z,"0002cc0100000eb0","3654473f4df93571131530c2f700000002c8000000007c297d6574e57c8a5fd9fc25",2,3.34,,19,21.18,76.16,,0.00,,0,712,0,0,,,-0.52,0.06,0.57,0.31,0.67,0.52
2024-10-26T05:29:21Z,"0002cc0100000eb0","36544740b1f93579131519c29d00000002c800000000fffffd35fe06ffbdfd80",2,3.34,,19,21.10,76.02,,0.00,,0,712,0,0,,,,-0.69,-0.97,-0.75,-0.65,-1.00
2024-10-26T05:35:17Z,"0002cc0100000eb0","3654474215f9357113150ec2b800000002c800000000ff2cfdadffffffffffffffff",2,3.34,,19,21.05,76.06,,0.00,,0,712,0,0,,,-1.00,-1.00,-1.00,-1.00,-0.71,-0.90
2024-10-26T05:41:13Z,"0002cc0100000eb0","3654474379f93561131507c24500000002c800000000ffffffffffa7fff1ffbc",2,3.34,,19,21.03,75.89,,0.00,,0,712,0,0,,,,-0.97,-0.99,-0.96,-1.00,-1.00
2024-10-26T05:47:09Z,"0002cc0100000eb0","36544744ddf9356d131500c21600000002c800000000ffffff53ffb7ffffffff",2,3.34,,19,21.00,75.82,,0.00,,0,712,0,0,,,,-1.00,-1.00,-0.96,-0.92,-1.00
2024-10-26T05:53:05Z,"0002cc0100000eb0","3654474641f935651314f5c19800000002c800000000fffffffffffffffffe9d",2,3.34,,19,20.95,75.62,,0.00,,0,712,0,0,,,,-0.83,-1.00,-1.00,-1.00,-1.00
2024-10-26T05:59:01Z,"0002cc0100000eb0","36544747a5f935791314f1c15000000002c800000000ffffffd4ffffff8effff",2,3.34,,19,20.94,75.51,,0.00,,0,712,0,0,,,,-1.00,-0.94,-1.00,-0.98,-1.00
2024-10-26T06:04:57Z,"0002cc0100000eb0","3654474909f935751314e6c14900000002c800000000ffffffffffffff8cfffffe24",2,3.34,,19,20.90,75.50,,0.00,,0,712,0,0,,,-0.77,-1.00,-0.94,-1.00,-1.00,-1.00
2024-10-26T06:10:52Z,"0002cc0100000eb0","3654474a6cf935691314e6c0f500000002c800000000fffffffffffbff2dffff",2,3.34,,19,20.90,75.37,,0.00,,0,712,0,0,,,,-1.00,-0.90,-1.00,-1.00,-1.00
2024-10-26T06:16:49Z,"0002cc0100000eb0","3654474bd1f935711314e6c0f500000002c800000000fffffdfdfffffcc7f6e3fd08",2,3.34,,19,20.90,75.37,,0.00,,0,712,0,0,,,-0.63,-0.43,-0.60,-1.00,-0.75,-1.00
2024-10-26T06:22:44Z,"0002cc0100000eb0","3654474d34f935651314eac0e900000002c800000000ff5aff7ffce6efa1fc24",2,3.34,,19,20.91,75.36,,0.00,,0,712,0,0,,,,-0.52,-0.24,-0.61,-0.94,-0.92
2024-10-26T06:28:40Z,"0002cc0100000eb0","3654474e98f935651314f1c3b100000002c9010000006580ec27ec7677ad5692640f",2,3.34,,19,20.94,76.44,,0.00,,1,713,0,0,,,0.06,0.03,0.48,-0.14,-0.13,0.09
2024-10-26T06:34:36Z,"0002cc0100000eb0","3654474ffcf93561131516c6b000000002cc030000007670e4cb752476ed7c276437",2,3.34,,19,21.08,77.61,,0.00,,3,716,0,0,,,0.07,0.52,0.43,0.32,-0.07,0.40
2024-10-26T06:40:32Z,"0002cc0100000eb0","3654475160f93565131536c89a00000002cc0000000076ce7c197cd074937c76",2,3.34,,19,21.21,78.36,,0.00,,0,716,0,0,,,,0.56,0.29,0.60,0.51,0.43
2024-10-26T06:46:28Z,"0002cc0100000eb0","36544752c4f93569131536c72000000002cf030000007c027495677efc797cc1",2,3.34,,19,21.21,77.78,,0.00,,3,719,0,0,,,,0.59,-0.56,0.12,0.29,0.50
2024-10-26T06:52:24Z,"0002cc0100000eb0","3654475428f93569131530c51300000002d102000000fd8a77c86e405f857dd37481",2,3.34,,19,21.18,76.98,,0.00,,2,721,0,0,,,0.28,0.73,0.06,0.20,0.49,-0.69
2024-10-26T06:58:20Z,"0002cc0100000eb0","365447558cf93569131530c55400000002d2010000006f0b769f7c60ed317cc8",2,3.34,,19,21.18,77.08,,0.00,,1,722,0,0,,,,0.60,-0.16,0.55,0.41,0.22
2024-10-26T07:04:16Z,"0002cc0100000eb0","36544756f0f93569131524c3b600000002d3010000007d2cfde37789672ef54c",2,3.34,,19,21.14,76.45,,0.00,,1,723,0,0,,,,-0.33,0.11,0.47,-0.74,0.65
2024-10-26T07:10:12Z,"0002cc0100000eb0","3654475854f93569131519c3cb00000002d3000000006d4d66c6f4067d9ee4bd7d48",2,3.34,,19,21.10,76.48,,0.00,,0,723,0,0,,,0.66,-0.07,0.70,-0.25,0.11,0.17
2024-10-26T07:16:08Z,"0002cc0100000eb0","36544759b8f9356d13150ec24900000002d3000000007d106c46ffffffffffff",2,3.34,,19,21.05,75.89,,0.00,,0,723,0,0,,,,-1.00,-1.00,-1.00,0.13,0.63
2024-10-26T07:22:04Z,"0002cc0100000eb0","3654475b1cf9356d131512c20c00000002d40100000074e37c9d77b87cc97daa",2,3.34,,19,21.07,75.80,,0.00,,1,724,0,0,,,,0.71,0.60,0.48,0.58,0.31
2024-10-26T07:28:00Z,"0002cc0100000eb0","3654475c80f93571131527c34800000002d40000000077a27e4f6f9efcc97c4b",2,3.34,,19,21.15,76.28,,0.00,,0,724,0,0,,,,0.54,-0.60,0.24,0.79,0.48
2024-10-26T07:33:56Z,"0002cc0100000eb0","3654475de4f9355d131524c40200000002d400000000fdf4f541cf6076857e2b7432",2,3.34,,19,21.14,76.57,,0.00,,0,724,0,0,,,0.26,0.77,0.41,-0.01,-0.33,-0.74
2024-10-26T07:39:52Z,"0002cc0100000eb0","3654475f48f9356513151cc18800000002d5010000007cec7d347e067d1b7c0c",2,3.34,,19,21.11,75.60,,0.00,,1,725,0,0,,,,0.51,0.64,0.75,0.65,0.62
2024-10-26T07:45:48Z,"0002cc0100000eb0","36544760acf9356913151cc45200000002d601000000775e7cee75547734758a",2,3.34,,19,21.11,76.69,,0.00,,1,726,0,0,,,,0.35,0.45,0.33,0.62,0.46
2024-10-26T07:51:44Z,"0002cc0100000eb0","3654476210f9356913151cc1cd00000002d7010000006dab7ce7d40e7d1377c07780",2,3.34,,19,21.11,75.70,,0.00,,1,727,0,0,,,0.47,0.48,0.63,-0.02,0.61,0.18
2024-10-26T07:57:39Z,"0002cc0100000eb0","3654476373f9356d131521c47f00000002d801000000dfd877465dee76d07466",2,3.34,,19,21.13,76.76,,0.00,,1,728,0,0,,,,0.27,0.43,0.05,0.45,-0.06
2024-10-26T08:03:35Z,"0002cc0100000eb0","36544764d7f93569131519c23400000002d800000000f63b7c42ecf265637d3edccc",2,3.34,,19,21.10,75.86,,0.00,,0,728,0,0,,,-0.04,0.66,0.08,-0.15,0.53,-0.39
2024-10-26T08:09:31Z,"0002cc0100000eb0","365447663bf93571131516c3d700000002d80000000077b07dfa7d187ca9654c",2,3.34,,19,21.08,76.50,,0.00,,0,728,0,0,,,,0.08,0.58,0.64,0.75,0.48
2024-10-26T08:15:27Z,"0002cc0100000eb0","365447679ff93579131521c48600000002db03000000f5b96d8a75aa6dcefc7d",2,3.34,,19,21.13,76.77,,0.00,,3,731,0,0,,,,-0.56,0.18,0.35,0.17,-0.36
2024-10-26T08:21:23Z,"0002cc0100000eb0","3654476903f93582131527c56400000002dc010000007dfc7e0675197cad67a7",2,3.34,,19,21.15,77.11,,0.00,,1,732,0,0,,,,0.12,0.58,0.32,0.75,0.75
2024-10-26T08:27:19Z,"0002cc0100000eb0","3654476a67f9356d131536c6b000000002dd010000007c82dd007d3276b37da2",2,3.34,,19,21.21,77.61,,0.00,,1,733,0,0,,,,0.70,0.42,0.65,-0.04,0.56
2024-10-26T08:33:15Z,"0002cc0100000eb0","3654476bcbf9357913152bc3c800000002dd00000000f6d3756374a07dbb7cb1",2,3.34,,19,21.17,76.48,,0.00,,0,733,0,0,,,,0.59,0.72,0.29,0.34,-0.43
2024-10-26T08:39:11Z,"0002cc0100000eb0","3654476d2ff9357113152bc35f00000002de010000007d6a6c4c7d917c2c6f76750b",2,3.34,,19,21.17,76.32,,0.00,,1,734,0,0,,,0.32,0.23,0.52,0.70,0.13,0.68
2024-10-26T08:45:07Z,"0002cc0100000eb0","3654476e93f9356d131524c27300000002e0020000007cdc545c7c2076eeefa4",2,3.34,,19,21.14,75.96,,0.00,,2,736,0,0,,,,-0.24,0.43,0.52,0.02,0.61
2024-10-26T08:51:03Z,"0002cc0100000eb0","3654476ff7f2020402001533c71d00000002e202000000ecad764c7c677c987c28",2,,2.4.2.0,,21.20,77.78,,0.00,,2,738,0,0,,,,0.52,0.57,0.55,0.39,-0.15
2024-10-26T08:56:59Z,"0002cc0100000eb0","365447715bf9356d131533c46d00000002e2000000007e5576876fe8771076e8",2,3.34,,19,21.20,76.73,,0.00,,0,738,0,0,,,,0.43,0.44,0.25,0.41,0.79
2024-10-26T09:02:55Z,"0002cc0100000eb0","36544772bff9355d131536c3d500000002e402000000f6bd6c6a6df26ed0f7d0",2,3.34,,19,21.21,76.50,,0.00,,2,740,0,0,,,,-0.49,0.21,0.19,0.14,-0.42
2024-10-26T09:08:51Z,"0002cc0100000eb0","3654477423f93569131530c1e600000002e4000000007c597e867c9c7cb16fc1",2,3.34,,19,21.18,75.74,,0.00,,0,740,0,0,,,,0.24,0.59,0.58,0.82,0.54
2024-10-26T09:14:47Z,"0002cc0100000eb0","3654477587f9356d13151cc14f00000002e4000000006c9a75b6ffa5ffffffffff1f",2,3.34,,19,21.11,75.51,,0.00,,0,740,0,0,,,-0.89,-1.00,-1.00,-0.96,0.36,0.14
2024-10-26T09:20:42Z,"0002cc0100000eb0","36544776eaf9356d131516c19100000002e501000000fefef426e6ef7c327666",2,3.34,,19,21.08,75.61,,0.00,,1,741,0,0,,,,0.40,0.52,-0.11,-0.26,-0.87
2024-10-26T09:26:38Z,"0002cc0100000eb0","365447784ef93569131524c3b600000002e702000000fd83ff086e095ec374c3",2,3.34,,19,21.14,76.45,,0.00,,2,743,0,0,,,,0.30,0.05,0.19,-0.88,-0.69
2024-10-26T09:32:34Z,"0002cc0100000eb0","36544779b2f9356913151cc15c00000002e700000000fffffe9e5406fffffffffe8e",2,3.34,,19,21.11,75.53,,0.00,,0,743,0,0,,,-0.82,-1.00,-1.00,0.02,-0.83,-1.00
2024-10-26T09:38:30Z,"0002cc0100000eb0","3654477b16f93569131524c47a00000002e700000000ffffeca77cab74c16c5e",2,3.34,,19,21.14,76.75,,0.00,,0,743,0,0,,,,0.14,0.30,0.58,-0.15,-1.00
2024-10-26T09:44:26Z,"0002cc0100000eb0","3654477c7af93575131527c31700000002e801000000fec46c4d75e8776ae5237e7d",2,3.34,,19,21.15,76.21,,0.00,,1,744,0,0,,,0.81,-0.08,0.46,0.37,0.13,-0.85
2024-10-26T09:50:22Z,"0002cc0100000eb0","3654477ddef93561131550c98c00000002e8000000007e0a7e477d7c7e7e7d20",2,3.34,,19,21.31,78.73,,0.00,,0,744,0,0,,,,0.64,0.81,0.69,0.78,0.76
2024-10-26T09:56:18Z,"0002cc0100000eb0","3654477f42f93579131557c60f00000002e80000000077f56f5dfeb7ff46ff57",2,3.34,,19,21.34,77.37,,0.00,,0,744,0,0,,,,-0.92,-0.91,-0.84,0.23,0.50
2024-10-26T10:02:14Z,"0002cc0100000eb0","36544780a6f93569131545c30e00000002e800000000fe94f6b3de08f42ffde3",2,3.34,,19,21.27,76.19,,0.00,,0,744,0,0,,,,-0.74,-0.26,-0.05,-0.42,-0.82
2024-10-26T10:08:10Z,"0002cc0100000eb0","365447820af93571131533c28200000002e8000000007d36754b6cd3f447ff6c",2,3.34,,19,21.20,75.98,,0.00,,0,744,0,0,,,,-0.93,-0.27,0.15,0.33,0.65
2024-10-26T10:14:06Z,"0002cc0100000eb0","365447836ef93569131524c1f500000002e800000000fee4f5046668ff6bffffffff",2,3.34,,19,21.14,75.77,,0.00,,0,744,0,0,,,-1.00,-1.00,-0.93,0.10,-0.31,-0.86
2024-10-26T10:20:02Z,"0002cc0100000eb0","36544784d2f9356d131519c13700000002e800000000ffffffffffffffffffff",2,3.34,,19,21.10,75.48,,0.00,,0,744,0,0,,,,-1.00,-1.00,-1.00,-1.00,-1.00
2024-10-26T10:25:58Z,"0002cc0100000eb0","3654478636f93565131507c0c300000002e800000000ffffffffffffffbaffff",2,3.34,,19,21.03,75.30,,0.00,,0,744,0,0,,,,-1.00,-0.97,-1.00,-1.00,-1.00
2024-10-26T10:31:54Z,"0002cc0100000eb0","365447879af935711314fcc06200000002e800000000ffffffffffffffdeffffffff",2,3.34,,19,20.98,75.15,,0.00,,0,744,0,0,,,-1.00,-1.00,-0.98,-1.00,-1.00,-1.00
2024-10-26T10:37:50Z,"0002cc0100000eb0","36544788fef9356d131500c03b00000002e800000000ffffffffffffffffffff",2,3.34,,19,21.00,75.09,,0.00,,0,744,0,0,,,,-1.00,-1.00,-1.00,-1.00,-1.00
2024-10-26T10:43:46Z,"0002cc0100000eb0","3654478a62f9356d1314f5bfed00000002e800000000ffffffffffffffb8fff7ffff",2,3.34,,19,20.95,74.97,,0.00,,0,744,0,0,,,-1.00,-1.00,-0.96,-1.00,-1.00,-1.00
2024-10-26T10:49:42Z,"0002cc0100000eb0","3654478bc6f935791314f1bfba00000002e800000000fffffe2affffffffffff",2,3.34,,19,20.94,74.89,,0.00,,0,744,0,0,,,,-1.00,-1.00,-1.00,-0.77,-1.00
2024-10-26T10:55:38Z,"0002cc0100000eb0","3654478d2af935711314eebf7800000002e800000000fffffffffff3fffffeaaffee",2,3.34,,19,20.93,74.79,,0.00,,0,744,0,0,,,-0.99,-0.83,-1.00,-0.99,-1.00,-1.00
2024-10-26T11:01:33Z,"0002cc0100000eb0","3654478e8df935651314eac0873d571202e901000000febafec6fd1afd87f718",2,3.34,,19,20.91,75.21,,0.34,,1,745,0,0,,,,-0.44,-0.69,-0.64,-0.85,-0.84
2024-10-26T11:07:30Z,"0002cc0100000eb0","3654478ff2f9356d1314f5c0bf3d84b502ea010000007c526ddce76fffffedaaee09",2,3.34,,19,20.95,75.29,,0.38,,1,746,0,0,,,-0.19,-0.18,-1.00,-0.12,0.18,0.54
2024-10-26T11:13:25Z,"0002cc0100000eb0","3654479155f9357d131512c2a63d8ab902ec020000005d376c0f6e02f49de689",2,3.34,,19,21.07,76.04,,0.39,,2,748,0,0,,,,-0.10,-0.29,0.19,0.13,0.04
2024-10-26T11:19:21Z,"0002cc0100000eb0","36544792b9f9356d131512c0363d423802ec00000000fcaf779576527c6cf520",2,3.34,,19,21.07,75.08,,0.31,,0,748,0,0,,,,-0.32,0.55,0.40,0.47,-0.59
2024-10-26T11:25:17Z,"0002cc0100000eb0","365447941df9356d131512bfe33d258002ec000000007ca07409f4907de2b4e275fb",2,3.34,,19,21.07,74.96,,0.29,,0,748,0,0,,,0.37,-0.00,0.74,-0.29,0.25,0.58
2024-10-26T11:31:13Z,"0002cc0100000eb0","3654479581f93569131519c3923d91da02ec0000000075af64d5efa3666976de",2,3.34,,19,21.10,76.40,,0.39,,0,748,0,0,,,,0.43,0.10,-0.24,0.08,0.36
2024-10-26T11:37:09Z,"0002cc0100000eb0","36544796e5f93565131527c3e93d571202ec000000007c5767fc753676ca7c23",2,3.34,,19,21.15,76.53,,0.34,,0,748,0,0,,,,0.52,0.42,0.33,0.12,0.54
2024-10-26T11:43:05Z,"0002cc0100000eb0","3654479849f93569131521c1e53d571202ec00000000ffffffffffffffccffffff89",2,3.34,,19,21.13,75.74,,0.34,,0,748,0,0,,,-0.94,-1.00,-0.97,-1.00,-1.00,-1.00
2024-10-26T11:49:01Z,"0002cc0100000eb0","36544799adf9357913150bc0c53d571202ec0000000076aafd72ffffffffffffffff",2,3.34,,19,21.04,75.30,,0.34,,0,748,0,0,,,-1.00,-1.00,-1.00,-1.00,-0.68,0.42
2024-10-26T11:54:57Z,"0002cc0100000eb0","3654479b11f93571131500c05d3d571202ec00000000ffffffffffffffffffff",2,3.34,,19,21.00,75.14,,0.34,,0,748,0,0,,,,-1.00,-1.00,-1.00,-1.00,-1.00
2024-10-26T12:00:53Z,"0002cc0100000eb0","3654479c75f935791314f5c02c3d571202ec00000000ffffffffffffffffffffffff",2,3.34,,19,20.95,75.07,,0.34,,0,748,0,0,,,-1.00,-1.00,-1.00,-1.00,-1.00,-1.00
2024-10-26T12:06:49Z,"0002cc0100000eb0","3654479dd9f9356d1314eebfff3d91da02ec00000000ffffffffffffffffffff",2,3.34,,19,20.93,75.00,,0.39,,0,748,0,0,,,,-1.00,-1.00,-1.00,-1.00,-1.00
2024-10-26T12:12:45Z,"0002cc0100000eb0","3654479f3df935711314eabfe73d571202ec00000000ffffffffffffffffffff",2,3.34,,19,20.91,74.96,,0.34,,0,748,0,0,,,,-1.00,-1.00,-1.00,-1.00,-1.00
2024-10-26T12:18:41Z,"0002cc0100000eb0","365447a0a1f935651314e6bfd73d571202ec00000000ffffffffffe0ffffffff",2,3.34,,19,20.90,74.94,,0.34,,0,748,0,0,,,,-1.00,-1.00,-0.98,-1.00,-1.00
2024-10-26T12:24:37Z,"0002cc0100000eb0","365447a205f935611314dcbfad3d571202ec00000000ffffffffffffffffffff",2,3.34,,19,20.86,74.87,,0.34,,0,748,0,0,,,,-1.00,-1.00,-1.00,-1.00,-1.00
2024-10-26T12:30:33Z,"0002cc0100000eb0","365447a369f935711314d8bf183d571202ec00000000fde8ffffff49ffd3ffff",2,3.34,,19,20.84,74.65,,0.34,,0,748,0,0,,,,-1.00,-0.98,-0.91,-1.00,-0.74
2024-10-26T12:36:29Z,"0002cc0100000eb0","365447a4cdf935751314dcbed33d571202ec00000000ffffffffffffff39ffffffff",2,3.34,,19,20.86,74.54,,0.34,,0,748,0,0,,,-1.00,-1.00,-0.90,-1.00,-1.00,-1.00
2024-10-26T12:42:25Z,"0002cc0100000eb0","365447a631f935791314d5be973d571202ec00000000ffffffffffffffa8ffeaff4f",2,3.34,,19,20.83,74.45,,0.34,,0,748,0,0,,,-0.91,-0.99,-0.96,-1.00,-1.00,-1.00
2024-10-26T12:48:21Z,"0002cc0100000eb0","365447a795f9356d1314d1be5d3d571202ec00000000ffffffffff2effffffff",2,3.34,,19,20.81,74.36,,0.34,,0,748,0,0,,,,-1.00,-1.00,-0.90,-1.00,-1.00
2024-10-26T12:54:17Z,"0002cc0100000eb0","365447a8f9f20204020014d5be2e3d149502ec00000000ffbffffffffffffffffffeb6",2,,2.4.2.0,,20.83,74.29,,0.27,,0,748,0,0,,,-0.84,-1.00,-1.00,-1.00,-1.00,-0.97
2024-10-26T13:00:13Z,"0002cc0100000eb0","365447aa5df935691314cdbddc3d571202ec00000000ffffffffffffffffffff",2,3.34,,19,20.80,74.16,,0.34,,0,748,0,0,,,,-1.00,-1.00,-1.00,-1.00,-1.00
2024-10-26T13:06:09Z,"0002cc0100000eb0","365447abc1f9356d1314d1bdc23de3eb02ec00000000fffffffffffffe64ff7c",2,3.34,,19,20.81,74.13,,0.47,,0,748,0,0,,,,-0.94,-0.80,-1.00,-1.00,-1.00
2024-10-26T13:12:05Z,"0002cc0100000eb0","365447ad25f935691314cdbd8e3d571202ec00000000ffffffffffffffffffff",2,3.34,,19,20.80,74.05,,0.34,,0,748,0,0,,,,-1.00,-1.00,-1.00,-1.00,-1.00
2024-10-26T13:18:01Z,"0002cc0100000eb0","365447ae89f935791314cdbd623d571202ec00000000ffffffffffffffffffff",2,3.34,,19,20.80,73.98,,0.34,,0,748,0,0,,,,-1.00,-1.00,-1.00,-1.00,-1.00
2024-10-26T13:23:57Z,"0002cc0100000eb0","365447afedf935691314cabd3d3d571202ec00000000ff48fffffffffc88fe66ffff",2,3.34,,19,20.79,73.92,,0.34,,0,748,0,0,,,-1.00,-0.80,-0.57,-1.00,-1.00,-0.91
2024-10-26T13:29:53Z,"0002cc0100000eb0","365447b151f935791314c6bcec3d571202ec00000000ffffffbcffffffffffff",2,3.34,,19,20.77,73.80,,0.34,,0,748,0,0,,,,-1.00,-1.00,-1.00,-0.97,-1.00
2024-10-26T13:35:49Z,"0002cc0100000eb0","365447b2b5f935691314cabc243d571202ec00000000ffffffffff21fffffc3e",2,3.34,,19,20.79,73.49,,0.34,,0,748,0,0,,,,-0.53,-1.00,-0.89,-1.00,-1.00
2024-10-26T13:41:45Z,"0002cc0100000eb0","365447b419f935611314cdbbd63d571202ec00000000ffff6e9bf65ffe23ff43feba",2,3.34,,19,20.80,73.37,,0.34,,0,748,0,0,,,-0.84,-0.91,-0.77,-0.40,0.21,-1.00
2024-10-26T13:47:40Z,"0002cc0100000eb0","365447b57cf935791314c6bbcc3d571202ec00000000ff6efeadffffffffff11",2,3.34,,19,20.77,73.36,,0.34,,0,748,0,0,,,,-0.88,-1.00,-1.00,-0.83,-0.93
2024-10-26T13:53:37Z,"0002cc0100000eb0","365447b6e1f9356d1314c2bba63d571202ec00000000fffffe5efff0ffffffffff40",2,3.34,,19,20.76,73.30,,0.34,,0,748,0,0,,,-0.91,-1.00,-1.00,-0.99,-0.80,-1.00
2024-10-26T13:59:33Z,"0002cc0100000eb0","365447b845f9356d1314cdbbed3d423802ec00000000ffe2ffffffffffcdffff",2,3.34,,19,20.80,73.41,,0.31,,0,748,0,0,,,,-1.00,-0.98,-1.00,-1.00,-0.99
2024-10-26T14:05:28Z,"0002cc0100000eb0","365447b9a8f935691314cabbb83d423802ec00000000ffffff85ffffffffffff",2,3.34,,19,20.79,73.33,,0.31,,0,748,0,0,,,,-1.00,-1.00,-1.00,-0.94,-1.00
2024-10-26T14:11:24Z,"0002cc0100000eb0","365447bb0cf935691314cdbc603befb902ed01000000fedcf5516c9ef7bfe693",2,3.34,,19,20.80,73.59,,0.12,,1,749,0,0,,,,-0.10,-0.48,0.14,-0.33,-0.86
2024-10-26T14:17:20Z,"0002cc0100000eb0","365447bc70f935691314d8bb873d149502ed0000000075b2f56efea667fa57f1",2,3.34,,19,20.84,73.25,,0.27,,0,749,0,0,,,,0.03,0.12,-0.83,-0.34,0.36
2024-10-26T14:23:16Z,"0002cc0100000eb0","365447bdd4f935691314e3bc083d571202ed00000000fda3f4a3775d6f30761d",2,3.34,,19,20.89,73.45,,0.34,,0,749,0,0,,,,0.38,0.22,0.46,-0.29,-0.70
2024-10-26T14:29:12Z,"0002cc0100000eb0","365447bf38f935651314e3bb393d91da02ed00000000d6497417eeaacceeff64ff74",2,3.34,,19,20.89,73.13,,0.39,,0,749,0,0,,,-0.93,-0.92,-0.01,-0.21,0.26,-0.02
2024-10-26T14:35:08Z,"0002cc0100000eb0","365447c09cf935711314d8ba593d9d7f02ed00000000fe16ffffffabffc1fec3",2,3.34,,19,20.84,72.79,,0.40,,0,749,0,0,,,,-0.85,-0.97,-0.96,-1.00,-0.76
2024-10-26T14:41:04Z,"0002cc0100000eb0","365447c200f935691314d5ba1f3d423802ed00000000ffffffffffffffffffff",2,3.34,,19,20.83,72.70,,0.31,,0,749,0,0,,,,-1.00,-1.00,-1.00,-1.00,-1.00
2024-10-26T14:47:00Z,"0002cc0100000eb0","365447c364f935691314cdb9c93d571202ed00000000ffffff85ffdaff58ffffffff",2,3.34,,19,20.80,72.57,,0.34,,0,749,0,0,,,-1.00,-1.00,-0.92,-0.98,-0.94,-1.00
2024-10-26T14:52:56Z,"0002cc0100000eb0","365447c4c8f9356d1314cab98f3d84b502ed00000000fffffffffffffeaeffff",2,3.34,,19,20.79,72.48,,0.38,,0,749,0,0,,,,-1.00,-0.83,-1.00,-1.00,-1.00
2024-10-26T14:58:52Z,"0002cc0100000eb0","365447c62cf935791314cdb9423d423802ed00000000ffffffffffffffffffff",2,3.34,,19,20.80,72.37,,0.31,,0,749,0,0,,,,-1.00,-1.00,-1.00,-1.00,-1.00
2024-10-26T15:04:48Z,"0002cc0100000eb0","365447c790f935791314c2b9093d423802ed00000000ffffffffffffffffffff",2,3.34,,19,20.76,72.28,,0.31,,0,749,0,0,,,,-1.00,-1.00,-1.00,-1.00,-1.00
2024-10-26T15:10:44Z,"0002cc0100000eb0","365447c8f4f935691314bfb9153d423802ed00000000fffffffffffffe85ffffff72",2,3.34,,19,20.74,72.30,,0.31,,0,749,0,0,,,-0.93,-1.00,-0.81,-1.00,-1.00,-1.00
2024-10-26T15:16:40Z,"0002cc0100000eb0","365447ca58f935711314b8b8bb3d9da602ed00000000fffffffffffffef4ffff",2,3.34,,19,20.72,72.16,,0.40,,0,749,0,0,,,,-1.00,-0.87,-1.00,-1.00,-1.00
2024-10-26T15:22:36Z,"0002cc0100000eb0","365447cbbcf9356d1314c6b8d93d84b502ed00000000ff05ffffffffffffffff",2,3.34,,19,20.77,72.21,,0.38,,0,749,0,0,,,,-1.00,-1.00,-1.00,-1.00,-0.88
2024-10-26T15:28:26Z,"0002cc0100000eb0","365447cd1af935691314c2b8c13d423802ed00000000ffffffffffffffffffff",3,3.34,,19,20.76,72.17,,0.31,,0,749,0,0,,,,-1.00,-1.00,-1.00,-1.00,-1.00
2024-10-26T15:34:22Z,"0002cc0100000eb0","365447ce7ef935711314bfb8a23d5b0202ed00000000ffffffffff8effffffffffff",2,3.34,,19,20.74,72.12,,0.34,,0,749,0,0,,,-1.00,-1.00,-1.00,-0.94,-1.00,-1.00
2024-10-26T15:40:18Z,"0002cc0100000eb0","365447cfe2f935691314bbb8913d5b0202ed00000000ffffffffffffffffffacffff",2,3.34,,19,20.73,72.10,,0.34,,0,749,0,0,,,-1.00,-0.96,-1.00,-1.00,-1.00,-1.00
2024-10-26T15:46:14Z,"0002cc0100000eb0","365447d146f935711314c2b8793dbc5e02ed00000000ffffff2cff8ffdb8ffff",2,3.34,,19,20.76,72.06,,0.43,,0,749,0,0,,,,-1.00,-0.72,-0.94,-0.90,-1.00
2024-10-26T15:52:10Z,"0002cc0100000eb0","365447d2aaf935691314bfb8543dbc5e02ed00000000fffffe14ffffffffffff",2,3.34,,19,20.74,72.00,,0.43,,0,749,0,0,,,,-1.00,-1.00,-1.00,-0.76,-1.00
2024-10-26T15:58:06Z,"0002cc0100000eb0","365447d40ef935691314bfb8453d5b0202ed00000000ffffffdaffffffffffffffff",2,3.34,,19,20.74,71.98,,0.34,,0,749,0,0,,,-1.00,-1.00,-1.00,-1.00,-0.98,-1.00
2024-10-26T16:04:02Z,"0002cc0100000eb0","365447d572f9356d1314bbb7df3c8c9402ed00000000fffffffffffffd5df5c1",2,3.34,,19,20.73,71.83,,0.19,,0,749,0,0,,,,-0.36,-0.67,-1.00,-1.00,-1.00
2024-10-26T16:09:57Z,"0002cc0100000eb0","365447d6d5f935791314dcb6653b392c02ee010000007d5e7c876f0f7ddd7c6f",2,3.34,,19,20.86,71.25,,0.08,,1,750,0,0,,,,0.55,0.73,0.22,0.57,0.67
2024-10-26T16:15:54Z,"0002cc0100000eb0","365447d83af9356d1314eeb7563df9d002f002000000f7b077a67425f4c16cb9ffff",2,3.34,,19,20.93,71.62,,0.49,,2,752,0,0,,,-1.00,0.15,-0.30,0.26,0.48,-0.48
2024-10-26T16:21:49Z,"0002cc0100000eb0","365447d99df9356d1314f8b81e3dcf4b02f0000000006e536cf47c31f7ebffff",2,3.34,,19,20.97,71.92,,0.45,,0,752,0,0,,,,-1.00,-0.49,0.52,0.15,0.20
2024-10-26T16:27:45Z,"0002cc0100000eb0","365447db01f935711314eeb7c23d88a502f000000000fd17eedcfd31fe9cffffffff",2,3.34,,19,20.93,71.78,,0.38,,0,752,0,0,,,-1.00,-1.00,-0.83,-0.65,-0.21,-0.64
2024-10-26T16:33:41Z,"0002cc0100000eb0","365447dc65f9356d1314e3b7893d88a502f000000000ffa9ffe9ffd4ffffffff",2,3.34,,19,20.89,71.69,,0.38,,0,752,0,0,,,,-1.00,-1.00,-0.98,-0.99,-0.96
2024-10-26T16:39:37Z,"0002cc0100000eb0","365447ddc9f935711314dcb7a33db09302f000000000ffffffe6ffffffffffff",2,3.34,,19,20.86,71.73,,0.42,,0,752,0,0,,,,-1.00,-1.00,-1.00,-0.99,-1.00
2024-10-26T16:45:33Z,"0002cc0100000eb0","365447df2df9356d1314d8b7a03d6fdb02f000000000ffffffffffffffffffff",2,3.34,,19,20.84,71.73,,0.36,,0,752,0,0,,,,-1.00,-1.00,-1.00,-1.00,-1.00
2024-10-26T16:51:29Z,"0002cc0100000eb0","365447e091f9356d1314d1b7863d6fdb02f000000000ff35ffffffffffffffff",2,3.34,,19,20.81,71.69,,0.36,,0,752,0,0,,,,-1.00,-1.00,-1.00,-1.00,-0.90
2024-10-26T16:57:25Z,"0002cc0100000eb0","365447e1f5f20204020014cdb7be3d6fdb02f000000000ffffffffffffffefffffffff",2,,2.4.2.0,,20.80,71.78,,0.36,,0,752,0,0,,,-1.00,-1.00,-0.99,-1.00,-1.00,-1.00
2024-10-26T17:03:21Z,"0002cc0100000eb0","365447e359f9356d1314cdb78b3db09302f000000000ffffffffffffffffffdb",2,3.34,,19,20.80,71.70,,0.42,,0,752,0,0,,,,-0.98,-1.00,-1.00,-1.00,-1.00
2024-10-26T17:09:17Z,"0002cc0100000eb0","365447e4bdf9356d1314d1b78c3d6fdb02f000000000ffffffffffffffffffffffff",2,3.34,,19,20.81,71.70,,0.36,,0,752,0,0,,,-1.00,-1.00,-1.00,-1.00,-1.00,-1.00
2024-10-26T17:15:13Z,"0002cc0100000eb0","365447e621f935691314cab75e3db09302f000000000ffffff84ffffffffffffffe4",2,3.34,,19,20.79,71.63,,0.42,,0,752,0,0,,,-0.99,-1.00,-1.00,-1.00,-0.94,-1.00
2024-10-26T17:21:09Z,"0002cc0100000eb0","365447e785f935791314c6b7803d6fdb02f000000000ffffffedffffffffffd5",2,3.34,,19,20.77,71.68,,0.36,,0,752,0,0,,,,-0.98,-1.00,-1.00,-0.99,-1.00
2024-10-26T17:27:05Z,"0002cc0100000eb0","365447e8e9f935611314cab77c3d6fdb02f000000000ffffffffffffffffffff",2,3.34,,19,20.79,71.67,,0.36,,0,752,0,0,,,,-1.00,-1.00,-1.00,-1.00,-1.00
2024-10-26T17:33:01Z,"0002cc0100000eb0","365447ea4df935691314c2b75b3d6fdb02f000000000ffffffffffffffffffffffff",2,3.34,,19,20.76,71.62,,0.36,,0,752,0,0,,,-1.00,-1.00,-1.00,-1.00,-1.00,-1.00
2024-10-26T17:38:57Z,"0002cc0100000eb0","365447ebb1f935791314c6b76a3d6fdb02f000000000ffffffffffffffffffff",2,3.34,,19,20.77,71.65,,0.36,,0,752,0,0,,,,-1.00,-1.00,-1.00,-1.00,-1.00
2024-10-26T17:44:53Z,"0002cc0100000eb0","365447ed15f935651314c6b94d3d6fdb02f000000000ffffffffffffff9fffffff70",2,3.34,,19,20.77,72.38,,0.36,,0,752,0,0,,,-0.93,-1.00,-0.95,-1.00,-1.00,-1.00
2024-10-26T17:50:49Z,"0002cc0100000eb0","365447ee79f935691314dcbe403db09302f000000000ffa9ffa3f5cb75b1d5df",2,3.34,,19,20.86,74.32,,0.42,,0,752,0,0,,,,-0.02,0.36,-0.36,-0.95,-0.96
2024-10-26T17:56:45Z,"0002cc0100000eb0","365447efddf9356d1314eabf693d6fdb02f1010000007415f613fe54ff90fc30ff03",2,3.34,,19,20.91,74.77,,0.36,,1,753,0,0,,,-0.88,-0.52,-0.95,-0.79,-0.38,0.26
2024-10-26T18:02:41Z,"0002cc0100000eb0","365447f141f9356d131503c2493db09302f100000000f7a3fcb8757df74e6522",2,3.34,,19,21.01,75.89,,0.42,,0,753,0,0,,,,0.08,-0.46,0.34,-0.59,-0.48
2024-10-26T18:08:37Z,"0002cc0100000eb0","365447f2a5f9357113150ec2c13d6fdb02f100000000fffffff3ff25fc83fe12ff7f",2,3.34,,19,21.05,76.08,,0.36,,0,753,0,0,,,-0.94,-0.76,-0.56,-0.89,-0.99,-1.00
2024-10-26T18:14:33Z,"0002cc0100000eb0","365447f409f9357913150bc42b3d423802f100000000ffffffffffffffffff1f",2,3.34,,19,21.04,76.63,,0.31,,0,753,0,0,,,,-0.89,-1.00,-1.00,-1.00,-1.00
2024-10-26T18:20:29Z,"0002cc0100000eb0","365447f56df9356913150bc3ad3d6fdb02f100000000ffffff8effffffffff58",2,3.34,,19,21.04,76.44,,0.36,,0,753,0,0,,,,-0.92,-1.00,-1.00,-0.94,-1.00
2024-10-26T18:26:25Z,"0002cc0100000eb0","365447f6d1f93571131512c2843d6fdb02f100000000ffffffe3ffffffffffffffff",2,3.34,,19,21.07,75.98,,0.36,,0,753,0,0,,,-1.00,-1.00,-1.00,-1.00,-0.99,-1.00
2024-10-26T18:32:21Z,"0002cc0100000eb0","365447f835f93569131507c1a33d6fdb02f100000000fef7ffffffffffffffe0",2,3.34,,19,21.03,75.64,,0.36,,0,753,0,0,,,,-0.98,-1.00,-1.00,-1.00,-0.87
2024-10-26T18:38:16Z,"0002cc0100000eb0","365447f998f9356d13150bc1bb3db09302f100000000fd74fd5cffdaffffffff",2,3.34,,19,21.04,75.68,,0.42,,0,753,0,0,,,,-1.00,-1.00,-0.98,-0.67,-0.68
2024-10-26T18:44:13Z,"0002cc0100000eb0","365447fafdf9356d131512c1733db09302f100000000ffffffffffa9ffffffffffff",2,3.34,,19,21.07,75.57,,0.42,,0,753,0,0,,,-1.00,-1.00,-1.00,-0.96,-1.00,-1.00
2024-10-26T18:50:08Z,"0002cc0100000eb0","365447fc60f9356d131512c1b83d6fdb02f100000000ffffed80fffbffffffff",2,3.34,,19,21.07,75.67,,0.36,,0,753,0,0,,,,-1.00,-1.00,-1.00,-0.17,-1.00
2024-10-26T18:56:04Z,"0002cc0100000eb0","365447fdc4f9356d131512c1cd3d6fdb02f100000000ffffffffffffffbcffff",2,3.34,,19,21.07,75.70,,0.36,,0,753,0,0,,,,-1.00,-0.97,-1.00,-1.00,-1.00
2024-10-26T19:02:00Z,"0002cc0100000eb0","365447ff28f9356d131516c1ec3d6fdb02f100000000ffe3fffffffffffffec1ffff",2,3.34,,19,21.08,75.75,,0.36,,0,753,0,0,,,-1.00,-0.84,-1.00,-1.00,-1.00,-0.99
2024-10-26T19:07:56Z,"0002cc0100000eb0","365448008cf93571131519c2cf3d423802f100000000fffffffffcb4ffffed00",2,3.34,,19,21.10,76.10,,0.31,,0,753,0,0,,,,-0.16,-1.00,-0.59,-1.00,-1.00
2024-10-26T19:13:52Z,"0002cc0100000eb0","36544801f0f93579131519c20a3d423802f100000000ff2affe4ffccffffffff",2,3.34,,19,21.10,75.80,,0.31,,0,753,0,0,,,,-1.00,-1.00,-0.97,-0.99,-0.90
2024-10-26T19:19:48Z,"0002cc0100000eb0","3654480354f9357913151cc1e93d6fdb02f100000000ffffff7cffffffffffffff2f",2,3.34,,19,21.11,75.75,,0.36,,0,753,0,0,,,-0.90,-1.00,-1.00,-1.00,-0.94,-1.00
2024-10-26T19:25:44Z,"0002cc0100000eb0","36544804b8f93569131516c1e53db09302f100000000ffffffffffffffffffff",2,3.34,,19,21.08,75.74,,0.42,,0,753,0,0,,,,-1.00,-1.00,-1.00,-1.00,-1.00
2024-10-26T19:31:40Z,"0002cc0100000eb0","365448061cf93571131519c1fb3d9da602f100000000ffffffffffffffffffff",2,3.34,,19,21.10,75.77,,0.40,,0,753,0,0,,,,-1.00,-1.00,-1.00,-1.00,-1.00
2024-10-26T19:37:36Z,"0002cc0100000eb0","3654480780f9357913150ec1613d6fdb02f100000000ffffffffffffffffffef",2,3.34,,19,21.05,75.54,,0.36,,0,753,0,0,,,,-0.99,-1.00,-1.00,-1.00,-1.00
2024-10-26T19:43:32Z,"0002cc0100000eb0","36544808e4f93569131519c13e3d423802f100000000ff50fc30fd43fc13f64f",2,3.34,,19,21.10,75.49,,0.31,,0,753,0,0,,,,-0.39,-0.51,-0.66,-0.52,-0.91
2024-10-26T19:49:28Z,"0002cc0100000eb0","3654480a48f9355d13152bc3353d6fdb02f4030000007d61760476ff6e186f717607",2,3.34,,19,21.17,76.25,,0.36,,3,756,0,0,,,0.38,0.23,0.19,0.44,0.38,0.67
2024-10-26T19:55:24Z,"0002cc0100000eb0","3654480bacf9356d131536c19e3d6fdb02f400000000766a765aecbdefe26efa",2,3.34,,19,21.21,75.63,,0.36,,0,756,0,0,,,,0.22,-0.25,-0.15,0.40,0.40
2024-10-26T20:01:20Z,"0002cc0100000eb0","3654480d10f9356913153ac2403d6fdb02f501000000f5b577ef7cabfd56feae",2,3.34,,19,21.22,75.88,,0.36,,1,757,0,0,,,,-0.83,-0.67,0.58,0.50,-0.36
2024-10-26T20:07:16Z,"0002cc0100000eb0","3654480e74f9356d131530c0743d6fdb02f500000000d7daffccff13fee6ffffffa0",2,3.34,,19,21.18,75.18,,0.36,,0,757,0,0,,,-0.95,-1.00,-0.86,-0.88,-0.97,-0.03
2024-10-26T20:13:12Z,"0002cc0100000eb0","3654480fd8f93579131519bfa83d6fdb02f500000000ff73ffffffffffffffff",2,3.34,,19,21.10,74.87,,0.36,,0,757,0,0,,,,-1.00,-1.00,-1.00,-1.00,-0.93
2024-10-26T20:19:08Z,"0002cc0100000eb0","365448113cf93571131507bf423dc82a02f500000000ffffffffffffffffffff",2,3.34,,19,21.03,74.71,,0.45,,0,757,0,0,,,,-1.00,-1.00,-1.00,-1.00,-1.00
2024-10-26T20:25:04Z,"0002cc0100000eb0","36544812a0f9356d1314f8bed63d6fdb02f500000000ffffffffffffffffffffffff",2,3.34,,19,20.97,74.55,,0.36,,0,757,0,0,,,-1.00,-1.00,-1.00,-1.00,-1.00,-1.00
2024-10-26T20:31:00Z,"0002cc0100000eb0","3654481404f935751314eebf093d423802f500000000ffffffffffffffffffff",2,3.34,,19,20.93,74.62,,0.31,,0,757,0,0,,,,-1.00,-1.00,-1.00,-1.00,-1.00
2024-10-26T20:36:56Z,"0002cc0100000eb0","3654481568f9356d1314eac06b3d6fdb02f500000000fffffffffffffffffc07",2,3.34,,19,20.91,75.16,,0.36,,0,757,0,0,,,,-0.50,-1.00,-1.00,-1.00,-1.00
2024-10-26T20:42:52Z,"0002cc0100000eb0","36544816ccf935691314e3bed23d6fdb02f500000000f684ffffffffffffffffffff",2,3.34,,19,20.89,74.54,,0.36,,0,757,0,0,,,-1.00,-1.00,-1.00,-1.00,-1.00,-0.41
2024-10-26T20:48:48Z,"0002cc0100000eb0","3654481830f9356d1314e0be433db09302f500000000ffffffefffffffffffff",2,3.34,,19,20.87,74.32,,0.42,,0,757,0,0,,,,-1.00,-1.00,-1.00,-0.99,-1.00
2024-10-26T20:54:44Z,"0002cc0100000eb0","3654481994f935711314cdbde33d6fdb02f500000000fffffffffffffe30ffff",2,3.34,,19,20.80,74.18,,0.36,,0,757,0,0,,,,-1.00,-0.77,-1.00,-1.00,-1.00
2024-10-26T21:00:39Z,"0002cc0100000eb0","3654481af7f20204020014cdbd943d6fdb02f500000000ffffffffffffffffffff",2,,2.4.2.0,,20.80,74.06,,0.36,,0,757,0,0,,,,-1.00,-1.00,-1.00,-1.00,-1.00
2024-10-26T21:06:35Z,"0002cc0100000eb0","3654481c5bf935711314c6be1f3db09302f500000000ffffffffffc6ffffffff",2,3.34,,19,20.77,74.27,,0.42,,0,757,0,0,,,,-1.00,-1.00,-0.97,-1.00,-1.00
2024-10-26T21:12:31Z,"0002cc0100000eb0","3654481dbff935751314bfbdcd3db09302f500000000fffffeddfffff7fbf5d7fefc",2,3.34,,19,20.74,74.14,,0.42,,0,757,0,0,,,-0.87,-0.36,-0.50,-1.00,-0.86,-1.00
2024-10-26T21:18:27Z,"0002cc0100000eb0","3654481f23f9357d1314bbbd2c3d8c9402f500000000ffffffffffffffffffff",2,3.34,,19,20.73,73.90,,0.39,,0,757,0,0,,,,-1.00,-1.00,-1.00,-1.00,-1.00
2024-10-26T21:24:23Z,"0002cc0100000eb0","3654482087f935751314b4bcef3db09302f500000000ffffffffffffffffffffffff",2,3.34,,19,20.70,73.80,,0.42,,0,757,0,0,,,-1.00,-1.00,-1.00,-1.00,-1.00,-1.00
2024-10-26T21:30:19Z,"0002cc0100000eb0","36544821ebf935711314b0bcc03d6fdb02f500000000fffffee3fd16ffffffff",2,3.34,,19,20.69,73.73,,0.36,,0,757,0,0,,,,-1.00,-1.00,-0.64,-0.86,-1.00
2024-10-26T21:36:15Z,"0002cc0100000eb0","365448234ff9356d1314a9bd623d6fdb02f500000000fffffffff6b1eeb2ff78",2,3.34,,19,20.66,73.98,,0.36,,0,757,0,0,,,,-0.93,-0.21,-0.42,-1.00,-1.00
2024-10-26T21:42:11Z,"0002cc0100000eb0","36544824b3f935691314a2bc953d6fdb02f500000000ffffffffffffffffff81",2,3.34,,19,20.63,73.67,,0.36,,0,757,0,0,,,,-0.94,-1.00,-1.00,-1.00,-1.00
2024-10-26T21:48:07Z,"0002cc0100000eb0","3654482617f9356913149fbc0b3d6fdb02f500000000ffffffffffffffffffffffff",2,3.34,,19,20.62,73.46,,0.36,,0,757,0,0,,,-1.00,-1.00,-1.00,-1.00,-1.00,-1.00
2024-10-26T21:54:03Z,"0002cc0100000eb0","365448277bf9356d13149abbf33d6fdb02f500000000fffffffffffffffffe13",2,3.34,,19,20.60,73.42,,0.36,,0,757,0,0,,,,-0.76,-1.00,-1.00,-1.00,-1.00
2024-10-26T21:59:59Z,"0002cc0100000eb0","36544828dff9357d13149fbc4b3d6fdb02f500000000768ffc87ffdafedaff4f",2,3.34,,19,20.62,73.55,,0.36,,0,757,0,0,,,,-0.91,-0.86,-0.98,-0.57,0.41
2024-10-26T22:05:55Z,"0002cc0100000eb0","3654482a43f9356913149abd593dc82a02f500000000fc1cf7e0fe68e7a8fe4c",2,3.34,,19,20.60,73.97,,0.45,,0,757,0,0,,,,-0.79,-0.12,-0.80,-0.49,-0.51
2024-10-26T22:11:51Z,"0002cc0100000eb0","3654482ba7f935791314a6beba3d5b0202f702000000ffe2fe57e575553476cafc3d",2,3.34,,19,20.64,74.50,,0.34,,2,759,0,0,,,-0.53,0.42,0.02,-0.09,-0.79,-0.99
2024-10-26T22:17:47Z,"0002cc0100000eb0","3654482d0bf9356d1314c6c03f3d571202f902000000fd4f77577c5946d8e5fb",2,3.34,,19,20.77,75.10,,0.34,,2,761,0,0,,,,-0.09,0.01,0.54,0.46,-0.66
2024-10-26T22:23:43Z,"0002cc0100000eb0","3654482e6ff935691314dcc1823d571202fa010000002e717653c684cec0eda5fd9d",2,3.34,,19,20.86,75.59,,0.34,,1,762,0,0,,,-0.70,-0.18,-0.01,-0.01,0.40,0.00
2024-10-26T22:29:39Z,"0002cc0100000eb0","3654482fd3f9356d1314d5bf1d3d91da02fa00000000ffffffffffffffafffff",2,3.34,,19,20.83,74.65,,0.39,,0,762,0,0,,,,-1.00,-0.96,-1.00,-1.00,-1.00
2024-10-26T22:35:35Z,"0002cc0100000eb0","3654483137f935691314cabe8a3d423802fa00000000ffffff45ffb7ffffffff",2,3.34,,19,20.79,74.43,,0.31,,0,762,0,0,,,,-1.00,-1.00,-0.96,-0.91,-1.00
2024-10-26T22:41:31Z,"0002cc0100000eb0","365448329bf935751314cabe753d84b502fa00000000ffffffffffffffffffff",2,3.34,,19,20.79,74.40,,0.38,,0,762,0,0,,,,-1.00,-1.00,-1.00,-1.00,-1.00
2024-10-26T22:47:27Z,"0002cc0100000eb0","36544833fff935651314cabe9f3d571202fa00000000ffffffffffffffffffff",2,3.34,,19,20.79,74.46,,0.34,,0,762,0,0,,,,-1.00,-1.00,-1.00,-1.00,-1.00
2024-10-26T22:53:23Z,"0002cc0100000eb0","3654483563f935691314d5c0113da4c702fa00000000fffffd82fffffff66c42",2,3.34,,19,20.83,75.03,,0.41,,0,762,0,0,,,,0.13,-1.00,-1.00,-0.69,-1.00
2024-10-26T22:59:19Z,"0002cc0100000eb0","36544836c7f935751314d5befa3d84b502fa00000000fe5dffffff36ffafffff",2,3.34,,19,20.83,74.60,,0.38,,0,762,0,0,,,,-1.00,-0.96,-0.90,-1.00,-0.80
2024-10-26T23:05:15Z,"0002cc0100000eb0","365448382bf935711314d1be9600000002fa00000000ff7dffffffbbffffffffffff",2,3.34,,19,20.81,74.45,,0.00,,0,762,0,0,,,-1.00,-1.00,-1.00,-0.97,-1.00,-0.94
2024-10-26T23:11:11Z,"0002cc0100000eb0","365448398ff935791314d5bea500000002fa00000000fffffe84ffffff5fffff",2,3.34,,19,20.83,74.47,,0.00,,0,762,0,0,,,,-1.00,-0.92,-1.00,-0.81,-1.00
2024-10-26T23:17:07Z,"0002cc0100000eb0","3654483af3f9356d1314d8bf1100000002fa00000000fdeefce5fe51fdf5fe8a",2,3.34,,19,20.84,74.64,,0.00,,0,762,0,0,,,,-0.82,-0.74,-0.79,-0.61,-0.74
2024-10-26T23:23:03Z,"0002cc0100000eb0","3654483c57f935691314e0c0f000000002fa00000000fe23fd25f51b7c0e7d7d7df4",2,3.34,,19,20.87,75.37,,0.00,,0,762,0,0,,,0.74,0.69,0.51,-0.32,-0.64,-0.77
2024-10-26T23:28:58Z,"0002cc0100000eb0","3654483dbaf935691314fcc14300000002fd030000007d4b767f7c00f4257d2b",2,3.34,,19,20.98,75.49,,0.00,,3,765,0,0,,,,0.65,-0.26,0.50,0.41,0.66
2024-10-26T23:34:54Z,"0002cc0100000eb0","3654483f1ef9357113150ec12300000002fe01000000744b76396fd0e5af66a36e39",2,3.34,,19,21.05,75.45,,0.00,,1,766,0,0,,,0.19,0.10,-0.09,0.24,0.39,0.27
2024-10-26T23:40:50Z,"0002cc0100000eb0","3654484082f93569131519bfe000000002ff010000007d9bf44cff3576b077f2",2,3.34,,19,21.10,74.95,,0.00,,1,767,0,0,,,,0.50,0.42,-0.90,-0.27,0.70
2024-10-26T23:46:46Z,"0002cc0100000eb0","36544841e6f93579131516c06300000002ff000000007e1e667f7d197d8bf5c2749f",2,3.34,,19,21.08,75.15,,0.00,,0,767,0,0,,,0.29,-0.36,0.69,0.64,0.10,0.76
2024-10-26T23:52:42Z,"0002cc0100000eb0","365448434af93569131524c0ea0000000300010000005c497d65ec4d758bf497",2,3.34,,19,21.14,75.36,,0.00,,1,768,0,0,,,,-0.29,0.35,-0.13,0.67,0.03
2024-10-26T23:58:38Z,"0002cc0100000eb0","36544844aef93569131530c2640000000301010000007713ed3777c8772beded6489",2,3.34,,19,21.18,75.93,,0.00,,1,769,0,0,,,0.07,-0.19,0.45,0.49,-0.16,0.44
